   300.978532456069162132856044161749454      
   300.978532456069162132856044161749454      
   300.978532456069162132496004155188140      
   300.978532456069147117176741966461967      
   300.978532456059577896780696442587993      
   300.978532455322088076341272641556325      
   300.978532438687440680973835487113711      
   300.978532267006764901149102712491665      
   300.978531221227584340970338090240473      
   300.978526824728441546001255563848767      
   300.978512710780358497893581823500922      
   300.978475677178706134270809006631131      
   300.978392413012272261126946882102816      
   300.978226498762537734479483475147159      
   300.977926177282360494931622647105407      
   300.977423170509562705793926763256692      
   300.976632578881199656386325631241465      
   300.975453756900056321666382262091136      
   300.973771941199081083743992736184568      
   300.971460381938251934981082613385367      
   300.968382734170579097878177228973991      
   300.964395496532835657105688586923154      
   300.959350324459692378302129533295752      
   300.953096093007009874048710461524485      
   300.945480616565285480943261323426557      
   300.936351983699033360894272113057738      
   300.925559495356195754068395549346453      
   300.912954225819346080849690516982070      
   300.898389260205392368206860243563297      
   300.881719659353917175298859169622620      
   300.862802242572151419124137365674636      
   300.841495259784603589473517029082313      
   300.817658033258789500903907442016977      
   300.791150628627016984910283029196352      
   300.761833585153238669316328594753855      
   300.729567937801267563220360462104347      
   300.694215085671274192957666967427749      
   300.655637105559794172036618844493841      
   300.613697093605207521049801166199823      
   300.568259678996677384239543897446870      
   300.519191655000797509299035367003059      
   300.466362702672946775560285557552464      
   300.409646187021804599000504487237430      
   300.348919979557509952474188596469294      
   300.284067275605457685829501860133130      
   300.214977391946836527763244523740756      
   300.141546509434044822671377907772170      
   300.063678341864776436445299748648089      
   299.981284709595432199671879446142349      
   299.894286007639387303890085953598202      
   299.802611584519292998718373897932960      
   299.706199961307421545186268858821461      
   299.604998960103634099091384791895448      
   299.498965706144688986488118882798228      
   299.388066519179902184219520891046721      
   299.272276675420835258178761365072003      
   299.151580109853685764218226115331474      
   299.025968994561495338117817935510871      
   298.895443234323066371029364925298830      
   298.760009902424450580730892627907109      
   298.619682618470731095212379143741402      
   298.474480839614946913194249916838342      
   298.324429157615241117290930528089035      
   298.169556542475807482812790274358911      
   298.009895557721326627021368825474728      
   297.845481569042198831486239709447515      
   297.676351924103117231372088663256353      
   297.502545161675739072902557102672398      
   297.324100214687870509901494023922022      
   297.141055620869519422372458707582506      
   296.953448736055061858436447235285039      
   296.761315016784362454641027512138913      
   296.564687240772195999900503521490816      
   296.363594814686593567670225680819106      
   296.158063092871812822238852908328837      
   295.948112707502603564246906414308448      
   295.733758949880398772624244722790757      
   295.515011150391205424187506507100501      
   295.291871979843144047492404516925594      
   295.064337320849016161982946724835931      
   294.832394866632399610566078108818120      
   294.596024660544194507623933720771318      
   294.355197838400036148197431654093706      
   294.109876420621556844104763432395518      
   293.860012837783311456964760374638930      
   293.605549289928215128195384656374910      
   293.346417572212404049069657855395601      
   293.082538550223408484032943287726061      
   292.813821481023618305083807368515228      
   292.540163845640879234932292952587507      
   292.261450749118401910978703782288527      
   291.977554529432166407569807601385724      
   291.688334244757543197973069404359257      
   291.393635191830639561495736848867139      
   291.093288391817928279585808877245943      
   290.787110121550260726370571193778494      
   290.474901300430670524841069138240920      
   290.156446931701573814068193962491927      
   289.831515499529099557182365672338487      
   289.499858283588768819256632114694287      
   289.161208694988010204543926185317173      
   288.815281583266445512239696541814534      
   288.461772320860254979737766261825058      
   288.100356147874230365647857149379025      
   287.730687111875302261700985359712749      
   287.352397212587614715859202714995329      
   286.965095344661175297035915065670321      
   286.568366198043928829164739953096104      
   286.161769114872621322556388399438345      
   285.744836829339264517527928383532556      
   285.317074093061838864727108423592280      
   284.877956135099645988432364186144193      
   284.426927817341661791355423776083948      
   283.963401020308597923601942209042072      
   283.486753578134129275669252553609988      
   282.996327299623373295561752648547686      
   282.491426098796264382739474198676933      
   281.971313953576315486018679796077349      
   281.435212823158337008239011147692625      
   280.882300457705973017650164113734462      
   280.311708136431229105806749476352584      
   279.722518360480535927837792981354814      
   279.113762479692520967178873103327942      
   278.484418342327520888839383340988542      
   277.833408001606780576290856835745775      
   277.159595415339942564082542993335465      
   276.461784410082976926836775957016935      
   275.738716790910757287913323736794192      
   274.989070797936020024285800807451154      
   274.211460015887727391411120120054791      
   273.404432468908887725197165560172406      
   272.566472153558229849234817128995323      
   271.695998255601271425669200029998386      
   270.791368535880573162318723738473542      
   269.850882566331534300852198920611085      
   268.872786785545386373699831113418322      
   267.855281284034923897537674076227082      
   266.796528553381065131801258596272805      
   265.694664355904211519040805934800126      
   264.547810771374662786033370976921554      
   263.354091488925973482527648481565377      
   262.111649190031065733451336148191701      
   260.818664849686061936480318993322987      
   259.473378473926299116586071539483880      
   258.074110759869493870266120409220678      
   256.619284972019987357158632544504701      
   255.107448177116447886689615623497321      
   253.537291042487637914071324487290186      
   251.907664990744345703409222579714623      
   250.217596270304787125515873582707722      
   248.466298308505431947689784454588180      
   246.653175164446041250867919723711524      
   244.777826273683356534790546757989815      
   242.840044903737911725526295778437726      
   240.839814134679578636766701540849921      
   238.777301033734417725590710559631878      
   236.652849588347989614493820934315595      
   234.466973869377452396304976703435374      
   232.220350342364489676738226956925737      
   229.913821577088982047045347947840024      
   227.548383345618980166672602406030801      
   225.125193592393042198622484788056475      
   222.645574542595076291353958566589634      
   220.111019865108578077152980313627890      
   217.523203383068632119552923638890056      
   214.883989851146328489794782488856313      
   212.195446629507297253187186192204669      
   209.459855834900537374393935063256271      
   206.679722711233529274719153043552191      
   203.857788537133999517498692202067588      
   200.997034461923996145941727597224090      
   198.100685209717778357699093591987451      
   195.172207687270934782919859374302346      
   192.215304988130301667480554488543417      
   189.233904590269756130368201571314038      
   186.232141214899820393394030408599904      
   183.214333885156952269236072587570077      
   180.184957501756543310017262092890544      
   177.148609340143056012328051505469514      
   174.109970914804434985932744301124982      
   171.073767652764022155977151251263530      
   168.044724442661632412098055682990536      
   165.027522303550416584869531495419065      
   162.026753479410688231122391480499413      
   159.046879323569255477075195472356140      
   156.092190153529673404230607298163103      
   153.166769114614675290242136351965343      
   150.274460477765483415018547113803816      
   147.418842690864067995025842922266363      
   144.603207305371579555052535785732243      
   141.830543387559662095432885935509534      
   139.103526782445065797749836440819035      
   136.424516669091548021504605746564563      
   133.795554619020635598454112733261606      
   131.218369800285953240010187859952663      
   128.694387304799390010875085323904557      
   126.224740132813335440857549222679759      
   123.810283738823245552786759393726800      
   121.451612635422842096893847990592169      
   119.149078553118766837647208100087762      
   116.902809522938130058031360801083441      
   114.712729434468838877108542364448263      
   112.578577775727035989704510527516849      
   110.499929023680148547305997604561863      
   108.476211493304636177272020569356614      
   106.506725499082964127394152708914481      
   104.590660510456369755875827735150344      
   102.727111243471128935960183376331886      
   100.915092702870291746596632426275208      
   99.1535539581812092890693538180952911      
   97.4413908771532354485993687342012566      
   95.7774571208273499435148767600470656      
   94.1605752314452002775768170603696942      
   92.5895453312215624213895339455996379      
   91.0631533713304668573007052782763283      
   89.5801784934966514366244537667151981      
   88.1393992701497175410428317707234273      
   86.7395991920909231723529236062797970      
   85.3795714275900633166243371574619150      
   84.0581228369710311413664644231155574      
   82.7740774188204447021605038156389383      
   81.5262791320617715919592601740079047      
   80.3135942696123118986253958999242085      
   79.1349133463838409166975464563603945      
   77.9891526218687101765756482977080723      
   76.8752552498209833735426785398198697      
   75.7921921513404743751769525954777272      
   74.7389625946762082439561376072688052      
   73.7145945560424440615499433339264750      
   72.7181448993242671541166438317924822      
   71.7486993478304693040219549766593625      
   70.8053723552708136869034602514603240      
   69.8873068162178857064535486657478538      
   68.9936737025730143468977686888725212      
   68.1236715988658664359058954376010713      
   67.2765261745307201700853284016330987      
   66.4514896004962342046605947910887432      
   65.6478399235973277322364060442555024      
   64.8648804002283927395218025051210095      
   64.1019388063674728008503385392629865      
   63.3583667455110319927627332901984934      
   62.6335389197190553857079187601825413      
   61.9268524166070405350244001229728023      
   61.2377259903119868256786323010357137      
   60.5655993365812830338648496981262882      
   59.9099323877211712259841761191478118      
   59.2702046113667060332691500211953774      
   58.6459143183004804182716773577783502      
   58.0365779898897906503393718166836509      
   57.4417296659037837305364032902110266      
   56.8609200938905981582416059381984855      
   56.2937164251844078358290369639601322      
   55.7397013827503297045131011558575240      
   55.1984727280449730710188607631120906      
   54.6696426913542876633879690205215772      
   54.1528374143610287667490453950277806      
   53.6476964212449301251425910270545106      
   53.1538720966075704229229040293266773      
   52.6710291919859509096254436775772491      
   52.1988443459806149681438620752806448      
   51.7370056183443033256306610478191873      
   51.2852120528093555455316856210222484      
   50.8431732418825555079682504402499750      
   50.4106089205415336770270964879901453      
   49.9872485714649120363022858755584269      
   49.5728310425293089874657568351297530      
   49.1671041831736055647470404199765875      
   48.7698244992102126256705689744738153      
   48.3807568115180801994359514048871475      
   47.9996739350082228059292542247426242      
   47.6263563728018997975500669864451998      
   47.2605920170084991969222192981378406      
   46.9021758646143991991705607891601248      
   46.5509097462147962009825273179445233      
   46.2066020636590014365419563459992780      
   45.8690675386813558772621723272811830      
   45.5381269743746381550625018721269537      
   45.2136070237448583892235374914911241      
   44.8953399683219873596385864912807873      
   44.5831635064808239022915194692965034      
   44.2769205516503026162905925683122170      
   43.9764590362102440891179319261974918      
   43.6816317244013696973717347484317852      
   43.3922960342269088043176926680582861      
   43.1083138657989574011492971065763736      
   42.8295514357169878318429721356296608      
   42.5558791191578093972811350583726179      
   42.2871712993263618794180802673501511      
   42.0233062211002499926824490667310505      
   41.7641658517771311539580593157380125      
   41.5096357468200329863981131180150199      
   41.2596049221843772744288926997266290      
   41.0139657306264629536694044623021836      
   40.7726137433724688874266638181847303      
   40.5354476351142968664708858674855966      
   40.3023690784622672568287888127455335      
   40.0732826344544040547781079180449022      
   39.8480956562944484866838092738893620      
   39.6267181898252847612142194318288270      
   39.4090628811010029677968541330665685      
