 0.13548723707728E+03
 0.13548723707728E+03
 0.13548723707728E+03
 0.13548723707728E+03
 0.13548723707728E+03
 0.13548723707745E+03
 0.13548723708119E+03
 0.13548723711984E+03
 0.13548723735522E+03
 0.13548723834477E+03
 0.13548724152151E+03
 0.13548724985695E+03
 0.13548726859788E+03
 0.13548730594154E+03
 0.13548737353742E+03
 0.13548748675365E+03
 0.13548766469972E+03
 0.13548793002981E+03
 0.13548830857677E+03
 0.13548882887302E+03
 0.13548952161324E+03
 0.13549041910663E+03
 0.13549155475774E+03
 0.13549296260369E+03
 0.13549467692916E+03
 0.13549673196811E+03
 0.13549916169502E+03
 0.13550199970136E+03
 0.13550527914441E+03
 0.13550903275865E+03
 0.13551329290769E+03
 0.13551809166147E+03
 0.13552346088035E+03
 0.13552943229322E+03
 0.13553603756226E+03
 0.13554330828210E+03
 0.13555127601409E+03
 0.13555997222019E+03
 0.13556942819089E+03
 0.13557967493410E+03
 0.13559074303779E+03
 0.13560266251166E+03
 0.13561546261216E+03
 0.13562917166124E+03
 0.13564381686588E+03
 0.13565942414167E+03
 0.13567601794804E+03
 0.13569362113968E+03
 0.13571225483873E+03
 0.13573193832985E+03
 0.13575268897490E+03
 0.13577452216304E+03
 0.13579745128045E+03
 0.13582148770786E+03
 0.13584664084266E+03
 0.13587291814959E+03
 0.13590032522453E+03
 0.13592886588593E+03
 0.13595854228483E+03
 0.13598935502814E+03
 0.13602130331481E+03
 0.13605438509236E+03
 0.13608859721178E+03
 0.13612393559497E+03
 0.13616039540914E+03
 0.13619797124319E+03
 0.13623665729136E+03
 0.13627644753093E+03
 0.13631733590213E+03
 0.13635931648502E+03
 0.13640238368094E+03
 0.13644653238362E+03
 0.13649175814920E+03
 0.13653805736132E+03
 0.13658542739102E+03
 0.13663386675535E+03
 0.13668337526549E+03
 0.13673395417653E+03
 0.13678560635728E+03
 0.13683833632827E+03
 0.13689215059810E+03
 0.13694705754907E+03
 0.13700306774152E+03
 0.13706019397361E+03
 0.13711845142453E+03
 0.13717785780983E+03
 0.13723843343627E+03
 0.13730020135249E+03
 0.13736318753185E+03
 0.13742742093294E+03
 0.13749293366345E+03
 0.13755976112527E+03
 0.13762794214140E+03
 0.13769751911339E+03
 0.13776853817967E+03
 0.13784104936622E+03
 0.13791510676541E+03
 0.13799076873661E+03
 0.13806809811256E+03
 0.13814716235482E+03
 0.13822803383960E+03
 0.13831079004157E+03
 0.13839551387106E+03
 0.13848229387724E+03
 0.13857122457840E+03
 0.13866240678466E+03
 0.13875594795392E+03
 0.13885196254560E+03
 0.13895057243571E+03
 0.13905190736090E+03
 0.13915610537570E+03
 0.13926331341579E+03
 0.13937368766402E+03
 0.13948739439081E+03
 0.13960461042214E+03
 0.13972552388758E+03
 0.13985033491486E+03
 0.13997925644454E+03
 0.14011251505464E+03
 0.14025035189013E+03
 0.14039302358163E+03
 0.14054080329492E+03
 0.14069398177206E+03
 0.14085286851443E+03
 0.14101779292562E+03
 0.14118910556506E+03
 0.14136717940123E+03
 0.14155241111053E+03
 0.14174522237074E+03
 0.14194606113828E+03
 0.14215540297832E+03
 0.14237375187063E+03
 0.14260164173866E+03
 0.14283963700451E+03
 0.14308833330338E+03
 0.14334835785070E+03
 0.14362036945739E+03
 0.14390505814046E+03
 0.14420314425557E+03
 0.14451537713356E+03
 0.14484253315322E+03
 0.14518541326012E+03
 0.14554483997846E+03
 0.14592165390446E+03
 0.14631670989381E+03
 0.14673087301769E+03
 0.14716501449928E+03
 0.14762000782720E+03
 0.14809672538034E+03
 0.14859603565154E+03
 0.14911880069047E+03
 0.14966587598046E+03
 0.15023810960501E+03
 0.15083634321570E+03
 0.15146141356591E+03
 0.15211415456903E+03
 0.15279539955199E+03
 0.15350598354679E+03
 0.15424674327189E+03
 0.15501852528213E+03
 0.15582217570935E+03
 0.15665854605009E+03
 0.15752848909437E+03
 0.15843285491667E+03
 0.15937248559896E+03
 0.16034820831336E+03
 0.16136082697582E+03
 0.16241111242466E+03
 0.16349979259292E+03
 0.16462753931977E+03
 0.16579495693281E+03
 0.16700256914174E+03
 0.16825080618253E+03
 0.16953999212574E+03
 0.17087033303853E+03
 0.17224190607764E+03
 0.17365465006868E+03
 0.17510835787808E+03
 0.17660267091245E+03
 0.17813707612603E+03
 0.17971090493352E+03
 0.18132333562317E+03
 0.18297339719754E+03
 0.18465997656175E+03
 0.18638182722034E+03
 0.18813758025839E+03
 0.18992575671933E+03
 0.19174478122923E+03
 0.19359299668290E+03
 0.19546867915742E+03
 0.19737005302120E+03
 0.19929530634371E+03
 0.20124260445368E+03
 0.20321010446167E+03
 0.20519596768973E+03
 0.20719837158343E+03
 0.20921552018283E+03
 0.21124565344242E+03
 0.21328705530855E+03
 0.21533806049324E+03
 0.21739706013449E+03
 0.21946250623603E+03
 0.22153291505485E+03
 0.22360686954727E+03
 0.22568302094907E+03
 0.22776008949567E+03
 0.22983686452826E+03
 0.23191220402496E+03
 0.23398503354269E+03
 0.23605434484503E+03
 0.23811919402652E+03
 0.24017870006093E+03
 0.24223204164993E+03
 0.24427845548389E+03
 0.24631723371263E+03
 0.24834772122962E+03
 0.25036931321419E+03
 0.25238145257814E+03
 0.25438362739179E+03
 0.25637536843051E+03
 0.25835624669930E+03
 0.26032587112352E+03
 0.26228388624110E+03
 0.26422997004408E+03
 0.26616383186672E+03
 0.26808521041054E+03
 0.26999387181920E+03
 0.27188960789742E+03
 0.27377223440786E+03
 0.27564158942955E+03
 0.27749753187775E+03
 0.27933994003096E+03
 0.28116871021557E+03
 0.28298375551841E+03
 0.28478500460918E+03
 0.28657240062527E+03
 0.28834590012689E+03
 0.29010547211458E+03
 0.29185109712507E+03
 0.29358276638462E+03
 0.29530048098360E+03
 0.29700425116270E+03
 0.29869409560090E+03
 0.30037004076169E+03
 0.30203212030566E+03
 0.30368037451272E+03
 0.30531484975597E+03
 0.30693559801879E+03
 0.30854267643029E+03
 0.31013614670939E+03
 0.31171607532438E+03
 0.31328253225818E+03
 0.31483559126056E+03
 0.31637532937541E+03
 0.31790182663587E+03
 0.31941516579859E+03
 0.32091543206878E+03
 0.32240271287731E+03
 0.32387709764457E+03
 0.32533867757278E+03
 0.32678754546492E+03
 0.32822379552173E+03
 0.32964752319820E+03
 0.33105882503293E+03
 0.33245779850244E+03
 0.33384454189659E+03
 0.33521915419147E+03
 0.33658173491763E+03
 0.33793238407098E+03
 0.33927120200931E+03
 0.34059828934800E+03
 0.34191374688351E+03
 0.34321767551278E+03
 0.34451017615420E+03
 0.34579134968207E+03
 0.34706129686566E+03
 0.34832011830351E+03
 0.34956791437254E+03
 0.35080478517945E+03
 0.35203083051367E+03
 0.35324614979916E+03
 0.35445084206006E+03
 0.35564500588571E+03
 0.35682873939319E+03
 0.35800214019605E+03
 0.35916530537980E+03
 0.36031833147579E+03
 0.36146131443330E+03
 0.36259434960203E+03
 0.36371753171143E+03
 0.36483095485462E+03
 0.36593471246887E+03
 0.36702889732273E+03
 0.36811360150285E+03
 0.36918891640854E+03
 0.37025493272534E+03
 0.37131174043718E+03
 0.37235942879843E+03
 0.37339808633998E+03
 0.37442780086126E+03
