   503.353983595366473674394243594379533      
   503.353983595366473674394243594379533      
   503.353983595366473587964475194994039      
   503.353983595363774025376045418508496      
   503.353983593989913981172460560981612      
   503.353983506087190367183125882704653      
   503.353981817691797295785136025218532      
   503.353966702045097020046590829073749      
   503.353885658404167134172055347458631      
   503.353582169363474503258854856473668      
   503.352705637187960650473752649154160      
   503.350618962409932394627254910296294      
   503.346331713799360785750520233287874      
   503.338476544832727670195843686393262      
   503.325331862000152272604489276264410      
   503.304882189142218465833022052661375      
   503.274902620525699955585574431375334      
   503.233052966205709690020917643464902      
   503.176970077917966741202245121680114      
   503.104350386454008170165352211463376      
   503.013018217058051934531423608321311      
   502.900978274214711566260785084331554      
   502.766452661552465505266363127359341      
   502.607904003014416822628022065967593      
   502.424046826293973183846668514620818      
   502.213849529477742520101209017160970      
   501.976529142195324368991267140809040      
   501.711540827861405827807164525104312      
   501.418563742625716833358354366224129      
   501.097484531966649713632918171612222      
   500.748379455117005761358144773992698      
   500.371495817654245859637412173927170      
   499.967233267480004960700708148631564      
   499.536125297564468699271576042187268      
   499.078820854828476348338304336198142      
   498.596067850712083845866079235122188      
   498.088695155415992733864639071120593      
   497.557597418323019422604912849810726      
   497.003719826188127335268784669905824      
   496.428043997163000800105801881970978      
   495.831574804940445570231622573589011      
   495.215328305064870595802640507084314      
   494.580320403550913066732715364645825      
   493.927557123253229445220722427973295      
   493.258025427625024266835524899220940      
   492.572685316943461013922632366363756      
   491.872462949937384942175238049814881      
   491.158244786631990257843926715441133      
   490.430872692596813497750267232801603      
   489.691139759914241320963963153167752      
   488.939787629247537656870475995658854      
   488.177503930904157276354229340995173      
   487.404920828093149336613931389036140      
   486.622614187075010379328349627260858      
   485.831103419074812062439382317183830      
   485.030851476458483027305073297826693      
   484.222266077303483710779335701819046      
   483.405700738598023573073531527277804      
   482.581456232291487309017606663918887      
   481.749782443328240609141837816662590      
   480.910880545303492562085598489344128      
   480.064904702725953950130784821361795      
   479.211964888177508482686684910813459      
   478.352129154103528908635808112574300      
   477.485426021204078466046701353927783      
   476.611846946670815288701232898825769      
   475.731348479914964335379186100079089      
   474.843854748964124284802219686640227      
   473.949259793284379514524349780753586      
   473.047429674054026456911461148008663      
   472.138204346570056505235094656099972      
   471.221400127710710972869661634256475      
   470.296810818581488214675796745163974      
   469.364209694563073364626050315542715      
   468.423351103465357489686592815107042      
   467.473971709832616718500875622060847      
   466.515792005083144715258114482256655      
   465.548517239345486054066120210945538      
   464.571837624636339424576933111293811      
   463.585431932569203745957612312605834      
   462.588963396918442375706104897680343      
   461.582085981879835745002215206932153      
   460.564440913860053228740895495736376      
   459.535658229678555868723317852695812      
   458.495357548034982205254031962424359      
   457.443146981644988249299999507551623      
   456.378625033049524159497042330993883      
   455.301379693028073915905206334521724      
   454.210987733018289165918093340623955      
   453.107015516850864887819764442362051      
   451.989018439723371794436973450023244      
   450.856540714407226221774091651727673      
   449.709114927863313271298697194479916      
   448.546261800826203416901838690391598      
   447.367489541084007654364173593875576      
   446.172293619371933221866042297072102      
   444.960155846215724798567134557460921      
   443.730544066649334222722002225020267      
   442.482911526322025518390154653780927      
   441.216696025696537192507120800265107      
   439.931318994307492897583015443355933      
   438.626185538741209988376800581311504      
   437.300682331455662226832010686332632      
   435.954178455568801329085159093144600      
   434.586022796849709765210447078688331      
   433.195544423588375352443133834056130      
   431.782051227082065421864439062161516      
   430.344828695612692632377562410269907      
   428.883139586859248418705489213763762      
   427.396222582081610685691964702349987      
   425.883290865958862751088190287330709      
   424.343531500521760308299611133103421      
   422.776106147815088198975974355440111      
   421.180146968895088991675924234630060      
   419.554757744734373166205539164809017      
   417.899012653651366416893424184691196      
   416.211955568023773744432929798821366      
   414.492599345791609600099469805793596      
   412.739925471512358695156791216130060      
   410.952883590888898146445591863891559      
   409.130391793500454807346410045204280      
   407.271336873427220737217382894886293      
   405.374575000260771605303311475767071      
   403.438932947942660652263557315712025      
   401.463210454891798292469433926387975      
   399.446182152125361740111564849502036      
   397.386601787138164545201339232434016      
   395.283206627372601033403955782129288      
   393.134723439342951849673073565182590      
   390.939876032182962549764628945779199      
   388.697393586197696502255747969099443      
   386.406025422303905376365151361765721      
   384.064549610771170635496060906625862      
   381.671792222083921318457521221980694      
   379.226645435678765079332913187659438      
   376.728089513811990134836164000873931      
   374.175217626421559010844205773266387      
   371.567264005997634400264016384875676      
   368.903634971392366889987845863498508      
   366.183942708132921127841990407235363      
   363.408041136990423209602365060752481      
   360.576063032885353879908197443768565      
   357.688457914566271142745605799234311      
   354.746028522263602533333694775808524      
   351.749965151067339417772407232134625      
   348.701876135208688505229750658270508      
   345.603812535122391665104668816844439      
   342.458286378160749555759536450102217      
   339.268279267042894924005487861529308      
   336.037244532038195433685591253474263      
   332.769101357450275808974686012593312      
   329.468212959678859775709355701482756      
   326.139367259052998386149913262920405      
   322.787745960710800548553370461742882      
   319.418890377376474330472273378858056      
   316.038665974472957606235977932512596      
   312.653224909768043839586938590681284      
   309.268970498131310310805040597241318      
   305.892518873004275034098057260585939      
   302.530682919494738603852428206756640      
   299.190417115592919726950673465203076      
   295.878804011895647139965245162180198      
   292.603021406809129135514517861731623      
   289.370312729209867920255693767435631      
   286.187954611107497246862547379200196      
   283.063223016769016300830024752227806      
   280.003356286124840150996492846294863      
   277.015514902484706701632432110756648      
   274.106735247411583587865959002153413      
   271.283886583349629849599843590291495      
   268.553618963539306213923333293330572      
   265.922313271348136754705377195947814      
   263.396028389484040643493720956065718      
   260.980450130920016248873756417872892      
   258.680839569119849634332964568383857      
   256.501984563706420616195852259255088      
   254.448154658926203360258515500909140      
   252.523060711410511029771116768703951      
   250.729820440753979200469358177696125      
   249.070930802261989236413465748956661      
   247.548250390696459185780502250545896      
   246.162987871150596603840995747392197      
   244.915703368158677916737868933671450      
   243.806316219131171144554912347758706      
   242.834124149104992756441228797045230      
   241.997829959311730133919096937592044      
   241.295576293113495601482826904910029      
   240.724986697469085201510491559957110      
   240.283211871086924814407150021707064      
   239.966979829694806658044967729594800      
   239.772648376550402748132110548758615      
   239.696258855965644022820389482918468      
   239.733589570003013853137969087829290      
   239.880208048152647450044894488120926      
   240.131521368442498485574658777722051      
   240.482823458185565289725510496784093      
   240.929339202347754559850563761236205      
   241.466264604009509433671594999467159      
   242.088803088187282367670432525240954      
   242.792197515529745716422686697755778      
   243.571758252956403926230211484889219      
   244.422887059349145867780304172796066      
   245.341097254492403431581712109897307      
   246.322030247260588597639045499416712      
   247.361468695081915086571808200778884      
   248.455346665000271781351590719065538      
   249.599757049170432547526529737221409      
   250.790956538936716184777739111155716      
   252.025368496882976441084641523894514      
   253.299583979874398844584177296285485      
   254.610361119094846981554633093203377      
   255.954623658139995514708781991613751      
   257.329457385437652865501721673323957      
   258.732106745094718080492769491644733      
   260.159970265390499590959476046891204      
   261.610595396270555953425081973660187      
   263.081673117811180630814408053188758      
   264.571032215205741541439723209896763      
   266.076633346061090124260395487980474      
   267.596563061626442678462497165376263      
   269.129027773430284964423542308113594      
   270.672347803281083696671758887952553      
   272.224951487607470113912169615644539      
   273.785369445278390686695023284349779      
   275.352228972374492046780605077675963      
   276.924248651992843251575206477288078      
   278.500233123320548824149388558764244      
   280.079068104232595867416095686112484      
   281.659715607093434947432653919893400      
   283.241209361747637515105326529172752      
   284.822650504869205628673264631748323      
   286.403203435857569905764065876353484      
   287.982091933612954007781713581277907      
   289.558595453497631446493370081001477      
   291.132045648945370021672402500817146      
   292.701823079741030620925628674573171      
   294.267354118506265100373848302390706      
   295.828108024730159737584109437927575      
   297.383594214978371164751539451995989      
   298.933359691972694084011995615065908      
   300.476986601603670139532964474000205      
   302.014089994778764823920200236321362      
   303.544315681068350071766539742186379      
   305.067338231380692420893944365656629      
   306.582859123826906529724791381880445      
   308.090604981600664020380795242002188      
   309.590325933813848222776161799117518      
   311.081794086076802742598207018196797      
   312.564802077610255576862939245241748      
   314.039161615513493362323184749705379      
   315.504702732741029793139463337545362      
   316.961271807994510661036395825941681      
   318.408731016643821222034583053654488      
   319.846957158357607522999457632175759      
   321.275840687867417106801132292468205      
   322.695284822844779464823598797485570      
   324.105204684616771805050050674115183      
   325.505526524825612956539499230488071      
   326.896186975039081227930806284875984      
   328.277132355589660680521830572589335      
   329.648318040408024780806029927001508      
   331.009707829639319712876425979661018      
   332.361273405801483295661323914798030      
   333.702993789090866779826900867539835      
   335.034854839104343488524890416706975      
   336.356848800969716136978112607563915      
   337.668973865924210437124623815290187      
   338.971233749583982572111302958600645      
   340.263637328253683904361881608401372      
   341.546198277251136760041139656387418      
   342.818934725404849058036242376196650      
   344.081868950221781323300040310047830      
   345.335027083162298320618584239876403      
   346.578438828830909082540340573837770      
   347.812137209993261656015723023912544      
   349.036158327904046970112027913400233      
   350.250541128218439248340731507111067      
   351.455327191720884318481754348940966      
   352.650560536969738679247281427192397      
   353.836287431814704958408564920759045      
   355.012556212456040864227171588574259      
   356.179417124496172754398668418624415      
   357.336922170323714435375721412481281      
   358.485124958983672225299350572315876      
   359.624080571023303778959917621979763      
   360.753845434142630983514380327181798      
   361.874477203700662845578031703988640      
   362.986034645890333740251682088019316      
   364.088577536837563913372622500726765      
   365.182166562834442257587129517935418      
   366.266863229480926756707417366999038      
   367.342729771278132766560051387723543      
   368.409829072035100070141223873357142      
   369.468224588217267924310590988312172      
   370.517980284435596891900753052860284      
   371.559160547987075279304597444659720      
   372.591830150407730559187645943913314      
   373.616054165870896946948963540018675      
   374.631897930690830814197471096743325      
   375.639426988658888986192911663704564      
