   300.978532456069162132856044161749454      
   300.978532456069162132856044161749454      
   300.978532456069162132851380527156010      
   300.978532456069161555061098139799070      
   300.978532456068454609946002451934406      
   300.978532455984012490765849010446793      
   300.978532453367369071825205605843662      
   300.978532418982347316137176721034076      
   300.978532165784611636735425103282015      
   300.978530926028918400637425900885540      
   300.978526416584903241229486113022132      
   300.978513287347990307446142731324148      
   300.978481058773780113573822940278907      
   300.978411834304294669721696972564626      
   300.978278139979589635066353563350374      
   300.978041197376507814127040666154547      
   300.977649822740615998550623648048638      
   300.977040033527505259281915869663101      
   300.976135307411792768323944889126917      
   300.974847409764288359736773486588864      
   300.973077637707444103995430699965667      
   300.970718328621493536815622150517497      
   300.967654487172905649459173698714952      
   300.963765400363205299090559778930575      
   300.958926136817190056486574351389533      
   300.953008854759494151602563897702710      
   300.945883871171692245032661092919975      
   300.937420473424022858127663968577513      
   300.927487479820116349953171987187752      
   300.915953576086839402962334442880162      
   300.902687470558967239521568748982055      
   300.887557922874404250551965232027630      
   300.870433693203122430203072220405027      
   300.851183475678559165810640962457915      
   300.829675856571896263145604218174837      
   300.805779338646123607675856750485177      
   300.779362458134433422429839467561628      
   300.750294014283199884884186050935760      
   300.718443405964465592831338227525890      
   300.683681102900197190660575659026777      
   300.645879191909089172751681680467161      
   300.604912024440794578987504144373532      
   300.560656924879614981543096520826026      
   300.512994940489588055510202409375504      
   300.461811609280124511931640098255397      
   300.406997721020065618538275496163964      
   300.348450053675951369502818986387067      
   300.286072054997182124984255351900663      
   300.219774488622618978030686441158331      
   300.149475969149254545112231491488774      
   300.075103435114543278141267545793257      
   299.996592524504107574543821116138766      
   299.913887854746247275458844235940478      
   299.826943197643403207195400658825435      
   299.735721595986725306899963957691528      
   299.640195303150027302969855798276909      
   299.540345735550705571986363259331595      
   299.436163268358220985164085827003125      
   299.327646981661109933257927991840810      
   299.214804333562405010927674651458110      
   299.097650773713759229632633367770634      
   298.976209295890706520312657800503633      
   298.850509945288319052412065854871835      
   298.720589308822175132637161344520307      
   298.586489949646223310375908879025759      
   298.448259822119535298057457682888825      
   298.305951679311663165823802360636872      
   298.159622474605461078569860321893000      
   298.009332731270762204666634685063174      
   297.855145951646195518107497466884283      
   297.697128007881959292646282310150250      
   297.535346560372872787916251695017994      
   297.369870459594970873817361250555309      
   297.200769197703262917150579100515193      
   297.028112338959986145234370635071392      
   296.851969020633443141961454780763098      
   296.672407440508995588510133731702479      
   296.489494370214955554945715259352492      
   296.303294719544542476636505793750308      
   296.113871094190754445674149906865292      
   295.921283366449950488289292218686665      
   295.725588318869459498576448217825790      
   295.526839269717799222139838555538718      
   295.325085735583473687914787319861637      
   295.120373110638303776556971476129682      
   294.912742372909206694782523545470383      
   294.702229786073755953363767052496231      
   294.488866619808438370252562996434090      
   294.272679001220566955330107325051760      
   294.053687573885284114256560892531756      
   293.831907279290678776702082836888030      
   293.607347149995329626287989504659460      
   293.380010298253851397662295958681462      
   293.149893091196408822036544715056152      
   292.916985926739215297683236730208559      
   292.681272231245860646329329515883699      
   292.442728575364469421101800215684215      
   292.201324497546201453836765642400818      
   291.957022079220697813418305333023601      
   291.709776162366901548839742829728598      
   291.459533598625030137766068547354251      
   291.206233474168460134803036449545301      
   290.949806538090822875901102562633643      
   290.690175178646793478623027718762248      
   290.427252948763767718295192072595538      
   290.160944365994469894313095472696284      
   289.891144552431392658140582143351937      
   289.617738891747575653681913147752764      
   289.340602490815809664648646746859232      
   289.059600177152943244036273701178343      
   288.774585418952480054810980807821687      
   288.485400285997276268726254928649704      
   288.191874615175754334817900713757126      
   287.893825576495042154380590251751019      
   287.591056859398482407521114300890094      
   287.283357999490950412601190325625850      
   286.970503536360124459826794224835122      
   286.652252145508647591427749880657490      
   286.328345610117145177621000326931083      
   285.998507794768327942959589915343428      
   285.662443404730163032384225162952240      
   285.319836735164171561189545451875106      
   284.970350249542620520302499155762011      
   284.613622936648077317000241680644750      
   284.249268718176786439094537259893443      
   283.876874446705558574673520244326752      
   283.495997927819810356197851417760867      
   283.106165608276356037739761535803704      
   282.706870127501024605277222484328897      
   282.297567598057524771620446783269878      
   281.877674643114952255564074219272855      
   281.446565193132471687292903243683526      
   281.003566967609445100069796542569460      
   280.547957672260566759029204742466740      
   280.078960897780237866297762146000420      
   279.595741719866050961116744193685880      
   279.097401672832805504425087950978286      
   278.582974831854563582190244353885436      
   278.051421084460744599843812300827935      
   277.501621626595873547317220369992540      
   276.932373268656266815901582843860190      
   276.342382958347267535844200486658559      
   275.730262588927153848894995785912188      
   275.094524296896639043618641820404253      
   274.433576708692267798763219404399204      
   273.745722366321913573040266443952068      
   273.029157204305255066954084404208615      
   272.281972562530813341304224613190586      
   271.502160633106778247985770211798977      
   270.687624343489083862068529788858657      
   269.836192619470761931748890357111981      
   268.945642037320487280025987208641411      
   268.013725744289835187375530850153329      
   267.038210115454635020376976387526124      
   266.016918533257757291407842831083861      
   264.947784535765881416681732479095416      
   263.828904749240368488157068503663386      
   262.658598153870483357543018760675894      
   261.435460326992749023797608610732638      
   260.158410312925799468928786716399539      
   258.826724427741373148053606673327334      
   257.440052518434658797332092101294061      
   255.998413951534483996619932712903146      
   254.502172665203652864626954517364928      
   252.951993765878450416242612435143295      
   251.348785793137680942544591302215387      
   249.693635135324671607602002822050183      
   247.987738565968091043747719745504665      
   246.232340329728036691421959089100927      
   244.428677723400456327235021459660477      
   242.577938528849511762812743914896395      
   240.681230773936670473703009833334923      
   238.739564905855534316564845188028260      
   236.753846721637834708258964058756979      
   234.724879652126843572798827450648363      
   232.653373752112837965523408793340274      
   230.539960556666838000776737636793242      
   228.385208698952479176792056502832769      
   226.189652227639095866224095387484580      
   223.953800518578100208440814138751873      
   221.678168548721143289160884131680318      
   219.363296421722062725739043717489821      
   217.009771558472385154862287651784937      
   214.618249653885823258290895173337879      
   212.189475039790836936887354111136343      
   209.724299815396694729157422822431471      
   207.223701986605250421975441986998175      
   204.688802092161753168029486959926963      
   202.120878393997849237062028387520976      
   199.521380104299338458610355026460118      
   196.891938394477286691455241556303828      
   194.234375394330637917590316294453689      
   191.550710193494960830701770123286023      
   188.843161666687019101391359816361980      
   186.114148453239488208094003878172740      
   183.366285028247971684050045956526174      
   180.602374081218694836577084560410688      
   177.825395186393390812333861957368193      
   175.038489539236453020788414430638535      
   172.244940918127784025345011943360209      
   169.448153223042630960485657305249821      
   166.651624850842315848161221893855212      
   163.858920468061990101242443755987183      
   161.073640724282368257994568924421784      
   158.299390907976658309222260724253345      
   155.539747670465114993513965929014617      
   152.798228620808708064083136393434126      
   150.078260201410933707290740258720950      
   147.383148378707140409541974388088345      
   144.716051781426194110285671905756627      
   142.079957338217325094885578657901470      
   139.477659481830878598643013714196936      
   136.911742935878655896918550222115765      
   134.384569296908882546347765308170472      
   131.898267443610400072241269967763531      
   129.454727863451141576438723679612787      
   127.055600552403434354598406267431474      
   124.702296245237907250246096606176813      
   122.395990591716989394549649595772904      
   120.137631239265761600565554164839549      
   117.927946965922953570660537234535746      
   115.767458606442144760433617884798573      
   113.656491561892675336360369934115386      
   111.595189258487956353633111836632143      
   109.583527229774639618477795202745585      
   107.621327726091950946880086753578450      
   105.708274238020322999458621696739243      
   103.843925814368412264706591133119221      
   102.027731391385646546443812116869756      
   100.259042540710601128659067506375342      
   98.5371273866128275409018594753616796      
   96.8611819658434306439076618527995840      
   95.2303416404924857217906602209825428      
   93.6436916991063140365828440301912110      
   92.1002768027568771953178182985629801      
   90.5991098050134590852431666762227600      
   89.1391796184499434124587232589098346      
   87.7194583756458599348203333958129589      
   86.3389077319273583570930762808170675      
   84.9964844743441611143821967337172467      
   83.6911455035471480942445308881217554      
   82.4218521239425672623240996911657540      
   81.1875737861573541133452893457255159      
   79.9872913384013310409901282762130210      
   78.8199997062551557045312535584541718      
   77.6847102181413050322538742854168974      
   76.5804525544032020864050682472270339      
   75.5062762463779078630493306547428195      
   74.4612519744999932916843618063865926      
   73.4444725414728369905078292976641584      
   72.4550535817436097117221798735761400      
   71.4921341256086612025627681219538513      
   70.5548769092602092465906950039952886      
   69.6424685659512309556648433892053318      
   68.7541196489648326055209126126726523      
   67.8890645796208759756228642710790299      
   67.0465614356701473548043129793660885      
   66.2258917030565927704354699819169397      
   65.4263599312319722277758554456385478      
   64.6472933263655042049169630893892680      
   63.8880413215841674779920033153110305      
   63.1479750644742604890668402263681203      
   62.4264869291101946081611511900737415      
   61.7229899527860586934082823646111103      
   61.0369172898915795946458565735791260      
   60.3677216345558159350912534101652007      
   59.7148747287834438002860512244500526      
   59.0778664669877200131635702713813848      
   58.4562047858615033137706157476456294      
   57.8494147850903032385928136947579427      
   57.2570382107560295079158515029495948      
   56.6786329204409462821051261922327841      
   56.1137722978836851520659555912923643      
   55.5620447612526498661361967359605124      
   55.0230531687671038041498317796425439      
   54.4964143690272742586910427597041964      
   53.9817586247616158330831416444151585      
   53.4787291998917967008877417721789496      
   52.9869818136355868392238146097583495      
   52.5061842293278544426885832717935422      
   52.0360157829028553319053296742643614      
   51.5761669497632176305633515069962111      
   51.1263389566979779532925905121692268      
   50.6862433198433628570375282809102729      
   50.2556015397722006907695313644853665      
   49.8341446313335464420561149310995762      
   49.4216128434128084107426909860962358      
   49.0177552742323932857534757886539856      
   48.6223295120757140791426004665649221      
   48.2351013804687194011211155036885382      
   47.8558445658547258794753637999908900      
   47.4843403306395039692037730064925345      
   47.1203772690709914819508763801088361      
   46.7637509872781446077654665550628695      
   46.4142638253835797323035750960561239      
   46.0717246785575896635356812434343215      
   45.7359486783231187319614296851628003      
   45.4067569663635998553684650356708486      
   45.0839765324809731258566744810865968      
   44.7674399241148067932963503079962376      
