   92.6087792172520498870326289728459773      
   92.6087792172520498870326289695638845      
   92.6087792172520498866660978266804572      
   92.6087792172520385528339217141390754      
   92.6087792172460040351798429717465757      
   92.6087792168339310256625388837545613      
   92.6087792083208086714804101639214073      
   92.6087791261377797603496282231576926      
   92.6087786510897775910116492143116808      
   92.6087767362884526080961489095161786      
   92.6087707974749082652482423793511651      
   92.6087556550957461921641302467089099      
   92.6087224237756938843488728303605596      
   92.6086575602868129621329996322657029      
   92.6085422280813766620988657710382686      
   92.6083520385922637329545781352500257      
   92.6080571658956822436335743034100750      
   92.6076227716404821787213709713613375      
   92.6070096551982477073833070390195601      
   92.6061750391672261305286984770546647      
   92.6050734086501284979525529080535173      
   92.6036573365405883456753154893772279      
   92.6018782423294533397841418067101631      
   92.5996870484721775613682562228422239      
   92.5970347098863498161733543746450244      
   92.5938726074446777649299997106876900      
   92.5901528064514507054567256774618437      
   92.5858281921727691943688493208700977      
   92.5808524985319643528664860518799555      
   92.5751802551650307143430276838343541      
   92.5687666799293463605250895745931101      
   92.5615675417780039655649693471007697      
   92.5535390195509389301688787424054576      
   92.5446375800525728854373327946821729      
   92.5348198820252417249505978066638623      
   92.5240427694882096654733850802190447      
   92.5122632346444128795481576913876074      
   92.4994385181309245859305660627803876      
   92.4855262232544248904996391739387296      
   92.4704844845027678648628556479509899      
   92.4542721750191687024641182200172754      
   92.4368491497165100552178450767542032      
   92.4181764984551236975315367490538158      
   92.3982168139616514887438027189352896      
   92.3769344567410960266628444221193756      
   92.3542958098507504554028997945518883      
   92.3302695146982295283104824287158091      
   92.3048266765565367728371891980333492      
   92.2779410534731850119894168719477359      
   92.2495891919141394636818861693358496      
   92.2197505363525075335369676311449457      
   92.1884074970182690596421123702474318      
   92.1555454813468745055589737018451320      
   92.1211528774234407858985322182259750      
   92.0852210162514856535666419674366777      
   92.0477440891612366153773847263627460      
   92.0087190315439624631504622060533008      
   91.9681453836509640036021425757246718      
   91.9260251241103819997344087678239956      
   91.8823624729575489302502457916659637      
   91.8371636884040347119301555713835133      
   91.7904368438187131338041609406591537      
   91.7421915875203987112871521423009294      
   91.6924388965721303799641192052907917      
   91.6411908202454028864875311161743349      
   91.5884602285898647123210065299732660      
   91.5342605505595584431234792796687803      
   91.4786055172332767906026939070726687      
   91.4215089075921372451120046393417767      
   91.3629843026882202858650207805060702      
   91.3030448276383945861731711774475203      
   91.2417029232518498645921833340372082      
   91.1789701120558713241826541272017308      
   91.1148567740183810354025479653170050      
   91.0493719375003991718950959817936341      
   90.9825230528922935605710927084313414      
   90.9143158311395080801501384243699299      
   90.8447540441414192400214640099382130      
   90.7738392628718573922213151118604011      
   90.7015708514891145732395709956806433      
   90.6279456491040238140867481895986157      
   90.5529578944816398513656948474807004      
   90.4765990425417568466821405423755178      
   90.3988575900066584833093281475657847      
   90.3197190166438421403477460756521242      
   90.2391655490061657073624094255534117      
   90.1571760520956139964871887131086199      
   90.0737259935312342646059470478844899      
   89.9887871252647789534170287348207516      
   89.9023275087116500835633857524111130      
   89.8143112809747747968456419420606708      
   89.7246985506324524758962611784969687      
   89.6334452621289689454726737654339788      
   89.5405030446614232629316628166614236      
   89.4458190290555906444988140115077654      
   89.3493357272510619737618128134181026      
   89.2509908358046682706210300720665567      
   89.1507170695980422394062780370558191      
   89.0484419789374814668617202819917640      
   88.9440877263273018668014191329545043      
   88.8375708943227955796995641340703238      
   88.7288022573297903512349676717376435      
   88.6176865280593581814942773578000094      
   88.5041221055804664643689698936391541      
   88.3880007893127868044819025475012714      
   88.2692074932243053164365002992652465      
   88.1476199163443968284959542001422512      
   88.0231082164097345517353168122306125      
   87.8955346234925024015409937046050562      
   87.7647530722838376076513893201152017      
   87.6306087687367648368294767204820433      
   87.4929376941711887821577645309999277      
   87.3515663555227140996606950891135916      
   87.2063109612646424133935332651857655      
   87.0569770870513958417561134086351792      
   86.9033590596257889516146255361042980      
   86.7452393634932222439479561021943299      
   86.5823880107694413510830739999051876      
   86.4145618820004486049474762746711343      
   86.2415040401392629215783800417959060      
   86.0629430209461600330209589097319546      
   85.8785921183753648342763846746085235      
   85.6881486302575294547758788337927814      
   85.4912931351049152663543269680166859      
   85.2876887577946653704543059264578372      
   85.0769804753699426272268432057338750      
   84.8587944665270909827669679461583376      
   84.6327375325337841639230499037964132      
   84.3983966246469919544120009917193189      
   84.1553385086290086998336621721078000      
   83.9031094987611993510933435390102680      
   83.6412359675644188082772956628606412      
   83.3692241043493207440748103326966221      
   83.0865610131089769307108830638741228      
   82.7927157595517222516442901001572103      
   82.4871409778131884693266254464417869      
   82.1692750464564725750687005317975960      
   81.8385448573968975519455212225659627      
   81.4943692534611179507458237714492163      
   81.1361631527114415757246850875939191      
   80.7633423533025013665714733450277696      
   80.3753289898311468691445629759974307      
   79.9715575740380912302722827174754846      
   79.5514814390305381406667658264655042      
   79.1145794858073370437957146982527846      
   78.6603629170799044063614937124588808      
   78.1883818321865572843382874287918635      
   77.6982312328724616716504650316285341      
   77.1895563554896931072922764323957697      
   76.6620567921562152115204432209873627      
   76.1154903752271063137711554984740554      
   75.5496742118469463646622788313202088      
   74.9644860218967901545734864294858960      
   74.3598638018612695991089755026636353      
   73.7358047052862679089536587869387731      
   73.0923634017260530851049595205990590      
   72.4296502041238301345458205737048290      
   71.7478287086989293180592861280800112      
   71.0471166837673699696755163594257094      
   70.3277819810804796372365369998717367      
   69.5901446340467472297977708683509711      
   68.8345773426383157033351022457451409      
   68.0615071135515949018939061603254628      
   67.2714178581526354391178234710542619      
   66.4648534331221019269747160827381678      
   65.6424212386626238958339267318779054      
   64.8047959615390988960913408750303221      
   63.9527232062956186783752000982763653      
   63.0870228915709692783535080669347484      
   62.2085910961505681349605556370461540      
   61.3184027252885066282099814548907377      
   60.4175110923911719331302488129212063      
   59.5070469351490788046582371281855921      
   58.5882155283703862585399052580592122      
   57.6622920287456198936130048797062209      
   56.7306149274936657096060826596377225      
   55.7945776791075627514903110688371605      
   54.8556184434354880442666488248085099      
   53.9152085045837828819706251951937715      
   52.9748394201000027383959491438489851      
   52.0360089772038387662942592704105834      
   51.1002070387552128617075966525580471      
   50.1689010743779554262075811127028289      
   49.2435221280247059359170618924901618      
   48.3254513813295900899951256496064885      
   47.4160081374548737011910126764612445      
   46.5164387272741708558629408122869017      
   45.6279073222875072915257845999841656      
   44.7514884933334012047632709548440244      
   43.8881615151058712476928849050193883      
   43.0388066133251789729170160409357729      
   42.2042026108599031297281921871457736      
   41.3850269789410038954682502919530496      
   40.5818566762709183237257863245476296      
   39.7951706323445961631141253992054667      
   39.0253533330799694796309996771529791      
   38.2726993312372333309147982890396865      
   37.5374184711178745102784079018851239      
   36.8196416222695174194373823126220693      
   36.1194268160162227597701557643438467      
   35.4367655273885341365224155948740925      
   34.7715890289520822915874364731304793      
   34.1237746797073613323314809087191551      
   33.4931520389808275875848256350668844      
   32.8795087756740558958421007236463364      
   32.2825962344087184631660517845051286      
   31.7021346966787234835564511416592826      
   31.1378182609886895210975852809282095      
   30.5893193368845698367215432027824986      
   30.0562927846584748775921766945392334      
   29.5383796615925132972750405192891491      
   29.0352104508583559019886842723356341      
   28.5464082994630290485426221464734258      
   28.0715915085131589388725799485066740      
   27.6103759560111564193108406772355720      
   27.1623771356492065984369137154941666      
   26.7272119453761262234176421729268825      
   26.3045002233149893055873822380527997      
   25.8938660611023863298963789553601421      
   25.4949389126048189727660841924545918      
   25.1073545184932643344205257717203464      
   24.7307556669195964303604634344740250      
   24.3647928080756249034110991347566851      
   24.0091245475221662211087143269916944      
   23.6634180135124752129821122879488039      
   23.3273491419637269162557317671697220      
   23.0006028597874830833224869040883713      
   22.6828732052264812793606223583982331      
   22.3738633780551257975912736754855378      
   22.0732857380589277669222997793067514      
   21.7808617554991545599739632688940267      
   21.4963219235393699020211342020209122      
   21.2194056353994902869192880590236756      
   20.9498610386913400625722147907252670      
   20.6874448637874919843149277546117438      
   20.4319222358276257873775916076193636      
   20.1830664730473942698784640642493921      
   19.9406588750111643317022453717805199      
   19.7044885016201993489588649765396693      
   19.4743519472140697664660508164447333      
   19.2500531126437893117892875090760124      
   19.0314029728253383852302489755977006      
   18.8182193487680137942776829635738061      
   18.6103266765408540940007940510700288      
   18.4075557800276910544580511862682353      
   18.2097436491882429592319386155009620      
   18.0167332186697495219923614191159823      
   17.8283731534238116669358433627406828      
   17.6445176539018879315258848894642435      
   17.4650261847899146109522713612578910      
   17.2897633788976821345221096461471223      
   17.1185987727335516358470530200485843      
   16.9514066371120512194543317469145061      
   16.7880657949073134606220977211411939      
   16.6284594465640940607207267876442970      
   16.4724749995102858348736080487439794      
   16.3200039050367490207309315294328492      
   16.1709415009782825700466025908773044      
   16.0251868587233075627448727674970988      
   15.8826426383100368733882250589855145      
   15.7432149463195202196212040662244016      
   15.6068132018512945569120825494548831      
   15.4733500062602499659289296508404377      
   15.3427410176841751842439123891639199      
   15.2149048320112847104225814724498789      
   15.0897628675464842170937304342179234      
   14.9672392545730952111709580284769497      
   14.8472607293294691314692558151867589      
   14.7297565327227916521022278705206501      
   14.6146583122499945311790795362349105      
   14.5019000295822375293170848385950202      
   14.3914178702990543561079944694853720      
   14.2831501576942219204222669816577221      
   14.1770372716146880306350030242811893      
   14.0730215685891897667590793253050058      
   13.9710473065247991241868478625256637      
   13.8710605719472885059385453846823236      
   13.7730092114155052143043230510714125      
   13.6768427636852596572848979744613180      
   13.5825123967362704331074113810958639      
   13.4899708464226854004129774497678074      
   13.3991723576052071057032213876932649      
   13.3100726279123537140358387147140565      
   13.2226287542839734441768924015070957      
   13.1367991807744756438854821358038576      
   13.0525436491811637487439665973517819      
   12.9698231514738304225794139651606496      
   12.8885998841670640960459100135972133      
   12.8088372048375813373823758426429031      
   12.7304995897138064190744892754140939      
   12.6535525937616382724899608797820741      
   12.5779628121125395685109664146609188      
   12.5036978426488690201819030719320945      
   12.4307262508249176159392187519893601      
   12.3590175349168541549050451458343161      
   12.2885420941796161663110707433638416      
   12.2192711964686724033746364485468598      
   12.1511769481499183533294073628053789      
   12.0842322657852629144349076298803049      
   12.0184108472643734243894578447465430      
