   300.978532456069162132856044161749454      
   300.978532456069162132856044151082625      
   300.978532456069162131664817936711477      
   300.978532456069125296710245570951995      
   300.978532456049513114334489658176405      
   300.978532454710275833403251372202343      
   300.978532427042628182311333032744589      
   300.978532159947784221136291725262513      
   300.978530616041777170787859946512950      
   300.978524392937470976312483955927590      
   300.978505091793451862056787732891333      
   300.978455879061175124533423301803960      
   300.978347877271005124133836698671840      
   300.978137070932142126932248804863540      
   300.977762241264474151821313755874373      
   300.977144125424857132102378939562608      
   300.976185789160967291809116486082747      
   300.974774007831567080844455656924384      
   300.972781379394305048995747876813561      
   300.970068877293484924218270050427657      
   300.966488578112917618345796951173928      
   300.961886343756912123444775340475997      
   300.956104287570723354298460871808011      
   300.948982907534577074446832724237228      
   300.940362807130636902563401717596305      
   300.930085974195202736022499059734999      
   300.917996620967214792734358451750986      
   300.903941624561499881698760292827848      
   300.887770620228884146816079668609843      
   300.869335829286349821614839972461629      
   300.848491709770375671706541117427614      
   300.825094510778512888086150378077505      
   300.799001813540551523048855912817700      
   300.770072135170861877671331582717059      
   300.738164616582035606089442871657590      
   300.703139000836681412788501510711914      
   300.664855512594341858531512497009715      
   300.623175183925504904274339704036263      
   300.577960225576880894123827315300911      
   300.529074574633995560804280855840733      
   300.476384568812298283008384215056133      
   300.419759736578657679457996499451157      
   300.359073619979152016977494434424883      
   300.294204645375367338417358836539688      
   300.225036984408562086654244371887961      
   300.151461382014938980059424332293625      
   300.073375922769245967009067893326401      
   299.990686698808744511720864893608391      
   299.903308423787851288965604833830136      
   299.811164873720953256966130050341508      
   299.714189243145649483995144801221064      
   299.612324365309374443836865203304178      
   299.505522814377342143066664530996685      
   299.393746851626182554170229709234416      
   299.276968302817328374091586394169196      
   299.155168289774018999976500360678912      
   299.028336852517878005239002169673237      
   298.896472496865633011706963371105193      
   298.759581653358741499136828495427986      
   298.617678037112034023313298822914410      
   298.470781987313112813773005606996434      
   298.318919742410817684863523057142284      
   298.162122659441295811683244462478039      
   298.000426413859423734883387417195067      
   297.833870165797559381084476127566594      
   297.662495742917060315043271222413096      
   297.486346789318564940151307658923521      
   297.305467931008149569458755197986149      
   297.119903949674446046614015077860808      
   296.929698983736715929061317536644731      
   296.734895689824782405062806326704456      
   296.535534500568512059924595835620936      
   296.331652864181581803593625913405637      
   296.123284515559738365058280887280251      
   295.910458796876297308659061940829286      
   295.693199921899954071856051302401906      
   295.471526451203401260487949879202284      
   295.245450643459612530069758032299155      
   295.014977604333536524719274113546304      
   294.780105267339622363028605735962051      
   294.540823359588077395781931616195492      
   294.297113157065329516938508254312267      
   294.048946888260709751716956762720396      
   293.796287167521640070755316479588809      
   293.539086804092486956130174745869410      
   293.277288034270038548927830633048613      
   293.010822169310745488583363317603021      
   292.739609478976511359969327905624605      
   292.463558157110531598605343388167440      
   292.182564403312862771581003695336080      
   291.896511663168018089748336311697146      
   291.605270289555470546662848830115133      
   291.308697101919149072786189737660434      
   291.006634895149625604527904154149608      
   290.698911844430669594621145537400240      
   290.385341113565951414725891643608867      
   290.065720216365171879518347734216272      
   289.739830476193637278070403620431412      
   289.407436431546814767300590916473224      
   289.068285110563731067104612182102151      
   288.722105406549085634023583435728571      
   288.368607336321818641513644933147332      
   288.007481216192914089856401412850065      
   287.638396843136516009199152154327257      
   287.261002565266557114566183279379104      
   286.874924352978992278418625972612064      
   286.479764728119289692611851150462292      
   286.075101703331637293139779639749500      
   285.660487526350632805008229539966433      
   285.235447484922472224867015290374378      
   284.799478498394485719695799341566678      
   284.352047506056363542012734725749793      
   283.892590655448820823897259039619194      
   283.420510624110087843528983111853716      
   282.935175532917036485707368578064323      
   282.435916943783814092747532992338981      
   281.922027931352972292830857332131597      
   281.392761035000684391019990499691869      
   280.847326116501457966079297892681180      
   280.284888130452604495129735135836670      
   279.704564818075020107318116456628849      
   279.105424384719935711398250192477729      
   278.486483048336970728021606209826546      
   277.846702689090974615651562646054183      
   277.184988462832662453976494260987958      
   276.500186544952313538487240418635106      
   275.791082016213045693992645825014579      
   275.056396980734798532749912187338377      
   274.294789030102723851839003223087787      
   273.504850153044278274459402059350362      
   272.685105870973897891053366501783359      
   271.834016894584361126901210904297081      
   270.949978339135292418243133581264040      
   270.031323292604175024810369957590893      
   269.076326218543097317843942825510927      
   268.083208177892862525311532700935826      
   267.050143900983535868973276728342187      
   265.975270786539917043822943973339410      
   264.856700073748633339923927257209947      
   263.692530246312185121105226534680237      
   262.480862648233129441357288371340217      
   261.219819216951227324719829671991690      
   259.907562115623796498384918831795349      
   258.542314676849248957166988936012855      
   257.122383328873845392336072769321544      
   255.646179480509689320674854565491381      
   254.112240954606311174099434143573538      
   252.519251506835500432864011352792723      
   250.866058155341502598699898405286252      
   249.151684574507699437441440468208923      
   247.375343719488095519756255370040655      
   245.536441188502575685152406201790712      
   243.634579571164568002363830895829147      
   241.669557356049126197104170383656793      
   239.641365292180370704099391057551006      
   237.550181055609672526591118441946939      
   235.396363163402447937273916864540673      
   233.180443303271520283692679916260021      
   230.903129222243952401445428168133543      
   228.565291438511558821018745249583126      
   226.167970060651928496842755322140656      
   223.712376363574526035839082298671708      
   221.199898119042683431155195021057733      
   218.632108038996065177132926280926348      
   216.010773657646831262667827268899061      
   213.337869025653527661460261878603168      
   210.615586875002071412296857843848565      
   207.846350420460760704719400319398164      
   205.032824397605650154648901217537909      
   202.177921062489346438621805820400008      
   199.284808857187646541682439728394882      
   196.356911050271308782673308641993919      
   193.397902539234506115139270666603187      
   190.411700467203755340254692088692460      
   187.402449093423264654242265859045221      
   184.374498514354413556219768643822587      
   181.332377457099578942343510973720759      
   178.280759941165336143866608680627660      
   175.224427639897294366404531884379768      
   172.168228115325008899786834717509205      
   169.117029175912475990456342628834394      
   166.075672875954441800549689120813656      
   163.048928491728355135174638616284211      
   160.041446916080294291730451150593011      
   157.057716989321167792484158361221068      
   154.102026446728339528870791198499029      
   151.178425863641055281554557639932451      
   148.290698797434398697458799949948547      
   145.442337603333553915480630603243098      
   142.636524924094081555001875941313006      
   139.876121493306831661980302133041280      
   137.163658485294685171616624608223772      
   134.501337681558262660271813448847408      
   131.891034197880484552108805554779786      
   129.334304555119937530120907547417761      
   126.832398332509900808800748950747188      
   124.386272826521008325473094439378980      
   121.996610031133092158404825681126657      
   119.663835272375931613171492516021733      
   117.388137152052723969253006234117486      
   115.169487964012735943697850683340801      
   113.007664344094267447659168537674072      
   110.902267709048924330077312953337237      
   108.852744126687689659650683313967373      
   106.858403520940681661486827351850582      
   104.918437761828335005289668299641669      
   103.031937764205851321558466210392675      
   101.197909348213240943567152163016673      
   99.4152878448748519693450154090431143      
   97.6829515501400433521745742572525164      
   95.9997339001756682161438816876897246      
   94.3644339652896566814632238850908092      
   92.7758269732548444077635219760386332      
   91.2326724026677665513358848326466873      
   89.7337218570362583627602322010156112      
   88.2777256908599214449199695753560430      
   86.8634388224724102261073370620123688      
   85.4896257257737152431589922736715975      
   84.1550646985827555721632316049204596      
   82.8585514659656616614897736254774241      
   81.5989021851031090868667087580911288      
   80.3749559174886883986715061620405822      
   79.1855766262457809360860721879592236      
   78.0296547794470402186033215627230044      
   76.9061085439155444421918649358336028      
   75.8138847113821124778311282433015927      
   74.7519592943093200207980824382872122      
   73.7193379169860641579220226647942574      
   72.7150559786791588421716394453280041      
   71.7381786486915152424974742827469429      
   70.7878007053722523199153806239055883      
   69.8630462515029521815686861565679722      
   68.9630683150483434324876861918269496      
   68.0870483757468552033596980698571277      
   67.2341958073093489490235152024881629      
   66.4037472664397838089771727247629269      
   65.5949660374040313771050082088105237      
   64.8071413437862840780322974582866818      
   64.0395876302656478841163111737539175      
   63.2916438284457267410146651534453762      
   62.5626726160923152633151844044970464      
   61.8520596616823497519983091706925283      
   61.1592128834960448314024696316148753      
   60.4835616987577758055025806659775937      
   59.8245562850899959269886663553717599      
   59.1816668598617896175038005003781242      
   58.5543829606766859464751746121269410      
   57.9422127486273879175414909289072136      
   57.3446823751811357774591258907587967      
   56.7613351005672224855948819240881433      
   56.1917309814174669371968563499781498      
   55.6354460113840428165029223151578975      
   55.0920715706141664632265781774721348      
   54.5612138334487687470218175937088840      
   54.0424932013333056973423620598439692      
   53.5355437484084289633392261584179331      
   53.0400126913694343173755274706567561      
   52.5555598781794183526514584203512456      
   52.0818572908507495789208364943655681      
   51.6185885745076198385117314417029265      
   51.1654485755384407137689132152293001      
   50.7221429060167073099642682857283661      
   50.2883875203458123892690213652314302      
   49.8639083074735693487927152647827419      
   49.4484407040366753088733897854621150      
   49.0417293195260737055546239112082508      
   48.6435275773625594363056135925500892      
   48.2535973703207746772750813993569623      
   47.8717087313490728693322405791921133      
   47.4976395148124822263320084927634577      
   47.1311750961422719702805257254338141      
   46.7721080784719266573509820258274583      
   46.4202380125062212413723676903875972      
   46.0753711327477360995637598289138614      
   45.7373200979148667419670078072412698      
   45.4059037462055971536072555532084096      
   45.0809468588286876443002725002175516      
   44.7622799371003919464890499159820917      
   44.4497389819770938861759184169992833      
   44.1431652893928789075990869885615616      
   43.8424052508737275513421767117453732      
   43.5473101622169230935354695100031104      
   43.2577360407151495706164758228206866      
   42.9735434514229136935749003048980638      
   42.6945973375170458426278169413625392      
   42.4207668598387821834178914413932886      
   42.1519252422899488733830953867721149      
   41.8879496235429583121492075441909462      
   41.6287209157221393464927214885894352      
   41.3741236665698708619920901450958033      
   41.1240459297253243855923728592917380      
   40.8783791393657535976606408476479889      
   40.6370179886088243155911849837793086      
   40.3998603151809822518024609439654210      
   40.1668069884797760034413967239615285      
   39.9377618060837525405109799159324824      
   39.7126313885231853109675684577772920      
   39.4913250814872346483205739291174817      
   39.2737548638021044719134497971109935      
   39.0598352536092136292657379954262632      
