   6.46114195192883683103959025933776710      
   6.46114195192883683103959028499496268      
   6.46114195192883683103959035531109635      
   6.46114195192883683102469799554273830      
   6.46114195192883681091041515205204861      
   6.46114195192883395907954227373279645      
   6.46114195192872862679923402661665689      
   6.46114195192710348433106284456413723      
   6.46114195191329443806073727500523781      
   6.46114195183642794321162063571932060      
   6.46114195152238672873995839542557122      
   6.46114195050531318746715337713082105      
   6.46114194775010947801930385137609773      
   6.46114194126243567365846144119281320      
   6.46114192760392526075010564297921001      
   6.46114190134548271571787858233896118      
   6.46114185447608851966110391961392508      
   6.46114177589732059615711069031843592      
   6.46114165090830604147821758650307431      
   6.46114146073184386132841747311805286      
   6.46114118219113579379288011973708452      
   6.46114078746953954164586716374735569      
   6.46114024398363845843011393213057039      
   6.46113951440561188276129398391822619      
   6.46113855677009755959837859753850171      
   6.46113732473983604428416762038623203      
   6.46113576798752478006478919866059926      
   6.46113383268592657065236692166470930      
   6.46113146208274544692738880743810053      
   6.46112859711854973631401720539531015      
   6.46112517706720652436396991590904179      
   6.46112114022066860991610064157154490      
   6.46111642436078594192826614736549539      
   6.46111096724883918622387699390685811      
   6.46110470694385344052531295108053189      
   6.46109758196308770645310831969624403      
   6.46108953127920319744439516554717268      
   6.46108049418778301175672054364696387      
   6.46107040980496191198206982939332225      
   6.46105921684126563391217062934382511      
   6.46104685265056806128370270649989131      
   6.46103325254151791041878220685643499      
   6.46101834886755430343876748105831752      
   6.46100207004223905860387316287797197      
   6.46098433949595546788160447880457693      
   6.46096507455892531373133459634623933      
   6.46094418540956737758610904433428026      
   6.46092157389675179128231058073109708      
   6.46089713263088646606891013421207307      
   6.46087074370244566810017744579634813      
   6.46084227776160372931628370546488027      
   6.46081159304114271378253668483448949      
   6.46077853442516248491527847090928396      
   6.46074293257539285732119031923232792      
   6.46070460309677944984594518402381866      
   6.46066334574289150454929419693602232      
   6.46061894378405491991734874877627182      
   6.46057116317813319576916295435673363      
   6.46051975194806077694323296036370851      
   6.46046443960467154491086903592613610      
   6.46040493644674139026112394577493953      
   6.46034093296720100892837135312956444      
   6.46027209932282898255291204005646097      
   6.46019808458777085685663297537718399      
   6.46011851620128923658270927938182181      
   6.46003299942591682807564762345677312      
   6.45994111650328257873452509673694292      
   6.45984242600848879423586873360109399      
   6.45973646208292476163864259679156541      
   6.45962273364456185002855310044506304      
   6.45950072351565309300681756488575642      
   6.45936988747645439526071481782563863      
   6.45922965325666727945617084161842033      
   6.45907941946550536168639732756949752      
   6.45891855439131780028439208854484448      
   6.45874639491259030324881114165311231      
   6.45856224470223639947106789568407078      
   6.45836537285991078033536299847664324      
   6.45815501270522094875993017633553625      
   6.45793035991354439650127069242882592      
   6.45769057142889529246217710757937763      
   6.45743476214124095936444261008733540      
   6.45716200248115236331804197203251464      
   6.45687131875502545807640907132475423      
   6.45656168808362210910295202847325548      
   6.45623203719478985326781536175466721      
   6.45588123976249739613388586533659284      
   6.45550811308813044230762562223516385      
   6.45511141484588331384309585197634324      
   6.45468984117299871288795423435600764      
   6.45424202196030999560040117324255198      
   6.45376651718997104434347458571745657      
   6.45326181379842660483792066604634291      
   6.45272632258708565676973563823530179      
   6.45215837130719046780736867281021106      
   6.45155620298403952752531632303517282      
   6.45091796957461306282499702783206790      
   6.45024172673552567697698973940615867      
   6.44952543077230548926562948940741351      
   6.44876693044819841372734997786054770      
   6.44796396374039768100443354038265911      
   6.44711414951752963592391942207939220      
   6.44621498335725682322499985610083449      
   6.44526382930538244684456311495710429      
   6.44425791404731155152708832798223646      
   6.44319431914416284709644030630296563      
   6.44206997399686750113952186357463630      
   6.44088164767356270881584620506531786      
   6.43962594076233641943778285724206462      
   6.43829927720492896336547837226503396      
   6.43689789564417463605399256633946654      
   6.43541783995890219035740183534907539      
   6.43385494990121698873654650542739555      
   6.43220485271111000297469817298116223      
   6.43046295197381209043405902930410242      
   6.42862441834936442577726000522375398      
   6.42668417890636867503522408800414335      
   6.42463690824284984775188455337036353      
   6.42247701663413150146751928229968625      
   6.42019864104120301925300646906033377      
   6.41779563539813503456576493224284090      
   6.41526155944291914576192352851994713      
   6.41258967335845909949454263696920096      
   6.40977292512374001314996339739490814      
   6.40680394424636908250575214606936268      
   6.40367503883999655212956019106636663      
   6.40037818486028336855891311198469719      
   6.39690502597343741902885760258070719      
   6.39324687242424776278736999627465780      
   6.38939469854593193792271991593678439      
   6.38533914769136986545777591064999898      
   6.38107053671708737606189186173137632      
   6.37657886307776777644958384565937964      
   6.37185381897303430266994341795310258      
   6.36688479887155312257579605526357553      
   6.36166092683107677210527830760800185      
   6.35617106787047940539210643347733226      
   6.35040385615164721861065980168322032      
   6.34434771948499448895254446394288143      
   6.33799091092103961095098950490707161      
   6.33132153790736796742954016844690088      
   6.32432759753193728546911953854528449      
   6.31699700916437699854286816113464506      
   6.30931765218968348209217876210564193      
   6.30127739832221998828450943117407900      
   6.29286414793434293470868352015370147      
   6.28406586099435980298187058715780786      
   6.27487058762374428545231201609639669      
   6.26526649483815772567933592467720840      
   6.25524189088264432711080057335089051      
   6.24478524310275560932706994027195196      
   6.23388519299348837607981515005181494      
   6.22253056639387016836183643153966629      
   6.21071037807402137447344290244941266      
   6.19841383388616163562607800038155788      
   6.18563032485224101201361943063781285      
   6.17234942021124182163339147725317568      
   6.15856085809823773070471420990107790      
   6.14425452796685857669797103135395190      
   6.12942045754723577456527531899156549      
   6.11404879384326469319443825744727854      
   6.09812978600468435586234837078496133      
   6.08165376516654920237170474907879989      
   6.06461112725146985324772896595607318      
   6.04699231504538240784449452661610565      
   6.02878780202804075616815165235573875      
   6.00998807542197197593229855286561161      
   5.99058362376911828094335119784544414      
   5.97056492207931452986764520216019423      
   5.94992242148915111026072980411852945      
   5.92864654212145491642884247873950524      
   5.90672765971465029814403072490930543      
   5.88415609990454183233521057374440160      
   5.86092213457236017916105513120587129      
   5.83701597425318402091113276442650652      
   5.81242776458742356338660449805049228      
   5.78714758061732146456629055573969268      
   5.76116543288087106186626724481395427      
   5.73447125064474741651308162579163014      
   5.70705489681897427647870586391342919      
   5.67890615510119928202783160136674536      
   5.65001473150485450473516699219738339      
   5.62037026137066310436420665194180440      
   5.58996229638918439832182977539611083      
   5.55878031945244302707756172058101734      
   5.52681373322292406566198160145971415      
   5.49405186388923696277404942490136879      
   5.46048396306201525011759079645788866      
   5.42609920544887068341818451265055231      
   5.39088670405172797120615684112708086      
   5.35483547952419131013582889659185859      
   5.31793448804574919086187658818026826      
   5.28017262285504739545989942974059805      
   5.24153868146820378291200987142623321      
   5.20202141734336345933404900889801566      
   5.16160949237158238038899704871963302      
   5.12029151019396232060028879458471156      
   5.07805600108927141090277415431287840      
   5.03489141955538904821189633586329160      
   4.99078614772415822406622331077127785      
   4.94572852313804873815593223316383814      
   4.89970679502887797288501417757543293      
   4.85270915294347516039690484067665163      
   4.80472369855884783278546021981452430      
   4.75573850037701209715141815981840390      
   4.70574153630581594078048632237579540      
   4.65472070323837558394890882416190545      
   4.60266387752900813407158669410895593      
   4.54955882146410074678461416640864039      
   4.49539326307212295807412512371905868      
   4.44015484375383668786113756007790342      
   4.38383114856982600589556006783393539      
   4.32640969067737340115649009733286100      
   4.26787792539347540590475351254659447      
   4.20822323027228249399180757931547847      
   4.14743292671468459354306995781778010      
   4.08549426803850261233094504943703288      
   4.02239443291030219897275058183139396      
   3.95812054631878282890535381917332904      
   3.89265966043073222941787347746217288      
   3.82599875927346084932602166765143029      
   3.75812476569621071342308821959281952      
   3.68902453383013498666065175430879756      
   3.61868485342782601386571026083238098      
   3.54709244391931213697816538310854537      
   3.47423396223351329009526021475635584      
   3.40009599840495848022487174740937108      
   3.32466507392982699138450817007698036      
   3.24792764426690319975110487604100398      
   3.16987010094797557773696236718099615      
   3.09047876658211748016128881625353510      
   3.00973989560997242834547192513871632      
   2.92763967921120058069828743594768076      
   2.84416423962415708983630021847492368      
   2.75929963053987114116851762939596583      
   2.67303184213918124137164037926893766      
   2.58534679578358098831090758414124994      
   2.49623034410439349607039883633350445      
   2.40566827319249877274682481577347151      
   2.31364630413364633566645748254710315      
   2.22015008833065609442351388550056571      
   2.12516520850646545697566915975574926      
   2.02867718191635729187033404448279430      
   1.93067145826761824934241327377766722      
   1.83113341670749189694298098419588439      
   1.73004836991234777868258456945751387      
   1.62740156442521902326785687084972618      
   1.52317817634287627390718886165258811      
   1.41736331481141684145957953051961211      
   1.30994201822108787646155392573935877      
   1.20089926064796140944235911233536687      
   1.09021994546137762334257613834184603      
  0.977888907610522977485711668962778974      
  0.863890911904700544312562889155211343      
  0.748210658808069563879594944082272494      
  0.630832776738232913108838137320953533      
  0.511741825717164846470761878881710153      
  0.390922297322769900797064612397595841      
  0.268358614699745866713260786923424025      
  0.144035131599028219457430089650133462      
   1.79361325977460569299721408765419677E-0002
 -0.109954167135915233338314242717770240      
 -0.239651620996473442018954242321443185      
 -0.371172151663728601269591054372757332      
 -0.504531751260165638439467259588903919      
 -0.639746481524625626299314459321416724      
 -0.776832473434195304290778821438224804      
 -0.915805926385689468553835257621338409      
  -1.05668311093829491133467802397371998      
  -1.19948036637376862483603504996745361      
  -1.34421410122662652473879000659929905      
  -1.49090079412239766395720826981638251      
  -1.63955699320761039216918017773861330      
  -1.79019931692297518070279007615801265      
  -1.94284445227232062831617467145002894      
  -2.09750915696044715889138341170904041      
  -2.25421025804137410910903955157783677      
  -2.41296465247677989490883177206296703      
  -2.57378930721364718508631568166658452      
  -2.73670126042010690573600549054291685      
  -2.90171761764577078892475351534437285      
  -3.06885555580454310141404247014540412      
  -3.23813232206041101621559948631977037      
  -3.40956523306950995318688059559926292      
  -3.58317167540405206443619816531747076      
  -3.75896910715405111262012679909406807      
  -3.93697505446048948358814041188771159      
  -4.11720711408339507268187743536894781      
  -4.29968295296755305947284751946578869      
  -4.48442030898276427670933622316810240      
  -4.67143698875275542219103583088888369      
  -4.86075087028733796039751559560238900      
  -5.05237990070535380952741134364135608      
  -5.24634209784331912393852335472599187      
  -5.44265555134510668237278689480799253      
  -5.64133841660077333117958542932850103      
  -5.84240892220601715961368240873204313      
  -6.04588536762511671953236979334912795      
  -6.25178611989952713642331020929445373      
  -6.46012961661832366907465027274992701      
