   6.46114195192883683103959025933776710      
   6.46114195192883683103959028499496191      
   6.46114195192883683103959030219443459      
   6.46114195192883683103871536717755847      
   6.46114195192883682895425967242025546      
   6.46114195192883639689332229098247067      
   6.46114195192881540594616838770111613      
   6.46114195192841660785286045799556815      
   6.46114195192442628678869113006241340      
   6.46114195189909330399324268946310466      
   6.46114195178381114299036348292523084      
   6.46114195137535742068633568153023077      
   6.46114195018164837936638415928269403      
   6.46114194718248349648751384250120966      
   6.46114194050459734889424098725812565      
   6.46114192702423049810549026116464824      
   6.46114190192046211382723558962714202      
   6.46114185820731401930442402062063351      
   6.46114178626857271565362725897017581      
   6.46114167342805694587408918340916863      
   6.46114150359979214361340135469408937      
   6.46114125696440151001667617725238136      
   6.46114090975166103288253316992076208      
   6.46114043413868926034736212994669531      
   6.46113979823073651967427020428205596      
   6.46113896619469631705845004799893221      
   6.46113789847415362944804115275775964      
   6.46113655212694973939134205872334584      
   6.46113488125188636701509558453849181      
   6.46113283748450255048180755726675613      
   6.46113037053295914812895416704652622      
   6.46112742872105962478498372794172115      
   6.46112395948697799222302922202128312      
   6.46111990986794937445643391731495199      
   6.46111522687236229385007618982433935      
   6.46110985768776045471333575647508162      
   6.46110374982416847362843862025277422      
   6.46109685108226545558702756495325245      
   6.46108910938295828956575792194418901      
   6.46108047245291223182522274088676085      
   6.46107088737304993571919119744735003      
   6.46106029999628491169689938215448938      
   6.46104865424117384761289308986688275      
   6.46103589153936439501680345666008930      
   6.46102194973973445788716956457910105      
   6.46100676233938505230175131904580280      
   6.46099025758059073765389899367925951      
   6.46097235752750200186209722129746948      
   6.46095297716058284227268785866904151      
   6.46093202346368524348752983889951806      
   6.46090939454813120665967808035752220      
   6.46088497878593954952601029797038786      
   6.46085865396931273212742779425662137      
   6.46083028676120041065150030286022817      
   6.46079973167944073565970489024773640      
   6.46076683053111405840689294078566683      
   6.46073141174451484268019275180135427      
   6.46069328975114442564884782187428702      
   6.46065226441297076520159570199695920      
   6.46060812042306473437131725508751691      
   6.46056062680190057364443185428878928      
   6.46050953634475205511788673682766310      
   6.46045458513458189188913918798823374      
   6.46039549193989454176838248731799739      
   6.46033195771590710825746969349096817      
   6.46026366504650646821859689138120595      
   6.46019027755758084628706610897808302      
   6.46011143938306177380299853797607132      
   6.46002677439898971247275089200434529      
   6.45993588566835667877052734729846371      
   6.45983835457640985443900283327753994      
   6.45973374019242743834863694095566487      
   6.45962157830311264468730644549448773      
   6.45950138053639215778980549133397606      
   6.45937263333524459569304553357792415      
   6.45923479692641284191968737928435763      
   6.45908730413722679264859554750653111      
   6.45892955913161571898580961103453260      
   6.45876093608186509134804952274010964      
   6.45858077770711724329777819347531224      
   6.45838839370710095340838166871945662      
   6.45818305906919861361000951238435178      
   6.45796401235018979829201449874613025      
   6.45773045368891277127957255425006024      
   6.45748154222920136270253221494229623      
   6.45721639528267861212550347812468151      
   6.45693408474977098186083480379512788      
   6.45663363511110874526962481537661158      
   6.45631401973916093991860366089543399      
   6.45597416045452194759795100183676991      
   6.45561292148546915931232759741434963      
   6.45522911052901197513427912523783830      
   6.45482147045812595108371904804394378      
   6.45438867770149699676910996927782048      
   6.45392934074285528840887784310921790      
   6.45344199220012569130926062646493812      
   6.45292508832372406465830524108377946      
   6.45237700155034345817777710012093831      
   6.45179601798085217825720386561578524      
   6.45118033087788728298310182479664751      
   6.45052803729082685743331239093913478      
   6.44983712985751684238562644213635699      
   6.44910549401574969557233788428025111      
   6.44833090051878923042168822256192297      
   6.44751099797278937846768890554216095      
   6.44664330937127607783047930903274862      
   6.44572522189868181134097964426012888      
   6.44475398134433182596219728843768780      
   6.44372668396118290724683637120353979      
   6.44264026880122798774427993200101612      
   6.44149150905293726176831483493395999      
   6.44027700374006153695734529796859923      
   6.43899316843911377748124651571229249      
   6.43763622606103477640089000184484648      
   6.43620219708391371823412336275655030      
   6.43468688958808089628410071480091139      
   6.43308588929163351437894844028562795      
   6.43139454858628629553762507884033386      
   6.42960797525808453177779761217965057      
   6.42772102259987549801981175276055099      
   6.42572827807360166836495511970828892      
   6.42362405152903017021685196591176519      
   6.42140236467778732541165437583872412      
   6.41905693992161269291600721668644578      
   6.41658119057456212949275247583914238      
   6.41396821012045102480564869304782055      
   6.41121076244618952128104206487207984      
   6.40830127508440894944469460145759456      
   6.40523182994361797438732537072523493      
   6.40199415994005415147087868309020754      
   6.39857964264586602815186265649658903      
   6.39497929901414006075395766949882297      
   6.39118379404037830026740080464153683      
   6.38718343840320875378850326625470793      
   6.38296819629953433789770340477380861      
   6.37852769092111792807279046515580461      
   6.37385121720665448263266630236294184      
   6.36892776081563891175761384795376891      
   6.36374601162238879277378008166615269      
   6.35829438520208524981964673605603649      
   6.35256104928248709576755456028721561      
   6.34653395408168988701900705304703722      
   6.34020085427732779268219438435494688      
   6.33354934560539839263781777957234706      
   6.32656689688663291700297434026037230      
   6.31924087992828218069383740927451040      
   6.31155860888508328727306500666512542      
   6.30350736678181711608805696662497115      
   6.29507444291001944595455935196518741      
   6.28624716108125719434870166575249393      
   6.27701290761466367652093955095898986      
   6.26735915881605345605295192704282865      
   6.25727350273682205703459370747031257      
   6.24674366101904764348151070009683670      
   6.23575750543244894781632424576402648      
   6.22430307066975710178013443839872420      
   6.21236856607438447413411313805939031      
   6.19994238097308544874528140036667406      
   6.18701308841722359721527207561235596      
   6.17356944573302083530544722840025161      
   6.15960039019915770671780641907734386      
   6.14509503537503225089605978325154476      
   6.13004265984549636200264147069067455      
   6.11443269779678476417813787757002708      
   6.09825472688290778987179501371832615      
   6.08149845414343842007407826185806858      
   6.06415370009854354957608299164355577      
   6.04621038396596884073397935736219233      
   6.02765850749887163346008643817028588      
   6.00848813878421088238510744496042668      
   5.98868939738775282534724807388416338      
   5.96825243863014524122900864980694430      
   5.94716744037294365234124701061330601      
   5.92542458867939686309860067556412612      
   5.90301406708769720491356255046663138      
   5.87992604396930002603163835776414118      
   5.85615066413444601673600420532843187      
   5.83167803844768308219288427177780152      
   5.80649823717633886106771341913918728      
   5.78060128248627194507577709774953653      
   5.75397714299058208250763816907297875      
   5.72661572857598754746110540893604981      
   5.69850688656277594003295542052050091      
   5.66964039778161806032264233110161495      
   5.64000597415525117952256702100978814      
   5.60959325621601338239010782299030659      
   5.57839181117123107210136140085605154      
   5.54639113196504000149623455172004452      
   5.51358063578892464789902842622504460      
   5.47994966413128275503932833394338785      
   5.44548748136451334203048612929473420      
   5.41018327516397188614703552085974959      
   5.37402615625337742963849440759193209      
   5.33700515885590462184533002002924934      
   5.29910923992424950179951249773397483      
   5.26032728086384670603804391829088907      
   5.22064808659431159925584847512644429      
   5.18006038616809099057921555088560743      
   5.13855283403415848765736453440992341      
   5.09611400921467103142896746496773017      
   5.05273241699774231613310485419724045      
   5.00839648827989955994406661790670613      
   4.96309458110822433895951760705533262      
   4.91681497989371343634648735564630694      
   4.86954589708462442617333993062279931      
   4.82127547244330821179076814449777030      
   4.77199177445201625043009826549850198      
   4.72168279979264318869623403748259920      
   4.67033647437553704003680502426118626      
   4.61794065327816565762610073061026463      
   4.56448312080889402203861985713432237      
   4.50995159188298145604809655515428084      
   4.45433371075503172642523197554495816      
   4.39761705242379425035331649779989838      
   4.33978912230518048167467776036411941      
   4.28083735668580625402775074261660592      
   4.22074912245169303297573476378908792      
   4.15951171811572269193484223021023503      
   4.09711237285178195868815478485530392      
   4.03353824758009351625708715142755042      
   3.96877643448873404546756875583907337      
   3.90281395726409971210996799627523481      
   3.83563777124676282727232662496466528      
   3.76723476380687981062006596729847140      
   3.69759175351457104835203081712218814      
   3.62669549130035250001414256173728127      
   3.55453265944534160940125444049095647      
   3.48108987240582302017492284171839283      
   3.40635367648638087328613198738943712      
   3.33031054982428010109081219946731298      
   3.25294690238409019115301489086054653      
   3.17424907622876325712974757061371459      
   3.09420334513755813161897560473661676      
   3.01279591475762920226721332789573152      
   2.93001292282364444340814780741096299      
   2.84584043854074603275522648786638808      
   2.76026446317732487895870688798427595      
   2.67327092961276117728559704577504170      
   2.58484570246214795663535186489259739      
   2.49497457818105493509160661127540967      
   2.40364328476020424717920274116398663      
   2.31083748164599638425954106945110554      
   2.21654276000360964710652591446772756      
   2.12074464250816204015770765342278659      
   2.02342858330835016395880320912279342      
   1.92457996787205453119688110375237310      
   1.82418411299032393660901744884366531      
   1.72222626689145331764622050883062049      
   1.61869160883133385447455434595665654      
   1.51356524957357635098383023872165205      
   1.40683223083370918705850195486656892      
   1.29847752522066666686983630478435811      
   1.18848603670202889380794225304618739      
   1.07684260016387308951763945986345028      
  0.963531981343720824245329104109987085      
  0.848538876616936051198935231429414814      
  0.731847913718936841949291981193520723      
  0.613443650791626736443913038143968234      
  0.493310576602423416375470333610768051      
  0.371433110895672708109616260611617144      
  0.247795603826586297520851307263617069      
  0.122382336134747070532129857105603410      
  -4.82248088703438393104086761491933106E-0003
 -0.133834705370355959103309003219379360      
 -0.264670265164232665962305192685228563      
 -0.397345157793203776696917308531905037      
 -0.531875450093249882134108756785069801      
 -0.668277278915829381565277911842857164      
 -0.806566850713056706497704885759657784      
 -0.946760441801351888226933325833961421      
  -1.08887439815880874844630039628754238      
  -1.23292513574163293596651257288559643      
  -1.37892914029410018331106985154448144      
  -1.52690296749478754821943695644152913      
  -1.67686324313161898982795754857942622      
  -1.82882666267519170883774354196460564      
  -1.98280999170819476823795402523469451      
  -2.13883006588589001057131643395487061      
  -2.29690379086190942972458100152570699      
  -2.45704814237913723555021785453996275      
  -2.61928016632550554356244784294808018      
  -2.78361697874403378502845544489835511      
  -2.95007576555146646091928945149792054      
  -3.11867378307078963737650379115715969      
  -3.28942835764987868974997077821297549      
  -3.46235688590459162208309898485153931      
  -3.63747683465497078230854322864496269      
  -3.81480574077778161565695155658783843      
  -3.99436121152226448946343566581897020      
  -4.17616092435470979652514923397548454      
  -4.36022262686051957420764043844789040      
  -4.54656413684398947843484334070319231      
  -4.73520334243693523036034798123200569      
  -4.92615820197706227486109414537950234      
  -5.11944674402303187850175451672039118      
  -5.31508706738726294209105408341035808      
  -5.51309734104291777174530249767736659      
  -5.71349580427683944645640424180660067      
  -5.91630076652925370671705478102452297      
  -6.12153060741553433786073737650885324      
