   6.46114195192883683103959025933776710      
   6.46114195192883683103959028499496345      
   6.46114195192883683103958646752258464      
   6.46114195192883683088387429472003399      
   6.46114195192883669942159413920969809      
   6.46114195192882309845034733742730463      
   6.46114195192842308404046253550536504      
   6.46114195192323200422382494702855704      
   6.46114195188472438697878070496518137      
   6.46114195169254464423373214581850308      
   6.46114195097456373906627087688734300      
   6.46114194881611430185133639273015690      
   6.46114194332507426455489679106322673      
   6.46114193107074795744831805356553302      
   6.46114190641467915026377564412493246      
   6.46114186087590157747531429877535970      
   6.46114178249094776290509703558237672      
   6.46114165515223801910362877292675355      
   6.46114145812387520840937346328098845      
   6.46114116565348982324243108515923893      
   6.46114074667407533198127193244071575      
   6.46114016467611163972031233726815759      
   6.46113937765234886069813928752161980      
   6.46113833828541489603794219761243884      
   6.46113699415323623359095631806921973      
   6.46113528813679073978154866347942433      
   6.46113315894023776256343766915277520      
   6.46113054169960159478221509170412492      
   6.46112736867768330380362011957395091      
   6.46112357005779170550066364505745007      
   6.46111907457321462606712123547449538      
   6.46111381019672737948399954723253936      
   6.46110770468930581287620823555710668      
   6.46110068609495506841532891859124563      
   6.46109268289839351356212136590492787      
   6.46108362403284835474978359431664718      
   6.46107343902674809495271541343554684      
   6.46106205732519579915731565185142475      
   6.46104940788899746980295928195502757      
   6.46103541844102098027356053615141437      
   6.46102001460808091974418191272171343      
   6.46100311893774876717393214664439022      
   6.46098464967620748160130663170992515      
   6.46096451960398946223518615195657028      
   6.46094263491811290277126631715439935      
   6.46091889374498685413297126801938372      
   6.46089318494731413348629857888158416      
   6.46086538684628838680814760109182271      
   6.46083536597282986160516018079458009      
   6.46080297587426109036243844673729466      
   6.46076805594651336582161935025233218      
   6.46073043035115702276723427011183308      
   6.46068990711932722889992885425446758      
   6.46064627696349019139944550560605819      
   6.46059931246650852027671682013140221      
   6.46054876721898574525454309741952663      
   6.46049437499541416946836767768168106      
   6.46043584906691966407311193100962443      
   6.46037288129961074848672840073175338      
   6.46030514164892813674344803596937048      
   6.46023227738477785233174480760425986      
   6.46015391239283735345441838188094483      
   6.46006964652346773023010754034713417      
   6.45997905489677485826937187079617850      
   6.45988168724234796062583898469538840      
   6.45977706712943333360962079332383422      
   6.45966469122135335315178353904210083      
   6.45954402844160726217305374343062022      
   6.45941451926049582194115632363285514      
   6.45927557464420338655107967425306769      
   6.45912657458912592798208642940639932      
   6.45896686820474195291648099157041833      
   6.45879577118777799577692214203878314      
   6.45861256661541074570107256251624395      
   6.45841650107641231707142437313941214      
   6.45820678560605519622361088529655171      
   6.45798259227008336663038040583936046      
   6.45774305357946166634152996104415068      
   6.45748726025373298702909918192313034      
   6.45721425957563683774666736712102326      
   6.45692305346782593415253993927957837      
   6.45661259600486794771508783031517695      
   6.45628179122190125573842491238814604      
   6.45592949113028817853447048454058180      
   6.45555449144744134970511201786439792      
   6.45515553102607748486063155798578281      
   6.45473128723276746787280951602341432      
   6.45428037362367909866563645245015693      
   6.45380133591905545963019854481806451      
   6.45329264935434129282158604007574706      
   6.45275271397992897237475586793156029      
   6.45217985136376816580132535616449201      
   6.45157230018784711698050796402926626      
   6.45092821173875002167472204584451876      
   6.45024564568582560763422447683814896      
   6.44952256443920158088102698270004918      
   6.44875682923385756620532523629923512      
   6.44794619340851953700312985715417719      
   6.44708829748776801753133499182394600      
   6.44618066351642574458050932689883689      
   6.44522068838953545285135005442931665      
   6.44420563719395858994676002711218961      
   6.44313263790145175761038855122678173      
   6.44199867180568693366491857425978463      
   6.44080056890960530407130900137885211      
   6.43953499855892052989490966444774696      
   6.43819846209130296063067989579607439      
   6.43678728429548965122939728484282869      
   6.43529760606079161134480386749784084      
   6.43372537394317081766350430290337801      
   6.43206633285804572763930833071995154      
   6.43031601557771477723019184035211123      
   6.42846973493706473254386612705273434      
   6.42652257099104123045388131492142665      
   6.42446936719242243575228606130708586      
   6.42230471413549885287160823323627862      
   6.42002294569587666385566807754145120      
   6.41761812548605693482159269134391282      
   6.41508404091624200547841486459328976      
   6.41241419156026037907021508990813414      
   6.40960178327747862794280041753963402      
   6.40663971978279825958152421004728043      
   6.40352059615777860617423157557569434      
   6.40023669289705215495974808772123569      
   6.39677997267809467919197792744935276      
   6.39314207790854439909690100297636166      
   6.38931433074601932980927552885323142      
   6.38528773287293088820417788631413563      
   6.38105297060868427097668203760916163      
   6.37660042264605708729275722936474749      
   6.37192016912209184095382781970647411      
   6.36700200727473173591422332839771723      
   6.36183546305109814912209464326152259      
   6.35640982007905813256687833039191607      
   6.35071413886169102621045148330087338      
   6.34473728787341904111398850285127028      
   6.33846797511068548459259920505580695      
   6.33189478431399577795780653827124408      
   6.32500621152749942777191712205551013      
   6.31779070383734892913073804680888817      
   6.31023669923374566021234169655522232      
   6.30233266472434143305114907301483108      
   6.29406713226765431964479175666175040      
   6.28542873276551776675606232784256555      
   6.27640622497501718474285957093015655      
   6.26698852062246872787962902187863331      
   6.25716470222528669640106861988719958      
   6.24692403778611041202881953673647831      
   6.23625598625581340741710682963577671      
   6.22515019728765555808144770048842562      
   6.21359650859802866390369540043566486      
   6.20158493505837337456425235208383127      
   6.18910565404734093496907030104791095      
   6.17614899032129543351550894406784228      
   6.16270539513007120588794687572211413      
   6.14876542608557939905451728132321507      
   6.13431972720158068724690332252660844      
   6.11935900832224173445780225530115243      
   6.10387402525339959216189404979881040      
   6.08785556089880153914155396016600843      
   6.07129440916436477152582549416254692      
   6.05418135920791684242658913184392706      
   6.03650718194798239936900698523628644      
   6.01826261855625380823307471657866029      
   5.99943836997189835582797343074084319      
   5.98002508915901412112888280853907229      
   5.96001337320413702633542523050102045      
   5.93939375795831845867753778532327151      
   5.91815671308377973645276443795747566      
   5.89629263815147723357745527303279030      
   5.87379186141168142153037136994874254      
   5.85064463540236756559316422817242139      
   5.82684113766361134570076980462650493      
   5.80237146869285326239636376524552467      
   5.77722565194699744921845051492709540      
   5.75139363333929075895399448561754534      
   5.72486528177027698918508671571639325      
   5.69763038975392043002379668908399790      
   5.66967867130109363478803119771933609      
   5.64099976674203302716376451932700839      
   5.61158324169500939218594401402949149      
   5.58141858576441728873473771061595765      
   5.55049521635847272925912430835141129      
   5.51880247720308835314558560520490664      
   5.48632964096293059525755029086195642      
   5.45306590803002251945834789139675099      
   5.41900040901741663325981577520582135      
   5.38412220425118580304362862091192377      
   5.34842028507379626535835674148267876      
   5.31188357402309424725450538092464585      
   5.27450092579516365208234696757947133      
   5.23626112762362857794972425822051800      
   5.19715289939132963781355408641078944      
   5.15716489460438741564371840983571999      
   5.11628570058278682006393034549283425      
   5.07450383852999341089546834667413599      
   5.03180776440377034728298224829469497      
   4.98818586868541599211502400805483106      
   4.94362647680068329356173491434479594      
   4.89811784952599924031163793528757126      
   4.85164818297640291883621259814380696      
   4.80420560881180032766445355047107381      
   4.75577819382100168844302417043800440      
   4.70635394150759041864434825589413577      
   4.65592079047627790533042719186158249      
   4.60446661671272359299275928135717361      
   4.55197922747456370964045930778121932      
   4.49844637217241863187879165016406980      
   4.44385573350030809558233662547148436      
   4.38819492898645886616537385567354465      
   4.33145151387416274428841952250687878      
   4.27361297851439081742554490160219137      
   4.21466674902645612620191462485502649      
   4.15460018786999526695372524354858268      
   4.09340059289408414642874035877707436      
   4.03105519779683403417832317600805020      
   3.96755117190722026043283602683431657      
   3.90287561998330185354824348422962560      
   3.83701558247552439166641805875141480      
   3.76995803489759413390260278179911729      
   3.70168988833237488045017119892157126      
   3.63219798878881001120335307723068906      
   3.56146911730822326020077328385167721      
   3.48948999032737630412254184715016980      
   3.41624725862943167701222385205026595      
   3.34172750785420061856496609300245858      
   3.26591725841014926848404285560995409      
   3.18880296497989193057603967637458432      
   3.11037101685243020993049144632673921      
   3.03060773751554162697037762061048803      
   2.94949938441235918140214500339746786      
   2.86703214936602381266896371076399503      
   2.78319215787243837809373477075800703      
   2.69796546929827201024605094066931255      
   2.61133807666453891454738606639489935      
   2.52329590652100574745579468746581019      
   2.43382481904520877374591733872227355      
   2.34291060759702992127862780451267288      
   2.25053899875986789577310089931323051      
   2.15669565227848309067478902210290647      
   2.06136616087492101586608876084371444      
   1.96453605012636551628747213207424830      
   1.86619077848776973232123059089683084      
   1.76631573696139893150173256672762663      
   1.66489624931904184161871503008889549      
   1.56191757155594515080853539817704183      
   1.45736489224527864916030152489574329      
   1.35122333196081205233277420640645687      
   1.24347794376299069414576817944574458      
   1.13411371268524800634889654265160662      
   1.02311555564580598262461555084648893      
  0.910468321481354852998663615945985368      
  0.796156790719337066457997666344377808      
  0.680165675973834638162647528639669397      
  0.562479621133595769129968509050472693      
  0.443083201768241004740237090685839979      
  0.321960924895391280645836584167776279      
  0.199097228851142673295052376100047632      
   7.44764834306645291408925066905231101E-0002
  -5.19170104537674536365895150704256008E-0002
 -0.180099020725976426989818074799118686      
 -0.310085384457688109280942098566015330      
 -0.441892007166799097406885078578517193      
 -0.575534863781601269893849173998379155      
 -0.711029998189892569286055659270034400      
 -0.848393523518253716558666377430231351      
 -0.987641622125341139128377102400983516      
  -1.12879054565025574741928062929464214      
  -1.27185661506870309320064779607679396      
  -1.41685622075760408815259385508270979      
  -1.56380582254270988885220415572380657      
  -1.71272194972021974481162683570546188      
  -1.86362120114359095452854000724555451      
  -2.01652024525347199753894197687976900      
  -2.17143582011703509351327944454856875      
  -2.32838473346788956215274186663364105      
  -2.48738386274446838669840382761823868      
  -2.64845015541120970477221336728695402      
  -2.81160062788785653228710932726396264      
  -2.97685236717009684240893466591680723      
  -3.14422252986774461821239053500302301      
  -3.31372834243969124689266829062629462      
  -3.48538710125032574225883931124485848      
  -3.65921617258459958430886919953883386      
  -3.83523299264927657247645949582903999      
  -4.01345506759960393703715833267477657      
  -4.19389997363799923496175695863684011      
  -4.37658535695467136402265037040695423      
  -4.56152893372562231024851654142465223      
  -4.74874849012920363580159893133809476      
  -4.93826188228876359956889892711432122      
  -5.13008703671083892003290336900551858      
  -5.32424194944798815934847197722629923      
  -5.52074468813168607889349751795892921      
  -5.71961338750269716059524557043323165      
  -5.92086625470768815284099093060329041      
  -6.12452156634353165147575732750152434      
  -6.33059766909393210142789764026572903      
  -6.53911297963837649017256642253327148      
  -6.75008598473948566195490315793829660      
