   6.46114195192883683103959025933776710      
   6.46114195192883683103959028499496268      
   6.46114195192883683103958957404742855      
   6.46114195192883683098873313603778720      
   6.46114195192883677727110511043198460      
   6.46114195192883031830899893405597009      
   6.46114195192861854264330872579748949      
   6.46114195192563371600849851343477373      
   6.46114195190200984340347235536698259      
   6.46114195177780764734135161197393983      
   6.46114195129356802924355707104652444      
   6.46114194978519825352657587923988711      
   6.46114194583127153001682771023565682      
   6.46114193677880542447591044268576406      
   6.46114191817693272745154938644743041      
   6.46114188313521664177213379656615794      
   6.46114182176306194328020441232942032      
   6.46114172057862640489342892846815564      
   6.46114156194914270377256777614644259      
   6.46114132369456467655955782799908199      
   6.46114097878051904833074613129549500      
   6.46114049510021955418351367107662814      
   6.46113983541824396223517849409149331      
   6.46113895745394612032426549549956915      
   6.46113781404440456791914816979491376      
   6.46113635348430337547633288592251671      
   6.46113451997910478052280309618192067      
   6.46113225420444541998711277022856504      
   6.46112949392918059344172870498698999      
   6.46112617470952685616308424066337769      
   6.46112223061831351221613743828932832      
   6.46111759481830531334423787818285138      
   6.46111220015473602701607139199336298      
   6.46110597957956186117154424007766845      
   6.46109886645906587453113799573423623      
   6.46109079471541647479461524427005496      
   6.46108169864538394546357090400079015      
   6.46107151282336754967117718894809061      
   6.46106017156480179502694125576686505      
   6.46104760826901310187018155792324696      
   6.46103375468394240902668149417135665      
   6.46101853999256428222165757687177541      
   6.46100188978283376163895322007310251      
   6.46098372501001645429002959569601272      
   6.46096396076121730152109362015472316      
   6.46094250510598717597643562106670882      
   6.46091925799336251382024049175137481      
   6.46089410989484655590976785679153514      
   6.46086694072890794240310665857133329      
   6.46083761870324832461265343702629127      
   6.46080599925780222507279067171804738      
   6.46077192400383559469229238274114335      
   6.46073521975468866509858907011205456      
   6.46069569759034630785788881197900596      
   6.46065315203211370528326785046338883      
   6.46060736021324515524426299957278329      
   6.46055808105147179698345602015706619      
   6.46050505454534116569386999904735049      
   6.46044800106920106947215532369307571      
   6.46038662074838584560543028727823603      
   6.46032059272505961326598744941906317      
   6.46024957454503997964573743780969145      
   6.46017320161135782349520167984062789      
   6.46009108641079759121795391615531663      
   6.46000281788457797856203424045242049      
   6.45990796074109284111963943058947971      
   6.45980605474488869490177117266653633      
   6.45969661396213618950003685799378846      
   6.45957912592358157753735421239592355      
   6.45945305078680288538722300007922282      
   6.45931782036656527372862913101556495      
   6.45917283727996314527635109855939228      
   6.45901747378488555907400537466520186      
   6.45885106993859457054872627792450693      
   6.45867293379143338395608505091248121      
   6.45848233841405398415708146785676581      
   6.45827852230017086613019821661451122      
   6.45806068676143822063102000096785909      
   6.45782799337502291107928269909856688      
   6.45757956358132748992754909220438784      
   6.45731447613874638296949466823945170      
   6.45703176503324646914801726198564436      
   6.45673041761044280702410058085871737      
   6.45640937205811223715382349486128736      
   6.45606751456160029532669047868321573      
   6.45570367698178932722646245941678084      
   6.45531663454270048628461421836213331      
   6.45490510125759233140560787015372302      
   6.45446772807785358308194968043334356      
   6.45400309931325054196349586609627067      
   6.45350972894151249096232845828779255      
   6.45298605630737499963541140958960284      
   6.45243044316805127761948426629130404      
   6.45184116845780714051948206223613361      
   6.45121642404432421153482112203782111      
   6.45055431106784113776884488625124917      
   6.44985283333139788175228506076381326      
   6.44910989396541752198251940287111503      
   6.44832328833713107287464066583333130      
   6.44749069959301678203416212237697831      
   6.44660969193597914969622142541608012      
   6.44567770464404219773532944464246275      
   6.44469204610025097227983426812540648      
   6.44364988530577060560012698941756859      
   6.44254824713690481841047240140951903      
   6.44138400320554942190151779252076287      
   6.44015386421644997725596168120129174      
   6.43885437320620713540575545249257127      
   6.43748189568625845632902186369817197      
   6.43603261188118063845251341112668861      
   6.43450250826869456299427284584841617      
   6.43288736762691637524772140281502485      
   6.43118275965033898268679390583658289      
   6.42938403263787163132606718598368634      
   6.42748630202257062839081007659459261      
   6.42548444227888677614442017278451985      
   6.42337307520682939685150761307452635      
   6.42114656186810132647124074573157483      
   6.41879899273637886410009849366866522      
   6.41632417623410564447470512705322535      
   6.41371563286548483719060531023853139      
   6.41096658365518365371597256106718130      
   6.40806994446735029387758744395269883      
   6.40501831846968143906541095837210737      
   6.40180398966067592051669579449505910      
   6.39841891885880252580756732943573465      
   6.39485474183956322892914361866370010      
   6.39110276615886523160006187324368207      
   6.38715397333538783136125791372015353      
   6.38299902361073789820446673123196961      
   6.37862826032210136705864503593712936      
   6.37403171993828325956501524542772441      
   6.36919914325132074117058228677306368      
   6.36411999115256463111810909632164975      
   6.35878346291183900800462601316398767      
   6.35317852101405024783147883694777796      
   6.34729391377375984618326132342531972      
   6.34111820524277036647328401562532344      
   6.33463980581593121675777066988161146      
   6.32784701011803093362085576277927235      
   6.32072802874445590819315020970964608      
   6.31327102701070839269249608250134404      
   6.30546416137853660468394903395543359      
   6.29729561609786438371950725327439015      
   6.28875363803937265178289815975944940      
   6.27982656715066439897076320968447311      
   6.27050286606321350109025016935086188      
   6.26077114383487189610824140762862014      
   6.25062017530225000526579797176926381      
   6.24003891501179263243631660921236224      
   6.22901650599914264301945608914205966      
   6.21754228307802072678454551723170610      
   6.20560577082923560756678389755764930      
   6.19319667618479990565584436751322840      
   6.18030487924971361782581730091661756      
   6.16692041861568277185729215227781373      
   6.15303347313147698735092987991623753      
   6.13863434392997293829865506886937415      
   6.12371343783174144818079789729397278      
   6.10826124369924441165896282043523213      
   6.09226831535425645166341882147099105      
   6.07572525250242247278743350427341271      
   6.05862268265989218138875302829974212      
   6.04095124550399863447107606490309132      
   6.02270157771989906966211188683203266      
   6.00386430117289155723433407658078301      
   5.98443000990742558534287324908351908      
   5.96438926089964354395811596033851282      
   5.94373256501714379152680788547699298      
   5.92245038163211166839542726984738498      
   5.90053311031330794883263998049862351      
   5.87797108777926340346780375061489707      
   5.85475458264312285520288806178164170      
   5.83087379375116584985322497758449906      
   5.80631884754460267548121240034781684      
   5.78107979496627157192520087279711486      
   5.75514661314988115307424488291580205      
   5.72850920202260533315851375999839508      
   5.70115738513691080908981359078057664      
   5.67308091032096350272681503975750884      
   5.64426944642969762884293820048381161      
   5.61471258970854183824044859001129492      
   5.58439985760522701124403624784325978      
   5.55332069353416503620068999658463337      
   5.52146446583108315170056438472497429      
   5.48882046971109841784995601019654303      
   5.45537792610363656175075441557048531      
   5.42112598339933465223086025958859958      
   5.38605371883814895049507805145075373      
   5.35015013663745390486937904210090062      
   5.31340417166570580508155379820078008      
   5.27580468775918791070638910841914620      
   5.23734047953975829745362354142326063      
   5.19800027178074887031462886001389692      
   5.15777272145835677812086377980572412      
   5.11664641622785925418475358038232651      
   5.07460987679021275160438693088993199      
   5.03165155826841159403333324801937299      
   4.98775984457712094111723884105613830      
   4.94292305668622677841921639943240955      
   4.89712944698124074599804024206612239      
   4.85036720223207076025497842867777123      
   4.80262444316976605006162838135789608      
   4.75388922457590026887433328218812069      
   4.70414953597012822878720540886855715      
   4.65339330104091877067570582964255157      
   4.60160837804151679195743746357102639      
   4.54878256009026259074289714581080728      
   4.49490357513947991501407314345711965      
   4.43995908586401086401745515871463201      
   4.38393668986226361010526902494881907      
   4.32682391964999962816944530845491985      
   4.26860824264506415452560624499442385      
   4.20927706119652353221227195916035891      
   4.14881771262190821650081039101595598      
   4.08721746909499510120842839661371269      
   4.02446353767625343425807449915569410      
   3.96054306013747057793754314400604839      
   3.89544311323888066207231584321436978      
   3.82915070819002189918234744257728655      
   3.76165279114271208160966303317645678      
   3.69293624252116506304222921480119383      
   3.62298787755359312905858097627212082      
   3.55179444570193623766402547842229868      
   3.47934263070148977061357664559411836      
   3.40561905101822145907729239189452856      
   3.33061025877253836764516509751152113      
   3.25430274037134057845063273759009079      
   3.17668291618465490642098587372028467      
   3.09773714046533176619704247649450435      
   3.01745170122239636564288046045941359      
   2.93581282027541906671979522303519206      
   2.85280665294410625066886741143434436      
   2.76841928802772757013099383535681422      
   2.68263674777359991391167358213686289      
   2.59544498759402466185024958808065077      
   2.50682989626135359282436701102949146      
   2.41677729554822771406594109109647032      
   2.32527294003938372677518462415978498      
   2.23230251756265164125650681417771317      
   2.13785164844758891683443897104776837      
   2.04190588573404678323595369544207022      
   1.94445071514568291991452665787203772      
   1.84547155485555491860383694051293223      
   1.74495375541753631511007374601127659      
   1.64288259965944030568301401976112766      
   1.53924330258770719143210105149521332      
   1.43402101139888153063636721855244285      
   1.32720080527146181538985744674754683      
   1.21876769532801313475615267500000829      
   1.10870662449699731893536023795859042      
  0.997002467492310561832530751481830414      
  0.883640030721696496162572729579280591      
  0.768604052000273009559510375351388687      
  0.651879201048907530194685147210355970      
  0.533450078658267558674313890883754525      
  0.413301217160633715755496065930614185      
  0.291417080097019114808379063454017629      
  0.167782062224983071094772818833205239      
   4.23804894729389357907324347837226434E-0002
  -8.48033811818857289186483195794839691E-0002
 -0.213785361666736850056589697620500282      
 -0.344581333386015283796094440439387047      
 -0.477207246214011624604494696508677344      
 -0.611679119653410961541340816871912964      
 -0.748013042328414756616192207329557369      
 -0.886225172026557924645035047016074438      
  -1.02633173636956828539662951392524201      
  -1.16834903167106856327250941459124318      
  -1.31229342447380456688479541698239914      
  -1.45818135018867196819441691310688707      
  -1.60602931395102829048037119921005207      
  -1.75585389071300370196007640360390799      
  -1.90767172481691454936969157003874251      
  -2.06149953038683370194917560373850767      
  -2.21735409170104850911960158401885556      
  -2.37525226195776716570938579708080992      
  -2.53521096460007110581012326763792678      
  -2.69724719285831500011932836384607412      
  -2.86137800981957113113104775113838502      
  -3.02762054842997570433017699414681696      
  -3.19599201155936618450323258348772619      
  -3.36650967201729098299257326280181099      
  -3.53919087255899606355658068027746974      
  -3.71405302591809170635196315747048438      
  -3.89111361483575177209444242590564531      
  -4.07039019204878233364188113569086221      
  -4.25190038058526586818542317661024704      
  -4.43566187315808328113457474161439403      
  -4.62169243318938410584102142507151149      
  -4.81000989263164399879246956549204479      
  -5.00063215482345791090525131934408322      
  -5.19357719326352284950512789618232485      
  -5.38886305098709489423613892746983961      
  -5.58650784132034134213076096656842902      
  -5.78652974767553177975763229603916093      
  -5.98894702356000289698711741124788792      
  -6.19377799257329466110177909907892169      
  -6.40104104842512285067381232721067820      
  -6.61075465489092744663513878983110572      
