   92.6087792172520498870326289728459773      
   92.6087792172520498870326289728459773      
   92.6087792172520498870326230187149539      
   92.6087792172520498842440050664378667      
   92.6087792172520420481025403399599301      
   92.6087792172504081667249769236739498      
   92.6087792171746704418303474184488049      
   92.6087792158228731038601139149274594      
   92.6087792031610978067923295675546798      
   92.6087791279175565804216323317447795      
   92.6087788071102398879430589934607935      
   92.6087777408373825489517933600446818      
   92.6087748134982511685799213890081825      
   92.6087678941689905171195203820031740      
   92.6087533780475912045705535358527668      
   92.6087257260128036257188727994589991      
   92.6086770581442323985172930589142496      
   92.6085968440117395770599810327207197      
   92.6084717142028118240127906846487849      
   92.6082853993228591938663738491611571      
   92.6080187872718751979460584462406989      
   92.6076500821488144956533825542661947      
   92.6071550342407450729678562436504792      
   92.6065072195582775410380998406972777      
   92.6056783390235134032677387033993150      
   92.6046385147682057442532806876593995      
   92.6033565647564338105789665958122710      
   92.6018002425310356818101534469360563      
   92.5999364347222953003067473656955508      
   92.5977313144765258513092963453894809      
   92.5951504537150874123432544830231444      
   92.5921589007996294217826859132774246      
   92.5887212325936925487245499294013629      
   92.5848015910642267756141364805933442      
   92.5803637041685252622689045262281449      
   92.5753709585901848715640107121658187      
   92.5697863952464343810607154715151876      
   92.5635728045730153196834045637325946      
   92.5566928039011524930735855212560645      
   92.5491089437932907320828279660271129      
   92.5407838358925640865117700360975014      
   92.5316802997578036501819383155662863      
   92.5217615253238108423235217629489067      
   92.5109912463416950746822329640162318      
   92.4993339195834670866136870090990432      
   92.4867549096230819946519619914977222      
   92.4732206628537280377109539220591075      
   92.4586988780025376881006779926449397      
   92.4431586632486719788292111738593945      
   92.4265706771124664910390579959986154      
   92.4089072510067136180516079600856817      
   92.3901424898996738238318050173249205      
   92.3702523508752847537333426422009692      
   92.3492146985127924859472835487036377      
   92.3270093323775992328499564847116912      
   92.3036180005088649007148562694515768      
   92.2790243792058745018930117857032431      
   92.2532140351760940181986347062429760      
   92.2261743667857796694699787845711921      
   92.1978945256281204348270046061485867      
   92.1683653206967291931043755385543108      
   92.1375791072292126254416580674691736      
   92.1055296563010054921422856094048980      
   92.0722120210314732420557352801132058      
   92.0376223875039555639588708495018014      
   92.0017579160594254130645459057859620      
   91.9646165745476415817618657052279753      
   91.9261969716769343324742102263108609      
   91.8864981808835537329388574905910658      
   91.8455195653426376301715469975216848      
   91.8032605952418998283741876132203042      
   91.7597206718558356660006904162680401      
   91.7148989544973783234116001048622643      
   91.6687941750107020650385354723019996      
   91.6214044655181659792258882804679959      
   91.5727271854374757115772270074688802      
   91.5227587514707960890138514294912949      
   91.4714944663999187751871768304496276      
   91.4189283579743228408221192519701792      
   91.3650530147074531887000440650416905      
   91.3098594301995428986461464830067567      
   91.2533368465709012972523059503730957      
   91.1954726000779710664627851795318284      
   91.1362519656778455299977401291402130      
   91.0756580132503771167148765014199265      
   91.0136714583391303443101781764405108      
   90.9502705147881514970170566838866364      
   90.8854307247362731892320327539841095      
   90.8191248951339344180253477937224988      
   90.7513228401235580115917036830469049      
   90.6819912929509513716971127646548525      
   90.6110937439869672653429198953492108      
   90.5385902867939461343492253176209008      
   90.4644374574774979717289887303221951      
   90.3885880743084684023253191824520638      
   90.3109910701284271315734601446043458      
   90.2315913156413800273991106023712441      
   90.1503294285253733473163745847162473      
   90.0671416156402814450118906356552024      
   89.9819594406504100113618819297637012      
   89.8947096393764685504169625546169165      
   89.8053138735178968847271624903081474      
   89.7136885433179213708573392766452588      
   89.6197445091899275821215757975784334      
   89.5233867905751122825719766696613470      
   89.4245143791873496057262048744969954      
   89.3230199546574054615129233044684215      
   89.2187894842539811070816392716674833      
   89.1117019816948606926762605209029165      
   89.0016290666531619373496768042559447      
   88.8884347063548922776563371358176092      
   88.7719747755324365617123224766168333      
   88.6520965972573887136886875174683034      
   88.5286385336315943390831332296260548      
   88.4014297037786152800812956468437289      
   88.2702891605205043624592015465419740      
   88.1350256050226971290280392221868676      
   87.9954367951721895211371578692535208      
   87.8513090027709750890646624948412306      
   87.7024163713506083407668792939673783      
   87.5485203572218294390317964643453815      
   87.3893691308974863133465681899992149      
   87.2246968635351029307236472801772133      
   87.0542231667158515031696161339105991      
   86.8776524237721921302712611513039385      
   86.6946731843399178462142293801677942      
   86.5049575761283440219858476411511196      
   86.3081607816753754983610833924959168      
   86.1039205631880753907846016643853446      
   85.8918569234998622453392618052144791      
   85.6715718756467150399679363430779100      
   85.4426493976008260474671966363227476      
   85.2046555025315532159674650625732266      
   84.9571390608803440899347129174594228      
   84.6996320347981212755780963985650858      
   84.4316509780662971011471651620239019      
   84.1526985749060621403332950425624973      
   83.8622657377902294960101193835823171      
   83.5598343402250509381682613196062493      
   83.2448804811814650418475811504632995      
   82.9168784739235798864844720065485689      
   82.5753054129574752678454458521153028      
   82.2196463851162335131813312195782440      
   81.8494001973968042346909624819164482      
   81.4640855436016103572450185120430090      
   81.0632473647818325767648045426262431      
   80.6464632698958849087110233670467421      
   80.2133496975384451812864087907641842      
   79.7635675871048515640931278665221874      
   79.2968272121564318245999018260872658      
   78.8128920385884213337019691145174514      
   78.3115813226579927345599462043140922      
   77.7927713204987689485711881953718395      
   77.2563952711725231449337570899318153      
   76.7024418190945664036255525290550953      
   76.1309531961019086125718016597235886      
   75.5420210492288731828783977647140995      
   74.9357833612511098706781605674454956      
   74.3124203215566989015734675830925170      
   73.6721506874534713752595333501018187      
   73.0152284020415907060934795206373502      
   72.3419400597889368020985125172263284      
   71.6526030495452110701295790927117197      
   70.9475641112200040352471843910658401      
   70.2272015498015343197177829670245918      
   69.4919223270109829086170240497626113      
   68.7421665083708053967799585597900358      
   67.9784080789902154077018425245469044      
   67.2011578654355093638768312444644231      
   66.4109659673729607151581802136065406      
   65.6084246220409112567171815490289825      
   64.7941707924200341395690810519537511      
   63.9688884668798564955833339804400642      
   63.1333104303520223285412545552917385      
   62.2882194282164524030560601714207790      
   61.4344486352392640627681585758858213      
   60.5728810574956338230973352726261800      
   59.7044481982431879233392137137570559      
   58.8301275419322318840009247403643006      
   57.9509390380316386826014372334750531      
   57.0679405845037344311357741717167901      
   56.1822224447106378631595735744021266      
   55.2949008053553688173421396516574178      
   54.4071105224567599734745743679394950      
   53.5199971920774006501347226509150525      
   52.6347087732708552156683829645566816      
   51.7523869206896323254643630200582690      
   50.8741582101325627753598568165813298      
   50.0011256126489398692363890264885355      
   49.1343599759493962740130709469270935      
   48.2748921569117088847738762963475118      
   47.4237061371560906394380089141281240      
   46.5817324987951106663398159318294510      
   45.7498427344995628110127472233532374      
   44.9288451863501877924641687316093632      
   44.1194812550672755613161103202093074      
   43.3224230146586972317730050967399448      
   42.5382717632159750972607562489737926      
   41.7675575196071957025610167259512370      
   41.0107393758609675166445533830023524      
   40.2682067496989136016822888755003580      
   39.5402812180535119059024843040589435      
   38.8272190655475088541127568275697747      
   38.1292142680682626434532298643737585      
   37.4464019336471310663296993993148372      
   36.7788619929280315545859163219979648      
   36.1266231281357116308201274200978689      
   35.4896668122919794921740088612658012      
   34.8679314122900364285364144088573543      
   34.2613162498080942753266462299801386      
   33.6696856086188766197581443906305062      
   33.0928726126514771492252823409695440      
   32.5306829518038389550597071095272705      
   31.9828984156005974557344634936940088      
   31.4492802733521399691759063807494039      
   30.9295722342488430254797630480190107      
   30.4235035695850333967003855382979804      
   29.9307916155172999780413702309432199      
   29.4511442493512636393364012967709482      
   28.9842621029956057304355362449001636      
   28.5298405608624123938175968869901610      
   28.0875715565794097301181240316202107      
   27.6571451701659833531225448585928423      
   27.2382510462852786000033240937851574      
   26.8305796410068177509170255867638596      
   26.4338233173234664996599767862143124      
   26.0476772867102209700563368477153946      
   25.6718404261842111771192484381340516      
   25.3060159721046746884842576112375608      
   24.9499121040072683723555771821803930      
   24.6032424325524106464509123827470191      
   24.2657263993157564989462160358544570      
   23.9370895929027532498911124756404574      
   23.6170640053897373859298355664120621      
   23.3053882141133005447025862689558905      
   23.0018075206968558987796675199342000      
   22.7060740349002149184442910738726904      
   22.4179467170534575254236108014281635      
   22.1371913905080322162029075719365597      
   21.8635807135861198569471463030401223      
   21.5968941332254780512896294271410061      
   21.3369178103227945641783990852263636      
   21.0834445276446438544717740257767349      
   20.8362735825464910612317173741377946      
   20.5952106646379075804003901394644983      
   20.3600677239436168216623469976506433      
   20.1306628291274192931468304645023090      
   19.9068200217900074813730914667432847      
   19.6883691610802856065819061991676273      
   19.4751457701017346980675049119756061      
   19.2669908747000909839000838381046308      
   19.0637508453325274391810257075863874      
   18.8652772365712737120753303828358257      
   18.6714266436010478007578119212914951      
   18.4820604753793752370634730207025848      
   18.2970449040369217490507906503509857      
   18.1162506372617954766614494939336298      
   17.9395527858156656734691230940577321      
   17.7668307137634006197335292474642721      
   17.5979678938825321828314185829436193      
   17.4328517641045117893175921865201071      
   17.2713735905454661241717498018452393      
   17.1134283319425833886178578157796697      
   16.9589145085469924434645752980806178      
   16.8077340745024651003371136444505350      
   16.6597922954565950936152240058640998      
   16.5149976288840946121724269808483002      
   16.3732616079021126419036987655832173      
   16.2344987305876681570722356749338438      
   16.0986263508826179333718225573388655      
   15.9655645752057806306768829584624860      
   15.8352361617554369091594072926022138      
   15.7075664231757789101888635247199314      
   15.5824831332103895133708929048405774      
   15.4599164367907465448899212151140921      
   15.3397987628733769078066424082845470      
   15.2220647410882661001298474039887600      
   15.1066511211664185674974369688220371      
   14.9934966955853845242543478542234345      
   14.8825422249438590922158104962420766      
   14.7737303663715237571808277216493442      
   14.6670056045398224438841508516644396      
   14.5623141852937666209277342334216594      
   14.4596040519733442605117768813880346      
   14.3588247840264447756953328659492131      
   14.2599275379760594059429102323934645      
   14.1628649911761945639634703540641914      
   14.0675912865772341982458499615429307      
   13.9740619810949316846684719040454588      
   13.8822339948449290231335276234894200      
   13.7920655628718533294363233726358882      
   13.7035161886607814489559381714731757      
   13.6165465993071863806008661717155437      
   13.5311187026136162260940026141249325      
   13.4471955457284532969735989512451787      
   13.3647412754297861758863905096572468      
   13.2837210998844416922295521176206097      
   13.2041012519262778055601113003268898      
   13.1258489537758529386234461518487503      
   13.0489323830190238817376251257592440      
