   300.978532456069162132856044161749454      
   300.978532456069162132856044161749454      
   300.978532456069162132855843470814228      
   300.978532456069162077595889826028410      
   300.978532456069053926892185459366820      
   300.978532456051354409402739896464291      
   300.978532455362584770502706663015741      
   300.978532444599814478431867855652546      
   300.978532353793032266365878819231091      
   300.978531857715303085925330921718906      
   300.978529883763645971262833851972066      
   300.978523689997810919564278518761456      
   300.978507493549727748109944475246878      
   300.978470771685505798819372725903245      
   300.978396456893816768402410171459081      
   300.978259271159628606112724405297801      
   300.978024403399847018662265041140858      
   300.977646657983070458710929130366865      
   300.977070118754162456121184731209972      
   300.976228313363033324325379163487818      
   300.975044789423226868081920995197729      
   300.973434018622195599294284695312075      
   300.971302508840019900373757757881217      
   300.968550016422031603906537678772085      
   300.965070760719758109836200818453520      
   300.960754560545859202463829947845529      
   300.955487833642515649473899968732907      
   300.949154423097759361881626642908364      
   300.941636236852673671727503302097148      
   300.932813706243953797288845610685372      
   300.922566085547307960421104883904887      
   300.910771625876948034735112393727863      
   300.897307662176008959833470780072200      
   300.882050660267088826155244361228453      
   300.864876220007195352732783740885756      
   300.845659263885595225581641430778843      
   300.824273998341632516994806722028252      
   300.800594213163760660729153390836564      
   300.774493541812458807373323353788252      
   300.745845830943313222803367107188606      
   300.714525590827317111350787458237803      
   300.680408513132885145520633397558932      
   300.643372054029274238945692526694964      
   300.603296043307517779765868870326183      
   300.560063314825996743590785740345265      
   300.513560339631366990038415328014013      
   300.463677839139221205143032208962096      
   300.410311364233482476303592428949430      
   300.353361822844907356789523679171571      
   300.292735946702114348002221904084694      
   300.228346688188471480428650182637947      
   300.160113524182017853991223377352529      
   300.087962716016518293942908198613549      
   300.011827434000491855426067455668975      
   299.931647826866083794040277894451090      
   299.847370998679129490639585675373892      
   299.758950905229137166563816674642917      
   299.666348175033838360872885486677651      
   299.569529858229898405132530586301486      
   299.468469092222333990021637402870616      
   299.363144753000821709447874249187084      
   299.253541005654353946634814564886780      
   299.139646829546765784563852743886533      
   299.021455507855690886859036277073893      
   298.898964073417230518191603645362536      
   298.772172747157908701762782334675101      
   298.641084323472935737261897024017974      
   298.505703568870835946087058682839877      
   298.366036618265135247820449994636372      
   298.222090336852837473997852058154887      
   298.073871693343202122224427802258204      
   297.921387139970638034270775932697353      
   297.764641997053136708446123768451569      
   297.603639832840930441265077627567137      
   297.438381872517171303276880105334844      
   297.268866401084238776803335749180562      
   297.095088194046160845583619272462354      
   296.917037954013271724766599928545475      
   296.734701753529923465473345603602488      
   296.548060486738522154319855396484761      
   296.357089353759207825977811514788394      
   296.161757346465152501563708393261947      
   295.962026742996700834393770784919383      
   295.757852599524005871438795643648027      
   295.549182301639085117987822893767492      
   295.335955044771265564156782042654001      
   295.118101361683965273133143922398461      
   294.895542588182619474769042932896494      
   294.668190669876860098195709980697269      
   294.435947277207904453749392786035788      
   294.198703587137313905735415395819862      
   293.956339730038277312587092147192700      
   293.708724256890007084877151234044394      
   293.455713720565076632613655050136295      
   293.197152050264600019447876892423922      
   292.932870110295382304067356038400016      
   292.662685039524144433217103346905448      
   292.386399791792645463842560464671373      
   292.103802121008703742552845834060845      
   291.814664658472405038940039480254739      
   291.518743574739472170862363575037791      
   291.215778178473570725499228430113232      
   290.905490119745237660430469475824701      
   290.587582538273438812379038003599985      
   290.261739142855171018524723892625716      
   289.927623533110949752144697625347926      
   289.584877964089764155066169758265943      
   289.233122607929967840714652401172741      
   288.871954205046878105499277035502937      
   288.500945133637548748036180944524805      
   288.119641998147747940147082938990382      
   287.727564521402541009303614730470301      
   287.324203754402165529119973310478198      
   286.909021553355587331605441346636229      
   286.481447847312189962350637757303431      
   286.040879749703154514433910407372773      
   285.586679640891668779180147641461856      
   285.118173399512557268279105523502758      
   284.634648454986634749714981912008701      
   284.135351894274968910717369114422538      
   283.619488364438504952707336919843157      
   283.086218096440718731119104284208862      
   282.534654636094119625182120418879867      
   281.963862810330303908119255531203710      
   281.372856574600437325368334293216149      
   280.760596991266123358689097081463184      
   280.125990197130838399205419308777854      
   279.467885784020549810334946652952889      
   278.785075155246440715914310921747698      
   278.076290440392687496681954500217070      
   277.340203726322042015749047371977534      
   276.575427099516871119095020111716410      
   275.780512769327386638807189276401514      
   274.953956216021104769150479989750034      
   274.094196775299726954499824111077409      
   273.199623012283095461306285200297392      
   272.268577903855825963346529063555451      
   271.299366168070219198941946735567442      
   270.290263511225220964517871439165046      
   269.239527787042595065185496922380647      
   268.145412393305432116809043970892191      
   267.006181794084804199525054989337285      
   265.820128907561138497851522571418919      
   264.585594288753527516021116313783379      
   263.300986509152980590382224317427084      
   261.964803182103750660692601765102062      
   260.575651955912076931116428600209375      
   259.132270566090672115015585120430774      
   257.633544898767140132609185298705766      
   256.078524539570984956883245229614439      
   254.466434865275037302037932096739649      
   252.796684492232258172647072344432150      
   251.068869465121246090781968417009771      
   249.282771509046086445459532331785649      
   247.438355663400892422960159274816572      
   245.535759472334999256009961002068183      
   243.575284745140777425077709623020070      
   241.557385578656792217128006289414703      
   239.482657225809991791389184332175202      
   237.351825084587026991081782654252738      
   235.165735679125605971490447449599341      
   232.925350761844138504625944170737620      
   230.631740789556635414132727361390058      
   228.286091995743736268646755141257088      
   225.889697071763126758629015288983182      
   223.443967526432266531587821666958429      
   220.950436140213901386176107465946147      
   218.410768704906521535379048070395711      
   215.826770711973527271002713471073363      
   213.200397721703147844433661317717862      
   210.533764346397680228786167182886198      
   207.829152553916565836891255801133734      
   205.089018495850337313706975496678660      
   202.315996716514489729532412633864964      
   199.512902250048660126264251601178949      
   196.682729186114672213857771022761140      
   193.828645949562409066519810710429304      
   190.953986861394781561779334177990523      
   188.062239643229416238422579312190456      
   185.157029339368075341369846089656327      
   182.242098349070995219446757821411024      
   179.321283399214275072720550768299338      
   176.398488976004584767434017532417072      
   173.477658862167045239266080174020074      
   170.562745631698473471011446445313903      
   167.657679356911456854703457514329965      
   164.766335749662919636894273374763275      
   161.892504801441290762055452865172502      
   159.039861284570958882126844819879570      
   156.211936502381906198319116661301215      
   153.412092902726630296447245994928680      
   150.643501466776143652582637288791018      
   147.909122953513174833634737213887992      
   145.211691844291690335731472232476685      
   142.553706094543832427914132386908587      
   139.937418223173961829504657029145788      
   137.364831292581451539432525408880154      
   134.837698299680795252153409212571346      
   132.357524495183661307337247595663072      
   129.925572602998216139689923430159518      
   127.542870609485635863068855173821819      
   125.210221456642122429792035343785527      
   122.928214453165217589955217335216327      
   120.697238105307950076108848587736767      
   118.517493764498800664718894247657119      
   116.389009902623761597772009416969331      
   114.311656714736774053303824112501365      
   112.285160728554078752857045072664497      
   110.309119265744631113059151207695591      
   108.383014488715527811811027926887418      
   106.506226960772337850247917970058928      
   104.678048547090439636843295910015705      
   102.897694609495516604193070324265688      
   101.164315515473169329272710180050501      
   99.4770067582478419433097338277687263      
   97.8348194620108782319316188081657854      
   96.2367687698057647516075777807282439      
   94.6818421106468459180213941332206112      
   93.1690065201758924788189109884392447      
   91.6972152123545165681234296604598683      
   90.2654134360504932569752352029396492      
   88.8725436726498952675215019255864610      
   87.5175501757737312273750994517581697      
   86.1993829685571257169905630437825157      
   84.9170012994774618984831426297787029      
   83.6693766027812670973817283132076430      
   82.4554950129596685479495792711126144      
   81.2743595108364805177781302212287094      
   80.1249916768193065264683769356581615      
   79.0064331284642190812083884399109194      
   77.9177467036120064331035482859607754      
   76.8580173366337294347133035733758353      
   75.8263527562251452612179722693524337      
   74.8218839560508598128890400903484458      
   73.8437655109937178049621576342457954      
   72.8911757305300988394274293320319222      
   71.9633166914112565382229078131118133      
   71.0594141485166797652443769799455093      
   70.1787173613466132657542206035794760      
   69.3204988295856886328206636988400189      
   68.4840539667268867230932677669175083      
   67.6687007132725903982050701543413991      
   66.8737791018816462938007178714409162      
   66.0986507932095691691739351752789444      
   65.3426985701398085294360665105481063      
   64.6053258177217345253375723967824929      
   63.8859559798291959959894797246098372      
   63.1840320112266126808517900800296743      
   62.4990158137566730543469041398860104      
   61.8303876724413173720840758987502031      
   61.1776456962422444513682610090904515      
   60.5403052514683838331905952940790705      
   59.9178984621850945051035784362931476      
   59.3099734368215141262442660584731275      
   58.7160940725780028105889052089245254      
   58.1358392853122501094486101932850954      
   57.5688025516722894695171917646336300      
   57.0145914001994755890443591243025426      
   56.4728269170703694256340642140359066      
   55.9431432591848165101126306613956195      
   55.4251871900391092352207781065063546      
   54.9186176222886048193043960982371782      
   54.4231051745715317488535440717965109      
   53.9383317450645500382745052627060921      
   53.4639900973165096465731008668689048      
   52.9997834607139695881467222132865768      
   52.5454251422210039777525966856304113      
   52.1006381566511405653012384654454848      
   51.6651548619649181537347548352632971      
   51.2387166166815194118339358072509086      
   50.8210734433429236130017818361616191      
   50.4119837061828607059712166274005558      
   50.0112138014427642761875549553621758      
   49.6185378600927058769328948713183267      
   49.2337374589645378531532826683633275      
   48.8566013450776399025795868077745219      
   48.4869251690802578772309627840601146      
   48.1245112322680891242775482503405042      
   47.7691682382457647584993875747953950      
   47.4207110583732428517929555664751630      
   47.0789605048965704122707996079664978      
   46.7437431121743883634695335016655430      
   46.4148909284775182498461273260348759      
   46.0922413135264798715525750361689205      
   45.7756367457970913777722498421112251      
   45.4649246369021494802149982586189912      
   45.1599571528355499784725315863621802      
   44.8605910425902912906967932052357648      
   44.5666874738209533580249145683656570      
   44.2781118743043746962998696709118646      
   43.9947337798840007806399071101277108      
   43.7164266889420468415403922088567373      
   43.4430679217322997094198218966776036      
   43.1745384854980658317323635042646612      
   42.9107229446329376412904336129075493      
   42.6515092975005292797764527526166481      
   42.3967888552181407795447380207171916      
   42.1464561275099063547998893223965580      
   41.9004087115417994511368290973485728      
   41.6585471866599472124112705804084965      
