   92.6087792172520498870326289728459773      
   92.6087792172520498870326289728459773      
   92.6087792172520498870311940083556753      
   92.6087792172520497092495686583742142      
   92.6087792172518321876756929074225074      
   92.6087792172258499971586687812485704      
   92.6087792164207289451733275918748319      
   92.6087792058407222510305078663333221      
   92.6087791279337266563789966009642396      
   92.6087787464704364228838706979555560      
   92.6087773589492009547530938942878222      
   92.6087733191839968457776978261758045      
   92.6087634026996240791622124888819444      
   92.6087421028628594563533717295206806      
   92.6087009661475587922956796763163835      
   92.6086280607311713519024341119636831      
   92.6085076377659325377018017398837764      
   92.6083200103139362768183720153662225      
   92.6080416330397118085870071835718968      
   92.6076453568111312035344859335827006      
   92.6071008114663411142491104064327402      
   92.6063748699287843456552875350679784      
   92.6054321487313052682886701154579298      
   92.6042355047887521907981789200626544      
   92.6027464964027865999331020918619985      
   92.6009257852041557099703336737125753      
   92.5987334643211183056671674440112795      
   92.5961293069173232002042291019399637      
   92.5930729369657850252149905423877981      
   92.5895239304544819010576026285390014      
   92.5854418600532387033596916627254197      
   92.5807862999868331626888151631167238      
   92.5755168054704623046632844767318205      
   92.5695928861970405935833448676736306      
   92.5629739761318212398479677600527715      
   92.5556194692832290470869104222850789      
   92.5474886954995411457414126621288818      
   92.5385410111112396318117291490268356      
   92.5287358828845782401223069344799647      
   92.5180330192808851110748210471829460      
   92.5063925234847241557215405023181374      
   92.4937750763039351416575832784076669      
   92.4801421365226881255791317258201678      
   92.4654561528746440342382626807499081      
   92.4496807803988058701473216193344848      
   92.4327810936260462045594971028362426      
   92.4147237912342751086163365001778321      
   92.3954773829025576632061873155485076      
   92.3750123644804127630079770283348922      
   92.3533013582597492122920719755274909      
   92.3303192335374144624888815253134185      
   92.3060431966776865168792274040955222      
   92.2804528513758377059249446778542817      
   92.2535302292288639054602591654381159      
   92.2252597883709981603305350469188805      
   92.1956283834182876650358812749293869      
   92.1646252149538893850839001684170816      
   92.1322417421995201567288528237136914      
   92.0984715786127001973448903563384917      
   92.0633103649437863020236230448587897      
   92.0267556241841058050082071877779191      
   91.9888065981999291137015861508214155      
   91.9494640703627785124558097030167241      
   91.9087301828497541647879597687441316      
   91.8666082375299352115427190222157043      
   91.8231024927143822321868574904456426      
   91.7782179525871912050459173851900905      
   91.7319601593417642059783692562469869      
   91.6843349752992472479742754245067116      
   91.6353483744160759649034572965779818      
   91.5850062274423079022482245462294647      
   91.5333141004272159291237433556861121      
   91.4802770410193446660292634562261819      
   91.4258993823821557048483247164608458      
   91.3701845401285621182646928938196560      
   91.3131348272202793020011520347968543      
   91.2547512657236197229936125490901298      
   91.1950334064251895802985124555422669      
   91.1339791491349775213452724516476918      
   91.0715845874031775319649843367616190      
   91.0078438236699440357787237326961237      
   90.9427488208907582946846190773042652      
   90.8762892445239561516973663199595141      
   90.8084523094068575025155252661968062      
   90.7392226313930009126325296618741805      
   90.6685820816147781328475197560326335      
   90.5965096429526720878842552905597713      
   90.5229812145466947962306004222554449      
   90.4479696102184145502616779712731274      
   90.3714442598047279086720482851297706      
   90.2933711578351360242594668303274631      
   90.2137126625755770657712765249620555      
   90.1324273477414045743478234600869078      
   90.0494699332331870909374631214917626      
   89.9647909674410032914451695045474855      
   89.8783368583012183563939028720145450      
   89.7900495371059363301316461937951475      
   89.6998663394999310214310708325889129      
   89.6077198270196476553684527160807581      
   89.5135375910162859242670607705791658      
   89.4172419896635593430216803925363847      
   89.3187500121095023016871177369217703      
   89.2179729519422056747674106770648878      
   89.1148162209769518664049104088474220      
   89.0091790408346664221351200338652770      
   88.9009542082392663084634491405495630      
   88.7900277258881372091451300546865437      
   88.6762785356559343474939521126821849      
   88.5595781531474238772958477003015789      
   88.4397903018293652341143332735963969      
   88.3167705265200377465862693243682338      
   88.1903657748455700916284919848597618      
   88.0604139043651206307403589031710127      
   87.9267434389769533138443610668085833      
   87.7891727444713585195320402214290782      
   87.6475097229235263169886604947870179      
   87.5015512006602271010834074618378884      
   87.3510823633980822425342548117300264      
   87.1958761322471524068955582489143338      
   87.0356925433463744714996323418100432      
   86.8702780948374013663111047438387408      
   86.6993650790938331533606035203619838      
   86.5226708935047912037592355189466264      
   86.3398973665606422409466634015743923      
   86.1507300690344084228767380422562719      
   85.9548376681752056045580557064561640      
   85.7518713083387224048433673796354382      
   85.5414640467481382180785422105871884      
   85.3232303963774601672530936726883888      
   85.0967659540108552343844060244889436      
   84.8616472232355949639219531370634542      
   84.6174314874881948402915481652984752      
   84.3636574914170576180652189835450690      
   84.0998453997698932967478795571128168      
   83.8254981021070928180741206550031932      
   83.5401024679036324379738622190611210      
   83.2431312188400888821855621590456486      
   82.9340453293700034789118829615017561      
   82.6122970552511215887945716559880617      
   82.2773336177027214232602661695819859      
   81.9286015410712748865403030937137094      
   81.5655516635051360655736425628315589      
   81.1876447148018356465204060463687069      
   80.7943574294987671169978509874331152      
   80.3851889668832045664733265670551183      
   79.9596675172851846110391486997407428      
   79.5173567931678034076752548305108726      
   79.0578621606260585389454830773709568      
   78.5808361423243923680679482861914242      
   78.0859830162552962233331965105442624      
   77.5730622805113608942919325776398097      
   77.0418907125362308688503384849815037      
   76.4923440502184545069455728601466217      
   75.9243555349201872818657718525141654      
   75.3379152297997498621111958547213006      
   74.7330675683168044511954649492414752      
   74.1099085003997787584073256547676922      
   73.4685824720275992807853344341574643      
   72.8092794661931467327387496858531307      
   72.1322324553406780691343789237584339      
   71.4377149272042019032274698711474282      
   70.7260420516411179280269690084168367      
   69.9975670596087594994105302478827236      
   69.2526841406130733787460471252407210      
   68.4918293222129529872958734569104066      
   67.7154827291623459592033995751258204      
   66.9241714350493902287065395019704827      
   66.1184718154888775677918407923101315      
   65.2990138163366282971810908917435053      
   64.4664833126826605026917970297231178      
   63.6216250608491787025481592077667618      
   62.7652448882339902992714972826102433      
   61.8982111024530159296037962128739316      
   61.0214549926485750743738512314775105      
   60.1359701407879176259940752475908510      
   59.2428105065368063564339936895707416      
   58.3430871134462772890280270402975124      
   57.4379634196908950297666412389864928      
   56.5286492511509376395853737930442525      
   55.6163933782759727936013570310876834      
   54.7024749512727315348747521842752957      
   53.7881938840189853468947087038470465      
   52.8748604780774055680686674793355970      
   51.9637844237768460401116781877139036      
   51.0562635896070586400944346604244208      
   50.1535728725458822441809085860606254      
   49.2569533389614168574376360650665710      
   48.3676019075582538815395740378708135      
   47.4866620211352309294072447822933854      
   46.6152151551239597796034890817014358      
   45.7542736622657825122955983073280538      
   44.9047749414968303519791381600206752      
   44.0675766441594030547139773846442647      
   43.2434538882776782980652662054511123      
   42.4330972057815614532670270567698046      
   41.6371119493444558914028882675703520      
   40.8560189837641262554458783727794534      
   40.0902562862119389826592408584534627      
   39.3401815167725418047308931650172247      
   38.6060753380296784581926086732614965      
   37.8881453667126518794360838924592349      
   37.1865305680636073084945931032211397      
   36.5013060175968670417978459521064430      
   35.8324879044345151464816348549232541      
   35.1800385899561148280839022818656417      
   34.5438716972218135198974910918619843      
   33.9238571510052206379237610165968069      
   33.3198260636723666028968226176002580      
   32.7315754256789187695695059425836316      
   32.1588725406773066520738706352211468      
   31.6014592761469574978212655472596425      
   31.0590559375234814139129031799179340      
   30.5313649296968960249935846106811119      
   30.0180739566159975535334888106273748      
   29.5188592775773209338084218984927015      
   29.0333882650287701198086947884786617      
   28.5613219319109043684255658805046468      
   28.1023171490518723508147620546296217      
   27.6560285676385740991422001264271565      
   27.2221103527247993080947128924401234      
   26.8002176968896875550192659284487520      
   26.3900080962826033577331256167380710      
   25.9911425211426034086419383899209838      
   25.6032863265255191414258781003064800      
   25.2261100987293103465657205807279506      
   24.8592902999070459664797355515968275      
   24.5025098512652795891382895744965718      
   24.1554585569837040015624827855427878      
   23.8178334673859757923299617299712117      
   23.4893391570186050694305627329813142      
   23.1696878907874184309059649347790520      
   22.8585997938305731075250894646865565      
   22.5558028872594051049078176523069204      
   22.2610331500479976914178652447651401      
   21.9740344723437569550945912664388661      
   21.6945586334955567888203500401934801      
   21.4223651987188715152694512537971572      
   21.1572214264409865529555742816223546      
   20.8989021381241219574556236040544655      
   20.6471895742419297121285293463064001      
   20.4018732386508356831605622407748785      
   20.1627497265089684758127388968231976      
   19.9296225450183256078065142675382060      
   19.7023019432675591006129247091276390      
   19.4806047032235079700091167904045998      
   19.2643539671342455277185520551405806      
   19.0533790353146615772798133956007738      
   18.8475151777238656122111843476120526      
   18.6466034371452024529989199296018285      
   18.4504904492716279848345119782081727      
   18.2590282433895041544715752447585469      
   18.0720740827677243725568499556854683      
   17.8894902118277713871302556007678052      
   17.7111437850123635654209630648415818      
   17.5369066181259918119804152814581554      
   17.3666550449658893945520433654067991      
   17.2002697468480132804803099192680875      
   17.0376355968631887255611513753131011      
   16.8786415014747755896401819573522709      
   16.7231802559724311881458846448839668      
   16.5711483936717625300317370688405826      
   16.4224460509122441568730251603531280      
   16.2769768281980239261655561160179689      
   16.1346476624190154066940475827596414      
   15.9953686946578049637418397527753236      
   15.8590531620802418620442467627949079      
   15.7256172628427802017305020588821745      
   15.5949800590461790843988476289991520      
   15.4670633595528005095808934046023246      
   15.3417916190003600696780985690647719      
   15.2190918387576450406079703364380943      
   15.0988934651072011328390823604531478      
   14.9811283040627519981282557431047916      
   14.8657304283813094560157293418015059      
   14.7526360887914886643462003246225446      
   14.6417836399911296995239285091116450      
   14.5331134583581961172065743052114252      
   14.4265678584769727164856010615430174      
   14.3220910314236569850050196871387605      
   14.2196289754137954581698911952547199      
   14.1191294187746232647286395097129496      
   14.0205417617496651412328412748633294      
   13.9238170141863285940789278455469673      
   13.8289077405750752565971272840586254      
   13.7357679963956549630131742109007090      
   13.6443532693183384906973381640613169      
   13.5546204477469715872225448045415289      
   13.4665277471060273571546037787472978      
   13.3800346695278978875407998893352375      
   13.2951019639638424684608811113380002      
   13.2116915768482463400142127169807310      
   13.1297666060376663156227312367984810      
   13.0492912643883401309522318414871188      
   12.9702308342476460962185094993065582      
   12.8925516425443987436168606462247208      
   12.8162210112841356614484513123790376      
   12.7412072278993039615039866296111199      
   12.6674795115966192049186055541943706      
   12.5950079753057493057924925640813407      
   12.5237636091965061890710104501655241      
