   300.978532456069162132856044161749454      
   300.978532456069162132856044161749454      
   300.978532456069162132851380527155960      
   300.978532456069161555061098139716190      
   300.978532456068454609946001949123143      
   300.978532455984012490765673539057814      
   300.978532453367369071813314673593207      
   300.978532418982347315849150565583285      
   300.978532165784611633231738953133825      
   300.978530926028918374372579768355535      
   300.978526416584903102947555156435447      
   300.978513287347989748777517935071374      
   300.978481058773778257277190588866307      
   300.978411834304293233148458120942233      
   300.978278139979566074960958948028240      
   300.978041197376306893682910863881961      
   300.977649822739280747530855654622277      
   300.977040033520292899659709049940226      
   300.976135307379063377907773346608643      
   300.974847409636176411487079284143789      
   300.973077637265608621309608820906399      
   300.970718327268549123379684488970945      
   300.967654483376742121938177875238272      
   300.963765390563444620094081490203611      
   300.958926113309056449782581798551501      
   300.953008801913506057403584439565891      
   300.945883759043634493418294193036664      
   300.937420247481300400663744581304879      
   300.927487045138801331948719262760375      
   300.915952773977066178437208542751770      
   300.902686045173025785918997903857608      
   300.887555474957207778738649280129309      
   300.870429617779002490155674549378423      
   300.851176880140381929145870819939327      
   300.829665422428419029505895220171504      
   300.805763275170494403032458872426510      
   300.779338260373508723659591151918878      
   300.750258286111528803388119734337222      
   300.718391619374879280397497537059895      
   300.683607312662876610993168403344587      
   300.645775701325353506095006632533946      
   300.604768997987789210387145654824918      
   300.560461943698736408132178108915561      
   300.512732496842593111274353712437183      
   300.461462536296119077978795262837069      
   300.406538554284650164818365584217788      
   300.347852321511394103003093625577933      
   300.285301494433312405420108775532625      
   300.218790184561341479775925342088437      
   300.148229414344184939949233920464382      
   300.073537508996597003088864957268613      
   299.994640389202481179857489063310444      
   299.911471766971472544256070203026446      
   299.823973244993807692745842287673895      
   299.732094312205744021074238902486380      
   299.635792246109434911366614143520489      
   299.535031948600140501522675547355534      
   299.429785662148440509368771677069506      
   299.320032630491275641370893658100101      
   299.205758686067305481576774895791036      
   299.086955778598343866276673360278219      
   298.963621444149769619530154990169576      
   298.835758228679030165481381534804335      
   298.703373094261701035560869248418415      
   298.566476771972289437513836822201070      
   298.425083101321742254607286843948342      
   298.279208345908371416399231501867766      
   298.128870517860733669429700082802695      
   297.974088669722553555916395129646791      
   297.814882216852246885936236213878401      
   297.651270239187500682306729775245733      
   297.483270826388451769652165905979864      
   297.310900383312870164595106232735134      
   297.134172992742006040757055328497737      
   296.953099755417826884360251904913919      
   296.767688188465907731503744113089804      
   296.577941613601764099729240784542931      
   296.383858570881866135970165480512401      
   296.185432234688676944372135467854992      
   295.982649909060326978886199094475265      
   295.775492426927318116280852131262430      
   295.563933667894964457725012001238853      
   295.347940044702857493016440539868433      
   295.127470005572286883175457115139639      
   294.902473552027252966055721401091074      
   294.672891765248028931754439207106056      
   294.438656339596184285623829694319235      
   294.199688947276758087749451372330199      
   293.955901233209847288350453406637621      
   293.707193844365365703184156926671727      
   293.453456262964192078843267198564234      
   293.194566153370625463756648706126696      
   292.930388880159564866630426245282493      
   292.660777283007858045546755144848222      
   292.385570644183260697196800889779362      
   292.104594789478959658280184334047250      
   291.817660995594293072927850129834217      
   291.524565603374775819650980205913967      
   291.225089437813854879947471327262458      
   290.918997170802929253867947504382261      
   290.606036466406567864820461275743275      
   290.285937539355882480483132644995729      
   289.958412093812168442994084700460919      
   289.623152718175093565815958828754131      
   289.279831882712665871939140110062144      
   288.928101176777615502506209706786083      
   288.567590109136445929721672677731258      
   288.197905240881786629355344366217101      
   287.818628997729127601211505025980104      
   287.429318480945437010871583139188241      
   287.029504211190122676405375304196754      
   286.618688768248102797792598950794217      
   286.196345189186642049906166435305767      
   285.761916176675098269994173467127886      
   285.314811419531915188479130719644482      
   284.854406599501460530213146608057824      
   284.380041402145738078521074250973162      
   283.891017681043767288236328138122592      
   283.386597429803245322410564308971585      
   282.866000765875717032373805110882665      
   282.328403808221554440511090417475886      
   281.772936507054957748421961441176463      
   281.198680403890571412217515436576502      
   280.604666441322087283076656055116769      
   279.989872724361827374349398637332896      
   279.353222421569418214813681045982530      
   278.693581752100847815740943983815162      
   278.009758151931449208755262184408378      
   277.300498788226745543572554436237251      
   276.564489350535279511749319579589017      
   275.800353475515683632746347695456232      
   275.006652334336633230947531537220044      
   274.181886847105437258711961696521468      
   273.324497549252153214430608560616645      
   272.432868831848051658740892128760405      
   271.505333020686805423415052211948640      
   270.540176461230288867103077016898355      
   269.535647320452511306463619624880667      
   268.489965429566145163582357881961219      
   267.401334257533844625595865051141451      
   266.267955008481643381255985054569559      
   265.088042906391692213114338329202554      
   263.859845323105965851191319650698291      
   262.581661645870993130243015709157649      
   261.251864142370414841038311342929169      
   259.868919431176849985877233274157405      
   258.431409577795361074944578199160327      
   256.938052022034690251572820001455588      
   255.387717462554275196220831930122123      
   253.779444802829712725832888659268862      
   252.112452411661922906448780877329360      
   250.386144815742750323763600076189890      
   248.600118163209977147573111795476542      
   246.754155488490608666063758520671022      
   244.848224496849187051861386527844233      
   242.882469597029614466385261085034797      
   240.857202626299280964823808377994975      
   238.772893034089697662552336911011778      
   236.630158265127726881400936479022656      
   234.429755479857203724686731502214923      
   232.172573513413656185489277081229166      
   229.859636667833633266087649277354719      
   227.492092943728468373084223305618861      
   225.071223456992488480924653157032319      
   222.598445297192097208711588734958818      
   220.075318869777624367411048619158907      
   217.503557163910518243296253381404069      
   214.885033400338852095323482575007931      
   212.221794903094041965838545398166398      
   209.516070766218646633748340346600105      
   206.770281447759830783281517425242003      
   203.987045886760468472632366168483292      
   201.169186082972301771212337691840292      
   198.319728726107868991715016502301901      
   195.441902957560732284480744554670258      
   192.539134146244620658410479491104908      
   189.615033118700401189341087880966926      
   186.673381113995408846741584026706111      
   183.718110066240547328652464827393844      
   180.753278479396911579204410351034974      
   177.783043591636377488342944598894694      
   174.811630123061702377407803287502887      
   171.843296553751568096223169307840692      
   168.882299377274749630362954110070201      
   165.932856666222940580306912646379354      
   162.999111835774117293587952904697045      
   160.085098351624604786672317211466345      
   157.194706199564325115003615623080141      
   154.331651568689500520573545542453503      
   151.499449254152869283711339515529657      
   148.701389402363793164960694498816175      
   145.940518559864698643932199020067188      
   143.219624093518059927820426500093857      
   140.541225136902454468712115167716106      
   137.907565918790074723117837934501874      
   135.320613835369481647059386869603656      
   132.782061697233410330199104711533218      
   130.293332930188801693642532789973760      
   127.855589929510760865375402786305977      
   125.469744848596454989125978188099874      
   123.136472441816118608167272650492527      
   120.856224346206723752607427585468696      
   118.629244557189817885842999344345930      
   116.455585689412174226065313278500571      
   114.335125417357373191272682416063326      
   112.267583015970893939666846048551434      
   110.252535740766967073252223303939623      
   108.289434706935191459414673507200826      
   106.377620133456486001100894313396811      
   104.516335757201246619240079564468740      
   102.704742647477611867919113028593839      
   100.941931796951314595216935334733298      
   99.2269360215149120812291499847136153      
   97.5587403590019920489838386345389712      
   95.9362926521262930348773711701012800      
   94.3585118613435028893782580625556567      
   92.8242962787104391973830891116401006      
   91.3325307344185851401479766775462652      
   89.8820928448253658222121504108882593      
   88.4718586463555977513078169004304018      
   87.1007075148914845538126142674584479      
   85.7675263129184609126326582543987206      
   84.4712131937134610780862997672432019      
   83.2106805612079372096341038259960592      
   81.9848578208702586263385918873658378      
   80.7926934746978993910591405426896886      
   79.6331570166121586646994411171138638      
   78.5052403101970380050780690530140573      
   77.4079587690044213250723756224064371      
   76.3403522603104664756493288821892742      
   75.3014856450591099004443860380319238      
   74.2904493299493625994565407602313132      
   73.3063593835930665909504073699974907      
   72.3483577376559924971080620454867115      
   71.4156120351172101040574216159263077      
   70.5073155588605595636661376306288080      
   69.6226868958363324246257165748407609      
   68.7609696359332062971056164152726564      
   67.9214319489033963617307767131770153      
   67.1033661162862715644177203754957927      
   66.3060880256152159702718272825183581      
   65.5289366111541475463914014146753938      
   64.7712732713095582253711713694991634      
   64.0324813156195670769920053046648291      
   63.3119652854764009025296295688149487      
   62.6091503931862979650852941792068900      
   61.9234818647726501261593935357025110      
   61.2544243276025632396863491297391701      
   60.6014611707219079722464897712059479      
   59.9640939601327909507121639291765620      
   59.3418417910158885020326195454652745      
   58.7342407689951042108097623559777690      
   58.1408431884402570081733307024953646      
   57.5612173012901815876181299607351393      
   56.9949465089094733889363496647390051      
   56.4416288961391405322941409375720948      
   55.9008766772560431615610072376212897      
   55.3723156898053633580737419697675723      
   54.8555848797930206663305913613948781      
   54.3503358319104013614741250958728860      
   53.8562322794332282226031454737318944      
   53.3729496654647935098373317711476707      
   52.9001746916435777600380573770584006      
   52.4376049028618000717556546439688298      
   51.9849482576378661321609791965198026      
   51.5419227767607860516438019790834473      
   51.1082561042390356556241316913670694      
   50.6836851919000820242962547942472501      
   50.2679559185466016561379035649575524      
   49.8608227617511702264538203494605052      
   49.4620484759623463819759035934238044      
   49.0714037615984036817270176714727315      
   48.6886669882039439939168311650905726      
   48.3136238922392557320511203608548923      
   47.9460672885723381591251510550232701      
   47.5857968299711715234527676546128493      
   47.2326187396641373809213664919371309      
   46.8863455400501613285782034500148051      
   46.5467958521268852012663139832009712      
   46.2137941700948352390521463845778381      
   45.8871706110175256103680784065670833      
   45.5667607256864117090067341433058223      
   45.2524052961055679307565154980276417      
   44.9439501568689945839406636731905317      
   44.6412459882858786297928161854273053      
   44.3441481252846000947663490331992787      
   44.0525164551776576584732706147599721      
   43.7662151780945889107524622809287164      
   43.4851126759656681345075996403395221      
   43.2090813828824880224978636118485018      
   42.9379976247568006050461913301873775      
   42.6717414696224155257738765195950660      
   42.4101966092621054255947534848331337      
   42.1532502113048498127101558727463152      
   41.9007928382692959167547971002303454      
   41.6527182866734408997074667652318678      
   41.4089234906727378748879565462361408      
   41.1693084126890124159854680511317045      
   40.9337759197436852438256008332643588      
   40.7022317298886451144807839630379550      
