 0.13548723707728E+03
 0.13548723707728E+03
 0.13548723707728E+03
 0.13548723707728E+03
 0.13548723707728E+03
 0.13548723707730E+03
 0.13548723707789E+03
 0.13548723708563E+03
 0.13548723714262E+03
 0.13548723742166E+03
 0.13548723843664E+03
 0.13548724139174E+03
 0.13548724864568E+03
 0.13548726422658E+03
 0.13548729431823E+03
 0.13548734764887E+03
 0.13548743573894E+03
 0.13548757298984E+03
 0.13548777662569E+03
 0.13548806650741E+03
 0.13548846485314E+03
 0.13548899589927E+03
 0.13548968553501E+03
 0.13549056093989E+03
 0.13549165024768E+03
 0.13549298225364E+03
 0.13549458617600E+03
 0.13549649147579E+03
 0.13549872773385E+03
 0.13550132457887E+03
 0.13550431165702E+03
 0.13550771863058E+03
 0.13551157519598E+03
 0.13551591110592E+03
 0.13552075619460E+03
 0.13552614035480E+03
 0.13553209355918E+03
 0.13553864579736E+03
 0.13554582701847E+03
 0.13555366703899E+03
 0.13556219543474E+03
 0.13557144141093E+03
 0.13558143365951E+03
 0.13559220020775E+03
 0.13560376826350E+03
 0.13561616406250E+03
 0.13562941272159E+03
 0.13564353810441E+03
 0.13565856269560E+03
 0.13567450749979E+03
 0.13569139195465E+03
 0.13570923386571E+03
 0.13572804936259E+03
 0.13574785287643E+03
 0.13576865714029E+03
 0.13579047321009E+03
 0.13581331050038E+03
 0.13583717684630E+03
 0.13586207857831E+03
 0.13588802061310E+03
 0.13591500655764E+03
 0.13594303882665E+03
 0.13597211877049E+03
 0.13600224680700E+03
 0.13603342256573E+03
 0.13606564503555E+03
 0.13609891271801E+03
 0.13613322377924E+03
 0.13616857620940E+03
 0.13620496797656E+03
 0.13624239718554E+03
 0.13628086222738E+03
 0.13632036193313E+03
 0.13636089573944E+03
 0.13640246382444E+03
 0.13644506725478E+03
 0.13648870813026E+03
 0.13653338972401E+03
 0.13657911662254E+03
 0.13662589484950E+03
 0.13667373201268E+03
 0.13672263742481E+03
 0.13677262223316E+03
 0.13682369954632E+03
 0.13687588455939E+03
 0.13692919467326E+03
 0.13698364963027E+03
 0.13703927167642E+03
 0.13709608558108E+03
 0.13715411887777E+03
 0.13721340193288E+03
 0.13727396812259E+03
 0.13733585396817E+03
 0.13739909922470E+03
 0.13746374716231E+03
 0.13752984456185E+03
 0.13759744201900E+03
 0.13766659407346E+03
 0.13773735939164E+03
 0.13780980095325E+03
 0.13788398634266E+03
 0.13795998787895E+03
 0.13803788293581E+03
 0.13811775415949E+03
 0.13819968976872E+03
 0.13828378385159E+03
 0.13837013671360E+03
 0.13845885518038E+03
 0.13855005299910E+03
 0.13864385126256E+03
 0.13874037879380E+03
 0.13883977266096E+03
 0.13894217870263E+03
 0.13904775187713E+03
 0.13915665715553E+03
 0.13926906989573E+03
 0.13938517662314E+03
 0.13950517571546E+03
 0.13962927817963E+03
 0.13975770846357E+03
 0.13989070533104E+03
 0.14002852278071E+03
 0.14017143102075E+03
 0.14031971753082E+03
 0.14047368805825E+03
 0.14063366781229E+03
 0.14080000257038E+03
 0.14097305986257E+03
 0.14115323013266E+03
 0.14134092791503E+03
 0.14153659294633E+03
 0.14174069131630E+03
 0.14195371605695E+03
 0.14217618843368E+03
 0.14240865821856E+03
 0.14265170411136E+03
 0.14290593373513E+03
 0.14317198328369E+03
 0.14345051672265E+03
 0.14374222448475E+03
 0.14404782164987E+03
 0.14436804556984E+03
 0.14470365296885E+03
 0.14505541652055E+03
 0.14542412106314E+03
 0.14581055948486E+03
 0.14621552855278E+03
 0.14663982483130E+03
 0.14708424092110E+03
 0.14754956225174E+03
 0.14803656470482E+03
 0.14854601318364E+03
 0.14907866043708E+03
 0.14963524861937E+03
 0.15021650997795E+03
 0.15082316921307E+03
 0.15145594615212E+03
 0.15211555865581E+03
 0.15280272543654E+03
 0.15351816847112E+03
 0.15426261302143E+03
 0.15503679549671E+03
 0.15584145275379E+03
 0.15667732760737E+03
 0.15754516442623E+03
 0.15844570502015E+03
 0.15937968317338E+03
 0.16034781896226E+03
 0.16135080983506E+03
 0.16238932282640E+03
 0.16346398484514E+03
 0.16457537254781E+03
 0.16572400178311E+03
 0.16691031675550E+03
 0.16813467931618E+03
 0.16939735853248E+03
 0.17069852093263E+03
 0.17203822153445E+03
 0.17341639611827E+03
 0.17483285498637E+03
 0.17628727829000E+03
 0.17777921322285E+03
 0.17930807308838E+03
 0.18087313849535E+03
 0.18247356046713E+03
 0.18410836541407E+03
 0.18577646193791E+03
 0.18747664933173E+03
 0.18920762715924E+03
 0.19096800632340E+03
 0.19275632070361E+03
 0.19457103928191E+03
 0.19641057923645E+03
 0.19827331767840E+03
 0.20015760443748E+03
 0.20206177402290E+03
 0.20398415668415E+03
 0.20592308902139E+03
 0.20787692358008E+03
 0.20984403752599E+03
 0.21182284032566E+03
 0.21381178044256E+03
 0.21580935103551E+03
 0.21781409458420E+03
 0.21982460674885E+03
 0.22183953931651E+03
 0.22385760228491E+03
 0.22587756527042E+03
 0.22789825828192E+03
 0.22991857200671E+03
 0.23193745732883E+03
 0.23395392474816E+03
 0.23596704315481E+03
 0.23797593893886E+03
 0.23997979350843E+03
 0.24197784219461E+03
 0.24396937207196E+03
 0.24595371983935E+03
 0.24793026982849E+03
 0.24989845179274E+03
 0.25185773869390E+03
 0.25380764467870E+03
 0.25574772272620E+03
 0.25767756278072E+03
 0.25959678953093E+03
 0.26150506057946E+03
 0.26340206438448E+03
 0.26528751854042E+03
 0.26716116795907E+03
 0.26902278312845E+03
 0.27087215866803E+03
 0.27270911157744E+03
 0.27453348001136E+03
 0.27634512169699E+03
 0.27814391282500E+03
 0.27992974664811E+03
 0.28170253246636E+03
 0.28346219445610E+03
 0.28520867066684E+03
 0.28694191205901E+03
 0.28866188158407E+03
 0.29036855335784E+03
 0.29206191187933E+03
 0.29374195118609E+03
 0.29540867430742E+03
 0.29706209247592E+03
 0.29870222458818E+03
 0.30032909660115E+03
 0.30194274103720E+03
 0.30354319640262E+03
 0.30513050681326E+03
 0.30670472134831E+03
 0.30826589424629E+03
 0.30981408362874E+03
 0.31134935177892E+03
 0.31287176459458E+03
 0.31438139133260E+03
 0.31587830428649E+03
 0.31736257855037E+03
 0.31883429171807E+03
 0.32029352370231E+03
 0.32174035646685E+03
 0.32317487385523E+03
 0.32459716137226E+03
 0.32600730606856E+03
 0.32740539624061E+03
 0.32879152146040E+03
 0.33016577227329E+03
 0.33152824015479E+03
 0.33287901735253E+03
 0.33421819675696E+03
 0.33554587185306E+03
 0.33686213653906E+03
 0.33816708507641E+03
 0.33946081204129E+03
 0.34074341215234E+03
 0.34201498023357E+03
 0.34327561123686E+03
 0.34452540005011E+03
 0.34576444142971E+03
 0.34699283006565E+03
 0.34821066045813E+03
 0.34941802687718E+03
 0.35061502326448E+03
 0.35180174327701E+03
 0.35297828030574E+03
 0.35414472717184E+03
 0.35530117639463E+03
 0.35644772006195E+03
 0.35758444971703E+03
 0.35871145639594E+03
 0.35982883065019E+03
 0.36093666246401E+03
 0.36203504131943E+03
 0.36312405599948E+03
 0.36420379475387E+03
 0.36527434521203E+03
 0.36633579437117E+03
 0.36738822866898E+03
 0.36843173376321E+03
