   92.6087792172520498870326289728459773      
   92.6087792172520498870326289740806309      
   92.6087792172520498867087633829340617      
   92.6087792172520395574859105219550755      
   92.6087792172464366955881758928962170      
   92.6087792168590189647274982269634519      
   92.6087792087821595669454813281086678      
   92.6087791302696028398719284452848758      
   92.6087786739697468293280860763985060      
   92.6087768267091800453581852850524578      
   92.6087710769131650721512753606503162      
   92.6087563729283136846549161037512137      
   92.6087240228418014352907750495581525      
   92.6086607443438475267028738118290564      
   92.6085480225017972928158490322516129      
   92.6083618386291448892571789693071988      
   92.6080727684994530751309969018485272      
   92.6076463902237183068481209212421773      
   92.6070439183418735115869847899063052      
   92.6062229756724222418009529856473985      
   92.6051384219213417394213891003946152      
   92.6037431714631407950782954681838097      
   92.6019889476611098429544130417740671      
   92.5998269374503578755572263295440830      
   92.5972083212835891612255091011308313      
   92.5940846688810627382180080091388122      
   92.5904082012790242882344838416516748      
   92.5861319305623733556673335539002644      
   92.5812096935235689668874306751610438      
   92.5755961033233852593339292249891739      
   92.5692464462725477493963691876899258      
   92.5621165488864981755121594353760203      
   92.5541626397732677973103326365325942      
   92.5453412293688313774289579682079368      
   92.5356090165325963666632845835056454      
   92.5249228819097816725742632346185868      
   92.5132398511490266404461000489226435      
   92.5005171941511606257265244703836605      
   92.4867125390488844087581167822888373      
   92.4717840390711338769209115320545731      
   92.4556905777883545909278714374955126      
   92.4383920118249646057090598245347920      
   92.4198494217715177888131380718325898      
   92.4000253787581250137347249916223595      
   92.3788842081399457554453143011975011      
   92.3563922432030275319890923870027899      
   92.3325180605156346294391083519317109      
   92.3072326841726132195883969813704527      
   92.2805097753576621446991842333456099      
   92.2523257680661412876025325079937651      
   92.2226599786898573378726196348382479      
   92.1914946747496574653121620120657829      
   92.1588151065284086562562707629415614      
   92.1246094938161158930072432398208790      
   92.0888689850793685104786693468846576      
   92.0515875809916752653564028813681870      
   92.0127620170882827447366642882887460      
   91.9723916260731354573280141688446744      
   91.9304781737435832402312429881587461      
   91.8870256640593301995077448099378553      
   91.8420401363479525193965168639427078      
   91.7955294424942812037139902885308058      
   91.7475030122511945798336646986556255      
   91.6979716048363478371215646552840437      
   91.6469470567738394340103286165295487      
   91.5944420282597145029260521344292009      
   91.5404697450724933447102095512933274      
   91.4850437428522607571371329271976727      
   91.4281776103281906740021533458251068      
   91.3698847493300380168500137924022669      
   91.3101781161814234078631509851635622      
   91.2490699909016064340141130109934212      
   91.1865717467947304128033650246025162      
   91.1226936257019726303971799272758720      
   91.0574445287655722106021102746090521      
   90.9908318074354534644539936026988592      
   90.9228610267342710115841350806685138      
   90.8535359164724083273325180202777587      
   90.7828579377902818481685884958328033      
   90.7108264041001684230768870057005489      
   90.6374380883574581113561844322057152      
   90.5626871936965074405153682343468745      
   90.4865651450610059921756213053413740      
   90.4090604166587047639283539549069497      
   90.3301584791618883493493020591081509      
   90.2498415700030574680197254824776193      
   90.1680885553736011491283048223398043      
   90.0848749352922149682217200459847130      
   90.0001725013192014128909243762955782      
   89.9139493499334602331609914951891301      
   89.8261696824133982399253863933131711      
   89.7367936671894020491319099152578526      
   89.6457773253470329634610500801606947      
   89.5530723703346678731957510041555087      
   89.4586260254456091603924857223134936      
   89.3623809080500527405967577495313560      
   89.2642748244544988196739140538394502      
   89.1642406064274179223307587347407794      
   89.0622059384851624667206972642219569      
   88.9580931246659585569494922619736642      
   88.8518188861616685089254272060364267      
   88.7432941640889962752965313429755038      
   88.6324238341227484984021661751890887      
   88.5191064673901545951202763562597094      
   88.4032340522889950881497284442961311      
   88.2846916981871250099642829221487823      
   88.1633573179217749677397295391647659      
   88.0391012758144406753133359485938027      
   87.9117860383864322554590278117957866      
   87.7812657791074408609531855766495087      
   87.6473859604667705449665073878366189      
   87.5099828335697703909342115899440934      
   87.3688831865133070471473114676058157      
   87.2239035245834256064257605424597848      
   87.0748497397085423152307574971068167      
   86.9215164926675333139456891407962976      
   86.7636866183240429208766964806874144      
   86.6011304957962109268864667481110764      
   86.4336054039170890856272702797857698      
   86.2608548144145409798204449651341649      
   86.0826077084776804908605475957047455      
   85.8985778343843969254260925407238625      
   85.7084629857315756966587435937410847      
   85.5119442574459768444747138899658948      
   85.3086853208868986881765422198794661      
   85.0983317290260711914202618602218070      
   84.8805102669968406333167564724786355      
   84.6548283736315849289267215066046787      
   84.4208736684436275874004002448905708      
   84.1782136151391847804286060881230900      
   83.9263952562198967906484616290220996      
   83.6649457171457927850677702703344746      
   83.3933719622350019901171649878931430      
   83.1111618952751089076624650709472441      
   82.8177853888698923669841608337415998      
   82.5126959004479015102915132419298837      
   82.1953326215527511450076402230929453      
   81.8651232532142848242523351805423759      
   81.5214874276431071247565649261888746      
   81.1638408198382401714499423056319012      
   80.7915999426860708429850825139042959      
   80.4041876027929479376256430226071485      
   80.0010389054725063840797047698663517      
   79.5816077179611114817325235529330743      
   79.1453733890974747080685351222587347      
   78.6918475122687733990322341122553184      
   78.2205804668483810450886907510518824      
   77.7311674661896755194389407027061113      
   77.2232538880382267877654463605442540      
   76.6965393957599344506282604643242498      
   76.1507818264923293412149194967522475      
   75.5857982298393930273756940526740712      
   75.0014662008204203857475302507077878      
   74.3977235545194740673580995265947218      
   73.7745671701128586597166704918433623      
   73.1320513458206048037681855470762969      
   72.4702858876164184807606001173182275      
   71.7894337160521958002036503688797129      
   71.0897117069871096579773395815919733      
   70.3713865645393400797186391998659040      
   69.6347768877845930916813106658420674      
   68.8802535335770954484981800438190167      
   68.1082413007693887733468469997246022      
   67.3192214470235632289001444463043609      
   66.5137346752842794125511045354977582      
   65.6923847264961256111074825671816239      
   64.8558420984306754017522702314238222      
   64.0048476849738147233115528583901652      
   63.1402161728022152570934980796609377      
   62.2628379256800505713676376894472435      
   61.3736816946325081180819494681545923      
   60.4737942695248581795930711549725113      
   59.5642995744124730093437357259545079      
   58.6463959205171082370639317843728743      
   57.7213514110832876063295605340455283      
   56.7904975898035893539034066772439480      
   55.8552211762751908452535277161403030      
   54.9169539875952047312409359425848373      
   53.9771614711382011513430407320028681      
   53.0373300059495714186321907075368198      
   52.0989529759790525740283153356744045      
   51.1635167163879792202826306524165250      
   50.2324861161701210166987235409011546      
   49.3072906420116474395772621119567786      
   48.3893108562629779941081611074980220      
   47.4798664985807223287407609946045733      
   46.5802052626253840921522559469483783      
   45.6914935674711319976085036680735926      
   44.8148090529193001515078795806242850      
   43.9511347627453728243288427650676211      
   43.1013552976365536487998201116091420      
   42.2662543357100411969001183667348822      
   41.4465146144928072158797214397853360      
   40.6427185674692956323847945676070196      
   39.8553507956311964294027134497445914      
   39.0848015044096720099524809674206824      
   38.3313709477619905222263366100001132      
   37.5952745609202969978000013150552722      
   36.8766486548682119748548203412248228      
   36.1755564714937991910518907116767540      
   35.4919944494016159767522118991575909      
   34.8258985305291431888761463511166466      
   34.1771504360693292239959961540036674      
   33.5455837736136479993624599134951582      
   32.9309899218033589854020024767501824      
   32.3331236159739843042198258672516194      
   31.7517082108314545525403435421121683      
   31.1864405555790846140007713092215507      
   30.6369955299180243646690417485075881      
   30.1030301667164916146668912710337532      
   29.5841874411759970315323896509149215      
   29.0800994988991969609804419394639436      
   28.5903909210695377971046152526634994      
   28.1146812354595344531225127321896164      
   27.6525873460126376712819118067108447      
   27.2037256040552499271233180450129599      
   26.7677135990260525005388419532531884      
   26.3441717186305907536072742957961432      
   25.9327244765844187360502996493990234      
   25.5330016329655055659693736796176573      
   25.1446391324359633361807889829173546      
   24.7672798780684070690611172636400116      
   24.4005743556022033073985639695194171      
   24.0441811360207021151839633668258491      
   23.6977672550690879151740908324268085      
   23.3610085028494991465647976836297751      
   23.0335896168119211385885883809789606      
   22.7152044080822793437452982998296252      
   22.4055558174983017590699040277587024      
   22.1043559189163353468749835727046848      
   21.8113258771402258008875069482861532      
   21.5261958606221108635896336559105368      
   21.2487049245644666664857308505931051      
   20.9786008678243590501978583284035652      
   20.7156400656212788411692654977226589      
   20.4595872810521400575681385782360728      
   20.2102154693382159390471834729666112      
   19.9673055647686704415077752565784097      
   19.7306462626769152097958203929557029      
   19.5000337956838236631235756183916862      
   19.2752717049194843207325697455563394      
   19.0561706109222780178200004698685101      
   18.8425479842630295452569631588836609      
   18.6342279171283178340156375636514423      
   18.4310408957093660254931194550128964      
   18.2328235788804992482811325357947961      
   18.0394185775855951252724372168528288      
   17.8506742405871569990872005073162523      
   17.6664444594957275042824729150959286      
   17.4865883982070981627635075475035228      
   17.3109703968133428631689107448341953      
   17.1394597068154341665643149635215052      
   16.9719303222135462093686036972068085      
   16.8082607968054220239215069829001004      
   16.6483340700199025183576132439440442      
   16.4920372959715232154316471218941319      
   16.3392616803714975647154682479970425      
   16.1899023229422528000006934014990382      
   16.0438580645708658281853131833229084      
   15.9010313418677503710361308729651188      
   15.7613280452480830300059548576847959      
   15.6246573845532539774717075422620719      
   15.4909317585318792675569311325616854      
   15.3600666293705158912699332281517676      
   15.2319804036836985701171634394945405      
   15.1065943164329772985398035096960370      
   14.9838323205428045939321155122681656      
   14.8636209809439912075490815050307540      
   14.7458893729076180238159128681883398      
   14.6305689837699093591627932748748604      
   14.5175936203737561254454322438694070      
   14.4068993185785420187714765206293659      
   14.2984242572007813521466671180923864      
   14.1921086760582784396997876912586904      
   14.0878947965739324736678240303229117      
   13.9857267459829122444921099990874050      
   13.8855504845447165094890965729474695      
   13.7873137366635433491026015380921690      
   13.6909659231269601786138012601645067      
   13.5964580975846544942800485196347857      
   13.5037428857436406132893685026675187      
   13.4127744257009637585862535927040293      
   13.3235083118863550987596224865821923      
   13.2359015414642832149129827360634746      
   13.1499124619741304165879952762588659      
   13.0655007219260400852834140360900057      
   12.9826272227170435749490983971864492      
   12.9012540738909938594433656112304259      
   12.8213445480752235082972161441599464      
   12.7428630400016383340065638800542030      
   12.6657750253738446380864488126132994      
   12.5900470226728878536189356184637207      
   12.5156465554368512426472143181328955      
   12.4425421174785603242094921221544929      
   12.3707031376249547496491469939575990      
   12.3000999475946905232101915543627386      
   12.2307037500312932807766472476416717      
   12.1624865883141033064525147951850444      
   12.0954213175915209123636870496809053      
   12.0294815765121642777376125996529883      
