   6.46114229515578832787994501293249882      
   6.46114229515578832787994503858969363      
   6.46114229515578832787994507460013469      
   6.46114229515578832786445253264715027      
   6.46114229515578830736877830827186993      
   6.46114229515578543430523330540439374      
   6.46114229515567986084553771007332354      
   6.46114229515405411085426356474575926      
   6.46114229514024780706460362903895369      
   6.46114229506340386795102937675244985      
   6.46114229474944116454470143906422570      
   6.46114229373255762115414261133550045      
   6.46114229097773987430445186338848954      
   6.46114228449084290521721600936241581      
   6.46114227083410622851621500321903091      
   6.46114224455776934422748793400240536      
   6.46114219769051490563739642293844776      
   6.46114211915224511958644605898769483      
   6.46114199424398482983050444122702876      
   6.46114180423515006123748587519407687      
   6.46114152603598704125199498142716726      
   6.46114113198128281748164605578606768      
   6.46114058973777814829791979870550879      
   6.46113986234534685063828024959073313      
   6.46113890839870140989756333726688962      
   6.46113768237138140191043837251241870      
   6.46113613507652367542552067075411595      
   6.46113421425018131914283857166884162      
   6.46113186523371018327004287543562680      
   6.46112903171072218312866298554812796      
   6.46112565649149066104224253492295966      
   6.46112168232764338603826328197693147      
   6.46111705255257418930788103366931651      
   6.46111171173064616504847875222941476      
   6.46110560614867438623833109400876988      
   6.46109868415967052747769387271412333      
   6.46109089635102575081817264956729690      
   6.46108219559580092338332933961751105      
   6.46107253682495242010495652471329400      
   6.46106187688353383118730205518226714      
   6.46105017385529378608805477007056553      
   6.46103738658987982960504167194766695      
   6.46102347401492890821007637949945639      
   6.46100839439296134746463291944096203      
   6.46099210452902698207260310471953211      
   6.46097455893813746250282924707553656      
   6.46095570901055720335885963288740147      
   6.46093550231619010186892285362249019      
   6.46091388181085489128749557660112953      
   6.46089078504520798281274887725214528      
   6.46086614359429400727214079185396059      
   6.46083988247279114761434839004926787      
   6.46081191965582486639030454867246568      
   6.46078216565219727548504991105854590      
   6.46075052317422068205286885989105115      
   6.46071688692912013912902338873011297      
   6.46068114339088855234367376335057999      
   6.46064317078982617795986341830408415      
   6.46060283896216255767766513538356380      
   6.46056000942640463244888061361303793      
   6.46051453545399556105972045410024092      
   6.46046626224218816466829039466514608      
   6.46041502698548265061867809824088715      
   6.46036065923457503425402888187644248      
   6.46030298098402532023412682299254864      
   6.46024180694420171407078782997443850      
   6.46017694476984065677920878622009988      
   6.46010819539914599890411291112039517      
   6.46003535328667712289026978706907521      
   6.45995820656107094824744114468656435      
   6.45987653735453927220980903029225262      
   6.45979012202361841755232816212024470      
   6.45969873126909419304740342659138718      
   6.45960213034555510956082094522693350      
   6.45950007922134285215817547264433135      
   6.45939233262866798674888534900774360      
   6.45927864011599452959474453724549244      
   6.45915874613559206187456426997199936      
   6.45903239008276079732410490612905177      
   6.45889930608810575176554907593430307      
   6.45875922297355416150974001380852459      
   6.45861186407714172077468155273864687      
   6.45845694705962384882290528117354507      
   6.45829418365139160505259645354023386      
   6.45812327932859116095571799812124548      
   6.45794393288415868263167765954392102      
   6.45775583610493361170456992806135058      
   6.45755867311873646091446820135869604      
   6.45735212034836137543844017343305688      
   6.45713584523572545055485153988520030      
   6.45690950600923361017807592788380690      
   6.45667275045155839066404079481437790      
   6.45642521620370486960476895144888767      
   6.45616652848819179732972283427873521      
   6.45589629950485954190716274768271658      
   6.45561412918833841072110599024974103      
   6.45531960176607616230852351444294906      
   6.45501228598578199745366137790827644      
   6.45469173237184171415659583424325418      
   6.45435747474806982513493263772103796      
   6.45400902588155521184277626644962869      
   6.45364587727930151642695301735852139      
   6.45326749790509786747463559151681430      
   6.45287333194684084362984131023834307      
   6.45246279712820444621479334730994671      
   6.45203528257035556603970867193900083      
   6.45159014717492560002431133521611986      
   6.45112671762255404252538974799267283      
   6.45064428528574867122857547297450799      
   6.45014210420509619994423319527551761      
   6.44961938871370917868037960331569899      
   6.44907531049651316294381945225142527      
   6.44850899501716398991211859990437971      
   6.44791951980797686330863523768749252      
   6.44730590944031902009590347454692270      
   6.44666713294588928562957941224591182      
   6.44600210003251997741572736136848419      
   6.44530965637737805024765283373122994      
   6.44458857939394156938016281214515006      
   6.44383757409908073093431242199704306      
   6.44305526705525262917343395373619523      
   6.44224020174983724831090007921965755      
   6.44139083282007191603565331408910348      
   6.44050551869580492961879483657169783      
   6.43958251615225705725928497338469905      
   6.43861997202963917960947705685606943      
   6.43761591576805491108577199661145295      
   6.43656825072185622848974577557968739      
   6.43547474485926543527945856363026489      
   6.43433302070836671148433790720518983      
   6.43314054447021618471451943732334887      
   6.43189461404933791311340592960441538      
   6.43059234614590310317844071927565909      
   6.42923066214027000912227862089619701      
   6.42780627251175101287060658019032933      
   6.42631566042388471259340697886710364      
   6.42475506294747409024467130142679117      
   6.42312045045546952108317013616418078      
   6.42140750561688104658646249468359584      
   6.41961159829962748265558951604660930      
   6.41772775926977852485962620706510800      
   6.41575065099453764069892447171570684      
   6.41367453584261144678730811358590841      
   6.41149324082200953629102557226365540      
   6.40920011977487332521102697347369578      
   6.40678801144655805418710943312979262      
   6.40424919446145714739186513360466467      
   6.40157533862257660601730805256333105      
   6.39875745287728841938177441113361771      
   6.39578583007707834088376741237981978      
   6.39264999013213132907825471652246102      
   6.38933862155469418270222331835970575      
   6.38583952430161366578430915892846647      
   6.38213955597293042073087370717465164      
   6.37822458593477237491379548352354482      
   6.37407945828896547510300081116842007      
   6.36968797641565292849320109327364625      
   6.36503290556095828860050414619917377      
   6.36009600618267041220169072565447448      
   6.35485809873805123069939483113174253      
   6.34929916561692879949069527570107062      
   6.34339848672801163913101964970633710      
   6.33713480646790192777728482460127899      
   6.33048652379830983090757645353655982      
   6.32343189391552433809518956646100733      
   6.31594922918077658132333414886318414      
   6.30801708555713753439389274009522593      
   6.29961442516053975299450096416595402      
   6.29072074590738297674499539420734022      
   6.28131617561157887143403181714316330      
   6.27138152936217736206772360572022352      
   6.26089833566718680322096130482929631      
   6.24984883195951571655451067918396954      
   6.23821594161654625571262971265827773      
   6.22598323315670336237462359837559338      
   6.21313486867722677128865823242167106      
   6.19965555101091055465769493643834818      
   6.18553046211413416349658410286024472      
   6.17074521213446843942101117608465074      
   6.15528577851822746360834939130190419      
   6.13913846458593605741947506614521903      
   6.12228984990056306344895996920062963      
   6.10472675114828919285846717417888235      
   6.08643618803295544723285312507251432      
   6.06740535265748031782580853745468290      
   6.04762158290910976681505193988635221      
   6.02707234062905145908930539358820225      
   6.00574519262303103825024399392827481      
   5.98362779529720968333424538615264063      
   5.96070788189283340546842629663147000      
   5.93697325113158056104274390670579980      
   5.91241175919017763615152524491420234      
   5.88701131272496279157539879684961181      
   5.86075986314598249033111990622065667      
   5.83364540238860722887014661401669503      
   5.80565595976176566044563812231567748      
   5.77677959850586806034647464033314467      
   5.74700441414230075959723364704690434      
   5.71631853254322398041970124985274918      
   5.68471010782745641990703052155702095      
   5.65216732135376352241582270261214607      
   5.61867837884054257989923201100817828      
   5.58423150950838657011809543198238467      
   5.54881496282010245454012507777167683      
   5.51241700548251923952645313693230384      
   5.47502592019370844187824497392364883      
   5.43662999951265069396006529111022929      
   5.39721754324321065202111348813519831      
   5.35677685359709352611128691692805801      
   5.31529623043453634917036723527531131      
   5.27276396585101301481978922612857919      
   5.22916833910928175410538705367974715      
   5.18449761041723112243225942016400801      
   5.13874001522245418530015324334605878      
   5.09188375886115120807011315479299079      
   5.04391701000687909940520499232718763      
   4.99482789560548935565511907532229917      
   4.94460449512158410492278677771836372      
   4.89323483505915592227368429499056445      
   4.84070688450280710000119076973625878      
   4.78700854995385201531249124989760506      
   4.73212767166433232174374035092262719      
   4.67605201912023723808602579206310156      
   4.61876928792556626790220003737639152      
   4.56026709643774088448754887157154588      
   4.50053298359176342535134670069347085      
   4.43955440599315134793430919223638275      
   4.37731873592770433352722166334208029      
   4.31381326002182313789255505795762327      
   4.24902517825352238733364080495493232      
   4.18294160165003189372054216146566005      
   4.11554955275491130171058054484640285      
   4.04683596404578398375176580002295542      
   3.97678767867243304553643338998819180      
   3.90539144911096746810335215836134863      
   3.83263393773954806242570856898592029      
   3.75850171722671163486632707249882676      
   3.68298126970249603731055099764337396      
   3.60605898856446659392775115334186965      
   3.52772117735906678226818235124249350      
   3.44795405087504564778689402071597505      
   3.36674373582716003520090307626792349      
   3.28407627162914638390512903311391935      
   3.19993760941265355949604563513805300      
   3.11431361484704903052398445586486119      
   3.02719006683534070451531690354879992      
   2.93855265925381779372078807006678926      
   2.84838700090636097691369556630802843      
   2.75667861658363566272918405946553938      
   2.66341294689488896845110216061677749      
   2.56857534997627461286633016861513723      
   2.47215110099092306959312326571608388      
   2.37412539320985111203333893858585002      
   2.27448333833971893172465524018836177      
   2.17320996705673631644286547500162528      
   2.07029022959019193894140270327622438      
   1.96570899597020735794008557270665794      
   1.85945105668650058900472123165226927      
   1.75150112286582958534208204351794147      
   1.64184382707182493384653810423317728      
   1.53046372327454592966100419220743154      
   1.41734528730766133373092472990690462      
   1.30247291733850011911361217747395492      
   1.18583093421338176609054222485926618      
   1.06740358186882158718797274711249209      
  0.947175026876672506588273625708886753      
  0.825129360051039193124372709435464373      
  0.701250595378018491368783870177925836      
  0.575522671596607811683827093668140443      
  0.447929451177817494871876220298181358      
  0.318454720737697076859491965250023777      
  0.187082192768913704167139537100587699      
   5.37955033989200974840628608003577832E-0002
  -8.14217849678942966484605320539621268E-0002
 -0.218586185562048746359467873845640213      
 -0.357714285283715596352186530430615028      
 -0.498822746388602708912869384616664713      
 -0.641928304233764915420755785099789120      
 -0.787047768631747539686458846479907460      
 -0.934198023758228652081815476462139915      
  -1.08339602642667591535344408406025175      
  -1.23465880902965458421984727227001118      
  -1.38800347439449063278827051738979953      
  -1.54344720217371364706270778306275441      
  -1.70100724249015438246961708645181960      
  -1.86070091951196653235106468581250507      
  -2.02254563261899363053473118134887356      
  -2.18655884923491545884992255239662500      
  -2.35275811531207603550195560352343545      
  -2.52116104480767302079039164080724593      
  -2.69178532673894986941358758263955400      
  -2.86464872335161225485547244876096019      
  -3.03976906711366803148856036100861077      
  -3.21716426382447405100381797763420734      
  -3.39685229357165302272247701483276126      
  -3.57885120541080253036079459081682146      
  -3.76317912192756888403792235981920115      
  -3.94985423973352794074639304397261649      
  -4.13889482465779733482976662101685554      
  -4.33031921452375498964976218894980594      
