   6.46114229515578832787994501293249882      
   6.46114229515578832787994503858969363      
   6.46114229515578832787994507460013469      
   6.46114229515578832786445253264715027      
   6.46114229515578830736877830827186993      
   6.46114229515578543430523330540439142      
   6.46114229515567986084553771007332970      
   6.46114229515405411085426356474705888      
   6.46114229514024780706460362915286860      
   6.46114229506340386795102938093417994      
   6.46114229474944116454470152032080010      
   6.46114229373255762115414359038354229      
   6.46114229097773987430446002640269516      
   6.46114228449084290521726694766152889      
   6.46114227083410622851646694887126643      
   6.46114224455776934422851898464465594      
   6.46114219769051490564100340963075119      
   6.46114211915224511959751089010036428      
   6.46114199424398482986087090418334672      
   6.46114180423515006131325588713472314      
   6.46114152603598704142617313946288655      
   6.46114113198128240031457406102400468      
   6.46114058973778167676872730600921728      
   6.46113986234535812208966695348939854      
   6.46113890839873436892271539400528793      
   6.46113768237147052475554425700031215      
   6.46113613507674846915592439664814488      
   6.46113421425071413692365125900196811      
   6.46113186523490456732183038101832780      
   6.46112903171326830495191795834331608      
   6.46112565649667713007831702203562956      
   6.46112168233778126344170996832824904      
   6.46111705257165988990506936187890800      
   6.46111171176536533268135792946444304      
   6.46110560620987889672540884600085182      
   6.46109868426449544558573984174429512      
   6.46109089652585212270844048766490080      
   6.46108219588031331920008213287421513      
   6.46107253727758670388673133003366224      
   6.46106187758866010323106008332411020      
   6.46105017493253119323959854559321981      
   6.46103738820599334834932714731211306      
   6.46102347639881259328874850732378836      
   6.46100839785426734663461833612982513      
   6.46099210948105424807796659797326975      
   6.46097456592564804117500024322838763      
   6.46095571874324114719728287249785631      
   6.46093551570855084514671832638155282      
   6.46091390002933760991049267928108821      
   6.46089080956344045618758520657147689      
   6.46086617625735541422166465133016800      
   6.46083992557146755089390401800556648      
   6.46081197601185113221799724080283936      
   6.46078223872191876758635758959273919      
   6.46075061714188954929646341395353500      
   6.46071700684348426745454762452631949      
   6.46068129530987169237147263377562563      
   6.46064336192832765519395272841261081      
   6.46060307786890232701117199950455988      
   6.46056030617705316523741337348531006      
   6.46051490186450340274806399448562817      
   6.46046671210358969335284584852621788      
   6.46041557632148073728397078064220462      
   6.46036132658321139991771856355689125      
   6.46030378770481967234859732388198851      
   6.46024277755210171062320287996979676      
   6.46017810729742216459418562216736649      
   6.46010958178838795828595613679492780      
   6.46003699981196472742109724746274488      
   6.45996015428476705293566921073677788      
   6.45987883261662925859484116574154892      
   6.45979281696719081587482571970947275      
   6.45970188440309579476312931609348086      
   6.45960580714654958685179345589085796      
   6.45950435277605014265674716911810586      
   6.45939728431901617721559288510743812      
   6.45928436034866568096565869708928978      
   6.45916533511763876764833069325452069      
   6.45903995864583739768231845179374825      
   6.45890797656326826902338306838297158      
   6.45876913011868842358711403706795682      
   6.45862315605938168939456507696760715      
   6.45846978649554079999727529804462295      
   6.45830874870721809219044484946339646      
   6.45813976488352567061792208332198313      
   6.45796255176050423989548926038598250      
   6.45777682036351179672545885035159875      
   6.45758227543138118432310859309215760      
   6.45737861544773746464038263504750939      
   6.45716553143390918267259735652792463      
   6.45694270681085017139455959138157575      
   6.45670981625722290234809215384772767      
   6.45646652609115885357270824482330016      
   6.45621249211796396469360094002582889      
   6.45594735908023093854561668524248822      
   6.45567076158569988905905473723527063      
   6.45538232073689138161269018934495074      
   6.45508164449315862530175775500256861      
   6.45476832506015609549907735996446503      
   6.45444194053534147084587590818649322      
   6.45410205071171198156380527079673402      
   6.45374819701109325200368406468827548      
   6.45337990139372403659015187792897495      
   6.45299666425679455721444193399057923      
   6.45259796297054360310852427624373865      
   6.45218324990570837744824029478513714      
   6.45175195104716333477559277796591328      
   6.45130346420800059430998292767034859      
   6.45083715631578456064636697289036687      
   6.45035236105688141610609703060849073      
   6.44984837782975115292291953525993638      
   6.44932446815081951658776967497924958      
   6.44877985282294671656786493019032856      
   6.44821371049504135757352930109331958      
   6.44762517297945440252788063368674622      
   6.44701332309100957182501453145143700      
   6.44637719126381602073014840461070202      
   6.44571575130520474229874153769938715      
   6.44502791665894614696903019114711651      
   6.44431253679155461577830490461829084      
   6.44356839170653967745959209042112752      
   6.44279418797642662180755444036960359      
   6.44198855348792266208360136878544068      
   6.44115003106169957663942566480179027      
   6.44027707352140730315740403859984074      
   6.43936803640491479475954251800394696      
   6.43842117129625040596575560758906480      
   6.43743461820550581623976886187688569      
   6.43640639724647906449510244253657139      
   6.43533439972351022057256392117515764      
   6.43421637842847448810152457690398286      
   6.43304993696527534450972724908692638      
   6.43183251819086616657684804534250816      
   6.43056139149881310106554505740062932      
   6.42923363896578345061815934618256193      
   6.42784613997690074484777622973630245      
   6.42639555483768775039934956272840599      
   6.42487830485178008579854090535205752      
   6.42329055372278620627805954174866147      
   6.42162818369145925645538457085544617      
   6.41988677053833073065681514292385928      
   6.41806155567597315617989918665117826      
   6.41614741500694798927805242153353705      
   6.41413882428944280928066286316778211      
   6.41202982052072151968821370067475823      
   6.40981395917010951883885856648873649      
   6.40748426637376662027920319521255733      
   6.40503318639123697986115002313427111      
   6.40245252374189812533549725422797327      
   6.39973337984633036317896774429642859      
   6.39686608576708730078176443125672126      
   6.39384013028342635206364108845496674      
   6.39064408646877354869136239278317357      
   6.38726553867231983493485854039946290      
   6.38369101563611625931434774296606143      
   6.37990592937103673493458364337278419      
   6.37589453789185798639613496850254010      
   6.37163992566325140355806883514569249      
   6.36712401879285519520494034372149867      
   6.36232763841432516720404819922061586      
   6.35723059721686044587616385307223931      
   6.35181183999299878899501788079776938      
   6.34604962406943609793118767170307834      
   6.33992173032966495676471409595138807      
   6.33340569292818263826683851070653659      
   6.32647903158968731931513196355990255      
   6.31911946992514927922721257580295724      
   6.31130512820091521212449651391439487      
   6.30301467969300282259229445373620685      
   6.29422746439432408101135065593989235      
   6.28492356445261772689894457774836466      
   6.27508383693822782076755812667786809      
   6.26468991671655174368262356973329255      
   6.25372419382272344430833355104883276      
   6.24216976938413338767481520564349254      
   6.23001040195417572755645227419049147      
   6.21723044715163912030414688001246671      
   6.20381479351941209435299131993228603      
   6.18974879734292015803112448972315933      
   6.17501822673521310631318384042749950      
   6.15960920559862905319865125149412157      
   6.14350816142112999208145067776258576      
   6.12670178178957201350341838713312281      
   6.10917697636186311219557253915230101      
   6.09092084099391831153669021261129697      
   6.07192062915138774080148384370870818      
   6.05216372714145731454962100570214788      
   6.03163763280091354014166197471864545      
   6.01032993833735897876834167204157004      
   5.98822831606457131493694756202834801      
   5.96532050599145593444263959292463831      
   5.94159430684285731214012868694223162      
   5.91703756844031779353759077205312853      
   5.89163818597985538165826350943078950      
   5.86538409526702888044361719539784679      
   5.83826326934530399203148125745451890      
   5.81026371608126077801852633020923129      
   5.78137347619708040643232066758520392      
   5.75158062196461638640095980403817149      
   5.72087325592400170002510056278026972      
   5.68923950993918522402355868723142637      
   5.65666754367863135281850689382045572      
   5.62314554403294582984856039589870949      
   5.58866172275173498142661734443852265      
   5.55320431440595252720432674293359880      
   5.51676157535316792756669010251144421      
   5.47932177855777446755584357587615614      
   5.44087321169610467241217855596398177      
   5.40140417228454248009374534359386356      
   5.36090296407565378058389148934587714      
   5.31935789131560801481789119836427927      
   5.27675725420584195264254075309581028      
   5.23308934207236014315960075914386326      
   5.18834242898050621447631611098841017      
   5.14250476668828426514852165840861021      
   5.09556457863263151260213817411359535      
   5.04751005460801013010306215227581585      
   4.99832934400220570324492993149753335      
   4.94801055035437245287289444996501287      
   4.89654172593202211340578281486408709      
   4.84391086635245715114230400725032092      
   4.79010590573811933081751819183656543      
   4.73511471240340385954867477244300056      
   4.67892508404582538234438107284729329      
   4.62152474470591222149934880234136123      
   4.56290134177966877695138489530443038      
   4.50304244174656936632191221337854631      
   4.44193552909063842069027781523966555      
   4.37956800317410796219530758396557302      
   4.31592717738887845329982651235033274      
   4.25100027675199136404705137316505246      
   4.18477443710376450714010069826083937      
   4.11723670402421340889269963035147234      
   4.04837403318254382653621943111845931      
   3.97817328842582906792804521699011381      
   3.90662124268749468192679169269402312      
   3.83370457719208007397064504368607630      
   3.75940988213989763662877158981459159      
   3.68372365638282907144973838355130981      
   3.60663230825073230287726519799748465      
   3.52812215542497624370837805445564903      
   3.44817942553982028022675742910434225      
   3.36679025698665791994830646819188004      
   3.28394069939157761382639092902502931      
   3.19961671399024479017921128145651338      
   3.11380417382432471394643271334150650      
   3.02648886559342094643396533452074880      
   2.93765648922166748166289779441512505      
   2.84729265877340819810284706029659789      
   2.75538290320431764582895520446162406      
   2.66191266665043765938709476039559947      
   2.56686730960041057732624774240439988      
   2.47023210890811232186605545302629826      
   2.37199225870610578995683277253843669      
   2.27213287064627550089722642798717503      
   2.17063897492729498097949198463572038      
   2.06749552023819920023584861642749947      
   1.96268737463573572099136165120789345      
   1.85619932580690590671680828903796231      
   1.74801608186672342217640228254867907      
   1.63812227125514409875914026424711211      
   1.52650244353958403596335950857606311      
   1.41314106947145874345141963448425644      
   1.29802254204853380024793897867653046      
   1.18113117616257898318616195260087581      
   1.06245120894212523597636855213956738      
  0.941966800186386358888310579797323778      
  0.819662034247818624768249963097622727      
  0.695520916970785450002211588777782807      
  0.569527379165860475121391466211828239      
  0.441665273961157272132304952137260746      
  0.311918381167279057431381044992443726      
  0.180270402511041041440678365530939099      
   4.67049663035734161164108030954263796E-0002
  -8.87943760217587416434685395802440319E-0002
 -0.226244146658280919949924658999338283      
 -0.365660943375147607640680646704599186      
 -0.507061437530450860400660203814112620      
 -0.650462376662456314922106733917263949      
 -0.795880580618310703805158962995186811      
 -0.943332944335619038889920335879406705      
  -1.09283643707275170853843154697857707      
  -1.24440810019742722895417904094663070      
  -1.39806505192786950077916414717841289      
  -1.55382447991153679474630937864319995      
  -1.71170364894751077307142423129641745      
  -1.87171989480583310705932650853087234      
  -2.03389062673390046790703287631328433      
  -2.19823332878199517173163913227234165      
  -2.36476555520598064103776202621208436      
  -2.53350493505873405789037698289340738      
  -2.70446917099291543503099772340783247      
  -2.87767603508399683723610367222361385      
  -3.05314337459828648031966631193566605      
  -3.23088911043353105018358555698455413      
  -3.41093123165180792822759337047374516      
  -3.59328780295337804169475721615046903      
  -3.77797696188222789208078532537748926      
  -3.96501691501374930629019338810683136      
  -4.15442594274574149491886246223848285      
