   6.46114229515578832787994501293249882      
   6.46114229515578832787994503858969363      
   6.46114229515578832787994507460013469      
   6.46114229515578832786445253264715027      
   6.46114229515578830736877830827186915      
   6.46114229515578543430523330540439065      
   6.46114229515567986084553771007326191      
   6.46114229515405411085426356473141802      
   6.46114229514024780706460362804759204      
   6.46114229506340386795102934672250737      
   6.46114229474944116454470094095894041      
   6.46114229373255762115413736082890448      
   6.46114229097773987430441286139014287      
   6.46114228449084290521699615254877088      
   6.46114227083410622851522181817793925      
   6.46114224455776934422374180049607253      
   6.46114219769051490562522045895985893      
   6.46114211915224511955149216977441255      
   6.46114199424398482974012603338954930      
   6.46114180423515006102364464990404323      
   6.46114152603598704078282153274706156      
   6.46114113198127760373524751380111673      
   6.46114058973776517658750131232345707      
   6.46113986234530666225371742577361273      
   6.46113890839858714984474466230773088      
   6.46113768237108033039971147602135681      
   6.46113613507578223427526818006255859      
   6.46113421424846245920656276076041657      
   6.46113186522993574988767071282563307      
   6.46112903170282922359879107269951181      
   6.46112565647569885739514840090700941      
   6.46112168229729052430224810898990174      
   6.46111705249632705588269177430490603      
   6.46111171162983527982840297294180092      
   6.46110560597343270153312225839959905      
   6.46109868386347918271941436128564662      
   6.46109089586318506670073629131541812      
   6.46108219481125318071465568752616693      
   6.46107253559078599495980256773987378      
   6.46106187498139738106419347427723193      
   6.46105017097884592274935323373356801      
   6.46103738231629554137148275729338610      
   6.46102346776938026959391029364702725      
   6.46100838540488804294730076183522106      
   6.46099209177891292493633580751548057      
   6.46097454109341420941060780285776234      
   6.46095568434916400818874399729928321      
   6.46093546863623368941622136047952653      
   6.46091383632473228429553590842508455      
   6.46089072425648003103941771972559350      
   6.46086606315552837795960980869027687      
   6.46083977702253027928192649301958495      
   6.46081178263277686014006271486100874      
   6.46078198908450639521607291550171305      
   6.46075029744264416211566435387580947      
   6.46071660049705599967333726902603198      
   6.46068078251707495751757514523983653      
   6.46064271918979865076810830666535758      
   6.46060227744592253190482800158624297      
   6.46055931549614339564636763589247607      
   6.46051368286234058031257628828837009      
   6.46046522050874914613523148848178497      
   6.46041376086945908343632993400518134      
   6.46035912816113699352904644499427768      
   6.46030113842220220412119581377671366      
   6.46023959973392376027006321028002914      
   6.46017431239580892583082647591418141      
   6.46010506920904107322755287366116521      
   6.46003165565143699481825001221768983      
   6.45995384997461402218911297119497359      
   6.45987142347035733506300011139829508      
   6.45978414062579644783636462273272626      
   6.45969175917490364295231151779694287      
   6.45959403023689433119512061104993489      
   6.45949069840218590827842283692468257      
   6.45938150170548577086592383689208684      
   6.45926617159812861823489599444918546      
   6.45914443295199941278408061585482929      
   6.45901600401216994088976560411885168      
   6.45888059609883654653909765213323104      
   6.45873791346905397084388857473213423      
   6.45858765304325391560228975593774842      
   6.45842950410961090886356726063956042      
   6.45826314796389284260434230683321678      
   6.45808825747397586235056884475763700      
   6.45790449653490700706322820205813704      
   6.45771151962038442375298298935757255      
   6.45750897100601820512381366944633991      
   6.45729648458748681666191780475194542      
   6.45707368246462936614496365087143096      
   6.45684017455508207091545906322484043      
   6.45659555721877684053139315162095058      
   6.45633941338111432152870663738188588      
   6.45607131010829430866271806656421963      
   6.45579079777677906392146351252647175      
   6.45549741069384586943364750415200796      
   6.45519066341301788445079255755238220      
   6.45487005075791769231467816637279192      
   6.45453504485435483167786400162349920      
   6.45418509639877312458837017339234207      
   6.45381963005881015732087670715236366      
   6.45343804398136000130506932013523502      
   6.45303970824538216064177970760769386      
   6.45262396228131185584339698773632155      
   6.45219011288797149970106829288054802      
   6.45173743171364527023983304348680684      
   6.45126515328076164460699751593903195      
   6.45077247257345029657726739025095121      
   6.45025854151681291649234847179065965      
   6.44972246641222087817210740286242311      
   6.44916330539519904471932112906233789      
   6.44858006447362628511356556072454501      
   6.44797169369762477405730044611918815      
   6.44733708476380185255308009583861790      
   6.44667506530627503873254939623094657      
   6.44598439562646494718106583897303712      
   6.44526376411989754232375470668239137      
   6.44451178174289981917051664939435919      
   6.44372697688765231904702849245572326      
   6.44290779027092527679141111522167752      
   6.44205256782917606972833692397853566      
   6.44115955499787669913442037967946317      
   6.44022688957967143551286474679934476      
   6.43925259329148290392136840240996852      
   6.43823456465427145555975177465111736      
   6.43717056929387061650540377318067881      
   6.43605823070545228922670522157260661      
   6.43489501983706074719469313753424170      
   6.43367824377166635421981955114239717      
   6.43240503357640874301774683107379214      
   6.43107233113056059984721536767460389      
   6.42967687472859901616731342349952313      
   6.42821518355317331738996760270559638      
   6.42668354074351751427250502608021236      
   6.42507797509118079366226504733361579      
   6.42339424101126138579843172228302149      
   6.42162779695602148748340180767778266      
   6.41977378192189790332386427234952606      
   6.41782698997914674319510862630090318      
   6.41578184278942403663830859799660550      
   6.41363235977397997244641789913158746      
   6.41137212619568217949441944488552544      
   6.40899425884763000939752784588766534      
   6.40649136949935911549976987279572071      
   6.40385552612316900793986417454836700      
   6.40107821236734595207721002887760177      
   6.39815028515757591020154336118673727      
   6.39506193163833416860559826712825344      
   6.39180262587286775112403466535081443      
   6.38836108627324764681000648755969021      
   6.38472523632170010170867205218015220      
   6.38088216892701460962095327232764584      
   6.37681811804497595650461209264918778      
   6.37251843957156200871997758562142351      
   6.36796760564232645330387669326106639      
   6.36314921381973195937648554435106883      
   6.35804601671235311064801749865974685      
   6.35263997256236902909886689012151275      
   6.34691231972090641194937673088646405      
   6.34084367489709120004801435481396667      
   6.33441415357196238412713908708061042      
   6.32760350882443030377069556104051319      
   6.32039128245933504303453652037220880      
   6.31275696045790357340194190821759732      
   6.30468012549122340269115614108651565      
   6.29614059768071719680150065583574892      
   6.28711855560894111543761171624164650      
   6.27759463460323247003620802225840862      
   6.26754999847332669407572385524126842      
   6.25696638330311865437351496762690770      
   6.24582612027620939867843377184878747      
   6.23411213276028972117169579616565734      
   6.22180791997358598606682619525207704      
   6.20889752692238256877816219633916095      
   6.19536550498667084298680433823673102      
   6.18119686897981859142227592262372503      
   6.16637705236333793087078471362625156      
   6.15089186144732776843754791761483956      
   6.13472743028190730490061929688540870      
   6.11787018303410344927438759491451023      
   6.10030679662804564366444081798451150      
   6.08202416548733219852514611574474265      
   6.06300937308219589051036274488682529      
   6.04324966727289318691651351931778090      
   6.02273243639583388133117752781754946      
   6.00144519061977947744055596946815394      
   5.97937554578812525289587984454794668      
   5.95651120930828375137898764305496704      
   5.93283996893529643907515746010841583      
   5.90834968330347481005881090553175947      
   5.88302827332015071584957214926722969      
   5.85686371607050934976206308757583707      
   5.82984403929127930718962000151255362      
   5.80195731689193530053158460807858311      
   5.77319166500035918827296628533853280      
   5.74353523853778724837613688069387871      
   5.71297622840421858920264945857226214      
   5.68150285856548184240654831468475595      
   5.64910338338783618888622752832494679      
   5.61576608466510561770365720466188122      
   5.58147926870482763324020734336664944      
   5.54623126259067134750435186995439587      
   5.51001041126342237166778882889560954      
   5.47280507272074583958662023164350731      
   5.43460361386709239883748130058474931      
   5.39539440595889569776712502726722506      
   5.35516581892063569452405106907135983      
   5.31390621624515599952204281560482761      
   5.27160394863352302324200353345037248      
   5.22824734893222632518552678423546322      
   5.18382472521410367081632702921126860      
   5.13832435544378686990293342002827774      
   5.09173448024602428896810365346537381      
   5.04404329844301417634986422757288663      
   4.99523896032923791469199406833396524      
   4.94530956228784381427902702153751368      
   4.89424314248507703965916336043717612      
   4.84202767512137280515456011884063748      
   4.78865106681555491990339715658409675      
   4.73410115246339495149768136653132458      
   4.67836569178804788123335818363490551      
   4.62143236635147222018762528166446001      
   4.56328877711381066300759088850003449      
   4.50392244157639278290196440684931708      
   4.44332079260379353101328663933149246      
   4.38147117722739801343429720954505320      
   4.31836085428329254423723737420510880      
   4.25397699466686969284718639545364231      
   4.18830668028120106386861620811549833      
   4.12133690346153062041478315360897534      
   4.05305456730151787572898436533233762      
   3.98344648509733664649077283986260373      
   3.91249938034129191656754412548383359      
   3.84019988807463049554695975750590876      
   3.76653455370708423380301801236822576      
   3.69148983452204597660836823571568872      
   3.61505209943546215396319137902828001      
   3.53720763013199095780259864575177027      
   3.45794262108763812723920389156132086      
   3.37724318059199451376902098806406387      
   3.29509533096237996745637114530172803      
   3.21148500889362007561938016346124397      
   3.12639806732834318769236129967796556      
   3.03982027442842346970185265894301161      
   2.95173731536760965568329479986200992      
   2.86213479186454039895191396569631767      
   2.77099822387424580147087622657657398      
   2.67831304934162489803466795827553102      
   2.58406462489239770699680976830280222      
   2.48823822648625031939788591466721579      
   2.39081904957014552541846996237931723      
   2.29179221010101226802728481379354350      
   2.19114274445536255379928426792472537      
   2.08885561019842015161588010573001889      
   1.98491568597224075700767344179064022      
   1.87930777281475050951031473362874694      
   1.77201659351959034491786776749000380      
   1.66302679358158336386279726565474831      
   1.55232294127830239814426266699493867      
   1.43988952829825097555345428103513537      
   1.32571096952242193359369640089382490      
   1.20977160371290522436509627726271422      
   1.09205569345577494509244364395869584      
  0.972547425976172533638383350008636323      
  0.851230912815526047193723193820914780      
  0.728090190001743390331009435857449289      
  0.603109218741456896576359686871282874      
  0.476271885650751466612712804136104327      
  0.347562001953247752194931541806636858      
  0.216963305394322180448104986978597693      
   8.44594577210386671703215735908734820E-0002
  -4.99659511559740953285126217241408049E-0002
 -0.186329407594307434758572132630180539      
 -0.324647469949561090075768452457651707      
 -0.464936772025746284890699920393134656      
 -0.607214019857434966820622395337849362      
 -0.751495993853829733378466150403739305      
 -0.897799546694027885519718309958314606      
  -1.04614160609636521005997039266308027      
  -1.19653917101970540060077477906793777      
  -1.34900931436421570521371735698398918      
  -1.50356918246565385997071227368847710      
  -1.66023599270418881990850929194786296      
  -1.81902703838561265941559018710447696      
  -1.97995968148573673594189036431135032      
  -2.14305136022803921426014861785353577      
  -2.30831958306763327882676751907974430      
  -2.47578193105804094629158221121797659      
  -2.64545605952143648989328227066124963      
  -2.81735969316769159028764983330929728      
  -2.99151063085138252308997806506693838      
  -3.16792674443252110526890044525679045      
  -3.34662597468552570956974897987495940      
  -3.52762633683022112380040164356470286      
  -3.71094591923233627524174181026960359      
  -3.89660287804768986108106246170915542      
  -4.08461544434504086824968279704027626      
  -4.27500192167487371878878092928137746      
  -4.46778068216533624435549277863497151      
  -4.66297017131615052017971774081138167      
