   6.46114229515578832787994501293249882      
   6.46114229515578832787994503858969363      
   6.46114229515578832787994507460013469      
   6.46114229515578832786445253264715027      
   6.46114229515578830736877830827186993      
   6.46114229515578543430523330540439374      
   6.46114229515567986084553771007330120      
   6.46114229515405411085426356473968565      
   6.46114229514024780706460362858830612      
   6.46114229506340386795102936232931996      
   6.46114229474944116454470118900297393      
   6.46114229373255762115413987760602336      
   6.46114229097773987430443092423183225      
   6.46114228449084290521709482873272092      
   6.46114227083410622851565488518986863      
   6.46114224455776934422533203407584400      
   6.46114219769051490563026143936242588      
   6.46114211915224511956562873417382567      
   6.46114199424398482977588777249661822      
   6.46114180423515006110656087505543539      
   6.46114152603598704096142713729391330      
   6.46114113198127912969082868530899497      
   6.46114058973777032986189457908574455      
   6.46113986234532246042025542082712733      
   6.46113890839863162825732785853127263      
   6.46113768237119646667850726035279291      
   6.46113613507606581958603388520798136      
   6.46113421424911468237617005109616384      
   6.46113186523135733772499163116564795      
   6.46112903170578128804279999399032248      
   6.46112565648156647955843284957663160      
   6.46112168230849881767770176755190456      
   6.46111705251697614708092335494317466      
   6.46111171166664035178803345910178321      
   6.46110560603707785735108858072041562      
   6.46109868397051918276530031825844700      
   6.46109089603865662973941158027834009      
   6.46108219509218712523531132053288431      
   6.46107253603084253147722081654120868      
   6.46106187565687888238360651349901654      
   6.46105017199637399110420541520635113      
   6.46103738382247167731830752240739362      
   6.46102346996278150710148089231905219      
   6.46100838855078013897479515915347137      
   6.46099209622709377404040948134723566      
   6.46097454729962883049294102764805549      
   6.46095569290055928413642064497150204      
   6.46093548028134671341812690118594969      
   6.46091385200852882135052568557418014      
   6.46089074516098144108703304168039019      
   6.46086609074658450798102565447487792      
   6.46083981310331320489057584299896140      
   6.46081182940458583086100798108491740      
   6.46078204921567738714999656197441383      
   6.46075037414528800690271163219775636      
   6.46071669761398963366201595990970834      
   6.46068090461780438150159625293906102      
   6.46064287167718992881379096961644914      
   6.46060246667392489590716113015002182      
   6.46055954889925558535610491140113555      
   6.46051396909747859907340870378271209      
   6.46046556961018289105496412713137915      
   6.46041418441748472765099049312162243      
   6.46035963946517490472445910135580954      
   6.46030175271898134546922549608992669      
   6.46024033440146353850072653663112108      
   6.46017518718387242006635749116871305      
   6.46010610648683491755924248514577405      
   6.46003288067315611376028608539961724      
   6.45995529116366249622896717083916374      
   6.45987311272301497557418475207461298      
   6.45978611363498016258708534196372173      
   6.45969405577493240512308214370168340      
   6.45959669477004002482418170845310298      
   6.45949378010783029484575536239618334      
   6.45938505513280185636073662614069739      
   6.45927025704313681910383738239467038      
   6.45914911692019481106815627771298777      
   6.45902135970740782432697839630142740      
   6.45888670393965404948211080690807078      
   6.45874486163366749810175177338665180      
   6.45859553804441465135069615547210443      
   6.45843843140039638436171754702406294      
   6.45827323257600832265285100354906582      
   6.45809962468982588364351702798128756      
   6.45791728259445036553713760694965305      
   6.45772587246740204090846285257473028      
   6.45752505107013387309758975622315316      
   6.45731446560810820843100321659981901      
   6.45709375235636285393979935428663670      
   6.45686253632108330110929057703927507      
   6.45662042990786643306173672904440497      
   6.45636703309844550203772263143081028      
   6.45610193106575968463147112649278564      
   6.45582469342860618160264288396234876      
   6.45553487489112927588760841593472332      
   6.45523201164752625246441360942047352      
   6.45491562146281542409603725074376401      
   6.45458520077129830698932847254652702      
   6.45424022602703917006294940795623153      
   6.45388014917269482320463275355089466      
   6.45350439724105910680552488929492027      
   6.45311237087772118439732208749011165      
   6.45270344188108286452658778440077360      
   6.45227695129468802381040199328241857      
   6.45183220701531683986416320333670831      
   6.45136848191921419090818366926481663      
   6.45088501157792232909343073184567691      
   6.45038099089078270881705381877791524      
   6.44985557157380602990075250571228091      
   6.44930785989446213807378292503814481      
   6.44873691279343682935573635131169886      
   6.44814173424795665860288637850056756      
   6.44752127305975593574936508013348992      
   6.44687441736014842214262973365160602      
   6.44619999154181469793929581544837307      
   6.44549675193456298229802871552071146      
   6.44476338152264941668812770727468881      
   6.44399848509053253707754563789785903      
   6.44320058441438317486832795120095643      
   6.44236811147713442382867782557362469      
   6.44149940307154333715511288224876402      
   6.44059269413597390079936544897939297      
   6.43964610954300302308036641691999172      
   6.43865765759219002402249499410181054      
   6.43762522068957653940702569117292276      
   6.43654654669275659885092597365144470      
   6.43541923899051087061737119807292859      
   6.43424074582754842212612608309857196      
   6.43300834878959937124143673635408954      
   6.43171915033872308056950950932420301      
   6.43037006015671586659753278683815875      
   6.42895778042678562053460285305414033      
   6.42747878975661755100340839123843009      
   6.42592932577032347034376695658075714      
   6.42430536606260480900949670461915660      
   6.42260260763997497079091450325006412      
   6.42081644421278038337117263834935375      
   6.41894194209823237039761527525011316      
   6.41697381356632664860761841343379928      
   6.41490638800494161965466293750945009      
   6.41273358087913343088053840094349047      
   6.41044886028541418774600864971851639      
   6.40804521060212780070390264514688987      
   6.40551509432900052043595666996432199      
   6.40285041085548114673690055113001539      
   6.40004245349526432547780243992022620      
   6.39708186463323731860518046002949541      
   6.39395858980454009432604987717008079      
   6.39066183130177912226940948171184698      
   6.38718000351519373991391658875673185      
   6.38350069035256379735303494031981787      
   6.37961060808167047707525939786443927      
   6.37549557566355476032831723819192369      
   6.37114049668034494005862103993794711      
   6.36652935444015726093660857383061083      
   6.36164522773379218056096643147096044      
   6.35647032656300195345216391697137732      
   6.35098605406440380334195860695315842      
   6.34517309440543745067432863493836692      
   6.33901152690605521835823609457300263      
   6.33248096442997969049239820098631098      
   6.32556070840215232664628648265568439      
   6.31822991526870931467100654452822880      
   6.31046776361628768802584676743507011      
   6.30225361333136607401927720520602437      
   6.29356714671177865498476245849851545      
   6.28438848647934871914733485176154143      
   6.27469828503282912183740370970944183      
   6.26447778474784654090734959829072045      
   6.25370885006503992292328007475667330      
   6.24237397478112116841430506205197018      
   6.23045626925335920159899694850805649      
   6.21793943203589339802271995087673139      
   6.20480771067402406261519820604378950      
   6.19104585663081792284758620747649186      
   6.17663907681974293748935870965938401      
   6.16157298342399190020642514635615809      
   6.14583354778337728472669845122784506      
   6.12940705537294167822266786408896192      
   6.11228006612003665062477835108522756      
   6.09443937603570906160860385973691579      
   6.07587198483080528233422652382615338      
   6.05656506813945136527171392155719539      
   6.03650595216720428353838708893377735      
   6.01568209212908384358911879783818367      
   5.99408105440035619974082649719227052      
   5.97169050093809241442526628463604605      
   5.94849817674900245008489282868962820      
   5.92449189941682889530988379388594746      
   5.89965954957187635628021484657603997      
   5.87398906427255292014683613879887650      
   5.84746843109101213374712079761661440      
   5.82008568279803619409936963746449728      
   5.79182889411009568760122837121917889      
   5.76268617774190978505177153136823333      
   5.73264568152087867949912843647572495      
   5.70169558603257018768852873730429433      
   5.66982410214659951173187435466014139      
   5.63701946812879992849054963109387522      
   5.60326994778497849397189142430557058      
   5.56856382650134823340639689757526218      
   5.53288940935429378650388635688314455      
   5.49623501676812001791362513814162316      
   5.45858898039677805687734816522599939      
   5.41993964022971695174718093534634575      
   5.38027533833736442599413324617152433      
   5.33958441458560533160082305069644373      
   5.29785520113948527647115895765174518      
   5.25507601696407036860617367456774487      
   5.21123516177796835714695721373862763      
   5.16632091065700363347198033812380212      
   5.12032150742118033847481348566030576      
   5.07322515906300068061985058323720524      
   5.02502003024602212008946431630763091      
   4.97569423714100283954054040758959940      
   4.92523584281303631717078682585671355      
   4.87363285186292942431223778704077177      
   4.82087320563105164689739147784439035      
   4.76694477860430929943693117114131518      
   4.71183537373719697962478647901416830      
   4.65553271996904538195920243134722365      
   4.59802446845118046761449113202168930      
   4.53929819022389830368851560147553883      
   4.47934137377364949941242190767980392      
   4.41814142385253479415099278705436958      
   4.35568565901190617329121402397662142      
   4.29196131082324020565538981453702454      
   4.22695552322636328479949872649327164      
   4.16065535120176863270233346372516441      
   4.09304776082691549353726025464231453      
   4.02411962882341367117657363420381404      
   3.95385774205875383006223108506145813      
   3.88224879849390681689605952018383161      
   3.80927940646355094733187897632339272      
   3.73493608545223440309979525483365025      
   3.65920526606194760139625781786544802      
   3.58207329092886986046523680694532122      
   3.50352641489092099122445108828739918      
   3.42355080544957284865995153737786379      
   3.34213254338018793027961438173831884      
   3.25925762305997561382165606761784022      
   3.17491195403111467741391705700344937      
   3.08908136002946069504632612843867013      
   3.00175158086618285343575198090822891      
   2.91290827223979087071297096794443912      
   2.82253700684716114137729443537224023      
   2.73062327438869512013663865076056882      
   2.63715248274403544000019367813394824      
   2.54210995744846826484375177508195692      
   2.44548094373647812132397803371044369      
   2.34725060568007287901265703294631310      
   2.24740402727088998063227821795782945      
   2.14592621282331261380276760213392173      
   2.04280208712771694899617299899712307      
   1.93801649642842914008193043768463777      
   1.83155420818020443747125712422223534      
   1.72339991186637961252532119131638063      
   1.61353821900020000904133166074508496      
   1.50195366399332180962506048643186199      
   1.38863070395852682907563841922180262      
   1.27355371905013354526143755611313343      
   1.15670701305451387454137516964813040      
   1.03807481350761392713756253084956929      
  0.917641272209681924338318192751002886      
  0.795390464599363091283845633134932369      
  0.671306391227047935107253863399604550      
  0.545372977114332747776430381171996738      
  0.417574072305623658750312670543614030      
  0.287893451923252248732051224123408938      
  0.156314815965900942111207268316189516      
   2.28217909409610592911947910912239527E-0002
 -0.112602072153590696296917088756735805      
 -0.249973295355381694308227570067812210      
 -0.389308475737987674460491064260611487      
 -0.530624283599530525160170652711483504      
 -0.673937463545458762811355565911818471      
 -0.819264833030008635513116616512597099      
 -0.966623283461439613028417898765627031      
  -1.11602977979523721534402789377035922      
  -1.26750135958464012428270542870660515      
  -1.42105513517508428587410032988663405      
  -1.57670828888881492346274033637689231      
  -1.73447807957521971384803400554294687      
  -1.89438183583395055847462232910806294      
  -2.05643696159702875535400644249704938      
  -2.22066093200559980039805107516211335      
  -2.38707129375863891457189201096175941      
  -2.55568566968115062813304053468450988      
  -2.72652175076425904467874066332592038      
  -2.89959730279371457321905295331856944      
  -3.07493016438326554428410676203280623      
  -3.25253824401243440778942200868896956      
  -3.43243952360056966022696935499242342      
  -3.61465205882414817362777568604965757      
  -3.79919397392979366412026222675604747      
  -3.98608346691546884659433354259093298      
  -4.17533880935799373088040110922357414      
  -4.36697834113022973652262744659089735      
  -4.56102047542789725288011876195115140      
