   503.353983595366473674394243594379533      
   503.353983595366473674394243594379533      
   503.353983595366473673271516425147768      
   503.353983595366369793408749357133350      
   503.353983595264853940454767898678623      
   503.353983585190643146242959322698055      
   503.353983319046950696591273117076778      
   503.353980281542872744856608693156976      
   503.353960572508662755580859726909218      
   503.353874527613739350835515466312953      
   503.353592707148076591673584477066770      
   503.352847687549384054854242654000786      
   503.351175282679030488524524848069384      
   503.347870051838639571162915066833251      
   503.341965039413120259984097548218108      
   503.332238566128067624463870474966914      
   503.317244876517060524504521657960610      
   503.295362075881048273970837486962339      
   503.264849500526570180602770929681038      
   503.223907881619560045410002318802620      
   503.170736645252178788544362157835694      
   503.103584855840778465926077365245275      
   503.020793786173759815553261015970656      
   502.920830417367336902829175398830641      
   502.802312072667871172990282885809942      
   502.664022971241009267074833139155700      
   502.504923779675856389949917599571715      
   502.324155339724516647487032436235657      
   502.121037715912959951570859324842902      
   501.895065596204516631677909459722813      
   501.645900932805877871717520377767178      
   501.373363557054746809999616998443872      
   501.077420357685551261578805887088035      
   500.758173504008366018550284613760314      
   500.415848054996555405225094107166439      
   500.050779271889469275978495637427559      
   499.663399850892466448628924492452277      
   499.254227261802312672401431115232583      
   498.823851379848431385568989222724717      
   498.372922348303921334664204150355293      
   497.902139237157245428909950737190905      
   497.412239010029108560802901185783908      
   496.903986260435405240121563145635499      
   496.378163659007454447318905221377908      
   495.835563165997869769936735690098583      
   495.276978022270730683643000240329392      
   494.703195616480041058860558397398244      
   494.114990936900202946170009997124534      
   493.513121224205645606280779095966274      
   492.898321115648343183176966638076512      
   492.271298624828299662098174480088708      
   491.632731869038243348435186021019069      
   490.983266481446292846339604320369447      
   490.323513702260251489545465178576529      
   489.654048928695348171373025723795704      
   488.975410733770804449824622666827734      
   488.288101091423492665947075773381735      
   487.592584811651250236821841715058241      
   486.889290289869669610527405780648595      
   486.178610210390730997875996213824404      
   485.460902617369141253612840869580249      
   484.736492036510591439938769034627593      
   484.005670890927203731354956489342382      
   483.268701259439965587852538096091031      
   482.525816408055950591311507679244092      
   481.777222440731390640450719306970745      
   481.023100081101996252215320713245162      
   480.263606543222122337806398301205414      
   479.498876827572286653423586574366884      
   478.729025844577982526527059867368221      
   477.954149888286026512789055864342638      
   477.174328300714299568868086340118146      
   476.389624754717038411923298840556569      
   475.600088899816971752363830941778139      
   474.805757154016765797506070214650783      
   474.006654416195781483728627087956304      
   473.202794950933134482223358621748304      
   472.394183275605382898906582280303354      
   471.580815301602851849183129011608810      
   470.762678999671531133607587113274414      
   469.939754712446580991911846507509585      
   469.112016239971505535494667995472572      
   468.279431078120722609267804844528615      
   467.441960859003710019698021361264048      
   466.599561652336933320174112330026900      
   465.752184265460601933777369096879299      
   464.899774131827523168342471473366655      
   464.042271381320836042613361241038027      
   463.179611728223314233915946863177349      
   462.311725395007298516245489980875894      
   461.438537085445466509071574761687060      
   460.559966001973175842508906444107449      
   459.675926766919447593333821412614321      
   458.786325881116066545848580440667321      
   457.891066159044433432218811512808962      
   456.990042130273017972468715790199574      
   456.083141818442401657082324710681615      
   455.170246163977462895797926627712806      
   454.251227362934176190223054151675491      
   453.325950124005958189066262147490472      
   452.394269574329337440465796786798600      
   451.456031425308285484533546497774192      
   450.511071254076755555517488085094822      
   449.559213880366760554104658209431512      
   448.600272290046312545104793423353398      
   447.634047465884670876890425470154558      
   446.660327150006206873441955868689588      
   445.678885202168490821205732591332773      
   444.689480601473746299971118934646192      
   443.691856248764578925964031979590462      
   442.685739320629344908017188007319214      
   441.670838230630951933812963763446217      
   440.646842583223825731897265498366266      
   439.613421886879989360793742840419680      
   438.570224098111770462039588754380806      
   437.516874359925411116756008074759749      
   436.452973481097461265335977900874299      
   435.378096019623676721897017046652189      
   434.291789153829078670807625933348695      
   433.193570326234578000868058152495964      
   432.082925309357911287806452784475262      
   430.959306163553165572367560807222516      
   429.822129335218920627572827618068620      
   428.670772017712056997084262155936142      
   427.504570717592705480051801968858134      
   426.322817401929362814672408683645892      
   425.124756888984580742361830637622165      
   423.909583248707502800604464891541300      
   422.676436262217555451385771981022301      
   421.424397497813521165917699142845682      
   420.152485932416026015570134687561559      
   418.859653943713947399495901916408556      
   417.544782320689534553901065362090116      
   416.206675418436976092837156272648006      
   414.844055935599471449967230898914974      
   413.455559844873268470642662570824982      
   412.039730109036747442228403186066168      
   410.595013746671692128555612113897384      
   409.119753521440804187817364560966417      
   407.612185005405641829667724970342950      
   406.070432344128043862133519017785881      
   404.492505116445017056074329838243965      
   402.876296947329979269234295635022860      
   401.219586247363162009597024830037459      
   399.520040270659221948068071145103505      
   397.775222309863330719451052662958347      
   395.982605074274011524945713287970612      
   394.139589375059252909063931427375744      
   392.243531563556020473831323280003219      
   390.291780122012683913665290153994925      
   388.281722632910020320017473658168474      
   386.210845862228691618188580689627058      
   384.076808086281528272893517910576555      
   381.877523842650507927346776433919683      
   379.611258719628036322868197601889934      
   377.276736583190863670803280920275924      
   374.873238310507948056784852567286795      
   372.400704542328548303422491341614070      
   369.859818006432853132042781747988229      
   367.252061324329236003304060653331943      
   364.579740327081794601536519153125645      
   361.845966159261493894577756080890402      
   359.054594261673477511262245752721102      
   356.210123368427910365326820128584553      
   353.317563055314953222144536091402473      
   350.382282907391017314667955821272344      
   347.409857059748181085861584811808407      
   344.405918118320112725283790612610512      
   341.376032035137686208325063845242676      
   338.325600997505658531938992432579976      
   335.259796299300472692401417054698668      
   332.183521681915056345293323698984466      
   329.101403705482896706262102552746696      
   326.017801571003660571329027490333751      
   322.936835555324812066924149544847849      
   319.862423552477802939042804606291692      
   316.798325216481802281575710835832330      
   313.748187361574049999654059974516251      
   310.715585668423129181373489943503054      
   307.704082950620324947972522941187406      
   304.717243701950644484521841833226555      
   301.758683616573162210670028727149301      
   298.832092978858695196566615803543369      
   295.941258622409383982042328787476125      
   293.090079748239779673000034869508356      
   290.282576852065189611988091055358834      
   287.522894405822779313357132473057852      
   284.815297937936442145986673458906496      
   282.164164390843700344162597015989895      
   279.573966327747476406518796909113911      
   277.049250760321984797127182467898131      
   274.594612341612179045196949157491070      
   272.214661426840177664434959120033364      
   269.913987837452785770957438238170544      
   267.697120297758239837567828963106824      
   265.568483238531663845095384979615591      
   263.532351060192000494116789847170155      
   261.592801158749581006608072255635120      
   259.753667153985107264263175257990269      
   258.018492485818046094717862185256497      
   256.390486840159612591203120607089586      
   254.872485673849024172958728671326535      
   253.466914351737933899663595888525386      
   252.175757859226442370689057626489438      
   251.000537006610496969817432330992081      
   249.942291198311493476904420036120293      
   249.001569782186802812161068875540532      
   248.178429980827794789379649062231757      
   247.472442984238147006404815590422117      
   246.882706909177780873628247886932096      
   246.407866965490527644296461611495332      
   246.046140940453279783214349542078617      
   245.795350296699301308395559056625654      
   245.652954860904449138558312436017027      
   245.616090803614956289779490151251507      
   245.681610604892539445435006212181198      
   245.846123878141631561005005073771299      
   246.106038390054630235665331789689701      
   246.457600283912397102669716071301425      
   246.896932894016965550741889109114497      
   247.420073490177795379655386408734652      
   248.023007585387493990196864489634157      
   248.701700383393430440249595636294409      
   249.452125309561060422058320419008999      
   250.270289274796656951332390784822835      
   251.152254939641608785638890116290533      
   252.094159821769609102199776849745564      
   253.092232458470463654937500262840698      
   254.142805672076074935502222138266770      
   255.242327679445374412653011055625220      
   256.387369924768107423754774872284822      
   257.574633643195857165294166815001228      
   258.800954093887845614274828964148683      
   260.063303090044744780821031400805531      
   261.358790163422690106749128545054403      
   262.684662413628778085175464101845054      
   264.038303217295276395229853610035101      
   265.417230212714715913985933044230475      
   266.819092331564511685471607477245313      
   268.241666450509261831553231015783965      
   269.682853430620778533751308716445755      
   271.140673877638677077526970838026394      
   272.613263611502430415869505565466849      
   274.098869045806296278721157149586546      
   275.595842315192626410792764249034516      
   277.102636573247916082973066432448977      
   278.617801076444981474965087203460456      
   280.139976522129014337623782109693295      
   281.667890320150691333908750147287511      
   283.200352082704581224355766675429433      
   284.736249154169966297182130754456142      
   286.274542381970922081809237171726222      
   287.814261960090938771839101416343508      
   289.354503507004778613256234044523378      
   290.894424263914768769280047122164753      
   292.433239492641165247103156169216090      
   293.970219046415090101639391352403289      
   295.504684092193700149746519234338245      
   297.036004024301646719433595597124805      
   298.563593531481629103757392753165179      
   300.086909812286520089174216477477330      
   301.605449971733266583151988043577915      
   303.118748536602229433926877815861790      
   304.626375124609574285806700099772784      
   306.127932263513250391201653766587915      
   307.623053315926216603777720524005922      
   309.111400524955449749710787025332161      
   310.592663064507933609365344512608483      
   312.066555932957291630747152121969640      
   313.532817360767281748369054490443558      
   314.991208014944677919292156089187743      
   316.441509333754526614986652587694210      
   317.883522289249325327065841174522806      
   319.317066010281418750808769640079795      
   320.741976786610817673970091716270716      
   322.158106767751198095039735203247414      
   323.565323146159372677325263541326369      
   324.963506992940162232265865455567671      
   326.352552504379190227557417148940656      
   327.732366094865281832862331765307794      
   329.102865569557242361540974759973553      
   330.463979496597744330035306967127952      
   331.815646308176046826344865092747485      
   333.157813921899087740885277992738407      
   334.490438828230874420081797924042622      
   335.813485750491984875423798998081636      
   337.126927057777755083502617099924626      
   338.430742080889800076831176512756078      
   339.724916949809047131055906633363066      
   341.009443857597924649849799124077707      
   342.284320810905683102335981045356233      
   343.549551253190031274071802999201240      
   344.805143563124303394645183237622944      
   346.051110795358352827736194800084297      
   347.287470465507443007449003169016504      
   348.514244013290984153708929489293250      
   349.731456657962622005589023900149199      
   350.939137258742985225541334723132842      
   352.137317769387299151860450446202814      
   353.326033180052763558115353813176126      
