   6.46114195192883683103959025933776710      
   6.46114195192883683103959028453480640      
   6.46114195192883683103956734511950540      
   6.46114195192883683085478221235853108      
   6.46114195192883668297810134750216091      
   6.46114195192882158891717429849835577      
   6.46114195192838015707737656604049653      
   6.46114195192264297557252183879255659      
   6.46114195187979158101388968862022795      
   6.46114195166362314838536516957113628      
   6.46114195084516219787804528366328509      
   6.46114194834772106574187843892658611      
   6.46114194189976444009847666611432097      
   6.46114192727936278499180323123993337      
   6.46114189740857323060993350879102184      
   6.46114184146645992084091984296374732      
   6.46114174388556442588542713290333556      
   6.46114158339641229994661888293173121      
   6.46114133222180590287502734074202156      
   6.46114095534770231395624602974660378      
   6.46114040990448758419709782558378653      
   6.46113964465151922842842046623559351      
   6.46113859956484545593217085615803060      
   6.46113720553453878888791501889525013      
   6.46113538429257559712095335419892959      
   6.46113304835069512677027238900086693      
   6.46113010112042224678418339981969515      
   6.46112643736554194290622573200321193      
   6.46112194367818722293245775397418162      
   6.46111649902295124005739082713378663      
   6.46110997529126426909793748995750573      
   6.46110223806326971980028842511065451      
   6.46109314725253806927254681132178430      
   6.46108255748942494989417401429166326      
   6.46107031849471795924691839323117868      
   6.46105627523078000653157693322184568      
   6.46104026783934353808490964808636419      
   6.46102213141056883896218179414298019      
   6.46100169525835861372044307341842021      
   6.46097878231417902106673538464463085      
   6.46095320804527273979791344411201081      
   6.46092477928268379329361884850254007      
   6.46089329287153288085638479599595079      
   6.46085853416680166299304859091390147      
   6.46082027545304594935278407637945418      
   6.46077827425401857148621082539097265      
   6.46073227155067197664682672320151428      
   6.46068199011441426344326395717038463      
   6.46062713264825009289877858811094573      
   6.46056738004421261868828896077970784      
   6.46050238965843332275767858248911684      
   6.46043179361531612079359777552942690      
   6.46035519713122061102193850951178257      
   6.46027217686381890559970736328962913      
   6.46018227930680177694792207478248819      
   6.46008501954535259467196279875938847      
   6.45997987965133149985034083674679738      
   6.45986630713555681648861030220197613      
   6.45974371376259652351600930376181248      
   6.45961147480913006022991600481916028      
   6.45946892634103698226950566454113233      
   6.45931536506119588122892237123387697      
   6.45915004673183777964507607247641498      
   6.45897218531265260754713597383250126      
   6.45878095041424315019773312021545433      
   6.45857546787465128660900093849300504      
   6.45835481672816453099065718744233733      
   6.45811802918746016040512643346783665      
   6.45786408843200137797844959482379430      
   6.45759192708943607491517263406353957      
   6.45730042635606203037372109698988151      
   6.45698841360659237012882793358178996      
   6.45665466124096354130833892944880685      
   6.45629788472025197706970493551623491      
   6.45591674013920283503843182560863678      
   6.45550982277643077318058398017785162      
   6.45507566450322093903437200952221125      
   6.45461273137461874721647816019043466      
   6.45411942156055742335118864764960612      
   6.45359406173515050138506477888599260      
   6.45303490521918444599588891460004523      
   6.45244012814437256506586009662689646      
   6.45180782645204933952565824069505912      
   6.45113601223888582418347913014858358      
   6.45042260978474955632595055623284745      
   6.44966545274561913765381381920282605      
   6.44886227831075851283228217085428833      
   6.44801072448966598940050211457647300      
   6.44710832340771851361007942203280037      
   6.44615249789847632909330517498225482      
   6.44514055591830957214984427719460485      
   6.44406968483764346539628723091147591      
   6.44293694558222063062077277658189829      
   6.44173926701435131839283100804054763      
   6.44047343851999058946547877653871453      
   6.43913610457116904827611418920689433      
   6.43772375646102742091113292718024075      
   6.43623272644702207091346694161200580      
   6.43465917895851510748520433724367192      
   6.43299910146491653637529684901809714      
   6.43124830036072257170326464952030336      
   6.42940238549504388958535540927562372      
   6.42745676587406364405720725642504448      
   6.42540663631954228145412377553683951      
   6.42324696723317096092074553596733462      
   6.42097249049110972260935788792619293      
   6.41857768439176167418338619908200042      
   6.41605675706389021132860416836655623      
   6.41340362213107570626008505989675420      
   6.41061188069583944392814076671228697      
   6.40767479462980963476310877279383198      
   6.40458526844371696830231625318511209      
   6.40133584617396969463318779132963892      
   6.39791872529092638004856372755906090      
   6.39432579256428587918162778190785423      
   6.39054867721978928501965560084702910      
   6.38657881392950598783963434966900540      
   6.38240750111946341560672574032666751      
   6.37802595573635754958981469497047907      
   6.37342536828383364734797668201553836      
   6.36859695709678524398021586305638962      
   6.36353202968354771957672091920096302      
   6.35822203789480875859144367139921016      
   6.35265862734455485162968714250110127      
   6.34683367339117304967088480227083186      
   6.34073930030457108661854201030324521      
   6.33436788518764909663734209987533290      
   6.32771203895821563089774923210042140      
   6.32076458195488293911763718340438571      
   6.31351850601900461504017838459256633      
   6.30596693299902683982558875479013716      
   6.29810307177651566754363862476472427      
   6.28992017719993148242014858055551199      
   6.28141151214863965120152720655125803      
   6.27257031663087393532301256212239972      
   6.26338977710739738342735233956585636      
   6.25386300642753143107923797666465907      
   6.24398302526811982313229736096744613      
   6.23374274888300151625999553584866009      
   6.22313497712978388232974103024229303      
   6.21215238783982163029389044051510934      
   6.20078753248982628865931895422505974      
   6.18903283406472418456355520450070766      
   6.17688058605266182491891425250811678      
   6.16432295433844317817856308576989305      
   6.15135197663250708214203734006496634      
   6.13795956623554521438303537566119034      
   6.12413751423353908898554946128725480      
   6.10987749280070729764844530513733914      
   6.09517105825274972815849458369998071      
   6.08000965459381306857097850508964035      
   6.06438461703732362859189979035320392      
   6.04828717539460246555983995573057883      
   6.03170845756235829894306232488431130      
   6.01463949280664788658996308759271913      
   5.99707121514515315461356246373281818      
   5.97899446635758370258753327980335118      
   5.96039999908963645716351681858298346      
   5.94127847950047039240599118984316393      
   5.92162049024818003947072775040321385      
   5.90141653298247445551785220708948365      
   5.88065703050541541045321452484658763      
   5.85933232956392387661159806878505076      
   5.83743270197516716329057012911786079      
   5.81494834769503483451968275855229984      
   5.79186939583683337576530273611017854      
   5.76818590652782666432610612633700625      
   5.74388787259226878514086556887418092      
   5.71896522072374178677002121383732383      
   5.69340781301779319820732326108663132      
   5.66720544777760625817639884470530603      
   5.64034786075917006361873875958874691      
   5.61282472600354828789101412518244239      
   5.58462565677404082944274804049244098      
   5.55574020616703505672495939962436737      
   5.52615786784394022317670657987252560      
   5.49586807645263591917417127766882257      
   5.46486020836292974424280227886274992      
   5.43312358183875125924377861473568225      
   5.40064745754578156136249248110403250      
   5.36742103877178328400625549427664377      
   5.33343347175250531642938219799786560      
   5.29867384580103021976135732150881251      
   5.26313119329625924149775352292342763      
   5.22679449029857999104993098165698692      
   5.18965265594751420490165235228079889      
   5.15169455300234580465532539120523783      
   5.11290898766715629021169509425514361      
   5.07328470940236936506710122146022988      
   5.03281041137900412782143276926737908      
   4.99147472967564450199568543621178716      
   4.94926624394383373660864616163366926      
   4.90617347649988190614661441004946164      
   4.86218489307351648932953920305724203      
   4.81728890202842775580403477464733609      
   4.77147385421373229983619582882557716      
   4.72472804335756170277066039306956698      
   4.67703970507808545511702086861177893      
   4.62839701755167608755441383298204098      
   4.57878810057350042250049334852665806      
   4.52820101581958761865254479204812866      
   4.47662376657446293128756510296273051      
   4.42404429704228629199160553958193222      
   4.37045049321590541387676351766844152      
   4.31583018146593533171290473787384953      
   4.26017112889853548974484473195165546      
   4.20346104325269838603119498547661814      
   4.14568757224423835011804587872110836      
   4.08683830388252255849225041393852390      
   4.02690076552756294412364276368585106      
   3.96586242458292782458756043990257114      
   3.90371068758642603615149915581586985      
   3.84043289980298606168876044250268900      
   3.77601634613795297616962948265906815      
   3.71044824938112895123652774109983408      
   3.64371577128872585681695154771876224      
   3.57580601156811118822861267270442426      
   3.50670600803966494146286379864349139      
   3.43640273573306614174177691332656475      
   3.36488310867358691965964796550428255      
   3.29213397640492330442386080228609700      
   3.21814212757689038275741488042221015      
   3.14289428646217418067456912712246286      
   3.06637711444871076834450907062756339      
   2.98857720951971781643418828158429874      
   2.90948110592152463071294935307327862      
   2.82907527409201022652965784260497882      
   2.74734612054051879567951196868481231      
   2.66427998755200620239541573964435943      
   2.57986315299668804354864907152745414      
   2.49408183017853873839586022344729657      
   2.40692216766292450485672485861750462      
   2.31837024909990752093172925609052193      
   2.22841209304791433252350520994844145      
   2.13703365281753470870261197672661108      
   2.04422081630149268338330749201367535      
   1.94995940586264713556538696218337638      
   1.85423517799301831866470318155642886      
   1.75703382332551033635190702477832123      
   1.65834096671613924652648887079971487      
   1.55814216656474167194917799425299772      
   1.45642291502536419161748137379492555      
   1.35316863778980622365603819424116211      
   1.24836469393698587540959072145882042      
   1.14199637581203760530457975780613490      
   1.03404890889318872685893263685154480      
  0.924507451662537170857087273146842287      
  0.813357095482343022800428862723710454      
  0.700582864473825004622913393951265494      
  0.586169715399141316954435207258875179      
  0.470102537546465533686967755361302740      
  0.352366152617542738665291715445256684      
  0.232945314619340220242742125158369517      
  0.111824709749747596823449793548510547      
  -1.10110436582419488309575381203919862E-0002
 -0.135577395318854603063330155713701906      
 -0.261889863031206182256630259569037269      
 -0.389964032787969466658951752332759060      
 -0.519815558954094150644499153658132194      
 -0.651460164039659919602421982944955643      
 -0.784913639208445303128799017799849935      
 -0.920191844111513605853889864101515590      
  -1.05731070702121775933873696813201258      
  -1.19628622490827012215371870224516079      
  -1.33713446351589532964100869852212683      
  -1.47987155743330883800837412657885541      
  -1.62451371017135173930028321402469726      
  -1.77107719420401265949192272753133705      
  -1.91957835105876697225149382007383505      
  -2.07003359136891699146432606311657221      
  -2.22245939493250116095395591407891071      
  -2.37687231076870582393084115067696711      
  -2.53328895717180807667881374142578362      
  -2.69172602176267658798764541293123039      
  -2.85220026153785509003957535248130561      
  -3.01472850291624992713344779806913713      
  -3.17932764178343756582836273609312439      
  -3.34601464368209832278849821805148039      
  -3.51480654327776849704634568943132975      
  -3.68572044524692513338986583967532984      
  -3.85877352374524344811077748847492286      
  -4.03398302256480930708399420612929538      
  -4.21136625519880689482137586232817372      
  -4.39094060485083459720770911251449054      
  -4.57272352411087420561276201325188066      
  -4.75673253660079158681192247125622484      
  -4.94298523429494408224269619147037950      
  -5.13149927949633911123336475150654417      
  -5.32229240434529914398983065632594620      
  -5.51538241082614272201642483609862276      
  -5.71078717077681114083222743850945628      
  -5.90852462590384619175303134088370371      
  -6.10861278782907046694324754596890645      
  -6.31106973803166779975443058726370268      
  -6.51591362788068405574660950104397895      
  -6.72316267863151832748112433557469349      
  -6.93283518143947950815825380064709474      
  -7.14494949725442417265528882795059308      
  -7.35952405730188925234850474437243898      
  -7.57657736300548797852227490647986957      
