   6.46114195192883683103959025933776710      
   6.46114195192883683103959028499181879      
   6.46114195192883683103958969708294856      
   6.46114195192883683102431434927455437      
   6.46114195192883681089057045345438948      
   6.46114195192883395875018677494180657      
   6.46114195192872852739747933045082852      
   6.46114195192709954428544886406309709      
   6.46114195191322289185136969816858354      
   6.46114195183568593697993131957130717      
   6.46114195151726930632966752182390564      
   6.46114195047934906698841500044870488      
   6.46114194764620526537117580580137506      
   6.46114194091775659056334603995712800      
   6.46114192662546612714026351955044359      
   6.46114189887715128583230724527183335      
   6.46114184885259828312244258320827616      
   6.46114176413925508417841877917272307      
   6.46114162803067509946070698656786814      
   6.46114141884531926414101313360094478      
   6.46114110937715662472904019794770773      
   6.46114066640156728455288071860071554      
   6.46114005026372438217393406010474469      
   6.46113921461469560207139306765106667      
   6.46113810619415717660021786958250013      
   6.46113666477622543552442223570623064      
   6.46113482323309926212735192936346729      
   6.46113250772270695417608005853934802      
   6.46112963795845486199726040450612728      
   6.46112612763523990034187151573337879      
   6.46112188490358783994186662550671267      
   6.46111681274245534260057313837062225      
   6.46111080938975670198954471603551825      
   6.46110376885570350324590146527957587      
   6.46109558102764105972793460282445651      
   6.46108613185885987574963721390985933      
   6.46107530333303691658269526473155146      
   6.46106297324497409915778947819888085      
   6.46104901480663882257727102677562079      
   6.46103329604597838725835077062302694      
   6.46101567915356789644618108571000315      
   6.46099601957299159546306555254457555      
   6.46097416485351233901374937449432343      
   6.46094995349200314316943022864148874      
   6.46092321376505318771448313385533742      
   6.46089376231559242080299609493841975      
   6.46086140280911399878984355880952793      
   6.46082592435354252097156029306129557      
   6.46078710025000961449099728917712182      
   6.46074468642990350174157673320648006      
   6.46069842002875322969148288499447223      
   6.46064801791187099088451396005769306      
   6.46059317529212097662824950354298396      
   6.46053356434842724787964298762699191      
   6.46046883287391877762984198538636259      
   6.46039860297376876278207881532196043      
   6.46032246975700662358856085064582501      
   6.46024000012211457608580820172511241      
   6.46015073149425880096093606075799993      
   6.46005417063327319304755502578457677      
   6.45994979241620811590642473617949797      
   6.45983703881848213476481842750784575      
   6.45971531737774755154638246950415986      
   6.45958400010075038629203024702783845      
   6.45944242227165959754522747324352745      
   6.45928988085393496915871319828715551      
   6.45912563624428753203106874086024800      
   6.45894890614386628768431526950145512      
   6.45875886709817230107795368369775939      
   6.45855465163774186968387441149711598      
   6.45833535006731663652151971245321318      
   6.45810000412021674546127867979310953      
   6.45784760844225238683962599240435988      
   6.45757710910998923108945493456080325      
   6.45728740053584117437518402334188159      
   6.45697732323276359499692322171701002      
   6.45664566328687627501929591152780704      
   6.45629114896830540765944018649789044      
   6.45591244927078450260051660295344297      
   6.45550817047290233577483528196831247      
   6.45507685458664485375091585749160806      
   6.45461697605591596445895863718560353      
   6.45412693844495951228181837132522185      
   6.45360507234239697015619064303370077      
   6.45304963097431551337298276959654217      
   6.45245878750457529682494572385581150      
   6.45183063097819603968963719809219288      
   6.45116316265369949881535580875040750      
   6.45045429140881885305007403526644326      
   6.44970182984538560770463005947662419      
   6.44890348972506390113843282204215066      
   6.44805687698746224372237601005558818      
   6.44715948621096688888267258005434453      
   6.44620869633078793204081704651148532      
   6.44520176441132338090608532047479187      
   6.44413581962311983696404182336974213      
   6.44300785786514800333851415591355454      
   6.44181473448757171124102506362134302      
   6.44055315852736524213332718715690440      
   6.43921968573190257955253336681225609      
   6.43781070992593368508154719869161862      
   6.43632245806083357706246386036157060      
   6.43475098027547249089177746024262439      
   6.43309214364481902260825890706920584      
   6.43134162236680557820314118497966248      
   6.42949489116489734100130830195570387      
   6.42754721444630860958610968810656684      
   6.42549364000575817662514505372100066      
   6.42332898865484891508065632079196003      
   6.42104784538047332013852653167781178      
   6.41864454905196036869519558068981881      
   6.41611318548250077955107995993363086      
   6.41344757649345572425152077399721084      
   6.41064127106913607734424939922037321      
   6.40768753500854769696581811501872507      
   6.40457934646932961349450850506605115      
   6.40130938384348755680161433945493582      
   6.39787002375158305396403213904618500      
   6.39425333524621301976271834204970650      
   6.39045108784558001341392115302456440      
   6.38645475372129445093575223560889136      
   6.38225552862652042384312730285603504      
   6.37784435398327228375911024745461417      
   6.37321195366584330001287861500653462      
   6.36834887328480404644850610211137986      
   6.36324552831707683736098915269592868      
   6.35789225479629852972159330682390523      
   6.35227936172622623808607849882441717      
   6.34639718188022351860968155280262245      
   6.34023612312666743248409621239540518      
   6.33378671150101435223224195683936263      
   6.32703963006471190254644201740374827      
   6.31998575065746026175036210644384985      
   6.31261614858395908830698310016395124      
   6.30492210780188028052131344410497483      
   6.29689511777326757176740832752224328      
   6.28852685915250741077497511595316987      
   6.27980918068167040123192898019088153      
   6.27073407234251906668064886203379792      
   6.26129363448692675651467777698836055      
   6.25148004698264385617198360774545973      
   6.24128554018813015486309138838848362      
   6.23070236432337577487910539637948682      
   6.21972276576678741071617695844505615      
   6.20833896498715664865422260274578084      
   6.19654313706701969829008599508176917      
   6.18432739671108368625405620399183744      
   6.17168378530616695639880863619030180      
   6.15860426139053567872998377022141382      
   6.14508069299645064428085739206983310      
   6.13110485253814930697132861154096638      
   6.11666841252221851639334542136226895      
   6.10176294485885502773507655136918159      
   6.08637991771768045407916895484577237      
   6.07051069648930146333452164091019506      
   6.05414654487574279015917520398679367      
   6.03727862508657874701720747640368074      
   6.01989800001234074291620238140188892      
   6.00199563579261662820342163431567008      
   5.98356240123220235034466347270875168      
   5.96458907472577765198683269796060702      
   5.94506634099778479276467322892967648      
   5.92498479915064190755676857968566690      
   5.90433496037775538572949078867825380      
   5.88310725309857398563056831393672394      
   5.86129202286860715279833454116172918      
   5.83887953757919912743850038030727488      
   5.81585998651314932466326549270373113      
   5.79222348419703917580197474952591758      
   5.76796007012627441087088768738938725      
   5.74305971384298767991511129425868621      
   5.71751231218545246891612783643684217      
   5.69130769475757729209162261437181583      
   5.66443562195122817396973571040184870      
   5.63688578874629830066829546824901589      
   5.60864782371038547774134391812776715      
   5.57971129160272181015512831214588883      
   5.55006569280785066846648622924059421      
   5.51970046560395468437137362254516936      
   5.48860498562208021677627527457181909      
   5.45676856672925771157477103839101978      
   5.42418046255236500141046714281862410      
   5.39082986548950477577169342542284110      
   5.35670590835296643078889023758031652      
   5.32179766362597666160989315388023956      
   5.28609414525718399796733812201514821      
   5.24958430589637801873138108276226794      
   5.21225704223302431740560148367306559      
   5.17410118899849483333284208462643510      
   5.13510552424965638688418406180342745      
   5.09525876679288199991830858988983286      
   5.05454957605219083377075974481168283      
   5.01296655275474789309443838966506091      
   4.97049824059954363878258241366631646      
   4.92713312334274254030009073352284679      
   4.88285962560583421976520825076177099      
   4.83766611296344919433887853200980030      
   4.79154089472305137563958438504355771      
   4.74447221867262027690922537100622573      
   4.69644827391770129173091402092692728      
   4.64745718966784398025769926394746538      
   4.59748703765180633800099336465700550      
   4.54652582926847679047688867521376853      
   4.49456151314776958220120754130135391      
   4.44158198462744619547411844368539065      
   4.38757507233032303699013861273515389      
   4.33252854741658716287093577594267081      
   4.27643012127124366140779051820050993      
   4.21926744455925338076301678964207406      
   4.16102810603656389932113604942044176      
   4.10169963168100073266565222801058738      
   4.04126949410000889720854800328352862      
   3.97972509506722614441496975184547147      
   3.91705377713272703541133460779178897      
   3.85324282825382789327642607181152495      
   3.78827946270226328976214880740348552      
   3.72215084179235602172562625469944879      
   3.65484406349526282171317941587623590      
   3.58634615471812970608686543909632532      
   3.51664409423438257195007168592334027      
   3.44572478323709281595429131489776101      
   3.37357506938746008221995412533564866      
   3.30018173134933121414934172197019639      
   3.22553148997166507799827405204745805      
   3.14961099716631682170200518812347004      
   3.07240684501814682498314386347616389      
   2.99390556036258273887297864492104368      
   2.91409360433659398795082996358954234      
   2.83295736384085078412564225135437305      
   2.75048318605884630096623774569995718      
   2.66665733394849132347755316605305143      
   2.58146601095546061599787665847499138      
   2.49489535514333018398094875946172397      
   2.40693143795249885090715578331219257      
   2.31756027408007816919656071702034139      
   2.22676779826507085530887400553257550      
   2.13453988237158554473819739478255008      
   2.04086234198151023184722052153363447      
   1.94572092503466603699139066664880900      
   1.84910130848869643075000213458346901      
   1.75098910633218523620856091765034807      
   1.65136984523100647669995413963815015      
   1.55022902663034433990082127847697357      
   1.44755205739348400658205082345722063      
   1.34332427962910045979207655751310969      
   1.23753096983915033217457245546084159      
   1.13015734686412713226222720389329587      
   1.02118854372213858291615538920541535      
  0.910609644788798402696235285678108200      
  0.798405660498502102771042688840118113      
  0.684561512783170223047956232346843989      
  0.569062102359532642953766624870338352      
  0.451892227550965499998491061410647342      
  0.333036630544118204098035383272580039      
  0.212479964066756883854226278630275011      
   9.02068486485856104839471079577882914E-0002
  -3.37981854793458226131137986323541068E-0002
 -0.159550668342186137012436264635907299      
 -0.287066213295743592392567992083417041      
 -0.416360506202016112784450983109562039      
 -0.547449254103875260611829646929809925      
 -0.680348272232625773697979011108567005      
 -0.815073444292115398175619512056955616      
 -0.951640712626325606308379434440019376      
  -1.09006609145121826385562230679821016      
  -1.23036566428935952862054400645662759      
  -1.37255558339505871114854009936721036      
  -1.51665206790736994485259459247848720      
  -1.66267141362744802174221017311206366      
  -1.81062997665697497709737340399645234      
  -1.96054418438201041410165448066382163      
  -2.11243053498571828266174990754108914      
  -2.26630559622841204120067253764961533      
  -2.42218600363858742405055545601329610      
  -2.58008846327298726107495852435573609      
  -2.74002975059423933029748812365484569      
  -2.90202671021026081812029898584620764      
  -3.06609625707151918046179124938791308      
  -3.23225537468526378835526699881876324      
  -3.40052111669994604921829654148332328      
  -3.57091060624728155669306041415629486      
  -3.74344103696770755023872894416043406      
  -3.91812967066294776840790102160160533      
  -4.09499383996909964685727297754872983      
  -4.27405094715464696190240893849561972      
  -4.45531846423392469878851916368230755      
  -4.63881393296993617919931781064322619      
  -4.82455496497523995112406652102394218      
  -5.01255924176132621652101723789895579      
  -5.20284451470217441547827517406104524      
  -5.39542860505957454743911859124675713      
  -5.59032940398070769212180204653888489      
  -5.78756487262565589678313395373990320      
  -5.98715304196320286601228168947755010      
  -6.18911201291069169618652567999715213      
  -6.39345995731084323119770732852572517      
  -6.60021511456086348605947095690720937      
  -6.80939579593780403762178899369959808      
  -7.02102038225252734825871144063975366      
  -7.23510732402041376061147196535464449      
