   6.46114195192883683103959025933776710      
   6.46114195192883683103959028499424161      
   6.46114195192883683103959009794242110      
   6.46114195192883683103227939496873260      
   6.46114195192883681986497830000251509      
   6.46114195192883507362449772840693069      
   6.46114195192876578431210036054188247      
   6.46114195192763637681852498680987570      
   6.46114195191760828886012033488110818      
   6.46114195185971162021674791327932595      
   6.46114195161563316096428600765257559      
   6.46114195080289667379902579637796405      
   6.46114194854515889577882429369800470      
   6.46114194310410018041321172651400249      
   6.46114193140104302194152560400570981      
   6.46114190843677213387029668603277951      
   6.46114186666432793642718184354775014      
   6.46114179532447688706989553322273703      
   6.46114167984706453861764475483738264      
   6.46114150120689791915138664902506395      
   6.46114123536543018404618533408666100      
   6.46114085279913692528359674564548982      
   6.46114031811771429524122380634200977      
   6.46113958976855962964035485444750985      
   6.46113861983803987628277567810460504      
   6.46113735397963801059429950303476696      
   6.46113573145806030520423888191095794      
   6.46113368530962798099683957594692261      
   6.46113114260738038840866054051758947      
   6.46112802476591885153919759132972388      
   6.46112424804518551477538415619143754      
   6.46111972390804949884892338025985439      
   6.46111435940761024849988364189821201      
   6.46110805751319919516559025488354642      
   6.46110071743679970381216867499677237      
   6.46109223471659114349731800411009383      
   6.46108250117272360141908009466712149      
   6.46107140473745269586295065840155722      
   6.46105882909063756403701688823427232      
   6.46104465311879625971874620572793859      
   6.46102875023017768705228253476024110      
   6.46101098762666074636093397152262850      
   6.46099122515490440811159753820219398      
   6.46096931431138309701024989928897489      
   6.46094509704277257215129102493855107      
   6.46091840450251620848043799268883822      
   6.46088905570368945912841819148823743      
   6.46085685620873820594556191087876786      
   6.46082159664101197977800801267933811      
   6.46078305145868798366480557127572322      
   6.46074097750256062071706682396202090      
   6.46069511266758800604055979248919588      
   6.46064517450061496341390982898910766      
   6.46059085891455627709858343870094853      
   6.46053183889920035662683601512398751      
   6.46046776325689351894236154404293914      
   6.46039825537495537701444517273675965      
   6.46032291200838666514704643729596489      
   6.46024130211483689849490855000608155      
   6.46015296566977451056489212872258190      
   6.46005741251297479070950216529252841      
   6.45995412120206775494427441093434577      
   6.45984253788025900744589271672880621      
   6.45972207513637020409032952139005370      
   6.45959211071944807773357945130493210      
   6.45945198674017409023636935196709241      
   6.45930100674347085836565131968267845      
   6.45913843626155582334458980513173648      
   6.45896350354945681981558111019191500      
   6.45877539376560323092457681186281043      
   6.45857324940081395865335572174092907      
   6.45835616819344040538660783621603961      
   6.45812320485352498010931827918168408      
   6.45787336403871419073817370938170046      
   6.45760560210237020366151779855362158      
   6.45731882555315194813267922653642073      
   6.45701188710265075695555160680458318      
   6.45668358392241916042518617787087727      
   6.45633265649362297493563107229849511      
   6.45595778570298282392654674780918310      
   6.45555759015773840251802195993352812      
   6.45513062324779957178026903292507603      
   6.45467537087149378619688103846594238      
   6.45419024833609558670042375212965096      
   6.45367359646349015539602799366682326      
   6.45312367899574115011095060559567231      
   6.45253867899291347878311931336530297      
   6.45191669462072322816720359335583484      
   6.45125573524371797954361426623055541      
   6.45055371760502567037097326063728551      
   6.44980846040681902298523163022635073      
   6.44901768120185017703373454882114963      
   6.44817899030178838652186899347536687      
   6.44728988563603345795066698920690847      
   6.44634774834776227495987786532123693      
   6.44534983602366278752381802110776919      
   6.44429327738077796962655184427640185      
   6.44317506558627986230512301543750057      
   6.44199205333794983852964214062593900      
   6.44074094381116759092915383028234657      
   6.43941828535945615987425950734867649      
   6.43802046454851780594751336481111829      
   6.43654369728530654990156726043859514      
   6.43498402179065886753555774361663061      
   6.43333729154490563120620398759899952      
   6.43159916557251124085354691977347478      
   6.42976510171807178727885691543810921      
   6.42783034648370190652131011394162092      
   6.42578992741423095282517814583668040      
   6.42363864453365274135198376241365534      
   6.42137106017070977604459624507166336      
   6.41898149337521601580984842806898276      
   6.41646400771575222617031148989979118      
   6.41381240348047565394524491302447527      
   6.41102021150837380216366420949058965      
   6.40808068300157348404594980001234676      
   6.40498678401482846632353058741646353      
   6.40173118797538665093420100081121639      
   6.39830627185791557116952130156737389      
   6.39470411436721229193539984710580573      
   6.39091649323284727856381656933560419      
   6.38693489552264589860798781514319657      
   6.38275052206912789997797603135170476      
   6.37835430889606462757855375094883724      
   6.37373694781593716640384125810982340      
   6.36888892115938676569738735494211269      
   6.36380053781366431620780582871155546      
   6.35846197829493074932320145614094376      
   6.35286334210719034403905607944490378      
   6.34699469729479132803851112556741108      
   6.34084612946298856747137323890068738      
   6.33440778931364320020134870715111424      
   6.32766993687703505156282183369942263      
   6.32062297413495715267439833352954742      
   6.31325748088418880936029211449899543      
   6.30556422876648225119920795718376450      
   6.29753419092642957089338371158676376      
   6.28915854089336401500889513083219164      
   6.28042864197639292019955783256629435      
   6.27133602966684366361062652460534703      
   6.26187238736094020721242117401305918      
   6.25202952016138722058248627548186652      
   6.24179932551230986452133905458468133      
   6.23117376653939540034254913518226414      
   6.22014484200528830396786064524296016      
   6.20870456341816567504679917765071551      
   6.19684493197105515211942016007929088      
   6.18455791942864646922234596486102346      
   6.17183545107213046305781624109597431      
   6.15866939263331005377226635728578622      
   6.14505153921998322755577989444486575      
   6.13097360673930686529734355547822484      
   6.11642722469808968923478589440576289      
   6.10140393204566528916608237025001712      
   6.08589517431258851759219665039613586      
   6.06989230066790891314940948815375424      
   6.05338656311875843696609743573856352      
   6.03636911703988333374674342105882243      
   6.01883102119849776400768411852911235      
   6.00076323846375756416936630585857637      
   5.98215663825958926246584891458186784      
   5.96300199713701083152908824877740850      
   5.94329000092009921256951474640854539      
   5.92301124722731705352994233115604303      
   5.90215624680105571911110348430621630      
   5.88071542564286560345546374327492643      
   5.85867912824561342394482908160408780      
   5.83603761710141105199631968647276233      
   5.81278107782956549277813445654020223      
   5.78889961785050584878580672198025902      
   5.76438327067258733920759469167509145      
   5.73922199576209924140815278520896604      
   5.71340568179128638999568324615070699      
   5.68692414510088381309652229870489200      
   5.65976713478837164457571698605180381      
   5.63192433195311073191543032334688593      
   5.60338534979723644037825528070202044      
   5.57413973662970959165148003900523838      
   5.54417697594149085992294870861886913      
   5.51348648725248815666777101638245528      
   5.48205762649387183100694771285698823      
   5.44987968710729857693234732334026922      
   5.41694190050472211053149272721128272      
   5.38323343641814016177692839897101405      
   5.34874340354517231218606199775343747      
   5.31346084993087134096652205856092467      
   5.27737476299582345274794316842464345      
   5.24047407028841761678703212162669104      
   5.20274763909452393678553308401123117      
   5.16418427709502960568449348331186551      
   5.12477273259117999193804692363698625      
   5.08450169408571736945784599663435037      
   5.04335979079283292965586413745906478      
   5.00133559254139404915942700227579957      
   4.95841760962975452020605695336097226      
   4.91459429315264942995327393060745708      
   4.86985403468444032837447007712109426      
   4.82418516636753041407928317066759864      
   4.77757596064539221691118619794718340      
   4.73001463070337046723837023144231418      
   4.68148932965947800173512000011939319      
   4.63198815097628680901335948745395788      
   4.58149912767650879412879021210767510      
   4.53001023370022176684455449707242779      
   4.47750938129517637812635899692828659      
   4.42398442377370542211212783645544243      
   4.36942315312837645980419032213554274      
   4.31381330007580936348789338422363270      
   4.25714253588472724408039649752483738      
   4.19939846962233962407390873849373342      
   4.14056864929800477552339619591479432      
   4.08064056181658726743623599469141802      
   4.01960163257413641315154685385168973      
   3.95743922439401596634199950971489722      
   3.89414063889918018601134090838166466      
   3.82969311547010903721633706302769884      
   3.76408383088620422934529829435712132      
   3.69729989911546690041202954703837728      
   3.62932837232643357467430259043660770      
   3.56015623907615048147321649140939032      
   3.48977042498081604324320534119860905      
   3.41815779247799564143205842157334763      
   3.34530514050441867699338570138029573      
   3.27119920445227107002375441113123571      
   3.19582665559764983221106243181245133      
   3.11917410175668226647590027756969865      
   3.04122808609756326883959761490411154      
   2.96197508782157811697198814261882374      
   2.88140152134618603026859136970388978      
   2.79949373660807306206819202205865153      
   2.71623801862836165829923201033419315      
   2.63162058751785537544906457058365030      
   2.54562759792736384425125303323401235      
   2.45824513960550312134500219824766430      
   2.36945923650758257057842651673052660      
   2.27925584721594581634322383823958332      
   2.18762086440052997286086678687428886      
   2.09454011448602215848017119660743858      
   1.99999935858347350808514093806441798      
   1.90398429095364649565830101734327742      
   1.80648053975994180252515862506040563      
   1.70747366639479015988986876641063996      
   1.60694916612795060704403588099283675      
   1.50489246709717643668949996967354469      
   1.40128893073410123115797074523588319      
   1.29612385106474243946471109943753657      
   1.18938245562571771204553237146787263      
   1.08104990442590310111248980327385139      
  0.971111289967682946627787466012065366      
  0.859551637411320984925368229968910000      
  0.746355904310474752838700089850152339      
  0.631508980419113702730150763266885817      
  0.514995687872786689081070560458755050      
  0.396800780981878089597241133676539001      
  0.276908945696292927498183039883541072      
  0.155304800185164194395981480766205739      
   3.19728940874279194899079695436783669E-0002
  -9.31022907989150574333530771822588073E-0002
 -0.219936341232231619806063257219560668      
 -0.348544912572656174970378779657379946      
 -0.478943728540610881956446758759971863      
 -0.611148581651523612118450563627897956      
 -0.745175332963135225308295882770390033      
 -0.881039912217727127883545616532179271      
  -1.01875831826503865676104140136120060      
  -1.15834661871541840300470496593550448      
  -1.29982095016958414703832705385738147      
  -1.44319751819756136931366941007550173      
  -1.58849259795502127566389493839583399      
  -1.73572253295092047801689489393583253      
  -1.88490373642939257003751419893102485      
  -2.03605269095263881784888496079086766      
  -2.18918594824530306461581100073482292      
  -2.34432012942736663849177085740539767      
  -2.50147192532113264633002625863671260      
  -2.66065809585350544611103468819212504      
  -2.82189547050735151020614340519467019      
  -2.98520094859646890186045997210578867      
  -3.15059149884594366907327874014801099      
  -3.31808415964734299623606338485922040      
  -3.48769603904114129807352357414825998      
  -3.65944431487367343220419306703519718      
  -3.83334623475287235545246531952628852      
  -4.00941911585080217142109472506584429      
  -4.18768034514087791644876283326722333      
  -4.36814737964775938677722551671276274      
  -4.55083774605713297363160335746001035      
  -4.73576904093992465547525770775199351      
  -4.92295893074953717932591388689471510      
  -5.11242515179569928208487706367786796      
  -5.30418551038145699690366401511533871      
  -5.49825788270973267434202686437484715      
  -5.69466021477077110267827963027610192      
  -5.89341052263278620268456034201343131      
  -6.09452689226098817754490934666547672      
  -6.29802747955425154989315158428927378      
  -6.50393051038549368503584513620685167      
  -6.71225428056051552098143470963169671      
  -6.92301715582574241508246878978779801      
  -7.13623757195152907973420849899066027      
