   6.46114195192883683103959025933776710      
   6.46114195192883683103959028499493956      
   6.46114195192883683103959038286159200      
   6.46114195192883683103832791953902193      
   6.46114195192883682829742853201634203      
   6.46114195192883628600568745205432300      
   6.46114195192881079535682328292614750      
   6.46114195192833838211052677807783845      
   6.46114195192370184868016384196113219      
   6.46114195189470862038165305527691826      
   6.46114195176432477076579749108938330      
   6.46114195130657049202484375314169604      
   6.46114194997791519770872141500519737      
   6.46114194665596004072534930075385877      
   6.46114193928289764357216084307930342      
   6.46114192442502941683088684571009720      
   6.46114189677437144751700887228144442      
   6.46114184859655529254924854727371011      
   6.46114176919078082733719788019641594      
   6.46114164436746582599056506441142348      
   6.46114145596358602223979543838734924      
   6.46114118138089861042322561171091905      
   6.46114079322341992795805944815924633      
   6.46114025901242521671853041855408695      
   6.46113954099141378353565927626538584      
   6.46113859603176711406574680978528020      
   6.46113737564296159201216258408794386      
   6.46113582608516018912129764336325681      
   6.46113388857469967320364486618765828      
   6.46113149956531839543027502544479291      
   6.46112859108101558190882742005761964      
   6.46112509102592541737429134007856022      
   6.46112092364700553768846123238808221      
   6.46111600973160770291613711804414588      
   6.46111026685272888196445843206003248      
   6.46110360949845251122060907030985027      
   6.46109594907334325783436781331297829      
   6.46108719372664882764358030021211330      
   6.46107724816538361522472141138056909      
   6.46106601314784194539270100454818824      
   6.46105338491038331851596559051097523      
   6.46103925445703284496527518097069411      
   6.46102350673613902356538308429307763      
   6.46100601983015076388135814053681046      
   6.46098666376455451764063441396959521      
   6.46096529946404029447456834668021237      
   6.46094177765452790295804951177216676      
   6.46091593764759736268131166345461007      
   6.46088760614649868365186846562212216      
   6.46085659601307253890209180379443182      
   6.46082270506159010311294260151357336      
   6.46078571488342340949596187952666326      
   6.46074538951573254626006174630009328      
   6.46070147444894969593729907689828227      
   6.46065369537514130296571195369145786      
   6.46060175702505630847735582760440092      
   6.46054534207770674094254597434563685      
   6.46048411006452163506629799985455509      
   6.46041769628715493406309814689230777      
   6.46034571074522574231402895657082138      
   6.46026773707597825638581283263595040      
   6.46018333150326834564131477277109896      
   6.46009202176819520871898035776854628      
   6.45999330604452115755810426444382663      
   6.45988665183599231448503737590149226      
   6.45977149491643002427395071807855297      
   6.45964723814483197751771257936451287      
   6.45951325027133593092951225068959686      
   6.45936886473233187194843482171492245      
   6.45921337850673682505386329311706332      
   6.45904605002652964059189844144943916      
   6.45886609921290277838274242361912330      
   6.45867270338907464620291171264099082      
   6.45846499949053993090519317773035523      
   6.45824208048505200823624838654064161      
   6.45800299200335165836920129716086019      
   6.45774673234314334643135076442589544      
   6.45747225139661140624947347523511385      
   6.45717844519519269742506149560743318      
   6.45686415678345372640748629611429866      
   6.45652817311733643345840797177599593      
   6.45616922227007025624302468608214091      
   6.45578597039398061370311015431264682      
   6.45537701880589841044590493747735841      
   6.45494090154667350592156227099405099      
   6.45447608388719794004322308289150787      
   6.45398095565596310345953625227746445      
   6.45345382837786546751901953019467261      
   6.45289293497059290611039252281910205      
   6.45229642171769417275481108966218297      
   6.45166234606481309697341058049136312      
   6.45098867203531813623374432628391287      
   6.45027326562734243845721263345707007      
   6.44951388927859377284937393820906838      
   6.44870819917907762082017296996299650      
   6.44785373635520452187762538114991708      
   6.44694792474740558712162165712565685      
   6.44598806251883222064508196612697891      
   6.44497131849813924194175994869556693      
   6.44389472380719465248960382593609939      
   6.44275516650913416890641753331706469      
   6.44154938517116091400542024966816448      
   6.44027396013234201530909081252905069      
   6.43892530851561155694453012899987467      
   6.43749967336379920805693856536677213      
   6.43599312039099303675083566627828900      
   6.43440152613889798985336468701584164      
   6.43272057134315202331450318358990921      
   6.43094573308845123960725616998243995      
   6.42907227496990133610934613126543069      
   6.42709524045343890492658259808404482      
   6.42500944199557015440099826199424306      
   6.42280945483328256603437771748684290      
   6.42048960672729983767803977766735359      
   6.41804397143428121672263802765018500      
   6.41546635900086098849758009540335581      
   6.41275030925244155070586133499491350      
   6.40988908606124702195614516219919092      
   6.40687566920532408795995106931546739      
   6.40370275035241551694145164055151339      
   6.40036272773720180975162369807359068      
   6.39684770741351714384913906899944368      
   6.39314949756489921695081978579688973      
   6.38925961446145963609990581398504663      
   6.38516928589353043141617493956982667      
   6.38086945844783826061604207653394079      
   6.37635080994600954546226142962722115      
   6.37160376640395163023740918306450401      
   6.36661852268074284872937156369618395      
   6.36138507198507100718977016915373523      
   6.35589323417745205226377228967249551      
   6.35013269603904373865754642599320275      
   6.34409304892140074988164634044489985      
   6.33776383215244426997769081402906792      
   6.33113457670744494211384882651849007      
   6.32419484713525811183697155328276594      
   6.31693428181619943087905027301915764      
   6.30934263130610020057701804789251853      
   6.30140978470678623674458036018632664      
   6.29312579710640430494527031899011470      
   6.28448090393544350869017188893815871      
   6.27546552919464541247011286402333688      
   6.26607028539388007035717474934591623      
   6.25628596828333029561597785512504745      
   6.24610353981629118595214664626252313      
   6.23551411294872079808341579679218494      
   6.22450892954820205392103495196532818      
   6.21307933425892225606633320773707163      
   6.20121675511140581616818515489051603      
   6.18891267483163704821436281605802856      
   6.17615861065582346894547440372852846      
   6.16294609243443087461415829967511235      
   6.14926664465999464008494998442420121      
   6.13511176810086270668500328533591933      
   6.12047292788604370633993066194164486      
   6.10534153852350952924237192921508157      
   6.08970895680118429191188987996485773      
   6.07356647139567881716246834924545768      
   6.05690529831263416135863743984346046      
   6.03971657543618803573288769310316457      
   6.02199135874422985310100873909439075      
   6.00372061924315664640002796169709718      
   5.98489524322406876164481289886944697      
   5.96550603054866455805296448972153824      
   5.94554369347040338845291833618115107      
   5.92499885870149226874397810178979404      
   5.90386206715868169468803937115828734      
   5.88212377493497554684604495895663141      
   5.85977435423881417138417741364769046      
   5.83680409573207545188202831719796226      
   5.81320320855355490691154876104802838      
   5.78896182254446786512970779294411396      
   5.76406998964040811587663768820737627      
   5.73851768519118128010846962542311318      
   5.71229480958563460497307885016387267      
   5.68539118894610453568437343297270225      
   5.65779657685321155916745800587425221      
   5.62950065603410208715566787142882874      
   5.60049303832851951574794616851259611      
   5.57076326652815643172277588042211464      
   5.54030081544327874785267862903082840      
   5.50909509254530698973694227335372287      
   5.47713543856226901909755685676220915      
   5.44441112867260586643122210130724608      
   5.41091137276620514943531329084691704      
   5.37662531646050863109382939401071651      
   5.34154204133455429718380164194337614      
   5.30565056553716671189588663792797154      
   5.26893984396226382572882949780231044      
   5.23139876918324643639123396351293036      
   5.19301617121369506870870974671200761      
   5.15378081810507778440524381184430134      
   5.11368141559326353564317698507576196      
   5.07270660790463985984455333333703179      
   5.03084497847670036804752637040218398      
   4.98808504847468044209158653600025402      
   4.94441527812787529944486679917524282      
   4.89982406590936503149106857106291950      
   4.85429974998443552964503743215265450      
   4.80783060673005530595407414260385937      
   4.76040485131703765307206936391911529      
   4.71201063776133744893416248867395127      
   4.66263605888346118522972020935303321      
   4.61226914613146080617947364164915739      
   4.56089786939461945825487363487450865      
   4.50851013731550255489816626330127461      
   4.45509379686360992893753948870611552      
   4.40063663329620866327966518542246599      
   4.34512637016784196660104995183928773      
   4.28855066854380678283513680415946868      
   4.23089712848067135822833738259621114      
   4.17215328710576132277724685414377882      
   4.11230661925018158185086218010067698      
   4.05134453764442403423495190966168982      
   3.98925439210660401214517676311477778      
   3.92602346975714083588512136446770306      
   3.86163899477332603347490136912047276      
   3.79608812842598245090605026613717752      
   3.72935796867555711769654408707524166      
   3.66143554996025163647447194734868855      
   3.59230784331389278915230684280371970      
   3.52196175599284742036901410849646384      
   3.45038413160986293769520575269428180      
   3.37756174925450177732143369662190026      
   3.30348132444473918917079847703515095      
   3.22812950798266664890667302572862987      
   3.15149288625467460207742208952838383      
   3.07355798102128508389777264935830833      
   2.99431124916901669536749427962233219      
   2.91373908281262072394677717634204915      
   2.83182780890654365288717748059117051      
   2.74856368869088488946378530842825944      
   2.66393291878348293337694821525268634      
   2.57792162968869168406118236959147721      
   2.49051588598467721641555632994750296      
   2.40170168730880197587339852529779236      
   2.31146496661308470770381149233488298      
   2.21979159073986523200255974373044083      
   2.12666736058924316727813324840114005      
   2.03207801048167586177610734112604388      
   1.93600920813747003407920806383897269      
   1.83844655471172459331197332780443682      
   1.73937558480036220295340324249003865      
   1.63878176555916600071398754024227754      
   1.53665049776233641786175836772244160      
   1.43296711433183384846708012670491550      
   1.32771688176009171978784216505420824      
   1.22088499854715559945944112128015211      
   1.11245659592662757425217666243500131      
   1.00241673731492650505204549496861313      
  0.890750418839640253844575770352588623      
  0.777442568560615731668681921737284634      
  0.662478046699643179544011880289311833      
  0.545841645320519426775101837537799625      
  0.427518088654177682526862394146961504      
  0.307492032652504075356290993638899926      
  0.185748064894047370384263914976966851      
   6.22707047152670028208777001411255553E-0002
  -6.29555972792929825052372289378133886E-0002
 -0.189946458564604344232439190481375260      
 -0.318717565488421825399797285039433397      
 -0.449284673251004382870619147754679207      
 -0.581663605431095480449496932355242127      
 -0.715870254719683127590240217423595827      
 -0.851920582768167113867614927222994398      
 -0.989830619996489509798000871320595533      
  -1.12961646589484353224832295452370217      
  -1.27129428924601406623483099695944157      
  -1.41488032782749064774407274726773397      
  -1.56039088868769394412016912120169408      
  -1.70784234819973021253636838304380965      
  -1.85725115216879370628901283061805161      
  -2.00863381546435101915296461604446297      
  -2.16200692257229392178243740463524269      
  -2.31738712759175640244435189800482337      
  -2.47479115394955490950153222593036542      
  -2.63423579470997599943448563029737543      
  -2.79573791257913701222878922219373880      
  -2.95931443983377525674141755951084764      
  -3.12498237876938615656295623653218451      
  -3.29275880071633218045377824661223636      
  -3.46266084723206382860619408626183969      
  -3.63470572967299672978160580123259422      
  -3.80891072902534460710044519421860834      
  -3.98529319614642767885185187703383087      
  -4.16387055177059330380713284023798940      
  -4.34466028649132016282441765799188343      
  -4.52767996079353432878926952105760374      
  -4.71294720528786161872249090906626452      
  -4.90047972001710232923014592800654107      
  -5.09029527533300674058342804024863092      
  -5.28241171142851187129675651286882562      
  -5.47684693856055847469793312445923281      
  -5.67361893677142153377497418644177867      
  -5.87274575627507979543689358728440996      
  -6.07424551713574671411994617114369498      
  -6.27813640942348970383420253063862242      
  -6.48443669319723327912706281112524730      
  -6.69316469851297879033828037676150496      
  -6.90433882541785226296624577063323190      
