   6.46114195192883683103959025933776710      
   6.46114195192883683103959028475615198      
   6.46114195192883683103957607839043953      
   6.46114195192883683090645523509632922      
   6.46114195192883671714833697264993976      
   6.46114195192882461272102033765351531      
   6.46114195192845999942717735122800396      
   6.46114195192361880044510546411534799      
   6.46114195188687525482037278755492816      
   6.46114195169920344073797531906292709      
   6.46114195098154383177066343637860133      
   6.46114194877363350357093343036170410      
   6.46114194303261041592510107971300171      
   6.46114192993607711003441767419471720      
   6.46114190304202681782743841813864918      
   6.46114185240642375362436604756888590      
   6.46114176368107868817347107403916958      
   6.46114161714837294515061930684762274      
   6.46114138693814166951870746258534236      
   6.46114104030102732126654553096754164      
   6.46114053699257835276699689625637986      
   6.46113982875708311210569301305150721      
   6.46113885890978928420666870111086752      
   6.46113756204574021843748563242183258      
   6.46113586393388340952596581785910136      
   6.46113368145922967304787328592532180      
   6.46113092275265759009882449668854679      
   6.46112748756166004365266552698609481      
   6.46112326762552946519834240679245437      
   6.46111814742205605077226539275013654      
   6.46111200452295338913019393443340414      
   6.46110471030466226171597150560049674      
   6.46109613050558287464164622576920099      
   6.46108612587437340604277082167328457      
   6.46107455225780820300455988529628369      
   6.46106126084816321795610542268347119      
   6.46104609810672150643766188763332117      
   6.46102890550002501453506290925438782      
   6.46100951904167715835323808848701339      
   6.46098776831355019055075788006441208      
   6.46096347574537958018277603860638383      
   6.46093645547560467245677886931864741      
   6.46090651178377754444554196872260367      
   6.46087343793970852845885074098766817      
   6.46083701449596284768307074992853298      
   6.46079700772879897433829499864918331      
   6.46075316786781748751536315321371998      
   6.46070522749360980342052327010293794      
   6.46065289972401617325058398608712167      
   6.46059587651444157360755490887541548      
   6.46053382696386400649987115435247185      
   6.46046639566731923047854706232064365      
   6.46039320108295958904300774560092646      
   6.46031383397356380852144362883507571      
   6.46022785572617188169474973000813473      
   6.46013479715491641733057083909509476      
   6.46003415663286338294523439511982000      
   6.45992539938093315742468009055246897      
   6.45980795554070525069673725162854112      
   6.45968121873032565479453391103906540      
   6.45954454633202892538459814210300507      
   6.45939725569710345832284487478886301      
   6.45923862465732017830369631902457053      
   6.45906788977275081031249781849190197      
   6.45888424528183727879698713141009933      
   6.45868684134467692175423846924272899      
   6.45847478312439122300844516990566973      
   6.45824712943148884089537565475040445      
   6.45800289101473138279772899630176421      
   6.45774102962936711975870751901331449      
   6.45746045585812638592748367195010627      
   6.45716002796122105103395398472124323      
   6.45683854988731163386975902597637683      
   6.45649476980663633982434635407738808      
   6.45612737777345251322769819054599189      
   6.45573500410319814001270042345510738      
   6.45531621622146972371980540626718379      
   6.45486951766443136122346215408325178      
   6.45439334461557549407760221003156424      
   6.45388606361586525769574958338242109      
   6.45334596811514185532142562750389287      
   6.45277127672964905027918167707070832      
   6.45216012870475492542612613020064606      
   6.45151058097367225886448498225747005      
   6.45082060476330883757941049357179792      
   6.45008808036446423403223765024601250      
   6.44931079600691046947446390876911312      
   6.44848643975102567307956927766244556      
   6.44761259797154357460204671124787447      
   6.44668674809149615922991202248961618      
   6.44570625530930131189935421434371866      
   6.44466836591001924344100247211602677      
   6.44357020303073189505874497570134626      
   6.44240875896019938071154425560422297      
   6.44118088977491203444559856610188439      
   6.43988330893596689441936588149109024      
   6.43851257999193330073295108654648089      
   6.43706510979359847831250617314686645      
   6.43553714002372172854255640210196497      
   6.43392474184080652318487737564868472      
   6.43222380323325994486348537436367701      
   6.43043002668404761621268927243454496      
   6.42853891308633737357740174772210696      
   6.42654575725633260069927784901051578      
   6.42444563489121337232492326530406144      
   6.42223339255945264301233915603723797      
   6.41990363385210341333094296430315928      
   6.41745070614897274072720902374775907      
   6.41486868394068181718387703652366124      
   6.41215134893076194293198584152021427      
   6.40929217394217508212865234693463645      
   6.40628430038304576801754984507521988      
   6.40312052304368562698056370917340026      
   6.39979329021652886246841676427416958      
   6.39629471272732875425422960577819395      
   6.39261659442785303366828353280886710      
   6.38875047806009220252159693101760214      
   6.38468770342672117092926732860862419      
   6.38041946351050619033292779622932759      
   6.37593686064391878087422639947953916      
   6.37123096285716080325726030261082719      
   6.36629285939789527141489626644605277      
   6.36111371829895892272809431474463676      
   6.35568484365625075205312431207551551      
   6.34999772213817705627683474419648675      
   6.34404405966123725996048804971059047      
   6.33781580225791550611355821247635533      
   6.33130514251442579147852295510377217      
   6.32450450398727517696788158234892474      
   6.31740651990825923325471371205691142      
   6.31000399880041256030571588392231735      
   6.30228988496114913062689965824580024      
   6.29425721802725516799144190272306485      
   6.28589909264364606249566042990720077      
   6.27720862133412170764986596150348412      
   6.26817890357293897927168885794184136      
   6.25880299488496844136553207736235800      
   6.24907388616711235255240049695787766      
   6.23898448458264149571490993332568171      
   6.22852759948625342435539560605831998      
   6.21769593159118401224952921001274251      
   6.20648206556513546491453781822078343      
   6.19487846517280251049519756386092945      
   6.18287747034578181882474300920013436      
   6.17047129556049768197808894175483259      
   6.15765203148130869367348936160784353      
   6.14441164359325164991419985697088764      
   6.13074197588376995890997204889486769      
   6.11663475267269577648525888377017906      
   6.10208158144158651332429950622311329      
   6.08707395594171368178121526004575187      
   6.07160325934464950813404746254706025      
   6.05566076761662527742129874721497373      
   6.03923765286759061249651991072424425      
   6.02232498657173898759956594421648826      
   6.00491374296801501600945017853074392      
   5.98699480196170039418113569403858698      
   5.96855895243456024391840631115591688      
   5.94959689501363524905199273873618015      
   5.93009924484665880940366457798619152      
   5.91005653434709891322061146678295418      
   5.88945921549306713514891681119512349      
   5.86829766230685416725962976106580236      
   5.84656217336372527667863526598374992      
   5.82424297306259255792310693940168247      
   5.80133021390674556323546182418501294      
   5.77781397839105484787783441263998379      
   5.75368428041987811658998381261682182      
   5.72893106684027211767785657049661206      
   5.70354421876639188797060003806081828      
   5.67751355276151349097997815953188055      
   5.65082882187242327265238724279312040      
   5.62347971676793898175669962364679888      
   5.59545586662644221607403998548629036      
   5.56674683965346369400244384603368652      
   5.53734214414673545386138274542684292      
   5.50723122886171871573537485244230830      
   5.47640348360521735872293013137519191      
   5.44484823970108089769752656664498292      
   5.41255477035576323802552715246382853      
   5.37951229113969029804330018603586834      
   5.34570996001823000855324409184754197      
   5.31113687770148132752106735864934837      
   5.27578208783375621766777826383340748      
   5.23963457720742350783818415658410198      
   5.20268327554691341712009693109884303      
   5.16491705591509691191859812979573346      
   5.12632473460370643500151496947078954      
   5.08689507100204741503997134623232415      
   5.04661676768797098057080275296105208      
   5.00547847047497789934132382137887937      
   4.96346876808899368465848591591485751      
   4.92057619227771375881506243464683576      
   4.87678921753420004361284671310782194      
   4.83209626095986781568180658739234767      
   4.78648568243880927702193612971348730      
   4.73994578403507699149532138405815526      
   4.69246480993320961260970553740703035      
   4.64403094677516488462953580475624025      
   4.59463232251320045895254779145009363      
   4.54425700717191251628152565987042669      
   4.49289301189925159470626724528900186      
   4.44052828940522412604685822509356808      
   4.38715073295871850254605459732996026      
   4.33274817739232119637582950335720985      
   4.27730839746563979782343827293542500      
   4.22081910857622006193825612881026357      
   4.16326796631433110031454754227115062      
   4.10464256615837541529706641528202813      
   4.04493044334264475205901247534893963      
   3.98411907267198329335346773257319924      
   3.92219586806580153840625237210622010      
   3.85914818259885725199180148854056603      
   3.79496330811299060757408568487642531      
   3.72962847529974327096928998607233602      
   3.66313085292718450822824383780401470      
   3.59545754856721194506127885519479729      
   3.52659560643291660483800476659831840      
   3.45653201000308700824432621465999754      
   3.38525367875370908252523485192797958      
   3.31274747167818946872427146121316206      
   3.23900018312598481356617179296430251      
   3.16399854492396051996158205837523290      
   3.08772922559524596638094514738412934      
   3.01017883016394870541965813714644971      
   2.93133390010787313406916883913504357      
   2.85118091291766983866350350231947576      
   2.76970628217307506175252424115190569      
   2.68689635718483157234543781324736923      
   2.60273742288950969275657388352659193      
   2.51721569944915149288503508546665544      
   2.43031734259783497935791655279410502      
   2.34202844291736697971667718195642486      
   2.25233502594408219282039760271014551      
   2.16122305194124940208400473132313187      
   2.06867841574960653897710614133106195      
   1.97468694662067590141257395083903155      
   1.87923440806945272084163779567943071      
   1.78230649769477680739656088000991639      
   1.68388884706843381911319796555824958      
   1.58396702156060286822987608325145579      
   1.48252652020801014402039070340125075      
   1.37955277557046408648961799566676483      
   1.27503115353859557039516836071498852      
   1.16894695338875054693355968521108848      
   1.06128540742532547705320550394465976      
  0.952031680968836813890661519640053598      
  0.841170872210410149909262744887443134      
  0.728688012100757600729057732072009774      
  0.614568064220016611246222179978926743      
  0.498795924661590296334861699985640269      
  0.381356421931404618132808764560382506      
  0.262234316834090198959503332935877573      
  0.141414302367488459555233209131840306      
   1.88810036203237302394894927663184720E-0002
 -0.105381022327649246164683284442380478      
 -0.231387286502332657366255700941195896      
 -0.359153368129126451513103220036202251      
 -0.488694914725166554562546742606541970      
 -0.620027642178838071368305962588278393      
 -0.753167334851225785661123112522836027      
 -0.888129845646365942867828717267421896      
  -1.02493109609656292235288257493934788      
  -1.16358707643614131325731396043361502      
  -1.30411384569145702675010046040969747      
  -1.44652753169678285154240113242325427      
  -1.59084433124466599330750721548742625      
  -1.73708051010008803636012227919844687      
  -1.88525240307692747961912288568916938      
  -2.03537641409927392647363997995380946      
  -2.18746901626033947440359154025756819      
  -2.34154675187884682280045185923625996      
  -2.49762623255213270449311234768127804      
  -2.65572413919010926540334158390374029      
  -2.81585722213136103674960729499888606      
  -2.97804230113681785628043146880796012      
  -3.14229626537712270947736184202379309      
  -3.30863607357338712826331694972291915      
  -3.47707875399300962046452505779204140      
  -3.64764140448917860616615257496221758      
  -3.82034119256723427005117343486159816      
  -3.99519535536257941277991868696746534      
  -4.17222119971080510327623119838516041      
  -4.35143610216605392703006097594564790      
  -4.53285750902769316550881022607729418      
  -4.71650293636497651477617237799357902      
  -4.90238997003981360488219227150850287      
  -5.09053626572267275386678481451601752      
  -5.28095954891302979194393889106596095      
  -5.47367761497101677765907660223782110      
  -5.66870832911029001172756684633218337      
  -5.86606962641639463277135248054571714      
  -6.06577951183960750240436103607024652      
  -6.26785606022547476141052310981798504      
  -6.47231741635040678763468438131032520      
  -6.67918179461313661639806620054385847      
  -6.88846748082490561590882268564174511      
  -7.10019282846436081159992694999817401      
  -7.31437626194980272586996368431660873      
  -7.53103627565158055772662734141645033      
