   6.46114195192883683103959025933776710      
   6.46114195192883683103959028494239172      
   6.46114195192883683103958469848901236      
   6.46114195192883683097712502187410745      
   6.46114195192883676887372075151459798      
   6.46114195192882948591746315616174305      
   6.46114195192859376204222440863044270      
   6.46114195192529930021220599186596906      
   6.46114195189930681008461869507711274      
   6.46114195176250967134909111129305236      
   6.46114195122681598807508970080837721      
   6.46114194954651273480931355138944062      
   6.46114194510294011155707354218955526      
   6.46114193483253301016632925864938340      
   6.46114191349544025180281956868330374      
   6.46114187285587976617412793323475729      
   6.46114180092071903483144063464932449      
   6.46114168105103480676812981695462384      
   6.46114149116935927629604626593368066      
   6.46114120308146734345044909526873468      
   6.46114078186758914444564013308840591      
   6.46114018536499474041804744405661707      
   6.46113936375270235608065250673510895      
   6.46113825926710782650237886868204629      
   6.46113680604675498315012254788482456      
   6.46113493007642075075303905115695179      
   6.46113254931295193828526853188478261      
   6.46112957387815029672335292016763329      
   6.46112590659936758270274302424525373      
   6.46112144331533534302276000441953563      
   6.46111607357469070661571101272683016      
   6.46110968109719067376714723102604895      
   6.46110214428355673810273936078046344      
   6.46109333667585062129604845115216398      
   6.46108312723023938781467191120069399      
   6.46107138051582975267598859780756869      
   6.46105795663690657347285092473906050      
   6.46104271090997627168361879455714939      
   6.46102549350313595996521034679980055      
   6.46100614874500635630844295298744207      
   6.46098451408877513807748211948901534      
   6.46096041925286767403126074330223452      
   6.46093368498189761511019336757192351      
   6.46090412166360802377054811942000516      
   6.46087152780691583085257598878522313      
   6.46083568870186381771159290266837027      
   6.46079637474544099756919990644237215      
   6.46075333982170173155836229022755542      
   6.46070631974432002448727430073501694      
   6.46065503055460646899099933873387914      
   6.46059916695052911880839968356676103      
   6.46053840070062089431723209269361290      
   6.46047237911423294439464145452400192      
   6.46040072352374526055299726285521777      
   6.46032302781692226088506714886491587      
   6.46023885705588066032933844386676033      
   6.46014774602822207739167916262312423      
   6.46004919797100136769973004255714535      
   6.45994268305737259734172205278321579      
   6.45982763723134651405808766125248632      
   6.45970346145010080302449372766862484      
   6.45956951918971278882422564153193095      
   6.45942513746028103873378304895394900      
   6.45926960318025457504713359959834915      
   6.45910216285733251387670193715418742      
   6.45892202124460876415402984180888005      
   6.45872834100068647404337946019796374      
   6.45852023952957148021077987640635065      
   6.45829678935335799223141730377450862      
   6.45805701488601370854451332624691881      
   6.45779989334125207301391793798098240      
   6.45752435029297111743512532486091841      
   6.45722926057540385146266033616826739      
   6.45691344465108068583728197769041222      
   6.45657566750210911982139722740000748      
   6.45621463676569756436694027192803505      
   6.45582900029714166583508636001659218      
   6.45541734397983947224077224205418675      
   6.45497818899092536311403731084948374      
   6.45450998978267857265136283608145265      
   6.45401113091486735481192743072977375      
   6.45347992421295999483317388401884143      
   6.45291460559337063745463305216104113      
   6.45231333199439500866880327901080639      
   6.45167417770948143377956592505507213      
   6.45099513069601143332775485018050507      
   6.45027408813366135501260709632072968      
   6.44950885312405695372665162163813972      
   6.44869712929999334842515402455135436      
   6.44783651741814524116531003103768064      
   6.44692450927277311934709817411497694      
   6.44595848362001760065381683459827409      
   6.44493569801213903644835388981246273      
   6.44385328777604085269596321196160160      
   6.44270825586685875589520529146700894      
   6.44149746865953765274955812100900049      
   6.44021764880019031328284312584483238      
   6.43886536797268363888487664592245113      
   6.43743704104991397304242983592432062      
   6.43592891695681196326867592808750345      
   6.43433707248498229631085140735073825      
   6.43265740281961777485295895666018221      
   6.43088561422514332666907256275191457      
   6.42901721557271011888893928394779413      
   6.42704750865789315980814887533160596      
   6.42497157721127975858861835560403124      
   6.42278428003436531429829184191362469      
   6.42048023770812326759091462310744427      
   6.41805382353365484432065639394431103      
   6.41549914952206724372982744653728695      
   6.41281005468769661775699166740418202      
   6.40998008970064184448630874167338882      
   6.40700250613871206768764237377205763      
   6.40387023865604149580301232474546717      
   6.40057589721189263992298812492904246      
   6.39711176682762002524194212073107952      
   6.39346980886664402208709845641938181      
   6.38964168357399445384117194808406162      
   6.38561878043763958332699556024213912      
   6.38139226400076756947046032757192396      
   6.37695312409214208805164817247788438      
   6.37229222997023219625626801254466520      
   6.36740038700761766880029879372262555      
   6.36226839149026399259202804811559069      
   6.35688708767942010269749525709214280      
   6.35124741940997689005034957969363363      
   6.34534048380850915508520109019411764      
   6.33915756568756687285200646051307222      
   6.33269016612613486701441950281395642      
   6.32593001775653863850427658967052069      
   6.31886907897501262031834386547044042      
   6.31149952255093944092960740076264917      
   6.30381370960398142909722732053236455      
   6.29580415791256919793631891184562631      
   6.28746350572601332524003197577783544      
   6.27878447495928166314869115306562385      
   6.26975983489105169938851572621672183      
   6.26038237130975939223054124450225542      
   6.25064485399479416919632972569524435      
   6.24054001398114554463807865381741392      
   6.23006052218691025450750092575489770      
   6.21919897269483805036651845553328699      
   6.20794786969987065058532375667794499      
   6.19629961750290962198070496370039258      
   6.18424651341601935421072738906014095      
   6.17178074277446309100129637967147723      
   6.15889437584647833050915651234452450      
   6.14557936772430733152997227222829095      
   6.13182755577215370755058454625253904      
   6.11763066207144875825037092037145915      
   6.10298029456102778426565755690660574      
   6.08786794887593542536297771860451450      
   6.07228501085541008300965496858285780      
   6.05622275920382193063390008046813216      
   6.03967236835092003185214192646889218      
   6.02262491136791350344143714332904850      
   6.00507136303169059965303481610351937      
   5.98700260273464711836503516388783602      
   5.96840941740012979706287110503311108      
   5.94928250439269337226695887258570722      
   5.92961247414186162271670725822067694      
   5.90938985276942882846638038844193013      
   5.88860508475216923402854691227120383      
   5.86724853509192926982978537288244736      
   5.84531049127222750263430076651833694      
   5.82278116664693912298818418079058143      
   5.79965070031149451396465881524461977      
   5.77590916046602022047379819187367952      
   5.75154654536150345837840363297055996      
   5.72655278515651400938403603863209751      
   5.70091774294303326176077715135953393      
   5.67463121639775985106409340119859415      
   5.64768293849691091457387863125554317      
   5.62006257900736117934425439816903068      
   5.59175974499321290906065823956659007      
   5.56276398186589941270052920184989827      
   5.53306477407575521641438095124172387      
   5.50265154576980856704535443712032838      
   5.47151366116473941989839568954005107      
   5.43964042546250698650666024077493408      
   5.40702108484827077996237346175169883      
   5.37364482694229977302112283158813691      
   5.33950078130763334377158058331204354      
   5.30457801940926977098080771546549402      
   5.26886555509576589291813062289265336      
   5.23235234444657759506869991364599862      
   5.19502728625035071522237697829419688      
   5.15687922159765523260398308438510419      
   5.11789693429474073968895553075866442      
   5.07806915093227405328123722270796121      
   5.03738454044590669215733247533151233      
   4.99583171449429089111370989146702911      
   4.95339922712988707129262460301489200      
   4.91007557484004854083610326861976797      
   4.86584919660093526519325060915942981      
   4.82070847310882095349245829018459076      
   4.77464172754999201529018740312491603      
   4.72763722482722986777955554282061188      
   4.67968317168102519211273609537774099      
   4.63076771614559646809758311334846748      
   4.58087894801731307107317836521262341      
   4.53000489810647675967866504353077430      
   4.47813353823306050800372669934041372      
   4.42525278115692819119474725632110144      
   4.37135048006498605056941929374968296      
   4.31641442871607336402322352179131746      
   4.26043236125116038806001131009373541      
   4.20339195147938253569058619201380919      
   4.14528081315292464119534017927292938      
   4.08608649956313606292798568543170988      
   4.02579650352104366801295997778071382      
   3.96439825680937189700177435421551228      
   3.90187913026934670072210548071207859      
   3.83822643337870238899143379390479280      
   3.77342741412570451234045245317637380      
   3.70746925891577035879674133460586241      
   3.64033909229377853712111807615100976      
   3.57202397596110400825024712728402937      
   3.50251091056801691870830184788268922      
   3.43178683301830450689450911208336443      
   3.35983861849744326033377806832221587      
   3.28665307863020420538949114331451208      
   3.21221696206620002404739135421964374      
   3.13651695408048649091732905490436635      
   3.05953967648339924832328502493161170      
   2.98127168733618269078889281721041388      
   2.90169948076547377733788286829879894      
   2.82080948688319958062480031070217430      
   2.73858807149553382535485960847168104      
   2.65502153590475599867260060487775938      
   2.57009611686760602887364809029996170      
   2.48379798633633711167400200901665422      
   2.39611325124833245318439344531176839      
   2.30702795341804948794289355429615187      
   2.21652806935435804591909213537178378      
   2.12459951010075577817027529391866336      
   2.03122812107817389090314261461564444      
   1.93639968193164950630977660455167828      
   1.84009990638505805633782489563620616      
   1.74231444207483467739524465440805478      
   1.64302887042130951558024825368324661      
   1.54222870648170884666226492625018662      
   1.43989939868236143316451779330208476      
   1.33602632918468328450111364284749686      
   1.23059481295837950386403365495815900      
   1.12359009829608531760879923577242031      
   1.01499736641640730858914181738193799      
  0.904801731389413556850362410877245208      
  0.792988239988486045470990987506322844      
  0.679541871664702091442345841218708888      
  0.564447538314413194450240053240419455      
  0.447690084237873706960497440837263518      
  0.329254286016729832361534129231410810      
  0.209124852408394272318277484078969446      
   8.72864242418230991149276417559828192E-0002
  -3.62764256786817379604712424484071777E-0002
 -0.161579192667485282015822138866241793      
 -0.288637440258967739333457245852538535      
 -0.417466800287600938665780582304622513      
 -0.548082972989905162784673647315142956      
 -0.680501727071298757128248218564224722      
 -0.814738899801275701263704675907758328      
 -0.950810397084039008037796064796592478      
  -1.08873219376969677860719385280961818      
  -1.22852033289942269817105749061102225      
  -1.37019092690559793436923499899915888      
  -1.51376015699942646067675487687377368      
  -1.65924427338865735816113270133891155      
  -1.80665959533975155308135793951142460      
  -1.95602251124307671563097638048267371      
  -2.10734947866802872266825143537368545      
  -2.26065702442059083044157577148899091      
  -2.41596174459703421199112754940697621      
  -2.57328030463519382694163838859426599      
  -2.73262943936334325057811273801558590      
  -2.89402595274504148829580015144650420      
  -3.05748671920597603749430996975235780      
  -3.22302868160474657378863400511581195      
  -3.39066885282822535503169588778903688      
  -3.56042431532705253371546881542062841      
  -3.73231222114521554354319636391325867      
  -3.90634979202057449035647886283982982      
  -4.08255431939066197189352917067543667      
  -4.26094316442136563966666043962884197      
  -4.44153375803347439625480651882113584      
  -4.62434360092724568133463117614046230      
  -4.80939026360463074391491283037729760      
  -4.99669138638995472903907347465259165      
  -5.18626467944676463089026677462006634      
  -5.37812792278990602078403651461042138      
  -5.57229896631667023834363932314685229      
  -5.76879572980264698403257605688966917      
  -5.96763620292224657471239368129296084      
  -6.16883844525180480427391655900543011      
  -6.37242058627261651431658878179145890      
  -6.57840082538067786699662412473945816      
  -6.78679743188691274282083419615437279      
  -6.99762874502164282489430820260090860      
  -7.21091317421520991345454947155174897      
  -7.42666919734444378749105750388174695      
