   6.46114229515578832787994501293249882      
   6.46114229515578832787994503858969363      
   6.46114229515578832787994507460013469      
   6.46114229515578832786445253264714873      
   6.46114229515578830736877830827186838      
   6.46114229515578543430523330540164505      
   6.46114229515567986084553770931011833      
   6.46114229515405411085426351040649946      
   6.46114229514024780706460207639484500      
   6.46114229506340386795100604753590613      
   6.46114229474944116454448241201961082      
   6.46114229373255762115270080523239014      
   6.46114229097773987429724343505196843      
   6.46114228449084290518823187029193308      
   6.46114227083410622841844563042995564      
   6.46114224455776934394175146078675467      
   6.46114219769051490489449329318267314      
   6.46114211915224511653063502922767955      
   6.46114199424398481053423704152193912      
   6.46114180423514995946493677102051790      
   6.46114152603598658130526924516585363      
   6.46114113198128099544825545279576489      
   6.46114058973777667864276120960480742      
   6.46113986234534203123064400636177733      
   6.46113890839868692657607055486912465      
   6.46113768237134111342278350146682748      
   6.46113613507641905437493854709548002      
   6.46113421424992585410772408434798489      
   6.46113186523311995340450488211630445      
   6.46112903170942492567231050942941728      
   6.46112565648876571578243324832038829      
   6.46112168232215070008671059360184313      
   6.46111705254191185304121594788536097      
   6.46111171171065113414591453842443212      
   6.46110560611234986438517333701493594      
   6.46109868409558453240918321968497803      
   6.46109089624098214246916083680430574      
   6.46108219541152376200236173637948957      
   6.46107253652346888410082725571420492      
   6.46106187640086834549727635630664031      
   6.46105017309800581328671253455212570      
   6.46103738542389492322506618297454535      
   6.46102347225101639372929003609359247      
   6.46100839177009995290663381220559855      
   6.46099210068553398304497126889195924      
   6.46097455338699779330056917712277975      
   6.46095570110148888749614170899056636      
   6.46093549119091789461707309938019129      
   6.46091386634886029604795308597397517      
   6.46089076379842123966688766740740812      
   6.46086611470910223637957362465452681      
   6.46083984359757964081543221550317978      
   6.46081186783210473744402723475840228      
   6.46078209718720881504092289442759143      
   6.46075043349273295795921360498243748      
   6.46071677039828892026615079086535452      
   6.46068099313246155482050967287687151      
   6.46064297844488893052245469752312328      
   6.46060259443588880340930678863530158      
   6.46055970059464791650280481130487699      
   6.46051414783131435271439343043029007      
   6.46046577860741903434615212485543517      
   6.46041442696144185967742104773344320      
   6.46035991881610104932362254166233054      
   6.46030207201264801109705742971472550      
   6.46024069652215190926723826455041680      
   6.46017559461129729840869766254423657      
   6.46010656110603316777252914563016686      
   6.46003338355715978408641732556441971      
   6.45995584231382331144568619925470637      
   6.45987371076132908043413307365534341      
   6.45978675545622987782656031164407878      
   6.45969473614175611188457774703573053      
   6.45959740584979184966786152833799161      
   6.45949451094860659261250411195821599      
   6.45938579106964368873778532087965916      
   6.45927097903345170598690542850700625      
   6.45914980078411229990782365698742106      
   6.45902197529349667785799446098534282      
   6.45888721419929036917564350936151248      
   6.45874522158640027486677602960321597      
   6.45859569363110793800287063097002054      
   6.45843831822391682154741512415077300      
   6.45827277451191863456423407415517348      
   6.45809873236495846296892926273130820      
   6.45791585174282162539828744885963313      
   6.45772378190017475135283456790538904      
   6.45752216128130775362493611633343952      
   6.45731061578256033963635141186120253      
   6.45708875856378431177182180830466488      
   6.45685618875693759790020003069246769      
   6.45661249031269522826191746915479551      
   6.45635723134259009190147247827238295      
   6.45608996272902232843507038827947260      
   6.45581021489241781272272495011626741      
   6.45551750073389561654097802821678405      
   6.45521131022344813811148629569360801      
   6.45489111033628365991693498518230115      
   6.45455634250725999650723435472478478      
   6.45420642136701749458075318121070765      
   6.45384073402024275654676774650968425      
   6.45345863463342056889733448859596882      
   6.45305944597083082312245876481655504      
   6.45264245425823732584735696915273577      
   6.45220690811337692223218598900327124      
   6.45175201511947077743466151996723441      
   6.45127693905766548304221383833580226      
   6.45078079761526602327131373538512671      
   6.45026265826538947313178973367847828      
   6.44972153466836439782619000797415019      
   6.44915638400902762410664986633724320      
   6.44856610227367452761203769706560235      
   6.44794952013656940769752300501415038      
   6.44730539876859186935083969002621523      
   6.44663242498184461046887302294012909      
   6.44592920593884953841144197423596031      
   6.44519426387984171746744676166451431      
   6.44442603053352967990025921306217528      
   6.44362284049096802761510657428362917      
   6.44278292458256704202696667826910190      
   6.44190440331805161562675194253372355      
   6.44098527859802392871899957164234837      
   6.44002342548911094253854547696475247      
   6.43901658397366755147486557317478189      
   6.43796234904262124690364008951446721      
   6.43685816056555274642265722693682082      
   6.43570129238931256475061593160157747      
   6.43448884064094804581300186376756479      
   6.43321771041740464963211393574612712      
   6.43188460291771354938778247567281093      
   6.43048600009511054494880846334422880      
   6.42901814886971117375394913957765954      
   6.42747704385220471919086218702015833      
   6.42585840883757254918337395290267505      
   6.42415767668313866328877482750932507      
   6.42236996785781237054506347297484570      
   6.42049006720762402407203779662506367      
   6.41851239884806042131523211784026409      
   6.41643099978485209493191981876268367      
   6.41423949099325024873826476685321130      
   6.41193104723996888720629782348354758      
   6.40949836486875344318113801267266564      
   6.40693362803196562684738581710016585      
   6.40422847357180805648286694608010324      
   6.40137395496064953344612268238680794      
   6.39836050596266565985581084923625212      
   6.39517790397394148594084462074356057      
   6.39181523673251868109906471499188514      
   6.38826087034059708863711760058301394      
   6.38450242280932943483967690030670902      
   6.38052674470364695960935342714731207      
   6.37631990888072476240773032031943358      
   6.37186721237782922122648583144747520      
   6.36715319289100385995106987546985622      
   6.36216166154984824318176257116748340      
   6.35687575467735958278689283114493792      
   6.35127800310438681841966106825797118      
   6.34535042100234199962363195196222174      
   6.33907460829084788896859207102841110      
   6.33243186615416100398975763851047183      
   6.32540331840526862177304972112037465      
   6.31797003420892762180870161430293834      
   6.31011314326980819497808524748816937      
   6.30181394597956282119699256148436148      
   6.29305400171646666958295807965334433      
   6.28381520605741425177789624198582784      
   6.27407984500701223818445998724358017      
   6.26383063354493348618477529983680727      
   6.25305073386285327006610636676095337      
   6.24172376434867560705452310993693832      
   6.22983379031128308040117985203531881      
   6.21736530753711860323014980908665665      
   6.20430322030873852438971091033719483      
   6.19063281355316166279006294611198356      
   6.17633972279385506855293041946234990      
   6.16140990435652794378336796876989561      
   6.14582960433268016494945499687544953      
   6.12958532937336067901608574151894467      
   6.11266381920569692780679832470916786      
   6.09505202259949231783054320384615887      
   6.07673707402288280284140329544935863      
   6.05770627293751154348838491883331479      
   6.03794706722605710436168524779223244      
   6.01744703571025423894424788074854038      
   5.99619387632267870695095034921417214      
   5.97417539312789102229263277850844983      
   5.95137948645102200879703252742827762      
   5.92779414412382214751327428210387679      
   5.90340743397470541678191692143872805      
   5.87820749748601185514616410861765128      
   5.85218254376604141836880811382662704      
   5.82532084417686807752865408782008790      
   5.79761072804038063360278549688772108      
   5.76904057688315415332615759952849917      
   5.73959882172357804283290287431569226      
   5.70927393668394978420350233207749287      
   5.67805443552638454567541863888859548      
   5.64592886624318349638905005674460660      
   5.61288580569960508958010319762966996      
   5.57891385492216516826063273059177486      
   5.54400163249754812458682653774357408      
   5.50813776944624202125377902407211189      
   5.47131090175351270253183813003428080      
   5.43350966520501123689173252843772773      
   5.39472268788520082157300011719512984      
   5.35493858432899346368236185172112857      
   5.31414594790454505031851483711308777      
   5.27233334545402772974179416494833646      
   5.22948930993593212434790390411938743      
   5.18560233488155728263726355721826289      
   5.14066086834903051131476087062503995      
   5.09465330739681545202021976779504969      
   5.04756799313848453367831017025562649      
   4.99939320543425314798533498562148769      
   4.95011715955086684868823852287728025      
   4.89972800128086515730063050988790597      
   4.84821380419483680631785748370244795      
   4.79556256560473893527276423837750036      
   4.74176220543936912707784162364023512      
   4.68680056269509809561958975452681324      
   4.63066539367044255341605473063529905      
   4.57334437102188414980790319140279636      
   4.51482508197192008162528203995181460      
   4.45509502749289942161566024538611207      
   4.39414162155600655475627495417789990      
   4.33195219046564874490688615975622944      
   4.26851397254822290737368751720882233      
   4.20381411836522385765860837542845811      
   4.13783968991206770735794500037316932      
   4.07057766207306734665415291170751760      
   4.00201492081967288235378841097221847      
   3.93213826591524284839638150286706462      
   3.86093440917931049922849857048919485      
   3.78838997571502813015629177839214295      
   3.71449150551055857997454095938547831      
   3.63922545136895708762854832441438128      
   3.56257818233092913597797098656393974      
   3.48453598168416578122423241912596655      
   3.40508504973814946365350649194323908      
   3.32421150202728127377368034786828968      
   3.24190137244317395315258620713304219      
   3.15814061117133804466185957808605831      
   3.07291508775266823667155599697025671      
   2.98621058903378806101569590256627982      
   2.89801282218339140315484228481378559      
   2.80830741309793875882985855147765329      
   2.71707990840169936585132957144802467      
   2.62431577457817372337341028034287918      
   2.53000039972644873665018009157856954      
   2.43411909268039849802288637262909072      
   2.33665708473966062403074433867652650      
   2.23759952866051086727019454892431672      
   2.13693150022580234494050589890163336      
   2.03463799781755071967216272134009175      
   1.93070394295884220374232510542011543      
   1.82511418076881230222550015463008240      
   1.71785348008633884855558359626909374      
   1.60890653376795987181318425527601825      
   1.49825795908902201549378637025341282      
   1.38589229758063111662645320295840372      
   1.27179401588698344826701512515602270      
   1.15594750498431010143836939088886862      
   1.03833708245157366767497042825399551      
  0.918946989881245746251795736315458973      
  0.797761395113516774745520855125709956      
  0.674764391602112693090998769318585922      
  0.549939998620258450013301350220837990      
  0.423272161713797172026619641420929867      
  0.294744752663706141891331216251278553      
  0.164341569530713129812354975988686092      
   3.20463367826910518661511410001336383E-0002
 -0.102157294170211439708892251944565404      
 -0.238285745216941024987035014394950465      
 -0.376355512423473555855182687273162055      
 -0.516383162833012347549151447394155821      
 -0.658385338567473951585334082555279701      
 -0.802378752640864633627737480674004836      
 -0.948380193024153600315741163212798536      
  -1.09640651821650575699171373610998817      
  -1.24647465985335922469975256155354369      
  -1.39860162386685746906556273154176125      
  -1.55280448572021028595335818762462429      
  -1.70910039505354469543364012777306124      
  -1.86750657420983444751708216033360134      
  -2.02804031609805044058193315358793587      
  -2.19071898603318526856780482976823403      
  -2.35556002387877909518428671439334675      
  -2.52258093807986031199733306281055902      
  -2.69179931055711606120455129420328489      
  -2.86323279594407779774677625115344714      
  -3.03689912107883157629993611969567055      
  -3.21281608118666923482909041391328682      
  -3.39100154595420812344951696983824217      
  -3.57147345845491342316487225580137439      
  -3.75424982877364620733700961022903589      
  -3.93934874187954847470679230977756094      
  -4.12678835527394310801322244833241394      
  -4.31658689470385864439690235234206464      
  -4.50876265763116001382802881258956810      
  -4.70333401664646411777257395150823838      
