   6.46114229515578832787994501293249882      
   6.46114229515578832787994503858969363      
   6.46114229515578832787994507460013469      
   6.46114229515578832786445253264715104      
   6.46114229515578830736877830827186915      
   6.46114229515578543430523330540408019      
   6.46114229515567986084553770995470474      
   6.46114229515405411085426355408917827      
   6.46114229514024780706460326427702663      
   6.46114229506340386795102304645869980      
   6.46114229474944116454463460224293156      
   6.46114229373255762115365769662099962      
   6.46114229097773987430182125550484355      
   6.46114228449084290520587995667265159      
   6.46114227083410622847564181000665077      
   6.46114224455776934410273999899261525      
   6.46114219769051490529907672609756246      
   6.46114211915224511875897147701479260      
   6.46114199424398482453225206166259819      
   6.46114180423515003346653308740150509      
   6.46114152603598691697850751491573202      
   6.46114113198128233030461070045646347      
   6.46114058973778141284383727955817091      
   6.46113986234535722133220126410243846      
   6.46113890839873155244409302107066062      
   6.46113768237146237639902442143168141      
   6.46113613507672647341115925130541889      
   6.46113421425065833926426535835840805      
   6.46113186523477073444087720087162356      
   6.46112903171296317825748452316022725      
   6.46112565649601285941272617077306493      
   6.46112168233639482747854704331221095      
   6.46111705256887589607327610033635418      
   6.46111171175997027264508056605807785      
   6.46110560619976124293473644195803850      
   6.46109868424608807278684379561645995      
   6.46109089649329216561266973820077718      
   6.46108219582420507634523167613134468      
   6.46107253718322233132675826210589520      
   6.46106187743351326993824530915830852      
   6.46105017468279305077771225904587731      
   6.46103738781186975835082129749012327      
   6.46102347578824245081909506259813320      
   6.46100839692465832110868031268180506      
   6.46099210808856008570879989157406820      
   6.46097456387309021012203022740076622      
   6.46095571575829749751758200620966825      
   6.46093551142602144745539806143098662      
   6.46091389396294165988717081439264977      
   6.46089080107270292311274854909677122      
   6.46086616450730084248941480776049355      
   6.46083990948395442440622423218747071      
   6.46081195420725131384774701964440187      
   6.46078220944331846413126772789642859      
   6.46075057819010392618436150990695761      
   6.46071695546500911356687660944494460      
   6.46068122808899751093320282398379159      
   6.46064327465595034728257795407504577      
   6.46060296539107625415365893107004410      
   6.46056016222045944328604133214826607      
   6.46051471883645651650504921255548923      
   6.46046648086373023772173071613160570      
   6.46041528592245131500738404297064531      
   6.46036096397634135245962950029536667      
   6.46030333740880165177121144857459543      
   6.46024222127975694331994397758675486      
   6.46017742353818494019052201461285262      
   6.46010874533859899376270510869012854      
   6.46003598125573090059330616428950491      
   6.45995891941513196358088434985651658      
   6.45987734179148000319558017911600228      
   6.45979102440139751288861545401845847      
   6.45969973738521154476091056685352514      
   6.45960324517654045443892904625857565      
   6.45950130661966098313332105599711417      
   6.45939367497062610527017495461398270      
   6.45928009789972392693100888402029831      
   6.45916031751236307732854590920780802      
   6.45903407033401782531951591757632151      
   6.45890108703298221684073007727101835      
   6.45876109230268025236835772938781158      
   6.45861380460085642819647848297940140      
   6.45845893587594178486771157961721938      
   6.45829619121604646708258483058566164      
   6.45812526842789455409899864881193695      
   6.45794585751645520528047591525920905      
   6.45775764018748706382301173595679314      
   6.45756028910426678772324852140661409      
   6.45735346778356899529076803764840723      
   6.45713682906149785539871204682598383      
   6.45691001474652597229998078839903256      
   6.45667265426650297347091399123734737      
   6.45642436465138346920029414919765478      
   6.45616474860216514192105431260611152      
   6.45589339242603434845573681576268783      
   6.45560986820226976349066004314899929      
   6.45531372905724374306582824844653527      
   6.45500450938159069577354995027117574      
   6.45468172199318981205577547897002241      
   6.45434485904371500892552382824201430      
   6.45399338782287762098229200983577694      
   6.45362674960092517111233244338057658      
   6.45324435908804548825934196098489851      
   6.45284560040514299901879033014027783      
   6.45242982625339195432874068495041218      
   6.45199635484685565786424159964978013      
   6.45154446762209439290076170583071042      
   6.45107340727125478116311898066892461      
   6.45058237389479863541767040993814361      
   6.45007052245424361604303578141235880      
   6.44953695987073035132618607421637471      
   6.44898074162071971393568317358152172      
   6.44840086725838595882025943002509617      
   6.44779627802746738070196165798183180      
   6.44716585169570516146934057152002732      
   6.44650839840822148122396755136485404      
   6.44582265619317379741495817739679432      
   6.44510728615044512994278040939226071      
   6.44436086626560201667315686693916359      
   6.44358188699132706334802569608917211      
   6.44276874416721078681448583321991136      
   6.44191973241051790234419316967825122      
   6.44103303913116121619770369476433487      
   6.44010673547514802268899323786316336      
   6.43913876926914647790420671920687432      
   6.43812695604592424626802934934777815      
   6.43706896920704026961136142325920708      
   6.43596233028540971601843859871362770      
   6.43480439749233609660520278585943992      
   6.43359235441657183875553951146886026      
   6.43232319614345097086896690059076530      
   6.43099371655453036550146553678368004      
   6.42960049214783580481702842266538377      
   6.42813986617630713480391343413782230      
   6.42660793066744819095693000479612785      
   6.42500050691451716517581283472519599      
   6.42331312461465804392128308337036364      
   6.42154099875004291896675698037857571      
   6.41967900480476743232849590735408369      
   6.41772165170380618352836557349987229      
   6.41566305226708342858132887297400973      
   6.41349689178589487070356228896362893      
   6.41121639333497277330165942575182275      
   6.40881428103707124835768355110614252      
   6.40628274066617951329166626806716666      
   6.40361337788160851315396040448005906      
   6.40079717458947893567098995203235033      
   6.39782444374797194066288796905765768      
   6.39468478461462301263365228078660367      
   6.39136703713282363210733532286166394      
   6.38785924202731588122916969752709805      
   6.38414860447941052036337004647643575      
   6.38022146635714974493641693585535763      
   6.37606329072209317155050632400680150      
   6.37165866271454234823090730316180997      
   6.36699130867604874699997298867194109      
   6.36204413829141691967387916623982812      
   6.35679931191909114803050730706750531      
   6.35123833030022318893975014987440951      
   6.34534215095853101885648680854034500      
   6.33909131949134814848164713406709495      
   6.33246611528315257233371668111387290      
   6.32544670002029167245704267670545051      
   6.31801326771301911252534734466067600      
   6.31014617649578250481751967058453859      
   6.30182606839371349057817416651496472      
   6.29303396519695385950864740223462999      
   6.28375134140324070223698272242152970      
   6.27396017097401290113929450732424068      
   6.26364295582061349562424569171237876      
   6.25278273046250797243672479656587995      
   6.24136305453984675620280790513760479      
   6.22936799018220386581888165943440268      
   6.21678207474745522861485864364282693      
   6.20359028215392462814736735090916808      
   6.18977798898970169556312099466647893      
   6.17533093341650821085230677678091922      
   6.16023517852433354000833784883602891      
   6.14447707502321730594957052078883732      
   6.12804322765270023756226106036424099      
   6.11092046683646910846272081954496563      
   6.09309581888610142869614478372202849      
   6.07455648218654872817979303839679441      
   6.05528980589835593577307427716823985      
   6.03528327116494757358011253224207448      
   6.01452447544041601270072958646649220      
   5.99300111855068568403086735884325850      
   5.97070099115783647075425740775434378      
   5.94761196522858051086483414152127997      
   5.92372198559219920485074234269453692      
   5.89901906336326470227168615188187206      
   5.87349127007988690284995307794168145      
   5.84712673306307477220114474153589393      
   5.81991363094348460540590296680794321      
   5.79184019059407998671706746528710564      
   5.76289468308495279944984604761316041      
   5.73306542065038273868699973241325072      
   5.70234075395761788996518570615201289      
   5.67070906798104755236118071442665853      
   5.63815877912920219821430126712491053      
   5.60467833122431525690029929543659726      
   5.57025619102544688455305375773154898      
   5.53488084407064731060604547128205290      
   5.49854079076156317804520019461893692      
   5.46122453924247166014751821151874814      
   5.42292060143421083340268301537686306      
   5.38361748664242197644710395817958825      
   5.34330369589564208983838523580510798      
   5.30196771619471350807859832554327062      
   5.25959801369650422651121190632365768      
   5.21618302818625707012905502512701170      
   5.17171116682889605584202233548941411      
   5.12617079836923863835822665211032236      
   5.07955024786028235945842979113961439      
   5.03183779017358596625425013002389710      
   4.98302164671932085494165054658243949      
   4.93308997897560405636716473299888519      
   4.88203088521453543332608154148196216      
   4.82983239611640722687193391579866388      
   4.77648247142031945716820536816847415      
   4.72196899644528530976623356441393276      
   4.66627977956162014091809831156361005      
   4.60940254953857507506649877027289504      
   4.55132495372617573371103498152548427      
   4.49203455571739773394540289557671527      
   4.43151883519759340290118712176265460      
   4.36976518501740311245831714855350264      
   4.30676091125573056600182560135995319      
   4.24249323304447200869141575415294659      
   4.17694928059949333155712917366818611      
   4.11011609679098648677594477886547313      
   4.04198063516694562827340264001289997      
   3.97252976156032273070952481129067402      
   3.90175025319727265088867676521595592      
   3.82962879864240492421729673181101493      
   3.75615199968529323783362490194692163      
   3.68130637020818419175175796449044606      
   3.60507833704271720260547079265946799      
   3.52745424026066584181495377040099529      
   3.44842033454941440147529788820858266      
   3.36796278839079804325664949005809395      
   3.28606768592247826463632207323717999      
   3.20272102600598040480450220004092456      
   3.11790872448399999407605983298069689      
   3.03161661326704403966382669085021051      
   2.94383044170983752038604354041604763      
   2.85453587644505738608388701613727611      
   2.76371850307531310959413347425638801      
   2.67136382513553033749180644515951373      
   2.57745726590736414968108074053181939      
   2.48198416789424627070685427078890934      
   2.38492979422302758784098252341054353      
   2.28627932815553489095332625961960385      
   2.18601787415724633488357216940925501      
   2.08413045799558977920539306268277584      
   1.98060202716307625391702057818643434      
   1.87541745131142846147843622578363675      
   1.76856152253359334217224914250037729      
   1.66001895574366304610733283216432505      
   1.54977438897934070178430197110556154      
   1.43781238348384212619495990390876621      
   1.32411742448231603329974524394580598      
   1.20867392078056188107834276505999817      
   1.09146620556989633884433302573153078      
  0.972478537071531692076209653144293563      
  0.851695097143380651165465628683880631      
  0.729099993205867546078002824054036180      
  0.604677257492286525847439384193327166      
  0.478410847824889234972050986193701974      
  0.350284647561963635742302596997272507      
  0.220282464168082700844045643971236037      
   8.83880337778043473237756579221671124E-0002
  -4.54149841405969479988328131401493517E-0002
 -0.181143002477773909169293186464932695      
 -0.318812508223471402683948164012217610      
 -0.458440063004868604205522494476872320      
 -0.600042300018892300159661792698170428      
 -0.743635927201729632234110074742903878      
 -0.889237725682907784187225537894166084      
  -1.03686454855500200274552457727848157      
  -1.18653332432695197044600838698665938      
  -1.33826105160890094565291565055514490      
  -1.49206480322540327766024383080478372      
  -1.64796172618088848983832763771746211      
  -1.80596903656439468268463758209760431      
  -1.96610402734487253933216375490150991      
  -2.12838406023002245821241957917173577      
  -2.29282657064202509105841222572711961      
  -2.45944906850622095172171835194969822      
  -2.62826913268509059068665125633832037      
  -2.79930441551974962420659957436443351      
  -2.97257264164850560681788505122814799      
  -3.14809161034054364585664537294179706      
  -3.32587918671544542350123570783602615      
  -3.50595331292140302439801360782433626      
  -3.68833200136229825200929659187052520      
  -3.87303333839242212370851648137630149      
  -4.06007547709409301305569682114175652      
  -4.24947664563574020020133794695744849      
  -4.44125514451931151294863808752213121      
