 0.11772717483622E-12
 0.18836347973796E-11
 0.95359012151606E-11
 0.30141988263970E-10
 0.68496191634503E-10
 0.14459316698415E-09
 0.25826521049108E-09
 0.72082093880185E-09
 0.12228994009264E-08
 0.35263395667149E-08
 0.85363853998876E-08
 0.18641028278695E-07
 0.38074936868070E-07
-0.76001138230529E-05
 0.82310411727252E-05
-0.55652997330110E-05
-0.12070603779014E-04
 0.15459976832166E-04
 0.36332292638722E-05
 0.69129541702337E-05
 0.43155130915874E-05
 0.48256768732778E-05
 0.11380403708893E-05
 0.63658586257472E-06
-0.14869771276354E-06
 0.18381195835531E-05
-0.52246425093945E-04
 0.75752879518794E-04
 0.53557276452449E-04
-0.74840258878641E-04
-0.72375086025018E-04
-0.44249188371482E-04
 0.80734708155636E-03
-0.42412138518794E-03
 0.14165370514478E-03
 0.98289552205075E-03
-0.66629822302497E-03
-0.18643259477347E-02
-0.10328505988657E-02
 0.23480952059442E-02
 0.19680127299549E-02
-0.44504418249820E-02
-0.34660825274388E-03
 0.82969579561924E-02
 0.39780009285979E-02
-0.32288670156511E-02
-0.82451932025291E-02
-0.59305796628372E-02
 0.81654137951002E-03
 0.43065798397997E-02
 0.55421172690284E-02
 0.30113835008532E-02
 0.15759517218071E-02
 0.30200951804181E-02
-0.73447280139429E-02
-0.56336424070396E-02
-0.48975253523794E-02
 0.47273229254596E-02
 0.14766331942337E-01
 0.12636707728783E-01
 0.77119985741500E-02
-0.10964235448521E-01
-0.23344099658500E-01
-0.11435742632501E-01
-0.26135200762165E-02
-0.29735486374496E-01
-0.16575208343975E-01
 0.23297556435761E-01
 0.44441439439192E-01
 0.44001078153840E-01
 0.14563944532466E-01
-0.75314330642542E-02
-0.24097952922740E-01
-0.54296118522711E-01
-0.83090072074745E-01
 0.72250341598216E-01
 0.86497695651842E-01
 0.16750171443003E-01
-0.11712382036879E+00
-0.24226872602303E+00
-0.30938654343146E+00
 0.46368195965038E+00
 0.17491321346285E+00
 0.18260733350464E+00
-0.47298303757055E+00
 0.14170294048997E+00
 0.88930284656508E+00
-0.68561433438459E+00
 0.10990147150652E+00
-0.67620232832518E+00
-0.32341768346518E+00
-0.49862612651269E+00
 0.10485246894694E+00
 0.21609812694044E+00
-0.53359780443864E+00
 0.60014358517491E+00
 0.70961042987543E+00
 0.19950054782567E+01
 0.65835216266469E+00
-0.42766279156209E+00
-0.95613493468529E-01
-0.38232563558603E+00
-0.57550340658017E+00
-0.82761904712374E+00
-0.12696791905822E+01
-0.14587511046312E+01
-0.11996428096100E+00
-0.68903569506529E-01
 0.17952582031105E+01
 0.57064017965348E+00
 0.17566036393445E+01
-0.23771102448391E+00
 0.83403076974060E+00
-0.20709684905936E+00
 0.11310720962355E+01
-0.11354787926845E+01
 0.35151451112528E+00
 0.47948942413406E+00
 0.37432478603863E+01
 0.68580616030084E+01
 0.32145642805036E+01
 0.52052048421884E+00
-0.37992525072214E+01
-0.60066350485428E+01
 0.49457670465802E+01
 0.33459239827214E+01
-0.13818611274581E+02
-0.67438871656991E+01
 0.91607787577127E+01
 0.10110865874187E+02
-0.15985493364751E+01
 0.68713898756839E+01
-0.47858840488594E+01
 0.89402323120046E+01
-0.15012720356580E+02
-0.34325676026012E+01
 0.87367786593154E+01
 0.49369639713121E+01
-0.22527548544383E-01
 0.93864396717191E+01
 0.16173599869585E+01
 0.33128234680563E+01
-0.76175514155577E+00
-0.11909791158440E+02
-0.67944356986765E+01
 0.16113653194854E+02
 0.13794470496799E+02
-0.19153453110805E+01
-0.63343650510456E+01
-0.14648745781148E+02
-0.23164209682088E+01
-0.46053842353609E+01
 0.62932671928221E+01
 0.11872605489155E+02
-0.72882844867738E+00
-0.10082244987481E+02
 0.96367789981554E+01
-0.12829637355951E+01
-0.69640505782451E+01
-0.27094232407397E+01
 0.10281985548465E+02
-0.20390689488515E+01
 0.82604674243029E+00
 0.25152996955406E+01
 0.35870439896246E+00
-0.52351814976423E+01
-0.17174000943768E+02
-0.55880546571516E+01
 0.22451596574283E+01
-0.37836225397552E+01
 0.72458795039767E+01
 0.52908791656414E+01
 0.16835368463841E+02
 0.15576775177936E+02
 0.12438419098515E+02
 0.34831132511300E+01
-0.25033408807079E+01
-0.65012195740310E+01
-0.54710028390178E+01
-0.12225223577408E+02
 0.48139998580265E+00
-0.44681391992946E+01
-0.57280806330170E+00
-0.68190953743408E+01
-0.20302957318431E+00
-0.93362062668991E+00
-0.29626972831072E+00
-0.22508293699379E+01
-0.70584364221892E+01
-0.74787733998414E+01
-0.12803026873941E+02
-0.11627481540890E+02
-0.15863099415235E+02
-0.23227100408204E+02
-0.17981197149846E+02
-0.18189399772855E+02
-0.34780529462122E+02
-0.18144856485077E+02
-0.11962222385968E+02
-0.18422121927082E+02
-0.11037171807539E+02
-0.10274274994195E+02
-0.35351460197332E+02
-0.23956262229346E+00
-0.79377767285787E+01
-0.61870199039963E+01
-0.24465855042039E+01
-0.30158109117506E+00
-0.54501034552726E+01
-0.12513377345921E+02
-0.66498213184391E+01
-0.31209384103835E+01
 0.46914959460750E+01
 0.65630978736482E+01
 0.10966770423527E+02
 0.14107490199837E+02
 0.20755696603122E+02
 0.19057289686810E+02
 0.27743621806596E+02
 0.36741401938205E+02
 0.45481614909669E+02
 0.10071932501577E+03
 0.54193296808593E+02
 0.35759178032212E+02
 0.21465048939820E+02
 0.17856539841547E+02
 0.68175080272605E+01
-0.18140012706785E+01
-0.56015100594075E+01
-0.18765760619147E+02
-0.14535113536132E+02
-0.20865282343289E+02
-0.26961104917056E+02
-0.36599941514294E+02
-0.54875353370128E+02
-0.81193169144556E+02
-0.70436209339438E+02
-0.10080118480497E+03
-0.10117503849456E+03
-0.12138700846463E+03
-0.12803684777592E+03
-0.16736306890777E+03
-0.13769341214681E+03
-0.19113746391219E+03
-0.24082332141778E+03
-0.20357132798943E+03
-0.25064984169472E+03
-0.26252100869397E+03
-0.27130266766047E+03
-0.32017937864753E+03
-0.31041276569716E+03
-0.33581291464078E+03
-0.35868581471234E+03
-0.43244583797210E+03
-0.41003557320123E+03
-0.41933204378628E+03
-0.52329128753354E+03
-0.50432689660775E+03
-0.50684875817365E+03
-0.55759718295046E+03
-0.66488532228530E+03
-0.62543331407667E+03
-0.66400228763213E+03
-0.75359189308331E+03
-0.82765601692133E+03
-0.74044275655718E+03
-0.78970329683245E+03
-0.81550567332868E+03
-0.96744074995516E+03
-0.95134095053277E+03
-0.94242848865909E+03
-0.10214116416695E+04
-0.11991641618987E+04
-0.12161927137655E+04
-0.11488766740676E+04
-0.11740206255738E+04
-0.14093421259648E+04
-0.14079421998549E+04
-0.13470142203422E+04
-0.13412179476391E+04
-0.14450725408576E+04
-0.17462232654584E+04
-0.16757060375569E+04
-0.17983751350970E+04
-0.16612069826692E+04
-0.17070013535078E+04
-0.17404668116493E+04
-0.18230097825847E+04
-0.19221152280609E+04
-0.22375265239352E+04
-0.21331920484661E+04
-0.20498661795000E+04
-0.21730834832193E+04
-0.23154961438455E+04
-0.25254127618675E+04
-0.26953368354680E+04
-0.26446795458256E+04
-0.26336129182095E+04
-0.25325804729777E+04
-0.26101888745153E+04
