 0.13548723707728E+03
 0.13548723707728E+03
 0.13548723707728E+03
 0.13548723707728E+03
 0.13548723707728E+03
 0.13548723707735E+03
 0.13548723707899E+03
 0.13548723709789E+03
 0.13548723722320E+03
 0.13548723778701E+03
 0.13548723970052E+03
 0.13548724495935E+03
 0.13548725725432E+03
 0.13548728258551E+03
 0.13548732977919E+03
 0.13548741083638E+03
 0.13548754108188E+03
 0.13548773911995E+03
 0.13548802662233E+03
 0.13548842799099E+03
 0.13548896994064E+03
 0.13548968104411E+03
 0.13549059127799E+03
 0.13549173159770E+03
 0.13549313356659E+03
 0.13549482905108E+03
 0.13549684998981E+03
 0.13549922823627E+03
 0.13550199546936E+03
 0.13550518315942E+03
 0.13550882257945E+03
 0.13551294484370E+03
 0.13551758095959E+03
 0.13552276187940E+03
 0.13552851854586E+03
 0.13553488188445E+03
 0.13554188283046E+03
 0.13554955226523E+03
 0.13555792095315E+03
 0.13556701944167E+03
 0.13557687793726E+03
 0.13558752616091E+03
 0.13559899318981E+03
 0.13561130729004E+03
 0.13562449574971E+03
 0.13563858471006E+03
 0.13565359901268E+03
 0.13566956205567E+03
 0.13568649566795E+03
 0.13570442000356E+03
 0.13572335345760E+03
 0.13574331260877E+03
 0.13576431218048E+03
 0.13578636502760E+03
 0.13580948215158E+03
 0.13583367273288E+03
 0.13585894418626E+03
 0.13588530223502E+03
 0.13591275100696E+03
 0.13594129313893E+03
 0.13597092989929E+03
 0.13600166132547E+03
 0.13603348636751E+03
 0.13606640303858E+03
 0.13610040857912E+03
 0.13613549961524E+03
 0.13617167233021E+03
 0.13620892262685E+03
 0.13624724630262E+03
 0.13628663921616E+03
 0.13632709745549E+03
 0.13636861750056E+03
 0.13641119639547E+03
 0.13645483189714E+03
 0.13649952263503E+03
 0.13654526825698E+03
 0.13659206959055E+03
 0.13663992877675E+03
 0.13668884941436E+03
 0.13673883669694E+03
 0.13678989754611E+03
 0.13684204074266E+03
 0.13689527708537E+03
 0.13694961942627E+03
 0.13700508289864E+03
 0.13706168504257E+03
 0.13711944583224E+03
 0.13717838788195E+03
 0.13723853654628E+03
 0.13729992010315E+03
 0.13736256978110E+03
 0.13742651998020E+03
 0.13749180842931E+03
 0.13755847624879E+03
 0.13762656818702E+03
 0.13769613274170E+03
 0.13776722233681E+03
 0.13783989350877E+03
 0.13791420711204E+03
 0.13799022851688E+03
 0.13806802781689E+03
 0.13814768008333E+03
 0.13822926559699E+03
 0.13831287014420E+03
 0.13839858529805E+03
 0.13848650871754E+03
 0.13857674449696E+03
 0.13866940353336E+03
 0.13876460391151E+03
 0.13886247131211E+03
 0.13896313949453E+03
 0.13906675073997E+03
 0.13917345649473E+03
 0.13928341766866E+03
 0.13939680557968E+03
 0.13951380238921E+03
 0.13963460189324E+03
 0.13975941023414E+03
 0.13988844672618E+03
 0.14002194471380E+03
 0.14016015251396E+03
 0.14030333432500E+03
 0.14045177133185E+03
 0.14060576274077E+03
 0.14076562693401E+03
 0.14093170263593E+03
 0.14110435012924E+03
 0.14128395248709E+03
 0.14147091681194E+03
 0.14166567546820E+03
 0.14186868725443E+03
 0.14208043861448E+03
 0.14230144424699E+03
 0.14253224848467E+03
 0.14277342557086E+03
 0.14302558008363E+03
 0.14328934696028E+03
 0.14356539110989E+03
 0.14385440658379E+03
 0.14415711523800E+03
 0.14447426484986E+03
 0.14480662669444E+03
 0.14515499256342E+03
 0.14552017133413E+03
 0.14590298512521E+03
 0.14630426523860E+03
 0.14672484802457E+03
 0.14716557092101E+03
 0.14762726884094E+03
 0.14811077118246E+03
 0.14861689983618E+03
 0.14914646718170E+03
 0.14970027681434E+03
 0.15027912360291E+03
 0.15088379525114E+03
 0.15151507455786E+03
 0.15217374187666E+03
 0.15286057770678E+03
 0.15357636503101E+03
 0.15432188938971E+03
 0.15509794674004E+03
 0.15590533294381E+03
 0.15674484946724E+03
 0.15761729871444E+03
 0.15852348014532E+03
 0.15946418473137E+03
 0.16044018805999E+03
 0.16145224198947E+03
 0.16250106626837E+03
 0.16358733686929E+03
 0.16471167588332E+03
 0.16587463959343E+03
 0.16707670669149E+03
 0.16831826630655E+03
 0.16959960651110E+03
 0.17092090347689E+03
 0.17228221158166E+03
 0.17368345503846E+03
 0.17512442099729E+03
 0.17660475469762E+03
 0.17812395654119E+03
 0.17968138180374E+03
 0.18127624205918E+03
 0.18290760929545E+03
 0.18457442209714E+03
 0.18627549372094E+03
 0.18800952186887E+03
 0.18977510013114E+03
 0.19157073028988E+03
 0.19339483573474E+03
 0.19524577522514E+03
 0.19712185644300E+03
 0.19902135079917E+03
 0.20094250568560E+03
 0.20288355807047E+03
 0.20484274627134E+03
 0.20681832110825E+03
 0.20880855593527E+03
 0.21081175555615E+03
 0.21282626411964E+03
 0.21485047161785E+03
 0.21688281960186E+03
 0.21892180561997E+03
 0.22096598670578E+03
 0.22301398201716E+03
 0.22506447454613E+03
 0.22711621215028E+03
 0.22916800790018E+03
 0.23121873984595E+03
 0.23326735027868E+03
 0.23531284465632E+03
 0.23735428993304E+03
 0.23939081343949E+03
 0.24142159993710E+03
 0.24344589024652E+03
 0.24546297868517E+03
 0.24747221088217E+03
 0.24947298129044E+03
 0.25146473090117E+03
 0.25344694480883E+03
 0.25541914994425E+03
 0.25738091267131E+03
 0.25933183666662E+03
 0.26127156066483E+03
 0.26319975643489E+03
 0.26511612674164E+03
 0.26702040341650E+03
 0.26891234555429E+03
 0.27079173775094E+03
 0.27265838844768E+03
 0.27451212837549E+03
 0.27635280904650E+03
 0.27818030137663E+03
 0.27999449436213E+03
 0.28179529381887E+03
 0.28358262123552E+03
 0.28535641266471E+03
 0.28711661768975E+03
 0.28886319847525E+03
 0.29059612883294E+03
 0.29231539340967E+03
 0.29402098686064E+03
 0.29571291313977E+03
 0.29739118477092E+03
 0.29905582224007E+03
 0.30070685335785E+03
 0.30234431269919E+03
 0.30396824110696E+03
 0.30557868514566E+03
 0.30717569669442E+03
 0.30875933235752E+03
 0.31032965360494E+03
 0.31188672559205E+03
 0.31343061735057E+03
 0.31496140133437E+03
 0.31647915311815E+03
 0.31798395111502E+03
 0.31947587631286E+03
 0.32095501202980E+03
 0.32242144368852E+03
 0.32387525860704E+03
 0.32531654579385E+03
 0.32674539576783E+03
 0.32816190039000E+03
 0.32956615270243E+03
 0.33095824678605E+03
 0.33233827760464E+03
 0.33370634089525E+03
 0.33506253304698E+03
 0.33640695097963E+03
 0.33773969205171E+03
 0.33906085395529E+03
 0.34037053463833E+03
 0.34166883221095E+03
 0.34295584487399E+03
 0.34423167085082E+03
 0.34549640831745E+03
 0.34675015534163E+03
 0.34799300982708E+03
 0.34922506946134E+03
 0.35044643166803E+03
 0.35165719356504E+03
 0.35285745191341E+03
 0.35404730308879E+03
 0.35522684304377E+03
 0.35639616727795E+03
 0.35755537080061E+03
 0.35870454810981E+03
 0.35984379316704E+03
 0.36097319937588E+03
 0.36209285955700E+03
 0.36320286593062E+03
 0.36430331009980E+03
 0.36539428303506E+03
 0.36647587506311E+03
 0.36754817585312E+03
 0.36861127439501E+03
 0.36966525900450E+03
 0.37071021730889E+03
 0.37174623623636E+03
