   300.978532456069162132856044161749454      
   300.978532456069162132856044161749454      
   300.978532456069162132851380527156010      
   300.978532456069161555061098139799070      
   300.978532456068454609946002451934406      
   300.978532455984012490765849010447089      
   300.978532453367369071825205606232324      
   300.978532418982347316137176791320350      
   300.978532165784611636735429106040296      
   300.978530926028918400637527319437783      
   300.978526416584903241230911287023834      
   300.978513287347990307459011581907316      
   300.978481058773780113656515690703838      
   300.978411834304294670128483188310538      
   300.978278139979589636682637944760946      
   300.978041197376507819526954273383458      
   300.977649822740616014193601325206583      
   300.977040033527505299525311166031999      
   300.976135307411792862032701388163131      
   300.974847409764288560441615865827279      
   300.973077637707444505751098438141495      
   300.970718328621493605178818111021279      
   300.967654487192169323832419004730400      
   300.963765400363207751223060981261942      
   300.958926136817199885293236001239875      
   300.953008854759531154239424457864279      
   300.945883871171818499573282751952495      
   300.937420473424417439897141123361705      
   300.927487479821256239068283314969032      
   300.915953576089907410492600208724930      
   300.902687470566713799262750270642321      
   300.887557922892864501512643537877851      
   300.870433693244861588879928323922495      
   300.851183475768520966797269148297781      
   300.829675856757497240736234414920672      
   300.805779339014006574277945104601010      
   300.779362458837300475134000521795946      
   300.750294015581416547294306095233428      
   300.718443408288684081640776495207960      
   300.683681106943096317138354408242547      
   300.645879198756468180239690455874831      
   300.604912035754675121998913770617396      
   300.560656943148667498612907335308842      
   300.512994969365067979969797917806824      
   300.461811654018529578011768178095690      
   300.406997789056849066550501159396150      
   300.348450155357774777339156070972360      
   300.286072204503329228451986427702863      
   300.219774705109174137366384069350379      
   300.149476278152514863910062150400656      
   300.075103870252720911681569106869045      
   299.996593129518679264749571794706400      
   299.913888685926260873435050910868251      
   299.826944336254677768690256825066794      
   299.735723125847380184798592452833714      
   299.640197324459305161506394113418496      
   299.540348398762989359512248011338726      
   299.436166745596540274796085211384653      
   299.327651482772761462426921816787727      
   299.214810112515202359892934136481097      
   299.097658135741483944344095054992097      
   298.976218605429139701841246414480791      
   298.850521634742258283285988702591765      
   298.720603888202083123898962801071829      
   298.586508017106616646830724025135252      
   298.448282075435535720699773692448624      
   298.305978928321894271834133445922986      
   298.159655654653088567021937771011965      
   298.009372917659846055588648910980957      
   297.855194375147715414623220736173718      
   297.697186071313485888601599226388443      
   297.535415856253372222438089445738720      
   297.369952788918105075280535127781810      
   297.200866589837538121026464034149789      
   297.028227072692471828821899535256350      
   296.852103646387334748861609031485914      
   296.672564803746841437465060808011871      
   296.489677636038537359992004679051986      
   296.303507398590348567310305325119628      
   296.114117069678719358086118009366689      
   295.921566922633282632055298287102381      
   295.725914170755247144872911488634775      
   295.527212594165062366888131537307655      
   295.325512203821217098002821900837692      
   295.120858922229229636773613046415679      
   294.913294291270853305107407260688054      
   294.702855175335748324249637042802597      
   294.489573484022541268435487226654004      
   294.273476027219278371357813826614223      
   294.054584162236228973253631087260987      
   293.832913605342358518661561212240320      
   293.608474198949030521174853961197415      
   293.381269915613212397789978679025080      
   293.151298035128123238496910509232890      
   292.918549919963257054799094719621330      
   292.683010014711136883537790182922286      
   292.444655968790265393723009520683281      
   292.203458459716376403801439545883148      
   291.959380771447843419582997140073909      
   291.712379016662101944751235500275872      
   291.462401390075247449096377290797302      
   291.209388392179235701898258034247759      
   290.953272266484897362113201412040673      
   290.693976979710459071381786704149435      
   290.431417749296889708014014062928968      
   290.165500850727903616443743879927802      
   289.896123260554811870314499747181017      
   289.623172321559335281233103309636101      
   289.346525212148594263896242238102612      
   289.066048936434105249958678674555891      
   288.781599271840987888249295711306475      
   288.493020725652295813250109779530444      
   288.200145709462014050212732736778536      
   287.902794115373653474205035828504563      
   287.600772511034238765408628360703209      
   287.293873475981720860298727058655908      
   286.981874770747963237805039602563906      
   286.664538479363331960151426519936881      
   286.341609990811110662250567709120218      
   286.012817001965320794785207985309373      
   285.677868263483088330498996810583866      
   285.336452339314634295721624051984929      
   284.988236274489807738553298249913130      
   284.632863862855772369652106643642361      
   284.269954144732800150556005779779351      
   283.899099397558041169283621092800414      
   283.519863182066819965345617513833630      
   283.131778050579899137077764006536946      
   282.734343119522105770755929700062493      
   282.327021368831999759656518072560736      
   281.909236702889380300578922210192382      
   281.480370765372732683800641115713440      
   281.039759440807606458525558016786633      
   280.586689067783630165759186035187704      
   280.120392351220325811551139664180448      
   279.640043971151954232583063572387143      
   279.144755549192624886290054683265996      
   278.633571717464018959440291474227524      
   278.105463384613267978016368432442913      
   277.559323178867779885253573408811403      
   276.993959671124295787823621890592549      
   276.408091821528661317288257395662082      
   275.800343639478594325852360649440069      
   275.169239310189969814890652824112038      
   274.513199167693590181443305551104401      
   273.830536846246168956688259041088163      
   273.119458359126377454469097468877038      
   272.378063600902304510512651911704412      
   271.604351279525568708261746635693190      
   270.796228121461936620319306597768664      
   269.951523378916852094110108227300332      
   269.068009766929724931451149524294357      
   268.143431617492728439225004591981998      
   267.175540873490906342377813009200258      
   266.162140441750377525998394632032749      
   265.101137121842868642568291251596783      
   263.990594946407392832919055066868680      
   262.828795234274046717710565578444539      
   261.614292266402847192710083848135047      
   260.345962112929747865312564399761466      
   259.023038799273691873448793274758060      
   257.645133076267902256353096074763139      
   256.212230742389664040472915904457311      
   254.724669576358215908384722618134703      
   253.183096977683729886659546095625302      
   251.588412668484672144236702551775388      
   249.941702412087832995756187661873251      
   248.244169370684790653916782855908347      
   246.497069555496702349197044008924703      
   244.701655479087816235885110622393581      
   242.859131794236499800624778741420267      
   240.970623424020744661072837115145493      
   239.037156319974442754308971004845566      
   237.059649502706905164171822875317559      
   235.038916585477880748822792017853216      
   232.975674291306224269947321746175909      
   230.870556889477486322509511989128912      
   228.724133815401280821433109087523261      
   226.536928543249704141549523126551222      
   224.309447235548444664775344287029233      
   222.042190257441053734020412468616232      
   219.735681448410151316549801645728545      
   217.390488232561096006758295941469238      
   215.007242933509701684666765210936304      
   212.586663171621107198986059609014745      
   210.129571217195848131443907364443820      
   207.636912202176573588878340978814345      
   205.109771095910945965487966572851895      
   202.549388117687941280638865901139996      
   199.957172239849101758467434070689969      
   197.334712720937003884698273063440289      
   194.683788451288099733402398281264852      
   192.006374405326321973138033980691125      
   189.304645381440933130376760479998201      
   186.580976308952935008562115351593677      
   183.837939146514646719046843646719372      
   181.078296084004304681906346587072109      
   178.304988868262436371008516070625434      
   175.521124404042324564412501114773493      
   172.729956377625115730300751345745440      
   169.934863507497978311839306976111731      
   167.139324529699399701391465064785223      
   164.346890443109296513619017834385342      
   161.561154569673977067520462194161478      
   158.785721490818377181470458713116173      
   156.024173767756252550128449915081966      
   153.280041465887694036139358739460571      
   150.556769757423182530696826614456237      
   147.857689373239491912639286740661723      
   145.185988928828628641983769925146668      
   142.544690236244191706945667771094661      
   139.936626631140964432582125858829873      
   137.364425052310162676578599398196143      
   134.830491815688335827520575942963544      
   132.337002346240558830552433543280574      
   129.885894550523249521047448251483512      
   127.478866178318030671502224314770294      
   125.117375272642134444041566211092129      
   122.802643857931728998790266272907708      
   120.535664446623913767758532385830756      
   118.317208697533087441329263183261655      
   116.147838174076526922875253712881949      
   114.027916386282154884594625215722921      
   111.957622242843563017017563493829832      
   109.936963861832544458311845016285438      
   107.965793232485827795851198810748928      
   106.043820712460578161036489424989766      
   104.170629375119439936088651654552429      
   102.345689456176328350765285509901094      
   100.568371200380250580081008722224525      
   98.8379588848167211647324291074918710      
   97.1536623663505264064449612587542562      
   95.5146286692694031471965590385033845      
   93.9199526992353358095084158794170242      
   92.3686869529159263036201599304840295      
   90.8598503308653462883295811868851029      
   89.3924364338949499299267190623560897      
   87.9654205785124274222791722980288204      
   86.5777664886876469058633591285504970      
   85.2284319209892002658982902041279825      
   83.9163738108076620200404730336190346      
   82.6405526754357919845313969614581288      
   81.3999364920096743810053765945229921      
   80.1935039740506545345768325259274796      
   79.0202474698928499728072054153775941      
   77.8791752419489441603704618520208541      
   76.7693135662949881297095084102456553      
   75.6897082725804122654888771486367761      
   74.6394261116019923784100451131388584      
   73.6175557533769459198448673989291355      
   72.6232085965179152423558034448193899      
   71.6555193064643602287223460183929853      
   70.7136462089767570319025365809243549      
   69.7967714870191267715756121010238651      
   68.9041012469112862125264474847340670      
   68.0348654681428261236402725856809924      
   67.1883178295233223231377621960904106      
   66.3637354679072683167798842896706100      
   65.5604186445325044846392829690355979      
   64.7776903580196716733234469877391675      
   64.0148959107245368073864756403706472      
   63.2714024248675984314187312466108542      
   62.5465983315111729334761538464675111      
   61.8398928392291286865267213313734731      
   61.1507153670093047316656286045397676      
   60.4785149928990095737356247452089289      
   59.8227598663689909651978464508728439      
   59.1829366974393987613527165382747452      
   58.5585499075091556826999873342298623      
   57.9491214796456675778025914356710461      
   57.3541900766810382661733591964573060      
   56.7733105784328730555518996544584402      
   56.2060534973294105137177502393206539      
   55.6520044796833562153618431734431870      
   55.1107637051117031926405640854450584      
   54.5819454492765113620738987224292419      
   54.0651774913090411489913749612091812      
   53.5601007014215754309351786647720152      
   53.0663685014706875959963152556828896      
   52.5836464299707069447064026569244777      
   52.1116116969828251044960729178832330      
   51.6499527145574800235146314573902557      
   51.1983687429165216379567539686072177      
   50.7565693932955692132124012339834092      
   50.3242743346688759045717732429805978      
   49.9012128395431594003882586949263978      
   49.4871234366950521806031599858868280      
   49.0817536186779284357821495509764550      
   48.6848594050093630405476194341303085      
   48.2962051092205337972567282602345454      
   47.9155629741936325782150649260373018      
   47.5427128705650603981666466844397492      
   47.1774420474195107293233413663565387      
   46.8195448282028591063405518827288561      
   46.4688223157854055115548416600445935      
   46.1250822043238702946519267812323757      
   45.7881384898915281734569729751659783      
   45.4578112043821151936378104303633269      
   45.1339262678718613283598226649936234      
   44.8163152205088417549848247060783125      
