   6.46114195192883683103959025933776710      
   6.46114195192883683103959028499496345      
   6.46114195192883683103959031035487248      
   6.46114195192883683103522785293730723      
   6.46114195192883682350362552094393741      
   6.46114195192883556456570464782618523      
   6.46114195192878319479873336743907065      
   6.46114195192789884157551620619206949      
   6.46114195191983220868467804402481251      
   6.46114195187229446181538615611146362      
   6.46114195166877358062549265533825102      
   6.46114195098340525327332942187818801      
   6.46114194906440680401516179931424365      
   6.46114194441578749664440824625546561      
   6.46114193438489744270042127469039277      
   6.46114191467819924274203278564905177      
   6.46114187883601166147586568322987771      
   6.46114181768330256528281631751345782      
   6.46114171885382641485270192026451909      
   6.46114156630933091847818293808441153      
   6.46114133992199726665350132205412134      
   6.46114101515756174067273328517184943      
   6.46114056285868515895079963638527993      
   6.46113994911539560016181114939153637      
   6.46113913525350671395754062765939863      
   6.46113807793581156456048321174630292      
   6.46113672937508136861612293375834711      
   6.46113503764937694375000328701382179      
   6.46113294710234587279299200040907891      
   6.46113039880372187561668208023302767      
   6.46112733102603083762736603757132740      
   6.46112367973541213565037579105460614      
   6.46111937908577173719157695024943000      
   6.46111436171080619481687186555458464      
   6.46110855901686059148636528979172125      
   6.46110190131726036933524123569143192      
   6.46109431781442942196662679193652351      
   6.46108573640135212023635725339273276      
   6.46107608342086357619498356062237164      
   6.46106528309037670406418888541394693      
   6.46105325686165619680599161201616791      
   6.46103992285824591987544637955067115      
   6.46102519477859569783489415342806774      
   6.46100898103401943006736031546148120      
   6.46099118371887172797947034173726172      
   6.46097169753140954598023596379671871      
   6.46095040866335767939220459567682375      
   6.46092719364935065621081306647445513      
   6.46090191826455517693099949122396768      
   6.46087443635301364819782232379269824      
   6.46084458886434131211920105514865434      
   6.46081220261991189690725731621654916      
   6.46077708932394630223207006358460660      
   6.46073904455509214814443247853869875      
   6.46069784679255374529945319206898963      
   6.46065325648720418544337184300109447      
   6.46060501515296433834168691584017823      
   6.46055284444745247510184270297910478      
   6.46049644534811153444963087980749577      
   6.46043549738400813744945911914650824      
   6.46036965769842504675518710815612145      
   6.46029856026316757742612384468381532      
   6.46022181506189606546473643881282424      
   6.46013900725718780696743847314837594      
   6.46004969634020965797053993891808021      
   6.45995341525094520502475592809092102      
   6.45984966950626836517327791234903624      
   6.45973793621502759337809623383065697      
   6.45961766311755036874770400252650981      
   6.45948826753351441888213697343038730      
   6.45934913527112487314380434395749896      
   6.45919961941694023250856135314238031      
   6.45903903924996784142503826909946048      
   6.45886667882629230772039899863075743      
   6.45868178470115192299132780721363794      
   6.45848356638678921727659093331054578      
   6.45827119213521841147050252205887194      
   6.45804379128841309276018278993485171      
   6.45780044787389579811393650307464659      
   6.45754020008664223710879964940899902      
   6.45726203996700587030895571516820392      
   6.45696490966014377846332913209463131      
   6.45664769938636252126155438111386660      
   6.45630924438512759795830219479768999      
   6.45594832308089722583731121946441918      
   6.45556365338122740612497556969013911      
   6.45515389097607114068868342873741362      
   6.45471762467803164885574295282684335      
   6.45425337415217462004186937989557497      
   6.45375958546336090520530082943052458      
   6.45323462795993518868023673953111158      
   6.45267679046379830906914637677011995      
   6.45208427590740201180309143365138903      
   6.45145519874825714019443847701246085      
   6.45078757872844735604315006234674155      
   6.45007933669308987064524298409098050      
   6.44932828951893965165908208607206889      
   6.44853214447282451669342469110827447      
   6.44768849433901064702642301371216323      
   6.44679481059246941299127577435782785      
   6.44584843764597967787865044567973394      
   6.44484658627966112761273441669572988      
   6.44378632781712968095286270252960298      
   6.44266458567610656123929686431888616      
   6.44147812953049954103759494324391388      
   6.44022356674343352158360673695924868      
   6.43889733573328579147311644636670239      
   6.43749569652952224986793478368175391      
   6.43601472310685678887127985993459169      
   6.43445029620183069152808723430078250      
   6.43279809206042071976821001403836398      
   6.43105357619841185253924889146063137      
   6.42921199058512169019627347260334219      
   6.42726834974038268475323575493787262      
   6.42521742609523839900076294206482656      
   6.42305374606862162319295808225281291      
   6.42077157654020672524608102065590920      
   6.41836491865563562191464557344665799      
   6.41582749903770432896618236407421793      
   6.41315276017208637733838924806128445      
   6.41033385528162102584151088062561772      
   6.40736364152305846981311084359753044      
   6.40423467162407344737098849558311011      
   6.40093919255858019359949601362739124      
   6.39746914144605129645628620335343051      
   6.39381614440948805790662919224275644      
   6.38997151777847363706655021760661636      
   6.38592627015481753147404868197594518      
   6.38167110751370534592240394968341541      
   6.37719644454069385989350386024375176      
   6.37249240903931370501415423499814420      
   6.36754886697413042893245678017990820      
   6.36235543126337601090215743562008165      
   6.35690148974216893506490653472134309      
   6.35117622786973263652234831769489809      
   6.34516865873168152103929629386160724      
   6.33886765472849114709994543309246777      
   6.33226198512512572069316306308369315      
   6.32534035019245393695937028416062591      
   6.31809141962680153750975031202715409      
   6.31050387036728599663891784786480131      
   6.30256642426973388612523888032588532      
   6.29426788016967702730100503280663609      
   6.28559714697675864638644605792996352      
   6.27654326805313314372403820126112932      
   6.26709544438353891985087412685063570      
   6.25724304923100934116931739739116440      
   6.24697563782167049261340217844168772      
   6.23628295123026486893261078587228388      
   6.22515491480340421276888247810226375      
   6.21358162949131076137910834038345242      
   6.20155336155786686672301565179086650      
   6.18906052568994188232303819116935292      
   6.17609366879023021940441060912665541      
   6.16264344863656084736975601101312505      
   6.14870061444497497359551385737813697      
   6.13425598652304192123078637922588810      
   6.11930043606413160677089135683890762      
   6.10382486671607386500754608418447153      
   6.08782019548814578882535918857896080      
   6.07127734007556302348095965301314739      
   6.05418720186488010655819508944285289      
   6.03654065479620709706048168969691414      
   6.01832853537696168327122652397085802      
   5.99954163173844383193022341388669779      
   5.98017067901408368501410883450199847      
   5.96020634911018267109725226109927602      
   5.93963924975953531099963505587199314      
   5.91845991794286542356850566705336402      
   5.89665881837866349079064837043684915      
   5.87422634050038956331478720376332422      
   5.85115279719538921410911875552843383      
   5.82742842443195701575383655640781164      
   5.80304337912100618394968518485916942      
   5.77798774067222818959502168670921689      
   5.75225151038360359234933295346661565      
   5.72582461185277979655528052365814483      
   5.69869689060965336133725665635862302      
   5.67085811754229554097679068452096326      
   5.64229798565870913691187162078845250      
   5.61300611320058646948538541605826559      
   5.58297204660883224147699019116709330      
   5.55218525607402580222230560102925027      
   5.52063514080582479062388993173110335      
   5.48831102822601978030888915363407551      
   5.45520217244819338290933648773559320      
   5.42129776218403422879016431186096486      
   5.38658691051099442197383177287211497      
   5.35105866684654381421120794751983398      
   5.31470201020143314811764536548333107      
   5.27750585067352452964423964155237496      
   5.23945903356075606158310316266847125      
   5.20055033574233503962315247378094051      
   5.16076846807577192950446534569347159      
   5.12010207621013728018264755749020719      
   5.07853973962680968764033627041474780      
   5.03606997258630939994117731746199057      
   4.99268122405993032984285450875612009      
   4.94836187913998172159289236445382306      
   4.90310025761427540652551016826164555      
   4.85688461527374842644269281322008734      
   4.80970314355133201890100596890445853      
   4.76154396920184393611289587841065314      
   4.71239515631292315038649730119093898      
   4.66224470369629908632482362085042375      
   4.61108054713939663338188134714851872      
   4.55889055796016703937165352095376593      
   4.50566254394130453798612168554462359      
   4.45138424938841637236532467993855243      
   4.39604335414325529073077453180201471      
   4.33962747440730319594295153106303260      
   4.28212416269662081345361996320745332      
   4.22352090716604512733342499883954007      
   4.16380513233375095626373288629914485      
   4.10296419862391371092760413467778901      
   4.04098540183809454070641955062430301      
   3.97785597426067144834070170845337924      
   3.91356308347574904160634822086580830      
   3.84809383222587799997242130717521036      
   3.78143525986152779187034228398122010      
   3.71357434011080890687126340689298063      
   3.64449798219948660090648584721826263      
   3.57419303110119539603724355401305213      
   3.50264626623719753161225164479415250      
   3.42984440211425467079476718480348583      
   3.35577408812583981547398221824531771      
   3.28042190867308106232916408827375688      
   3.20377438206180772462857997710351734      
   3.12581796182739974563330243050974297      
   3.04653903545858441713298096330329507      
   2.96592392471868578850727593572969028      
   2.88395888552293648457574180767384517      
   2.80063010797432501736722500038186679      
   2.71592371580754185460418540568861567      
   2.62982576642274318227707141190991615      
   2.54232225127228897093494723046740318      
   2.45339909520344829619726402908620247      
   2.36304215597485703294740589544282213      
   2.27123722534657954714073906434107776      
   2.17797002796285530200327756673529063      
   2.08322622144076324862954312389931952      
   1.98699139635211568281885009741062764      
   1.88925107636902348927734918906796598      
   1.78999071765919063415481860784153603      
   1.68919570919835001898720611061561499      
   1.58685137224876359223426891465006729      
   1.48294296052325039160536194450047950      
   1.37745566049166034340184277801654467      
   1.27037459037131243875267498770954867      
   1.16168480059726991541871578408346288      
   1.05137127373454361228525014295088208      
  0.939418924355692800894387000709829629      
  0.825812598691732838897016338831913738      
  0.710537074889452974359051819094027375      
  0.593577062463066133136658169675786225      
  0.474917203040084020276842070205512615      
  0.354542069414238886689094849114431340      
  0.232436165806057776119500688563592747      
  0.108583927918002980743497567306585312      
  -1.70302775770965890323508117514052486E-0002
 -0.144422152269433500263177330657733098      
 -0.273607467197336724441000695651059020      
 -0.404602061975864282645258257344341959      
 -0.537421845200589539408996859106356736      
 -0.672082794652542024350597311832948495      
 -0.808600957650254670649839944764198318      
 -0.946992449875569099462719169250857318      
  -1.08727345677846137701649020862582090      
  -1.22946023327621789240800030823623364      
  -1.37356910318999992601126324711948304      
  -1.51961645997953806144110110507787261      
  -1.66761876679403187659048748826957625      
  -1.81759255582223325723674818786708669      
  -1.96955442907276597632578376743856960      
  -2.12352105819648788722091728726770973      
  -2.27950918430390833084231108413755354      
  -2.43753561862777284790718637500575114      
  -2.59761724146469981991102411917440118      
  -2.75977100321939651058752323950229628      
  -2.92401392413343247816557785376015494      
  -3.09036309405434170543445520572370923      
  -3.25883567312102845180425600878396795      
  -3.42944889068451466088791755850067950      
  -3.60222004648089238733213748918860807      
  -3.77716650994062038829658879755937793      
  -3.95430572064263615781376584225458379      
  -4.13365518767866650143317098239955736      
  -4.31523249076203149100283378498669144      
  -4.49905527899962112203578399783387756      
  -4.68514127190834686699889819149878547      
  -4.87350825881353280512759578219513138      
  -5.06417409912782011991269630133657006      
  -5.25715672224778727928008431844492972      
  -5.45247412795830275873964027298138243      
  -5.65014438541374355789470786392282011      
  -5.85018563439671143693317358792970792      
  -6.05261608448317564990815527985470275      
  -6.25745401535978787150804190307533828      
  -6.46471777676074697297411531785419760      
  -6.67442578867293825909079783773724465      
