   6.46114195192883683103959025933776710      
   6.46114195192883683103959028499496422      
   6.46114195192883683103959044255806014      
   6.46114195192883683103714722650653035      
   6.46114195192883682630012223379177595      
   6.46114195192883597053095821944972166      
   6.46114195192879831916262269213258185      
   6.46114195192813486286449099752850176      
   6.46114195192187744585726803509805042      
   6.46114195188399669615330766668027504      
   6.46114195171820577216505111862815113      
   6.46114195114955600513352718347812300      
   6.46114194953252822473721924350099883      
   6.46114194556335352374007068912086920      
   6.46114193690067077759348378595397146      
   6.46114191971318182470716193357264505      
   6.46114188818201249875393879223019655      
   6.46114183398374876807289760637471942      
   6.46114174578948738355283098459085050      
   6.46114160884417094508642361355548053      
   6.46114140451665622798302383507523379      
   6.46114110999775629099516129032681165      
   6.46114069805784451690851502296252605      
   6.46114013691276692468913315099467391      
   6.46113939019446020783809744397774814      
   6.46113841703304867695482476923237171      
   6.46113717224891357060162793073804199      
   6.46113560664627000608339388482284896      
   6.46113366739215009756530417738660032      
   6.46113129845736926744885875098141516      
   6.46112844109006647746070216665100230      
   6.46112503425764385147865826621704491      
   6.46112101516024062157231706779919172      
   6.46111631954524132774426821602575850      
   6.46111088197100115434388262193233758      
   6.46110463597165758876955019653975513      
   6.46109751405954666231075208094350031      
   6.46108944758355845183566004922887367      
   6.46108036640930168460227709194376895      
   6.46107019855032133732734686810972797      
   6.46105886948458364325537965062712448      
   6.46104630150793357614410016041835048      
   6.46103241297757266453883833798218086      
   6.46101711725957341892435081436783538      
   6.46100032182014579760336794234442833      
   6.46098192718747202959620307235235922      
   6.46096182588580337822768417064533815      
   6.46093990135314986722216602699659720      
   6.46091602682714820421498599708131211      
   6.46089006426418056507984481670327506      
   6.46086186328835893986544432623570030      
   6.46083126023048576426749082777094930      
   6.46079807698900203326619993316219294      
   6.46076212009493450513924342805537349      
   6.46072317976959702526369300182007609      
   6.46068102901438664393601677378119410      
   6.46063542273597684194522865770051925      
   6.46058609687829943450589035070385799      
   6.46053276764063300182194037008205141      
   6.46047513051741140309560862737568624      
   6.46041285972241800369862276038991310      
   6.46034560723355222560795868057644925      
   6.46027300201430745466693150440141794      
   6.46019464922142455374102856863020364      
   6.46011012938026172679315497648123042      
   6.46001899753591128507915838620787283      
   6.45992078236573348960415547958532278      
   6.45981498529907521951329390184016206      
   6.45970107951541265099704237387786546      
   6.45957850895238575790066008519877852      
   6.45944668723876969705832593345970361      
   6.45930499655164854263732630752224828      
   6.45915278639875514367728823974759694      
   6.45898937232729221535623027451108531      
   6.45881403472185675833647861967355204      
   6.45862601694264737562055939963508673      
   6.45842452370886505041713634034369203      
   6.45820871980502696305182770771059582      
   6.45797772866292192362449236148615260      
   6.45773063036016606498991216099718979      
   6.45746645858185600111677679336767945      
   6.45718419768489444604630351669373491      
   6.45688278452184822163670933170600083      
   6.45656110120687590881182463882483876      
   6.45621797566179811444770463847285108      
   6.45585217698190250600727132454256268      
   6.45546241317064121198201270849632517      
   6.45504732941111070663310172061189193      
   6.45460550103165111417748663978883701      
   6.45413543527963452359883985509944159      
   6.45363556301156006001856469630054215      
   6.45310423694049540715396865867507826      
   6.45253972748464241685299285382398088      
   6.45194021833850676489992848100981499      
   6.45130380058048089580462534332959391      
   6.45062847149382574080673595108933453      
   6.44991212560080932827777140798251756      
   6.44915254988267359668986946549002265      
   6.44834742211802905233879435072327282      
   6.44749430053385526264834667178239043      
   6.44659062119721670749850004451757283      
   6.44563368645094255677737273323054022      
   6.44462066688981728412796187046419852      
   6.44354858704975802656770578174774538      
   6.44241432087081127704326623049207099      
   6.44121458484763294137992103350470643      
   6.43994592936460629236219768221142413      
   6.43860473148330796107008738623584300      
   6.43718718620517899402103464592639626      
   6.43568929745513845590454995742614404      
   6.43410687162926020928625561599384315      
   6.43243550615020514255810823743412766      
   6.43067058169963226864437498647579363      
   6.42880725230842433390581320394076808      
   6.42684043666988667797457862282808687      
   6.42476480900629527690505015949797492      
   6.42257478945569814124418825530640626      
   6.42026453500008730934831197166517616      
   6.41782793053536137682133986480543600      
   6.41525858037684596014766236276486606      
   6.41254980238967223990422120224580913      
   6.40969461649130962117012810912787048      
   6.40668574319853881155377152015207100      
   6.40351559504979467698357423021981652      
   6.40017627415138846710187364907015617      
   6.39665956824726236810563008517881205      
   6.39295695208742898124719914600525365      
   6.38905958836458155402499211613728568      
   6.38495833085443012725143502745441263      
   6.38064373026434225015436116032218558      
   6.37610604496490634255972779255532045      
   6.37133525113899599224645399585838757      
   6.36632106013853406170619551185504723      
   6.36105293548398055274535501044885001      
   6.35552011621744384636070173474275064      
   6.34971164298826864620808164787014711      
   6.34361638443447844580692103337318810      
   6.33722307115514608510631964893861481      
   6.33052033049251483451544579620669900      
   6.32349671897827840494364381458778177      
   6.31614076148335981180411878396239348      
   6.30844098766710304021305798509259551      
   6.30038596569591250264140090176920708      
   6.29196433785925359550569462940951285      
   6.28316484936384238882954911438552089      
   6.27397637511586032628237135813864850      
   6.26438794105963813086431536554686402      
   6.25438874218611867017112131299014481      
   6.24396815154077571849641415549976890      
   6.23311572659971396877116209480730378      
   6.22182120903345785426870400800395345      
   6.21007451862001824020325602862623922      
   6.19786574510651297092550542608197974      
   6.18518513253648008161043576030816160      
   6.17202306558349720964766113303801044      
   6.15837004898885043155079455905692214      
   6.14421668931498320050755364116448657      
   6.12955367438335441231327463405567252      
   6.11437175470411355772895784210582802      
   6.09866172407430774470020653448935464      
   6.08241440126847418571923112089276359      
   6.06562061511163469957187123621902986      
   6.04827118698056304740084289949141156      
   6.03035692227388730584829079828171163      
   6.01186859507808229678076352739772296      
   5.99279693912806557290168855766278819      
   5.97313263983685929206110164879273591      
   5.95286632755257815257196180192360397      
   5.93198857155310106589059502720375555      
   5.91048987460611817789643246049195398      
   5.88836067044726289913443746205991930      
   5.86559132085729364115565666689091611      
   5.84217211357516071263109793563836864      
   5.81809325919005046555745119357781880      
   5.79334489292763169382219361386419621      
   5.76791707244016584257280186580258282      
   5.74179977721803747303286629545182069      
   5.71498290992916615713905297201330777      
   5.68745629667636893999480084993702941      
   5.65920968665577174829183887507040572      
   5.63023275216671800170833731930778978      
   5.60051509116924530647481084202007850      
   5.57004622648199030312705265202614078      
   5.53881560727285914792574671005510662      
   5.50681260852058974450467127410413063      
   5.47402653363465559781897705604698139      
   5.44044661456596928957887893451240301      
   5.40606201115269109536061134647251829      
   5.37086181402856267967181020585431241      
   5.33483504269762266635140213415181071      
   5.29797064897310938624958984661895996      
   5.26025751530151632019269134469418216      
   5.22168445646767945034149856868199280      
   5.18224021896776489257943267047818194      
   5.14191348331868736611893718774062750      
   5.10069286231105851859667297128589068      
   5.05856690307978448581877632530595373      
   5.01552408587413906574370282540608603      
   4.97155282638970395724656831422245721      
   4.92664147318662151433633680792881975      
   4.88077831150269479611118540833880905      
   4.83395155948888117487900080302566414      
   4.78614937214305930014155459299959697      
   4.73735983867169068801903029780255679      
   4.68757098336761703190555872665157027      
   4.63677076678589665836885299147233542      
   4.58494708465251657824441086542579814      
   4.53208776806583546990164081779685111      
   4.47818058365819419298933189694353380      
   4.42321323408839411456012193310168235      
   4.36717335720069244302013056061700083      
   4.31004852674321771670844282230069208      
   4.25182625189954941367484501888410050      
   4.19249397700787622249586569156293028      
   4.13203908293004416596755360071215225      
   4.07044888513389026168381681071656169      
   4.00771063442666034392087382141414793      
   3.94381151774356745753295678155243641      
   3.87873865634506643719555734406260674      
   3.81247910747371179986113193949323036      
   3.74501986290807207508397974933727216      
   3.67634784930173528401175681425643875      
   3.60644992908511885174807361012950447      
   3.53531289850913876267837678484753710      
   3.46292348913046561802584246085100121      
   3.38926836706093680690864491349520361      
   3.31433413263729478474690345955967939      
   3.23810732056903341935918179205034132      
   3.16057440042393898868189925853623940      
   3.08172177530787586980034819548942464      
   3.00153578262114274784104227672559568      
   2.92000269393182183288185271054889122      
   2.83710871419424190901813295611153216      
   2.75283998236766044593814895211367668      
   2.66718257115487154797875550979492381      
   2.58012248666665964385987716660576499      
   2.49164566820825887423993006655977591      
   2.40173798840540337907208766676328862      
   2.31038525338712351020818544334433045      
   2.21757320214191123674704618530748671      
   2.12328750643623418445300631990860006      
   2.02751377123379763000433678037640733      
   1.93023753403777175508397969231196838      
   1.83144426503455368236249405043401440      
   1.73111936673671753025377930835003486      
   1.62924817465821980631396362297199225      
   1.52581595614834997539343409297357409      
   1.42080791103920105537393523611571338      
   1.31420917092074650081712057697778373      
   1.20600480022234066518146688833752982      
   1.09617979462548415642369044274680502      
  0.984719081901961693284754573654645120      
  0.871607521688520493779739649676048290      
  0.756829905293743157239986430442314934      
  0.640370955631144068231271715394498714      
  0.522215327137479370027231319418747916      
  0.402347605634794399539751490574648626      
  0.280752308427724838722170019839800733      
  0.157413884199705990116928702472850052      
   3.23167126240852390708745004642556083E-0002
  -9.45548952955482228114875076216462331E-0002
 -0.223216697610177415597573858388118369      
 -0.353684521198397788241755423205176244      
 -0.485974261961311084357909235719996489      
 -0.620101885114099689455416603364538186      
 -0.756083424796773222854763158436595196      
 -0.893934984824533384137994407010001592      
  -1.03367273767000153036153525350936590      
  -1.17531292551071524234851406915868359      
  -1.31887185994932986191231277524756986      
  -1.46436592189773019979311214136042144      
  -1.61181156189851910642668303083600091      
  -1.76122529991393682577816213249787463      
  -1.91262372542560479030906681208525660      
  -2.06602349776522330716799194799415479      
  -2.22144134575294289456205151538568437      
  -2.37889406796460960641754538338834587      
  -2.53839853267535985036895041866015185      
  -2.69997167826266999869006912495936817      
  -2.86363051223005694539516084802544242      
  -3.02939211253958759632563688404569701      
  -3.19727362672511337020213028831521842      
  -3.36729227228521964486795124601971404      
  -3.53946533661598240539235650766662877      
  -3.71381017718192767647696762923213106      
  -3.89034422118073075471044503721598846      
  -4.06908496587066349870061896928536752      
  -4.25004997861200484728004288861609236      
  -4.43325689664170183042039567665935101      
  -4.61872342729070808529380588098314823      
  -4.80646734789452518292229329339144885      
  -4.99650650583676916134322026110887014      
  -5.18885881854912856848631631772839037      
  -5.38354227362601541380742870931448574      
  -5.58057492852629749423735821516340690      
  -5.77997491083138918134143184820752413      
  -5.98176041832856176411570890673785201      
  -6.18594971871023053703277012296854054      
  -6.39256114978910139512107590718215550      
  -6.60161311952915999301492740507066585      
