   6.46114195192883683103959025933776710      
   6.46114195192883683103959028499496345      
   6.46114195192883683103959040959494254      
   6.46114195192883683103816578180325743      
   6.46114195192883682796100427635748674      
   6.46114195192883623041005119394856627      
   6.46114195192880853320997260790532948      
   6.46114195192830077996275380950195142      
   6.46114195192336072855626205897049534      
   6.46114195189269780653658533453265913      
   6.46114195175571718141375943571559844      
   6.46114195127779340100604568534428545      
   6.46114194989903129895813982179040382      
   6.46114194647282827782986644365395992      
   6.46114193891551102678877737717742898      
   6.46114192378245865648185528941439945      
   6.46114189579562408476308348135077267      
   6.46114184735121104515649287441009266      
   6.46114176802368981581015720076435126      
   6.46114164414159698608798727955533003      
   6.46114145837925035728322225605045784      
   6.46114118941795144348677796267908499      
   6.46114081170477130030254721399722487      
   6.46114029530696260557793921350095744      
   6.46113960586765251751008580201860193      
   6.46113870467042806941722810746525628      
   6.46113754881210076820622322081823765      
   6.46113609147615701948907301076754838      
   6.46113428229194072584728553449915246      
   6.46113206775741276784199653175647421      
   6.46112939169736500543275575434218291      
   6.46112619571771693418076896304226349      
   6.46112241962410051712681630178738624      
   6.46111800186565445074920452244863713      
   6.46111287972244808458152949265950519      
   6.46110698949711114434815722764725303      
   6.46110026654665117397019973401366268      
   6.46109264515935079059949362370669144      
   6.46108405829182169480285389786297183      
   6.46107443713635428323527155029598535      
   6.46106371064520385571953407534671936      
   6.46105180473845760754909531994433401      
   6.46103864169198264240056186956862615      
   6.46102413917283849297922162584467445      
   6.46100820926961755349961895440878618      
   6.46099075754123913581615317013821445      
   6.46097168198323303240064489348815221      
   6.46095087198500353353024735092631959      
   6.46092820727683979001616901059363721      
   6.46090355686445090434426827907481539      
   6.46087677799057456728435186386694356      
   6.46084771513187559120701076060969245      
   6.46081619913050838155692495450302456      
   6.46078204608416672362989236654407358      
   6.46074505648120507487850759944401705      
   6.46070501431552279803975139111565953      
   6.46066168623134985795698430025194573      
   6.46061482069654778853574455042596928      
   6.46056414718331608709706265466729972      
   6.46050937542027535098653115942030580      
   6.46045019447661532807194643924414295      
   6.46038627219064552571315190993051356      
   6.46031725426281211436428990866424277      
   6.46024276347243226414129266283330228      
   6.46016239889736039654787725005324343      
   6.46007573508909898623142529578000292      
   6.45998232121855002566303963163608885      
   6.45988168017725426048094999148990102      
   6.45977330767353314052641358141228612      
   6.45965667121398234357554816248720237      
   6.45953120907704104359533390273735621      
   6.45939632921398996764846100636503716      
   6.45925140805940267404780498510938909      
   6.45909578925920561142053476720347146      
   6.45892878240087404334158236527323154      
   6.45874966150575784279796131730652819      
   6.45855766369270117306969779487580654      
   6.45835198697114061610814506190950433      
   6.45813178889865637177835345277569027      
   6.45789618433144310452996314102305835      
   6.45764424576591297445391231235527735      
   6.45737499813518271811821067668267015      
   6.45708741620067609580975534367332333      
   6.45678042599607415002906458676376593      
   6.45645289870135380192671942920340290      
   6.45610364978796096850334873831097771      
   6.45573143510894454412250818955485078      
   6.45533494798891025869595566618423253      
   6.45491281696864759307632987046345113      
   6.45446360168822861560758924195038160      
   6.45398578930989822429614726987262766      
   6.45347779004131949929637564737491639      
   6.45293793503921309048973784348298972      
   6.45236446952177102490776699714754763      
   6.45175555153723195699131311234524652      
   6.45110924399332771084655231149235180      
   6.45042351268156518317684496607284522      
   6.44969621820138462770677646975792381      
   6.44892511296864617156412582688212967      
   6.44810783504852514272836032776300687      
   6.44724190047506373991579362827487518      
   6.44632470005230449345792903899805922      
   6.44535348996345742030217964583532777      
   6.44432538650436954649584004544210860      
   6.44323735955928015619445153572023328      
   6.44208622319959303737257250774231051      
   6.44086863056458772171492049755303582      
   6.43958106421361761075686513617120600      
   6.43821982841925886297478957604937370      
   6.43678104128379960734077108647991580      
   6.43526062492221396620984322254053022      
   6.43365429800595309407002676858112626      
   6.43195756601191450137074703704528072      
   6.43016571169945066930087266638081138      
   6.42827378571482311081945092268295271      
   6.42627659815618471569444818480752164      
   6.42416870730171926822670940199343083      
   6.42194441295720817315308689431780520      
   6.41959774557663653305728680042993071      
   6.41712245712048887423769037737046188      
   6.41451201492516672558166317166746431      
   6.41175958988665314118669627417655566      
   6.40885805539794917801015063431034179      
   6.40579997621890676396982920459556438      
   6.40257760576635078527966915022432895      
   6.39918288248019261147564209435567245      
   6.39560742938982114668664802859501404      
   6.39184255049900292109749260290696879      
   6.38787923774958022833384497176006690      
   6.38370817270607934721670841509878897      
   6.37931973505244506681905312441140684      
   6.37470401102997738341136994742141708      
   6.36985081077926204602352729767361680      
   6.36474967854166630612069427982115101      
   6.35938991723548405175410283997499928      
   6.35376060878728646512086518346913073      
   6.34785064255113960500372572023986560      
   6.34164874128384848277552857195338913      
   6.33514349233658360510492583360158389      
   6.32832338582874754978822534104893501      
   6.32117684425164299503638538970748408      
   6.31369226142578084098265207411987991      
   6.30585803655239315494696276135042372      
   6.29766260828294871183209810425997407      
   6.28909448844000072831989531346845040      
   6.28014229019766587247437675773980833      
   6.27079475370859217843705176332969341      
   6.26104076878929659816534322086572938      
   6.25086939003750902083497287794393627      
   6.24026984884313939430308337240392745      
   6.22923155916510092024386690875311085      
   6.21774411854258550413305333125351205      
   6.20579730349146456818113037049984128      
   6.19338106202115627869656434954401107      
   6.18048550028988287848888672126622716      
   6.16710086966647173547188030109771622      
   6.15321754687747646795130462901514258      
   6.13882601662129881877110545987993369      
   6.12391685538069073804048243610072602      
   6.10848070392898173320974500418630772      
   6.09250825930615922949765099503449027      
   6.07599025137921135366315473456458561      
   6.05891742660049265362815325102261582      
   6.04128053096528947836839778348149175      
   6.02307030186729737233963296438487041      
   6.00427745151051112513286292565845676      
   5.98489265731549188387347825827857044      
   5.96490655537319081250604170295942658      
   5.94430973052900733508484682230325703      
   5.92309270953707840217035302090730261      
   5.90124595747109778873591211623862876      
   5.87875987292336533083543362175828169      
   5.85562478481655787538398442242183017      
   5.83183094976566160688094079388877815      
   5.80736855041810185624213815184762982      
   5.78222769356548582073447436338148899      
   5.75639841009041768830701670279632142      
   5.72987065403599131695695362795224376      
   5.70263430224066261953215700344655814      
   5.67467915521718017597167284591382239      
   5.64599493629142288500142335257925007      
   5.61657129336913650978396411404658979      
   5.58639779776906725465007945066949553      
   5.55546394664159948656586275544552810      
   5.52375916248515428880017271535700598      
   5.49127279383393717318366794068598321      
   5.45799411609977277918177495019228725      
   5.42391233290834694808726019977081945      
   5.38901657557098377751344157938538100      
   5.35329590457637201577122537165993183      
   5.31673931007188521492015803300903963      
   5.27933571221232789668399353038914509      
   5.24107396208930792774568387223657813      
   5.20194284143922228727774112296206155      
   5.16193106444358438306971803886104600      
   5.12102727714856938886724649356865213      
   5.07922005798124518559955756815383515      
   5.03649791837650035888489439474336910      
   4.99284930311297713132909935281726076      
   4.94826259058101314782737938913595511      
   4.90272609266014803915754145845167241      
   4.85622805566374592310408041148861698      
   4.80875666003391759839987479954563106      
   4.76030002047266288713603908387763930      
   4.71084618646417108438504267942190241      
   4.66038314237508775793296765081892562      
   4.60889880713135381677032489990243892      
   4.55638103452586958041825176334429565      
   4.50281761378909608325766125290311495      
   4.44819626877450757898759553362858704      
   4.39250465867258387764336320045539071      
   4.33573037734952834534597690684995574      
   4.27786095444770443113868096864676423      
   4.21888385433859802025290019559465277      
   4.15878647620689170094645883966689216      
   4.09755615489018262146862283546254080      
   4.03518015978746896880397827503267102      
   3.97164569546722256052169450069380044      
   3.90693990126923582544981191813063805      
   3.84104985159951092996724857464462162      
   3.77396255549141553975790312149597903      
   3.70566495674594372498404332451679534      
   3.63614393362363519927456149771064073      
   3.56538629940544684409656324323454111      
   3.49337880110339038534975693847233322      
   3.42010812088525941445569617969464423      
   3.34556087471072744656381196042985131      
   3.26972361282167714864444583754679103      
   3.19258281962701017687386097681409180      
   3.11412491346623429326882140593932803      
   3.03433624639966024073173467342691308      
   2.95320310466666954746338717348420530      
   2.87071170791198474563589170555957037      
   2.78684820912145663863310227727212194      
   2.70159869533413384050215265558896649      
   2.61494918662194953509187470646552195      
   2.52688563608027916226560681829042736      
   2.43739393054952788588144310631977871      
   2.34645988949418599252625015404283730      
   2.25406926527941141912147834526195793      
   2.16020774354305747597236164032177035      
   2.06486094225745757571687761769539258      
   1.96801441210703193021440426002767212      
   1.86965363648402236168753302132620188      
   1.76976403129198110289435262892849382      
   1.66833094458483798382946953254252870      
   1.56533965675517929869691370596048950      
   1.46077538014195679138067678297887112      
   1.35462325967734143891202425474731065      
   1.24686837190205130825737042955362127      
   1.13749572528357490101184576517044945      
   1.02649026000341885238679005786827901      
  0.913836848368220662662308281579382679      
  0.799520293925390293412266752979800847      
  0.683525331936490016177372463505510080      
  0.565836628991025884898075457826664135      
  0.446438783429456563466800850630986749      
  0.325316324585115857667788968277322075      
  0.202453713205231188764925095666075506      
   7.78353410003884192322756706777998576E-0002
  -4.85544688121256148822756420978699405E-0002
 -0.176731462320531372693595606195858840      
 -0.306711454470092404083451620351028075      
 -0.438510329287918825224939179464431678      
 -0.572144040302578729071337660568390629      
 -0.707628609563538275189910501168776942      
 -0.844980128935541395018332182416792828      
 -0.984214759435853657953580004561825799      
  -1.12534873142052349742336792435439996      
  -1.26839834490376512912777981929354821      
  -1.41337996892299207076877124638719959      
  -1.56031004236011642871565808331600139      
  -1.70920507364631161893631946117566324      
  -1.86008164074708450443524230695886441      
  -2.01295639127904966856773667036455336      
  -2.16784604281359620343704539279415131      
  -2.32476738210485400807986954315812873      
  -2.48373726613755768644444880145223867      
  -2.64477262156928499877720188365617027      
  -2.80789044475692049651703925509895308      
  -2.97310780208020229218697945287529510      
  -3.14044182985090467770421539282925294      
  -3.30990973404218847315980879803716427      
  -3.48152879070691664963171414650192678      
  -3.65531634593456806580962155570215767      
  -3.83128981569098861525762662259780820      
  -4.00946668593827258042101793146782800      
  -4.18986451267811966782329244754567531      
  -4.37250092190097823531910132732037576      
  -4.55739360992818472110252884076181010      
  -4.74456034251639498660562875482983390      
  -4.93401895604602195394557724208768667      
  -5.12578735669192758592464341525497468      
  -5.31988352078703458616267439591582788      
  -5.51632549471029749842623657768310042      
  -5.71513139493790642232959699533669870      
  -5.91631940801299200648888570366375092      
  -6.11990779060137719271714759209100108      
  -6.32591486938373403317867210008429675      
  -6.53435904129824181434578715390103054      
