   6.46114195192883683103959025933776710      
   6.46114195192883683103959028499496345      
   6.46114195192883683103959046975323250      
   6.46114195192883683103918699471647754      
   6.46114195192883682991720959702205791      
   6.46114195192883657196133027158121102      
   6.46114195192882306701479193933929330      
   6.46114195192855151602174918395405530      
   6.46114195192571060084754163110076459      
   6.46114195190701608101229355804269639      
   6.46114195181940216914146911986810020      
   6.46114195150126422641370444759067420      
   6.46114195055199075144836616464543265      
   6.46114194812412921965200661533380529      
   6.46114194263418848292403525596574406      
   6.46114193140078169593171183930792836      
   6.46114191022875844334378466290621627      
   6.46114187296345531868871744810399288      
   6.46114181104044954066218400393942980      
   6.46114171304786018114917292891906314      
   6.46114156434845570119987260459597145      
   6.46114134674392490010181395719358738      
   6.46114103821595299229163453852206455      
   6.46114061274174965250854877642481908      
   6.46114004022345133981671415977356749      
   6.46113928651306348338948240725305144      
   6.46113831354095425837229143638824787      
   6.46113707954269755828810508228978316      
   6.46113553937199896446664156654030032      
   6.46113364488050367432564071530424938      
   6.46113134533936751302990322165791525      
   6.46112858787332059221585760904294247      
   6.46112531787604299759409362614083004      
   6.46112147934407961582501265123668834      
   6.46111701525194435897379380779690656      
   6.46111186766323231100331604715580050      
   6.46110597781064496295591952154669649      
   6.46109928604554194942371051782452495      
   6.46109173163243705740378311372494052      
   6.46108325241594862720013518443113094      
   6.46107378435817288024824904108935678      
   6.46106326094810875174815531944325790      
   6.46105161253370012003350416935896614      
   6.46103876547513210243806740642483371      
   6.46102464151061644917788550269102973      
   6.46100915662388381392588918434852260      
   6.46099222017977758668451800300413112      
   6.46097373397227705755583782482476963      
   6.46095359124759831940844826441597915      
   6.46093167574354359719083949592457497      
   6.46090786071492325323118983495583513      
   6.46088200800864397398203067081583807      
   6.46085396712994394958163220522422719      
   6.46082357433173809264780139589002232      
   6.46079065183451970801045724667331541      
   6.46075500698749652546399774229311099      
   6.46071643138158420503013835759612047      
   6.46067470010799732950262614400837305      
   6.46062957100753544053049605600781977      
   6.46058078392237449433443442785066684      
   6.46052805997626100915233615553004714      
   6.46047110084625242876861981756980786      
   6.46040958799864494919316069674840911      
   6.46034318198443070673579173609675030      
   6.46027152176591863028060469865382644      
   6.46019422381937383301116839451377524      
   6.46011088139392459048978024748675021      
   6.46002106367973365526739160533089006      
   6.45992431493581941916161109574169232      
   6.45982015356833996563849280998588895      
   6.45970807115628849485656165399750054      
   6.45958753143180365619711015470659493      
   6.45945796916525688330610800597265092      
   6.45931878899635256769216572795198312      
   6.45916936417253094805481053239020051      
   6.45900903518036176896983567714041264      
   6.45883710840332928726262972069317453      
   6.45865285450878548344403062152330782      
   6.45845550682428280066344439848088680      
   6.45824425963022725969878385010139866      
   6.45801826593927249484527487386416565      
   6.45777663693303162321358563549738056      
   6.45751843640035920254727440548699482      
   6.45724268233193010346866022018344440      
   6.45694834389446896384725303687598635      
   6.45663433722870615582944226203551958      
   6.45629952178886310991943138445057953      
   6.45594270154422601053822903465795681      
   6.45556261867002425953634203892949750      
   6.45515795059256766531470317392683877      
   6.45472730743559976039249298106196433      
   6.45426922840395647705156730301737104      
   6.45378217799783978702144300974264408      
   6.45326454030082374739172197278770783      
   6.45271461794748803062694735804226966      
   6.45213062393403927739263974228699251      
   6.45151068021503406786768372804415943      
   6.45085281082232446733989521294448509      
   6.45015493760743901575662982942744975      
   6.44941487354564178572066852455285136      
   6.44863031843320124624438694656421561      
   6.44779885337929515247960755761908348      
   6.44691793068214324186559101671857556      
   6.44598487290644510095004197712570854      
   6.44499686234048332764789865099848741      
   6.44395093442608760830471172999841507      
   6.44284397099787360533988003574683465      
   6.44167269243661855563200410162435335      
   6.44043364924429195758597686475230250      
   6.43912321434466916728267360991757226      
   6.43773757410804189328155595026602047      
   6.43627271938271436189396464751255220      
   6.43472443692758997089917855418169692      
   6.43308829988370439367542177055694658      
   6.43135965804409833042420354430546332      
   6.42953362858055216512957516698689456      
   6.42760508676298558290365454214069140      
   6.42556865450196760905330786885383411      
   6.42341869280175600501879525057690501      
   6.42114929137010576363852055787759731      
   6.41875425825553454838133927896428604      
   6.41622711439398418604248799767159381      
   6.41356108052999419061904910854765301      
   6.41074907346945502686414910964732237      
   6.40778369862772654178028383744670653      
   6.40465724413865506601657292016962567      
   6.40136167323645324234410978507161551      
   6.39788862997985139456202441963556703      
   6.39422943212905751072476674050351542      
   6.39037507281024230503448295081622041      
   6.38631622672516971705874412971050891      
   6.38204325457672548948916729729734536      
   6.37754621318353064298388713711508018      
   6.37281486761926486397549166361492906      
   6.36783870094528241376007726066065738      
   6.36260694161634589415591614980854609      
   6.35710857769883668771299966171316497      
   6.35133237968055503088769000922386447      
   6.34526693150669358180389281610419679      
   6.33890065675849846323335229676221294      
   6.33222184809749338424219102384295991      
   6.32521870497317684269769822379693785      
   6.31787935931684193434597333142565994      
   6.31019191747404343544126206607433917      
   6.30214448678356979138147473706002066      
   6.29372521174265315239014030357670775      
   6.28492230283742875698579360728004182      
   6.27572406517188583249267197384597901      
   6.26611892245748941798424624953217256      
   6.25609543834351649290861295756632580      
   6.24564233348584957988194773607323195      
   6.23474849896432418196799610306217256      
   6.22340300221203177660981014632184528      
   6.21159509225654438256299800340546069      
   6.19931419724460321775029017569415801      
   6.18654992093328022261078434109365130      
   6.17329203322038724133635423647836272      
   6.15953045935872070259525125236524358      
   6.14525526384409915347385002267010168      
   6.13045663602048531307255663593252694      
   6.11512487289477154419780347767907094      
   6.09925036090364698406266847218127889      
   6.08282355789332131137808459217349675      
   6.06583497587696871779642591750780569      
   6.04827516458804848338839900397221192      
   6.03013469507894163565369644294685585      
   6.01140414556174987867034223673633051      
   5.99207408787374701638064894147548423      
   5.97213507616066833742668428031477506      
   5.95157763518546736973940123131253659      
   5.93039225348337486059114194192965564      
   5.90856937258736600019725877799141914      
   5.88609938237852575673297869778998253      
   5.86297261466920899190992605384080205      
   5.83917933874128523968215382150817596      
   5.81470975768831559033579025152114912      
   5.78955400542505582642374873693503579      
   5.76370214396896153321761744223968927      
   5.73714416242469742127745650068394010      
   5.70986997517273466608788208765561639      
   5.68186942111467885423185948072877382      
   5.65313226331049236600895935874433377      
   5.62364818838197107775131997655575327      
   5.59340680717717761811695645752309802      
   5.56239765395317371237111584989185944      
   5.53061018771030780254494007327064214      
   5.49803379157467741622384683908034646      
   5.46465777416324571255356162656131835      
   5.43047136900769422700802655979450789      
   5.39546373687889510687852027691366308      
   5.35962396417892690104357860477377276      
   5.32294106499965248703519205654905785      
   5.28540398129437757158880124411171812      
   5.24700158327222590299146921614536522      
   5.20772267004291611392548906255416275      
   5.16755597033063429159805495983295398      
   5.12649014256537986460524886659089032      
   5.08451377533034570418762579830911550      
   5.04161538871986980495525348691661281      
   4.99778343315379122414601434770670031      
   4.95300629117213624708975910532937752      
   4.90727227691059043811838849487178046      
   4.86056963680844200794638273657851503      
   4.81288654964439684848584924564393309      
   4.76421112690263929883860893799782056      
   4.71453141328991115769213419511913060      
   4.66383538608366333077432240801928994      
   4.61211095645596863411658473472552091      
   4.55934596853896193762644022255386778      
   4.50552820041913352517490163288503212      
   4.45064536353628532898439217945143359      
   4.39468510334435798101474452771085513      
   4.33763499909457212031630390099352513      
   4.27948256392786343150647804839807823      
   4.22021524480713208967914020473219364      
   4.15982042294728097696797430625596483      
   4.09828541355550869299632809993234890      
   4.03559746541390317494325562189495957      
   3.97174376195269775499565203858788101      
   3.90671142006526619847790124984736276      
   3.84048749105838973899294749821523259      
   3.77305895956005208788482945935979087      
   3.70441274486943184560807270965285372      
   3.63453569966587663560986958805057526      
   3.56341461028707950763964534444082742      
   3.49103619734339947429978096270955568      
   3.41738711478471573747135379460480427      
   3.34245394994889344994439886803732283      
   3.26622322450405059821499186168294781      
   3.18868139276324978095207548583990509      
   3.10981484301160698849106632294514334      
   3.02960989656737172027429467709064451      
   2.94805280779745631851013913747646784      
   2.86512976493478993343616478062149418      
   2.78082688857637209048382088053470698      
   2.69513023269463727243099392771805643      
   2.60802578411329907879249807857933138      
   2.51949946226580074607600810647363591      
   2.42953711963204783989259139413065796      
   2.33812454116381556627625679701425334      
   2.24524744450230197049314894355622584      
   2.15089147930300779585137916709503802      
   2.05504222824367206289526492767968582      
   1.95768520609243393398702895346802481      
   1.85880585946303107492263225849489934      
   1.75838956762608730419860558814416871      
   1.65642164163380879528440773764331903      
   1.55288732438434077888906881056310968      
   1.44777179087607145197734748340243048      
   1.34106014782856803097049628424446476      
   1.23273743366909278537964183481304254      
   1.12278861820662896144818933590132953      
   1.01119860330577974739874089552881917      
  0.897952222034496634095611479883741774      
  0.783034238768397721477630070154891995      
  0.666429349272889121241297253009299944      
  0.548122180798839114041115187946827699      
  0.428097291576874560352813334416037240      
  0.306339171002725287084089651203335292      
  0.182832239530315357434121350324368691      
   5.75608485283135096966848241859836183E-0002
  -6.94907195251413591239818264687917759E-0002
 -0.198338251388482063560159423308849093      
 -0.328997602980988932378395938997481711      
 -0.461484699709893045554865277854951643      
 -0.595815535839820609579557791739018410      
 -0.732006175276891891785429979529960450      
 -0.870072751276538029470384955197158509      
  -1.01003146657990303127827486876569718      
  -1.15189859360361198818767475406558998      
  -1.29569047389173011491903253669234448      
  -1.44142351891745500101446490428794290      
  -1.58911420974906756290646432828656267      
  -1.73877909702883692812546798238635133      
  -1.89043480117399303516496541481813936      
  -2.04409801251114889200975264369086031      
  -2.19978549095452581473819547581666195      
  -2.35751406639757641999493634460973773      
  -2.51730063837498648814923871178330033      
  -2.67916217651342454383866718557415366      
  -2.84311572030429747790521704974992387      
  -3.00917837916003933880479313693810359      
  -3.17736733246551829605029316624440392      
  -3.34769982959791282637017428906684407      
  -3.52019318991779694969597843734180366      
  -3.69486480284565523453976782315516801      
  -3.87173212783785924272045448600072574      
  -4.05081269439762775972611664671607477      
  -4.23212410213218373718957032345654159      
  -4.41568402066593062922479112205611314      
  -4.60151018976884935210793911513059876      
  -4.78962041935792455457765254758612835      
  -4.98003258928505235498005384538763626      
  -5.17276464967730902862635632191665985      
  -5.36783462075130823212844370951425903      
  -5.56526059278942015154528272310092272      
  -5.76506072623908829743176778200172931      
  -5.96725325163472949638043023568825658      
  -6.17185646963075687722478129563746942      
  -6.37888875098358243149908690285156985      
