   6.46114195192883683103959025933776710      
   6.46114195192883683103959028499496268      
   6.46114195192883683103959038069909777      
   6.46114195192883683103928261330648399      
   6.46114195192883683013539443362998837      
   6.46114195192883661466829554208812375      
   6.46114195192882503625447003821245155      
   6.46114195192858757185373273113236140      
   6.46114195192606436173766188561555954      
   6.46114195190925150643627726822409951      
   6.46114195182964343091181587703826996      
   6.46114195153809242027059618395124828      
   6.46114195066184068804346638239152539      
   6.46114194840685644972259185075635918      
   6.46114194328057897593366393714616934      
   6.46114193274250871804695281438174315      
   6.46114191280002046513634881406219271      
   6.46114187757251912606540870402380760      
   6.46114181884868503508883900880556425      
   6.46114172565746420887499390099509236      
   6.46114158387572174770500287528967926      
   6.46114137592254045145459776913415690      
   6.46114108046251314477050640511867384      
   6.46114067224498410060289872266197898      
   6.46114012201165031031846560923992213      
   6.46113939651686748938812958393786023      
   6.46113845864687032336936722921598614      
   6.46113726763674978436394000606288943      
   6.46113577937349351477762725294270690      
   6.46113394676651680303398248344071309      
   6.46113172016120556195726308507505097      
   6.46112904776680000433388889245122255      
   6.46112587606794436614702343806023168      
   6.46112215016909754769214498142625672      
   6.46111781412766965754408144660810134      
   6.46111281113395004846648627862584589      
   6.46110708355835435675888870983328024      
   6.46110057291835776218804942230027508      
   6.46109321969142600873841191003521916      
   6.46108496299390678653034409796710324      
   6.46107574013589663961114499676321173      
   6.46106548605862942762016323002376921      
   6.46105413264588591787900851376605351      
   6.46104160798572677748236878018411911      
   6.46102783558625965968486860421553151      
   6.46101273348203248854837163891459700      
   6.46099621323299008289896953409194904      
   6.46097817903548778210292874061882910      
   6.46095852676309813623383804822347941      
   6.46093714301478662205600188859051119      
   6.46091390416553575935612362557325141      
   6.46088867544883027060860268179437715      
   6.46086131004601414529923865440609016      
   6.46083164819279544894741482357888605      
   6.46079951632346044604940362228100634      
   6.46076472639138702506480885780392702      
   6.46072707491260197185193373890683736      
   6.46068634223606119694827992195252702      
   6.46064229180718704614735247659418550      
   6.46059466943610982897721906733059299      
   6.46054320257916881199509838146391427      
   6.46048759963363912947772143718710672      
   6.46042754917271393498943427471824198      
   6.46036271927331009663528654926163976      
   6.46029275678526470083281945865641879      
   6.46021728655891314185819730343259745      
   6.46013591062977221484807002491791582      
   6.46004820742427824390754660386485947      
   6.45995373090104265451557146306358943      
   6.45985200964467168083830012667956597      
   6.45974254589973950665908649778396574      
   6.45962481457004590456331162632909480      
   6.45949826212436310409636358992349753      
   6.45936230543863210719296390233567853      
   6.45921633055800025398100836535276666      
   6.45905969135682485280915780117071480      
   6.45889170815393349046296162432114553      
   6.45871166622297170000043690974449642      
   6.45851881412061251191047953502651524      
   6.45831236196703778684787788901829126      
   6.45809147975386872787700270060485896      
   6.45785529464298082776191905477560148      
   6.45760289111442267282191463071525153      
   6.45733330438289002732048682569610446      
   6.45704552158502921308711982283191617      
   6.45673848109231111750972486301163240      
   6.45641106465534541241124737301271116      
   6.45606209672789561336866065404777154      
   6.45569034293907828434480506378993762      
   6.45529450531143558028384044244504211      
   6.45487321933390882645440496326748672      
   6.45442504975591810980319521302438743      
   6.45394848853766304978310634585916779      
   6.45344194886893326773416192733862862      
   6.45290376172577412791072923353025358      
   6.45233217196852600226536270453406445      
   6.45172533328172503649200188023016260      
   6.45108130328452698926312777698397951      
   6.45039803838803654990430858114972858      
   6.44967338814911128000441327668807354      
   6.44890508940284582997106329462633051      
   6.44809076215555592423623880132529186      
   6.44722790056536166606303244687510388      
   6.44631386951691891827810405239484352      
   6.44534589367697672103692452327984916      
   6.44432105599193269572610325312562116      
   6.44323628420559483956128744702047018      
   6.44208834907115240693585546982416214      
   6.44087385135819705920855233390452126      
   6.43958921727299073251485798794553576      
   6.43823068774612364176040339495509581      
   6.43679431050448874952928921861495964      
   6.43527593056922869677629252266218000      
   6.43367118149079497612809594734593833      
   6.43197547565247195772083312306591181      
   6.43018399425739076179755165168788155      
   6.42829167814624009802910836047074975      
   6.42629321786762736397348584633972963      
   6.42418304314089104232570798788665439      
   6.42195531417161114179394385333953209      
   6.41960391231787735317371262007813808      
   6.41712242980762681122003623503141836      
   6.41450416215336275881434895760426017      
   6.41174210201565895521890957735013983      
   6.40882892745154467408089223565407437      
   6.40575700132740032494839407345676184      
   6.40251836365277116489093747901911894      
   6.39910472868338025454670298264724275      
   6.39550748381901926431775964376064596      
   6.39171769163534096192142407509084307      
   6.38772609207911651819547495720592465      
   6.38352310627706892749573376267998560      
   6.37909884843500587850670618541164196      
   6.37444313314436734217211953736254084      
   6.36954549019373402022152592784767476      
   6.36439518285121245978989986442061718      
   6.35898122648665388444723463543639662      
   6.35329241463898963297141495496180882      
   6.34731733861612435207081969095931602      
   6.34104442092644169990309702668993895      
   6.33446194266663119256769538452629401      
   6.32755807537062878235157917860941967      
   6.32032091564686419834289662663422577      
   6.31273851606491548368570800699007923      
   6.30479891970139136640578806292923450      
   6.29649019359841281380476261772911975      
   6.28780045768173627523573944782880395      
   6.27871791326083572398414309980424689      
   6.26923087109309427962080739696062183      
   6.25932777108574815053155304333280087      
   6.24899720271132733460479173316293112      
   6.23822791860364171401404345594661665      
   6.22700884550555441930908955750199707      
   6.21532908863087916210295578644999626      
   6.20317793363967292331949349115557265      
   6.19054484389341927864657685783683771      
   6.17741945339632107661094834059381279      
   6.16379155762325355592756270955642699      
   6.14965110087236059136747644838272182      
   6.13498816062763654936125026070410008      
   6.11979293214215081888448596122594378      
   6.10405571085573043062843575394344883      
   6.08776687512991814777151671172774731      
   6.07091686875311061873505045693168264      
   6.05349618360952869252247682314812886      
   6.03549534359348137470529316571043576      
   6.01690488889302557786679911200668313      
   5.99771536335666169117644932198915191      
   5.97791730057217002382813098100678352      
   5.95750121317509535535672160355043760      
   5.93645758222244944134338783805321231      
   5.91477684955682692648745407244028648      
   5.89244940962101494079812739603464538      
   5.86946560293264793955101665430243763      
   5.84581571126038464881450775579488124      
   5.82148995304270921350155898655241205      
   5.79647848000520612898875182373084654      
   5.77077137403222601293047986564097345      
   5.74435864547557724934657806413122163      
   5.71723023099419682041534107630854072      
   5.68937599270617928293940769902276337      
   5.66078571737055573187596386381915273      
   5.63144911580217995108144782348040499      
   5.60135582259882645090283993535839144      
   5.57049539623481256380079620737377440      
   5.53885731939510869683880867768577011      
   5.50643099877558610335069575024572395      
   5.47320576589909963761129553374115398      
   5.43917087777989670749257869832069830      
   5.40431551592623699828163476328321427      
   5.36862878950041656437994540409203276      
   5.33209973314990601611235683131459042      
   5.29471730943719176808520189281332804      
   5.25647040828686607383825252633076720      
   5.21734784818552641199056309108402752      
   5.17733837633700155622834241048684812      
   5.13643066956696853186512306788972911      
   5.09461333421418150301871258558746252      
   5.05187490666351744303515538902986190      
   5.00820385430561713039164599044423413      
   4.96358857569642348401033720655974061      
   4.91801740009515444273769239093421775      
   4.87147858913729499987912779809721245      
   4.82396033628548289067607377029482616      
   4.77545076683292624540843794027767264      
   4.72593793929549093239794969397231282      
   4.67540984429802981787299750110579585      
   4.62385440583688365506224057109194986      
   4.57125948047112639463910269845970296      
   4.51761285871880324218509248710189909      
   4.46290226361327430895974696178926374      
   4.40711535241273365139551737008699890      
   4.35023971540873166527632971558262229      
   4.29226287693156148009165229219052759      
   4.23317229454876796684045156894381061      
   4.17295535999306100429192898867080352      
   4.11159939845755187152048470259270609      
   4.04909166916574678901212106493267354      
   3.98541936470540217107461056918700409      
   3.92056961215646797389379772635364111      
   3.85452947179860139771908402884807941      
   3.78728593768438277711213405736545781      
   3.71882593801034958571835476392251703      
   3.64913633426348580759014153838855601      
   3.57820392175677149060642992117052871      
   3.50601542920165556793486060849485621      
   3.43255751925958365077842597036801704      
   3.35781678764826293707978766852987700      
   3.28177976383556628867243739741613972      
   3.20443291044956293768281541735188637      
   3.12576262346520035681236276277233078      
   3.04575523207389599386627590505090988      
   2.96439699867296763187630503713540553      
   2.88167411857434860551186190264499464      
   2.79757272015863469315308623412821295      
   2.71207886480968858578943137112184681      
   2.62517854655745821451818078193483130      
   2.53685769221983851765140479748639992      
   2.44710216136576182314631096994410587      
   2.35589774609241313886623494296074819      
   2.26323017095585551345492536219716436      
   2.16908509296097462047318280941198945      
   2.07344810138616884696387552648685085      
   1.97630471772857054844052548393941115      
   1.87764039576661107278178669035152501      
   1.77744052116263925744374449136619170      
   1.67569041173025370485357901603842897      
   1.57237531706348083583299606337011175      
   1.46748041876613111760450821786504854      
   1.36099083011168806851778297561794392      
   1.25289159574974726771181395765512589      
   1.14316769241020412341472422372804723      
   1.03180402811252810309433823692700174      
  0.918785442144602945169639917414605318      
  0.804096705531970010594800901247644095      
  0.687722520250148508989069790135123897      
  0.569647519792902645054503359575003176      
  0.449856268577992389431370320329374331      
  0.328333262263571132402359123127571913      
  0.205062927504134791254931794272738694      
   8.00296218907959764754688735296209162E-0002
  -4.67823660603461804381025148378006950E-0002
 -0.175388817067655842298688657987996833      
 -0.305805580957694398737825589041122873      
 -0.438048576823787716033200317304473696      
 -0.572133793154204303703218376274176623      
 -0.708077287769107205938259554397711919      
 -0.845895187980635532629521562247580502      
 -0.985603690555574331098674085266893252      
  -1.12721906179143445260510640931402269      
  -1.27075763761729901702571258079086152      
  -1.41623582329067229846899866168569714      
  -1.56367009408174647350765516581654475      
  -1.71307699484604061207405142131410797      
  -1.86447314012054924218472820951777700      
  -2.01787521427999003605047599893731809      
  -2.17329997142868527565117654568188521      
  -2.33076423569013293331048004844111469      
  -2.49028490078450392061215899581397131      
  -2.65187893055169612468080173039154070      
  -2.81556335867294232020727912249475355      
  -2.98135528882316615391240165742659211      
  -3.14927189465530599277299972307557742      
  -3.31933041977341153277382882306612479      
  -3.49154817781750012712131575595991191      
  -3.66594255248839745618805082987863960      
  -3.84253099751932329617779014508101266      
  -4.02133103676973494408781260861446980      
  -4.20236026411719366540376739749604838      
  -4.38563634353813004015220126402187915      
  -4.57117700910886759456390892454367895      
  -4.75900006505129185811153257745539788      
  -4.94912338567009953070253781850443561      
  -5.14156491541647828827351939751657210      
  -5.33634266885411371499379737378464998      
  -5.53347473067066992272006909030268862      
  -5.73297925567842601080749975917652575      
  -5.93487446883211381150555979809765548      
  -6.13917866517314156083045583857379465      
  -6.34591020987675316201674026823984118      
