   6.46114195192883683103959025933776710      
   6.46114195192883683103959028499393269      
   6.46114195192883683103956979690005009      
   6.46114195192883683048970983490699955      
   6.46114195192883647001164268251379365      
   6.46114195192880499417535155638028235      
   6.46114195192798616423800680481136808      
   6.46114195191830487154607113982496941      
   6.46114195185153409733564358699440207      
   6.46114195153712685114206952130404880      
   6.46114195041652226185395065016192418      
   6.46114194717481258021838686542145833      
   6.46114193918464832168510951500827444      
   6.46114192178961710464768534229256008      
   6.46114188755700207408399745899521901      
   6.46114182549934776732812020818432402      
   6.46114172023150039434785574698248277      
   6.46114155127206484723504719259614995      
   6.46114129242910208141542314318909091      
   6.46114091130035972687047812257460022      
   6.46114036889032217764031597828342932      
   6.46113961935164438499842561614278364      
   6.46113860983404172303683848100213640      
   6.46113728052173255812733828700670772      
   6.46113556476003258481691323443555552      
   6.46113338931093020096007542092395473      
   6.46113067472907980688187778495550577      
   6.46112733593743551470053952659580538      
   6.46112328280563585532240090943670369      
   6.46111842073103359107401009187316387      
   6.46111265143243100478382446395337287      
   6.46110587340586172995737870996002029      
   6.46109798248573916606241920277075142      
   6.46108887221077100302495887978213061      
   6.46107843389414452718229839115220393      
   6.46106655699868610333150161353521497      
   6.46105312851261859534912179916040463      
   6.46103803262287568628296699763200523      
   6.46102115008072215549020222455043419      
   6.46100235732268092241321599098688790      
   6.46098152542040130616896017020460543      
   6.46095851884266048793653115313363129      
   6.46093319426227179379338315369797124      
   6.46090539896809763542762857038150746      
   6.46087496944037305582491260421829460      
   6.46084172977431802561179559597718844      
   6.46080549013316282265719037074715580      
   6.46076604518552915382874341332332388      
   6.46072317250992258703980029427143996      
   6.46067663118067402360143566216894461      
   6.46062616023997409988898747240988273      
   6.46057147728555030204587813647120601      
   6.46051227707969238928345694993853519      
   6.46044823026645004937814254848702102      
   6.46037898212034614019315557027043143      
   6.46030415133703380278919222349441573      
   6.46022332892626401144962186495824234      
   6.46013607707470303071259013868233517      
   6.46004192806881664254527736901495449      
   6.45994038337423203767960568758124886      
   6.45983091223512367472388083997644998      
   6.45971295150838325669679420016872177      
   6.45958590202360406024813299256921980      
   6.45944913268652857959068995897176375      
   6.45930197543430347511445579267996812      
   6.45914372444042316274024006003075945      
   6.45897363597769413415917029562951500      
   6.45879092737002213316001960607508280      
   6.45859477494974232494631090114284544      
   6.45838431436144929071761826252136727      
   6.45815863719833332556472780926925101      
   6.45791679109458424859626604289994973      
   6.45765777681153329835206204239048421      
   6.45738054974788849219713000898616804      
   6.45708401425888851546485819885705121      
   6.45676702367329702410810227710756982      
   6.45642837936542735758972694986410153      
   6.45606682663456602375072463063631966      
   6.45568105374129601795728428562325344      
   6.45526968936418213249920146978300646      
   6.45483129972127736378178155277203716      
   6.45436438617702922293472395414984616      
   6.45386738216754171487549643118275781      
   6.45333864997436981759430669563307914      
   6.45277647750778408796170642344075859      
   6.45217907569444146952224760126416657      
   6.45154457363350741748118839437721634      
   6.45087101534512107728702624898709032      
   6.45015635515309847782336742710173626      
   6.44939845403939955140479495473557956      
   6.44859507468067164454596373533881640      
   6.44774387666421297615012303850271050      
   6.44684241124773220381144888637572035      
   6.44588811656011383206682945953662355      
   6.44487831118163953780203952713126086      
   6.44381018902891858289857605555725392      
   6.44268081301811601260969778658162750      
   6.44148710896212361362619944274570600      
   6.44022585722748114183641042449788687      
   6.43889368838008127253706702116425044      
   6.43748707410319741038245198582311495      
   6.43600232057088554843481837012061082      
   6.43443555959501992442360310593680712      
   6.43278274160599224834523825296503744      
   6.43103962707388117586448834995335773      
   6.42920177809491753124946425535421365      
   6.42726454858975928537682358846627827      
   6.42522307649495319048598978660757789      
   6.42307227437525057313877008830197192      
   6.42080681924485661633710969381970431      
   6.41842114394395823799462361037133458      
   6.41590942545610146233386804239811071      
   6.41326557805829703445705765205569954      
   6.41048324112467142626066064020379018      
   6.40755577122521507346743148985386884      
   6.40447622974914052879210270038165887      
   6.40123737535293465264534662508920357      
   6.39783165944288343474413664142318182      
   6.39425121734644764207200431702923104      
   6.39048786957226063655245009617280229      
   6.38653312823533224678073796300613344      
   6.38237820971053606919793198207391299      
   6.37801405527024106504900955458247013      
   6.37343136374523652441587454945290097      
   6.36862062824497848487146713945364882      
   6.36357218098262181408611284501290161      
   6.35827624006859032733019927827033207      
   6.35272296035330731646701501861955483      
   6.34690248170940387952035684853037760      
   6.34080498097357595779930955011911310      
   6.33442071734570162448448299052266923      
   6.32774007327789506122435856830634951      
   6.32075359674031002279494066774169377      
   6.31345201611056324372970636918296151      
   6.30582626038276468264593495163306318      
   6.29786746030534883944358499208396501      
   6.28956694178847326544578227186378788      
   6.28091620945650308463120405901831266      
   6.27190692426155317954099046299927740      
   6.26253087686240647345278045893817668      
   6.25277995890565093150759639446732404      
   6.24264613322076964882838110588557710      
   6.23212140762246161624503665608204547      
   6.22119780684156275605328339056438882      
   6.20986735042471690219338192148522369      
   6.19812203247397435473414039900188023      
   6.18595380431963452862063345473447319      
   6.17335456031965702098474302105345570      
   6.16031612596744906875664673724095755      
   6.14683024908865331679093507387119750      
   6.13288859265579471451127223673303222      
   6.11848272922680025087144271840201345      
   6.10360413875813848844695494706482511      
   6.08824420422982537985419159299473260      
   6.07239421177984614694415717803562116      
   6.05604535018166031342575739164885321      
   6.03918871099099179457096309872074578      
   6.02181528956083729161833409487914692      
   6.00391598627611955302882338197651651      
   5.98548160831938441952950762935260870      
   5.96650287133354196400910445464318915      
   5.94697040146951204241657858273519945      
   5.92687473744103923247698925308818460      
   5.90620633260491251152896990892331813      
   5.88495555707562786900319530754073395      
   5.86311269975965054262539212390275225      
   5.84066797035049598827612083228114456      
   5.81761150115856171074982020610250831      
   5.79393334923213158405848336034016574      
   5.76962349752334906518450066631943866      
   5.74467185740422041929882888167227133      
   5.71906826903141539332021251310666980      
   5.69280250355278539236125881133598881      
   5.66586426413569992962771726302348482      
   5.63824318717762794268012917118374211      
   5.60992884348271703360865778822912775      
   5.58091073885529902487386084861287222      
   5.55117831550999631649858238312108482      
   5.52072095243482022606352533811025345      
   5.48952796632357332647235638246451540      
   5.45758861207740215758542031343432235      
   5.42489208343571110403591556347742908      
   5.39142751339028987323263163817460842      
   5.35718397465994485043182222908989408      
   5.32215047976371870640092672494321440      
   5.28631598183199046944926644180118943      
   5.24966937453371293686153966752507758      
   5.21219949215807959862485984920516507      
   5.17389511001390505873249629390988587      
   5.13474494439192081742434720030621319      
   5.09473765282791989143242614711894245      
   5.05386183388660669536084051342520825      
   5.01210602748696051767531219499893366      
   4.96945871446724675899603291749258310      
   4.92590831716267757612185488178734677      
   4.88144319879227507732856233262389081      
   4.83605166368427826856749229006289865      
   4.78972195711067604774914628404934347      
   4.74244226511502515605981864251827167      
   4.69420071457801858271143738823404340      
   4.64498537301230562076217981916149474      
   4.59478424818427403990412085646070850      
   4.54358528840194842659660919284893832      
   4.49137638200432553524749788337493472      
   4.43814535736972316445007235311621172      
   4.38387998261988446880051556132242108      
   4.32856796575274618306061343110279468      
   4.27219695386944568725760979457707616      
   4.21475453361768217103213181378714085      
   4.15622823065681777181892865403457347      
   4.09660550965377394732023172436537447      
   4.03587377388752928187949115010322670      
   3.97402036510949058260384574698061894      
   3.91103256370659827613138905399080103      
   3.84689758730561552294729621955110626      
   3.78160259260554067340427572083622555      
   3.71513467377380830031345478527633197      
   3.64748086160129996305841253232793127      
   3.57862812563270978615493558638782156      
   3.50856337177465578543854351897426989      
   3.43727344300386768854680544091935866      
   3.36474511904583339273329171510286356      
   3.29096511632684393809054920843644602      
   3.21592008773617868605685884063372473      
   3.13959662229117178221845854703609983      
   3.06198124516136727763458579481131062      
   2.98306041732617498383060755519502624      
   2.90282053545468959761670776504848779      
   2.82124793176698739244395148860961902      
   2.73832887382499426117106580352600893      
   2.65404956434163595257623218013216115      
   2.56839614107455417426962026452309202      
   2.48135467670471096520836315928424549      
   2.39291117849338650090214130044450637      
   2.30305158830242792858275689743320776      
   2.21176178235073427394133029124278908      
   2.11902757108607947691160118818086121      
   2.02483469902331768205330386299287039      
   1.92916884463201375960865442202329375      
   1.83201562015825262951628517965431970      
   1.73336057149748619985579235773630269      
   1.63318917791372081102484441368045006      
   1.53148685238407957753759027688228940      
   1.42823894085152959808441854804564774      
   1.32343072246359783404814659865561674      
   1.21704740934642693455119383099632431      
   1.10907414650209320984223250318263431      
  0.999496011667785270879171486978806983      
  0.888298015217397723924332067662764046      
  0.775465100029373226175641106899399145      
  0.660982141402224835217761974164301776      
  0.544833946925085361884703399456843243      
  0.427005256382378473266950971912376635      
  0.307480741646290303243133167308286956      
  0.186245006594180556534914898124948648      
   6.32825869855761372228929060678254307E-0002
  -6.14220499024317023813207505215206337E-0002
 -0.187884504385833025778693256471096723      
 -0.316120445746404118712367426878901734      
 -0.446145611507129513909258553613945403      
 -0.577975807929596227678544998878693403      
 -0.711626909707651465397823839084275735      
 -0.847114860310205028347998919060525202      
 -0.984455671985719346543335996572418934      
  -1.12366542585783135063496570650982289      
  -1.26476027194464753747801365098027663      
  -1.40775642926634618734761964900004675      
  -1.55267018590169730777466798624226887      
  -1.69951789904785971678970815469761847      
  -1.84831599508216583025351690473024182      
  -1.99908096961172189046177501006740095      
  -2.15182938753841230326632714778984898      
  -2.30657788310834407563702769865136738      
  -2.46334315995111422000819302603014885      
  -2.62214199117166473561950391085207711      
  -2.78299121934440009191846162742443335      
  -2.94590775653222328035458777304480615      
  -3.11090858440399544768552863898788736      
  -3.27801075422291137415297881727394544      
  -3.44723138691150101567076607117976065      
  -3.61858767239385505620131745086926293      
  -3.79209687277884918910040072955767244      
  -3.96777631747641823476486048004576637      
  -4.14564340550377093155763324942473392      
  -4.32571560685123650157413149823145880      
  -4.50801046098807034390363210939108214      
  -4.69254557723953779052634121571572455      
  -4.87933863475629611519612136013147071      
  -5.06840738252392584107660798909088629      
  -5.25976964010535821265748743078886389      
  -5.45344329558870000500773973162916143      
  -5.64944630711363657366654081368879187      
  -5.84779670328777339160007909221768766      
  -6.04851258597554659251908971704237850      
  -6.25161212107402284107962580799950080      
  -6.45711354721275565659481212446811495      
  -6.66503517325782324449763524075898665      
  -6.87539537718268927107759085392525549      
  -7.08821260759360362087715015463466227      
  -7.30350538275846511298184185008431957      
