   6.46114195192883683103959025933776710      
   6.46114195192883683103959028499445192      
   6.46114195192883683103957759261073359      
   6.46114195192883683065240947621181721      
   6.46114195192883655835684486660489536      
   6.46114195192881163332514555419442586      
   6.46114195192814069433710552322517077      
   6.46114195191999966187996382268355565      
   6.46114195186270151600940349708493600      
   6.46114195158848851125959728250718710      
   6.46114195059818169182269069492819994      
   6.46114194770215451848398521783034416      
   6.46114194049927246401261986457877890      
   6.46114192470980000543782826165190042      
   6.46114189341060818425659127815706332      
   6.46114183636204079261420212925092072      
   6.46114173912659764868884719741709871      
   6.46114158241172673547625351845223339      
   6.46114134145242549611562264786291842      
   6.46114098551319404336848977359212280      
   6.46114047750235930791288391759827357      
   6.46113977370715874438410708516591141      
   6.46113882363323678784923930074004154      
   6.46113757003725202987891203646888081      
   6.46113594903225642185518908459551188      
   6.46113389033649516614676094266141687      
   6.46113131764850987278809982574381194      
   6.46112814914369262749200056214890629      
   6.46112429813531922850714020460824357      
   6.46111967355881962543663478675977301      
   6.46111418074352511306807267984507271      
   6.46110772194052505663843332443078427      
   6.46110019680091518426221004815700965      
   6.46109150276854572558533227524951552      
   6.46108153520591334457809477878516541      
   6.46107018751388858061284435047100815      
   6.46105735095015051608592128638696075      
   6.46104291404618409710622767681537859      
   6.46102676204337582896419932130325396      
   6.46100877607561346202390794751862608      
   6.46098883215000281633832355361250867      
   6.46096679996322706135600559392376999      
   6.46094254163179968920718034525613626      
   6.46091591036700945989344712776259628      
   6.46088674891465811249187054080691577      
   6.46085488807908256729707510141253859      
   6.46082014520072957649971224385365365      
   6.46078232267127204583347912653242320      
   6.46074120629116700739720495895777447      
   6.46069656396595386410862589807239091      
   6.46064814415122654014641971773828658      
   6.46059567456247872801629586754925992      
   6.46053886072412267990735237435447481      
   6.46047738473040712030400004517422416      
   6.46041090402135993312102735026978708      
   6.46033905020212964897169702699171738      
   6.46026142791494827008846874191866420      
   6.46017761376910530865523675914726029      
   6.46008715527045489388408300161814506      
   6.45998956978239342419588502917212406      
   6.45988434365382622168169330180354989      
   6.45977093078125628077314826508723161      
   6.45964875255204037887361069429131392      
   6.45951719408047188280818077442709920      
   6.45937560848110031904402690866831331      
   6.45922331165066986451178929735335981      
   6.45905958147358238958321988581187196      
   6.45888365775050499631290915617653314      
   6.45869474096940819534316007583784094      
   6.45849199035843340495245275548585895      
   6.45827452376622138693806001686468272      
   6.45804141498547494143830121964228212      
   6.45779169278780949791151958638226848      
   6.45752433889340626033831430191684808      
   6.45723828859539333567396762093709494      
   6.45693242535332756758764037832991652      
   6.45660558092536493431926152327749477      
   6.45625653374795239225962941175158503      
   6.45588400519368588549569497698732392      
   6.45548665834564518001284605299556926      
   6.45506309520747101835641924003458459      
   6.45461185390256177380652155578561990      
   6.45413140595757704905246624268038297      
   6.45362015327908159526819061714214020      
   6.45307642446342875330634177990151214      
   6.45249847208491245483740989029620671      
   6.45188446894856884967628127185073779      
   6.45123250404730249392063765031706414      
   6.45054057838972989871326892763411785      
   6.44980660090640871094420130246540704      
   6.44902838453572433168063768549123426      
   6.44820364002462116763356371750367512      
   6.44732997251885871489229868421464562      
   6.44640487523965185574822950737127172      
   6.44542572464117341126334129571602374      
   6.44438977431326402440448369839842204      
   6.44329414872899809700307290194934379      
   6.44213583752696949992209035682432858      
   6.44091168882546903715477292089959090      
   6.43961840121621293212585683674296703      
   6.43825251855925163224359137831011640      
   6.43681042116280413494016899069051143      
   6.43528831880743416233615859657992433      
   6.43368224184200135042353718626900033      
   6.43198803450177080703224764944829040      
   6.43020134485482875190831679165350818      
   6.42831761789943144820029453363149745      
   6.42633208480580196556426058437396151      
   6.42423975510503720913651855798293286      
   6.42203540749634564683166540166944051      
   6.41971358009534558760795951986244682      
   6.41726856066985203340707358320902627      
   6.41469437847881046652203762623573459      
   6.41198479255909340099720945166894844      
   6.40913328569534620089466107235533931      
   6.40613305309113829504247696033919266      
   6.40297699330935349762853086763654722      
   6.39965770384341759047138684363546833      
   6.39616747094281896435644773203392640      
   6.39249827196664474091305223755914415      
   6.38864177144362652724480322929399525      
   6.38458933108029303647385388358105692      
   6.38033202267888884447942384261199266      
   6.37586064901302776471847565776074690      
   6.37116577522662704208771334886008923      
   6.36623776477129519921835628347506204      
   6.36106682300179761778114298434306063      
   6.35564304322399197861197439019431876      
   6.34995645653783452880832597433264400      
   6.34399707991703885767334822893144536      
   6.33775496616523471507559182543399460      
   6.33122025033022951057673480647431657      
   6.32438318593394062374845810118637179      
   6.31723419071748970808749131297956587      
   6.30976385878575099841798883042433592      
   6.30196298193539218607359922392705355      
   6.29382255140374031010864368644807066      
   6.28533375255252400460224310888184969      
   6.27648795017597533604668399980053401      
   6.26727666748756105017312596434810291      
   6.25769156078960819603868825079068640      
   6.24772439189160800700510805316021246      
   6.23736699959088813233465312804389452      
   6.22661127371760482165433560637394528      
   6.21544912716353701248427526168757638      
   6.20387247463472128154783143972146755      
   6.19187321150251709967468122283822591      
   6.17944319653880765623679601794877447      
   6.16657423712968163053765571363763256      
   6.15325807738047688969475478913127202      
   6.13948638853534385698251657884759204      
   6.12525076132091240732375561027816094      
   6.11054270013787406969310674760569960      
   6.09535362025039672794922318672944589      
   6.07967484319190555436583288471730826      
   6.06349759652073662580566952901099875      
   6.04681301284351795121867046988401434      
   6.02961212981348927413304415205604433      
   6.01188589071187013448766308960422921      
   5.99362514565515810429073179001115708      
   5.97482065301999795640440564499200491      
   5.95546308092057985851555759892984408      
   5.93554300911615702099734761887859962      
   5.91505093093444119263845154556461172      
   5.89397725523357264256194797192089096      
   5.87231230829878079553744816676959299      
   5.85004633570080883738809925715454011      
   5.82716950463652549112791519677776792      
   5.80367190510587468537425214649165550      
   5.77954355220540230692863046500638281      
   5.75477438718260177594662553023278183      
   5.72935428005862231606913581477583091      
   5.70327302968481048739630200239764418      
   5.67652036596772611093605010986234039      
   5.64908595078235893310953376582011291      
   5.62095937949382984766387690952764282      
   5.59213018137051837690449231650506118      
   5.56258782101529054797286620635101672      
   5.53232169905910661443725108088450011      
   5.50132115278617297465916309463843140      
   5.46957545702069056841619837683673817      
   5.43707382447646304957055945956089074      
   5.40380540665862094458161749196911182      
   5.36975929385121866395231273857937210      
   5.33492451576321229090868552393826236      
   5.29929004196758163125256139571832998      
   5.26284478202218133787297983310680580      
   5.22557758568533794941103607340139413      
   5.18747724313941003133489067603065508      
   5.14853248525257104396375103527631708      
   5.10873198355180145287016943580800845      
   5.06806435025311034354309759041589491      
   5.02651813854397588976722383772138651      
   4.98408184236662912266257672358443400      
   4.94074389645491535728514678159278499      
   4.89649267647896865876491600355847886      
   4.85131649881588664062341740903202980      
   4.80520362041707413110747321624604379      
   4.75814223890775608272147237204641613      
   4.71012049252151118171998856135674307      
   4.66112645968518167602461826577567347      
   4.61114815914181440237653715908121667      
   4.56017354976198448704838823067778037      
   4.50819053052727292160771073422994928      
   4.45518693998111515013387453465937680      
   4.40115055652215984573397065082704293      
   4.34606909795534224640872097231837613      
   4.28993022137064856053764242716747213      
   4.23272152322685586873140601262633555      
   4.17443053867184711896731055689713198      
   4.11504474173497510238078792057004145      
   4.05455154518101195883285391405429463      
   3.99293830014439619432025905155400741      
   3.93019229629467186576808278822323463      
   3.86630075917044960845887869566094698      
   3.80125085592548172308053820140298628      
   3.73502968879294903506046501253835315      
   3.66762429804263539154168589384798720      
   3.59902166111386869918188077065281415      
   3.52920869300111000335106499800995013      
   3.45817224512067295984429516810891773      
   3.38589910580899369479091879152842697      
   3.31237600000350427434813165467235383      
   3.23758958893049984153789327880138223      
   3.16152646997421291217374022118709766      
   3.08417317655666005344459906762682032      
   3.00551617791573181248735758951867483      
   2.92554187883766336966215283862899011      
   2.84423661976116923576558779685594234      
   2.76158667638637792663236668692919958      
   2.67757825949076405918510343695574570      
   2.59219751487183223400115100370760644      
   2.50543052310803960212118334679167796      
   2.41726329947100967396430922732364485      
   2.32768179372304792775934821916131491      
   2.23667188993523966372091200220825852      
   2.14421940639306196040751075364907121      
   2.05031009551398070960997535379032808      
   1.95492964355644460039838936028336864      
   1.85806367048572506958764154923773593      
   1.75969772996213508579601341643905450      
   1.65981730911380148105454677719595607      
   1.55840782839939088467421845860780983      
   1.45545464152471372581814082173588351      
   1.35094303527718888608569954377867097      
   1.24485822941667582513154569271924629      
   1.13718537650172902036347025524935644      
   1.02790956192922621330775138997011365      
  0.917015803451413591714904410297920850      
  0.804489051779596548373547092914179897      
  0.690314189639375860506009430681337207      
  0.574476032185512071079471578938888251      
  0.456959326606001001127498828966400171      
  0.337748752323312368337466474021045451      
  0.216828920665688696846020841102538050      
   9.41843748622830231893021430804172948E-0002
  -3.02004100963632643331356070322604895E-0002
 -0.156341027512332425147707157317612741      
 -0.284253139083656050583673415124701157      
 -0.413952474984653686557340638505352456      
 -0.545454833944706204714088554637058743      
 -0.678776083336426275179294948762528804      
 -0.813932159260345192786676975750232355      
 -0.950939066604485021539110285855311367      
  -1.08981287913515272255129621738165215      
  -1.23056973951467164580850870286903868      
  -1.37322585944084507693665087303363572      
  -1.51779751966850321773551311172691305      
  -1.66430107008697775077445095390341621      
  -1.81275292976188516674582431018736424      
  -1.96316958700460078618845323635944388      
  -2.11556759941518403624003261431143074      
  -2.26996359397474152270171370322802978      
  -2.42637426705103573956284707063143179      
  -2.58481638446102131076906759556699339      
  -2.74530678151616884247951994233038997      
  -2.90786236306345614373369054558086048      
  -3.07250010353430469918068548672171526      
  -3.23923704697370072605772793022101582      
  -3.40809030707811782301329161964452113      
  -3.57907706721919319014825393904280917      
  -3.75221458049931359349437865835026973      
  -3.92752016978465054691110753791562322      
  -4.10501122770319871667593087974357826      
  -4.28470521668595651115407518518360155      
  -4.46661966897814046377320756086404789      
  -4.65077218664956275478686078358772325      
  -4.83718044153234907434190539605027042      
  -5.02586217593609009146148791104464029      
  -5.21683520224420156185580867650383724      
  -5.41011740149363448976062959238133968      
  -5.60572672473444518911831108131349981      
  -5.80368119386509998836609908076817817      
  -6.00399890056456840381446471025564309      
  -6.20669800595202236670595697487789236      
  -6.41179674160630648572469071886560571      
  -6.61931340856869491064376884096119894      
  -6.82926637839706630123166838595113441      
  -7.04167409237452480969234325730336122      
  -7.25655506084464671743255051825222419      
