   6.46114195192883683103959025933776710      
   6.46114195192883683103959028499474466      
   6.46114195192883683103958311729567545      
   6.46114195192883683078610288771968232      
   6.46114195192883663673119272947247515      
   6.46114195192881783238215797875524956      
   6.46114195192829035421330881862622120      
   6.46114195192168661739556452783228249      
   6.46114195187405541751879353958207245      
   6.46114195164159161951234827132703376      
   6.46114195078855412275949259277666394      
   6.46114194826089778727577141481194042      
   6.46114194190480320640006629612974591      
   6.46114192785019398548832465503201447      
   6.46114189976008588137937250315009354      
   6.46114184819761385698213427772349548      
   6.46114175980609861962133229793153673      
   6.46114161661981565850519291595418650      
   6.46114139548092927609013305103932012      
   6.46114106753396924560202371290605687      
   6.46114059783884232643531467282411313      
   6.46113994509885184404441024132191801      
   6.46113906148937215735404555538395162      
   6.46113789268441534348049877071443874      
   6.46113637793891364769434769750170163      
   6.46113445032639041255405532889156785      
   6.46113203711187742824859732512488300      
   6.46112906017391325825802424375856126      
   6.46112543671441336908318856542528905      
   6.46112107972961731050481798084959793      
   6.46111589860942815173328852814917186      
   6.46110979988689135663272753248922105      
   6.46110268755285880858423617903908345      
   6.46109446348168362500304484032713625      
   6.46108502761463602215632367939826120      
   6.46107427797316093987633788213733899      
   6.46106211054730098474468110649377989      
   6.46104841884572415891460088932752908      
   6.46103309326054467703979217053546994      
   6.46101602029207058049360219245012800      
   6.46099708159251237686681272824246513      
   6.46097615284228914316986959729738664      
   6.46095310246335995540012781849316070      
   6.46092779041153182605731144735230085      
   6.46090006664039087599367175559486653      
   6.46086976968506167060827773142009925      
   6.46083672516467367286398425790470351      
   6.46080074431120591509747578154213864      
   6.46076162253607654278414522207396313      
   6.46071913787104502503904112556931627      
   6.46067304971451686462057218809082974      
   6.46062309736020380548503819456076420      
   6.46056899885625507416526289236329994      
   6.46051044955339998427758749930911937      
   6.46044712098789128142529581706863010      
   6.46037865972501170146529642386716423      
   6.46030468624607714829158142555896239      
   6.46022479388838203424566699693232933      
   6.46013854781604557624667734540825181      
   6.46004548400258721423829187999208646      
   6.45994510821921762683710513524682050      
   6.45983689524756596090060859383487030      
   6.45972028728540996605305274329398894      
   6.45959469402051641456389819522160775      
   6.45945948955686241842687931660952620      
   6.45931401417185221771498590064524615      
   6.45915757280093758033980562617346559      
   6.45898943151997222399811600555663203      
   6.45880881780040253097917724612510295      
   6.45861492040006315169384180111043227      
   6.45840688634520246066888944908595727      
   6.45818382002689132360298314577651083      
   6.45794478334811240192223831320395835      
   6.45768879105386702686076804415836256      
   6.45741481119650003350993279024100659      
   6.45712176413191965312861416451965401      
   6.45680851852331061524399827486820578      
   6.45647388996116501450787638214465257      
   6.45611663957423668851891586634730877      
   6.45573547123716945088158443870329855      
   6.45532902876732811087079791642292481      
   6.45489589334460510920983147866680383      
   6.45443458188002036098489919516063052      
   6.45394354233761958567902570196583731      
   6.45342115201373706168863942624358259      
   6.45286571238167255500814312468831000      
   6.45227544787579489115449887982708733      
   6.45164850042288448310024048937280679      
   6.45098292616204962449170243142424719      
   6.45027669104217497892395676402221629      
   6.44952766629557052875636776630908910      
   6.44873362432655202438127930903020430      
   6.44789223321917026923995537316033873      
   6.44700105168923078806595298723017126      
   6.44605752389384989700494159161803113      
   6.44505897403965827741341997743177224      
   6.44400259913456359647885695765305105      
   6.44288546491509222169100733194199667      
   6.44170449789081466204355696261123520      
   6.44045647800115717193259287363572488      
   6.43913803389065034364214249323841952      
   6.43774563293777922504738053528658085      
   6.43627557643845176635900495850263019      
   6.43472398935423346520337471888482953      
   6.43308681404067718855714297163587731      
   6.43135980010933392727020419368241448      
   6.42953849776785530812907794647241382      
   6.42761824825429273927165002569279350      
   6.42559417522881830454800434354514844      
   6.42346117525423092168589247421888125      
   6.42121390821006515281203716113288733      
   6.41884679050736155478321298278597774      
   6.41635398305738440623838954069283788      
   6.41372938417721126588075451906336001      
   6.41096661876206215916509264166260319      
   6.40805903219173170704627128858758121      
   6.40499967974653371998966038319177381      
   6.40178132105259696015728534065507951      
   6.39839641259583127647326543069029662      
   6.39483710400656384788016098411298218      
   6.39109523585920557136837904526641549      
   6.38716234233130074385950951744733809      
   6.38302965719345638514861677430783032      
   6.37868812877107695087167581838131601      
   6.37412843851451806852131839330600685      
   6.36934103066342653433674941460411720      
   6.36431614626589433123002135270210331      
   6.35904386432527178675444653199410015      
   6.35351414637081836886340176099390635      
   6.34771688460067082072070407287919226      
   6.34164195007402887253532800778602643      
   6.33527923998686366484184049122401943      
   6.32861872493219387144867413544661152      
   6.32165048680966873654125077282650925      
   6.31436475717135351225135695485545906      
   6.30675194160880341314848735434951109      
   6.29880263665932749842080051169291026      
   6.29050763551176573851769983324801053      
   6.28185792642737051925871955781697387      
   6.27284468027280348029593702733158295      
   6.26345923232538612146932767032184465      
   6.25369306021782886554743434667461684      
   6.24353775675103869656579722400343548      
   6.23298500305742865121655026697009287      
   6.22202654350325626540096679861256482      
   6.21065415717381176539048254274438394      
   6.19885963644881178077801466945167968      
   6.18663476578683111633920521608912765      
   6.17397130305162617541677263425223732      
   6.16086096407838644972091275164387553      
   6.14729540988866310889815373725826936      
   6.13326623591347254559014447411314722      
   6.11876496382126712785564938875880247      
   6.10378303459319586683616686542409020      
   6.08831180515324809231234244893835120      
   6.07234254274094181030102909103309846      
   6.05586642427005084758294859229768862      
   6.03887453484922995154271969418253726      
   6.02135786730495514885174503645408821      
   6.00330732204143426723397867183105336      
   5.98471370821585711161065624964755368      
   5.96556774465909105785894346871473190      
   5.94586006123250784536640411672105337      
   5.92558120044414585072902384167739295      
   5.90472161908243210572227430526373394      
   5.88327168991892131567454889025241922      
   5.86122170388916028027052647757898420      
   5.83856187144217553099753152224552365      
   5.81528232470666674332183763043755917      
   5.79137311894153881268234654783775684      
   5.76682423434700479067082608542720977      
   5.74162557774916296312199888191069410      
   5.71576698332930772116538876707375469      
   5.68923821566941423919359541225343931      
   5.66202896902811283615399160572834904      
   5.63412886990621521192672542952564696      
   5.60552747763508893161709841092352478      
   5.57621428543265417655627555017687362      
   5.54617872145234969394254160140355667      
   5.51541014936773122328465548731879354      
   5.48389786937261701515870625873508372      
   5.45163111855244426979465868942498221      
   5.41859907172800907327947165248441608      
   5.38479084189086929114193598420930433      
   5.35019548033630503837859851931987496      
   5.31480197772420892305707217619543977      
   5.27859926370132313945006115162559858      
   5.24157620770290347213117081804679590      
   5.20372161879572925714428406318345183      
   5.16502424618934017014341767225580713      
   5.12547277908808575564501468097742105      
   5.08505584716640110005794455927701458      
   5.04376202017179123155907996060759118      
   5.00157980851327039979353269248988780      
   4.95849766277420461228207649407456363      
   4.91450397411296399020664934786168449      
   4.86958707392990373264077971641278054      
   4.82373523410251225274392587203395497      
   4.77693666657082097079456829971064138      
   4.72917952365806879346921597345735306      
   4.68045189762038126971519929380683243      
   4.63074182085171864588482768682039279      
   4.58003726555491445988572415852001135      
   4.52832614347594624455135240207975894      
   4.47559630629689232597710504724364131      
   4.42183554487639785163622698124266389      
   4.36703158946209794718841853865734974      
   4.31117210943603121248118141424349609      
   4.25424471316190721207557112707588595      
   4.19623694775620448762897344037811071      
   4.13713629895348740976588547257459921      
   4.07693019093975566094969559626815710      
   4.01560598644406787385632134753921342      
   3.95315098576984496605841643455435227      
   3.88955242763860333476497672156025048      
   3.82479748802288556602956541484856551      
   3.75887328096910291141212714169817181      
   3.69176685732757689191093237966940800      
   3.62346520569269543034071833342959209      
   3.55395525125564131273607012450331624      
   3.48322385614267718747694772875614708      
   3.41125781913552434374484085194327892      
   3.33804387552382699439302443115576197      
   3.26356869683122004665498119914652701      
   3.18781889064766639382615473371335776      
   3.11078100054628082464816689231549895      
   3.03244150571625956790107254562065141      
   2.95278682117700547653165212438887203      
   2.87180329723888976359715818384894045      
   2.78947721946665496996956664002141475      
   2.70579480847347003230492212380826446      
   2.62074221985502196224112376231194739      
   2.53430554395980360912055274774779858      
   2.44647080566255634677677261207172763      
   2.35722396440501044319313191582294008      
   2.26655091398447733254557547359946034      
   2.17443748219742016626922645371049368      
   2.08086943094049951503320243019588826      
   1.98583245594417644991276285130244100      
   1.88931218667875404825607302046703955      
   1.79129418619950003250305165467832792      
   1.69176395099461977599434806456024848      
   1.59070691091717967201924207987923400      
   1.48810842899195016377003255835161371      
   1.38395380113629595050803826892508190      
   1.27822825661714659221866996400104486      
   1.17091695723573333099444072948479282      
   1.06200499743838877317009038970897604      
  0.951477404411301360608136843311083541      
  0.839319137766208115513212606401112486      
  0.725515089493441613314533792759788978      
  0.610050083818192705314365767772406445      
  0.492908877132414359048099923286428068      
  0.374076157852973621115102422896581111      
  0.253536546422843344619748134681684631      
  0.131274595093217191527946329815485171      
   7.27478789513927052437926837017241244E-0003
 -0.118478459467734602165770227546019781      
 -0.246000799690414440232926409458302194      
 -0.375307953943443708994279338368484146      
 -0.506415712021579501210037405620920278      
 -0.639339932344846000816209750376145124      
 -0.774096542081747846926158598575334616      
 -0.910701537555601633092616617472199523      
  -1.04917098299204569478265206731447985      
  -1.18952101245031362804496478913103194      
  -1.33176782873763838956040368577640148      
  -1.47592770373897567762180090530004739      
  -1.62201697848685893371584318992097414      
  -1.77005206321893883328461403169640885      
  -1.92004943724070386353850619537294020      
  -2.07202564965546174200913969979602556      
  -2.22599731847696280046979995523281228      
  -2.38198113122531677652299516053947162      
  -2.53999384494917046775300332396163473      
  -2.70005228588123201660351576473501358      
  -2.86217335088009827598154554275666237      
  -3.02637400515333137386673122209017518      
  -3.19267128399377113137799853391900353      
  -3.36108229231228540499191505036471195      
  -3.53162420479294133741522898790396654      
  -3.70431426583878325706168889304706570      
  -3.87916978958754119354397836509374641      
  -4.05620815996332805603871762645949626      
  -4.23544683070178339701151882703551262      
  -4.41690332537904514723139350245484449      
  -4.60059523739200850945610134933323897      
  -4.78654023005900386261853094018436761      
  -4.97475603657018391051042320640521318      
  -5.16526046003462527081130621189876859      
  -5.35807137399817443890529853849760618      
  -5.55320672057850629730003871315439811      
  -5.75068451305468437940270735748506633      
  -5.95052283429399683431155484882518695      
  -6.15273983567614429026281571670191273      
  -6.35735374345802677517948666965378018      
  -6.56438284815821205488500503547349539      
  -6.77384551257363410209150583255374525      
  -6.98576016942413427741402791861638014      
  -7.20014532137429539362370426074950351      
