   6.46114195192883683103959025933776710      
   6.46114195192883683103959028499493494      
   6.46114195192883683103958880585251431      
   6.46114195192883683094874996019993377      
   6.46114195192883674554241795090775820      
   6.46114195192882724571828535589789644      
   6.46114195192853281621257260677496595      
   6.46114195192455663059325355389560176      
   6.46114195189412298756436132482213188      
   6.46114195173835109041036167346651404      
   6.46114195114410997588776623315064117      
   6.46114194932584114002883052392562384      
   6.46114194462908369502013952133371680      
   6.46114193400515185228179274380106747      
   6.46114191238263987445461130211675676      
   6.46114187197621330881642567961537051      
   6.46114180170096072309812550969907346      
   6.46114168642680550352863405830629535      
   6.46114150642454043668675679393432818      
   6.46114123687226446213795267174289746      
   6.46114084746361389922841910913072802      
   6.46114030211649835004069351400249730      
   6.46113955878322389313690724367478441      
   6.46113856945787178835560417666688096      
   6.46113728020395035470245443537758625      
   6.46113563137302526241006041738870328      
   6.46113355793122400122857616371761129      
   6.46113098988816486392251486513692433      
   6.46112785277518288349102235119948544      
   6.46112406834046364731587405528492105      
   6.46111955499462827351389089349387350      
   6.46111422838738043075349567593436611      
   6.46110800190744511043953955267287038      
   6.46110078707799045365648209009484503      
   6.46109249369804688136952356474129511      
   6.46108302992281445255234040366129707      
   6.46107230204489557125436158300928031      
   6.46106021440247458186134757066481511      
   6.46104666858808517757310715968783674      
   6.46103156279343514069408537162934117      
   6.46101479107969542843686281568275791      
   6.46099624222390648707898320186415700      
   6.46097579862324123879569539052820331      
   6.46095333505588005484618204642975234      
   6.46092871735277309217582653090300332      
   6.46090180117741743120096181103431162      
   6.46087243051055610480062090121088657      
   6.46084043630152654281741344483336685      
   6.46080563510112618467434298903407975      
   6.46076782771534588913817914207000298      
   6.46072679791434645666643962437893599      
   6.46068231104293279672743394061545354      
   6.46063411294946616837316179938493924      
   6.46058192867171736387216824071436965      
   6.46052546140239573652768671155100093      
   6.46046439126572024843721130928618815      
   6.46039837438332053413834153336945488      
   6.46032704176851250735475508225564673      
   6.46024999836359779140148548820254008      
   6.46016682207548393147155754792502102      
   6.46007706283505440937581726672496330      
   6.45998024164078374963948848757593397      
   6.45987584962321075020139448037290504      
   6.45976334706891664986552538823040716      
   6.45964216264939653553398476921664906      
   6.45951169174961934337952079461677267      
   6.45937129639810891152930713317745157      
   6.45922030344506953880231779329525354      
   6.45905800243999961190004083196347148      
   6.45888364952681549372234090718960331      
   6.45869645920878679500905349677131669      
   6.45849560648434749687903767875084674      
   6.45828022632513925272780656659510771      
   6.45804941004231439029649860064781895      
   6.45780220425956607454630720645411275      
   6.45753761143655336433786882724735914      
   6.45725458409526912306116543388425016      
   6.45695202580461314935777709030087441      
   6.45662878805228959491145849521972130      
   6.45628366899519707647631176798536780      
   6.45591540933052229888149826740256030      
   6.45552269100234101618899418055777440      
   6.45510413469562372419722494189816207      
   6.45465829527370965988813373162963811      
   6.45418366150272315343666895573900044      
   6.45367865090011319176427642353398421      
   6.45314160622103889402801887842387689      
   6.45257079319218777756989381126903882      
   6.45196439535984637792417612469463675      
   6.45132051092870351291236342604077316      
   6.45063714822848007024596238411139735      
   6.44991222126695095141856226119360258      
   6.44914354499710611489370066325373664      
   6.44832883062303389496130727985727145      
   6.44746567981443229178599770197480643      
   6.44655158031056969946222591395926514      
   6.44558389916123859015498195805831801      
   6.44455987728728993375412286865295360      
   6.44347662344054990938483316891671301      
   6.44233110714292594880442223342225904      
   6.44112015294995736802703281856399808      
   6.43984043181667852310750912385883886      
   6.43848845577402239431948096851778116      
   6.43706056831002808443461561114383647      
   6.43555293804676589921222606335719275      
   6.43396155100201656249417659698470047      
   6.43228220009354381323940397027250605      
   6.43051047972457397760563183622237913      
   6.42864177395222357927516279176036163      
   6.42667125090282931518839266602055480      
   6.42459385104073233276198241078933656      
   6.42240427993863227957879656553684072      
   6.42009699903857371938585298795422245      
   6.41766621626309198265222248943749388      
   6.41510587786004662439736696023011191      
   6.41240965904375557123594207375340641      
   6.40957095956119227836535454045865974      
   6.40658289001795132792711153610965507      
   6.40343827055228930795607116001680186      
   6.40012962443136384055634353881711638      
   6.39664917148864202617753872617288711      
   6.39298882614929153020049097589074392      
   6.38914020132611518448371063128940410      
   6.38509460514528306789575521701853036      
   6.38084305264753666836227330546743188      
   6.37637627601576844835302320668638497      
   6.37168474021187532769903042246510090      
   6.36675866768859436329013821321218702      
   6.36158806719303622477996938875554311      
   6.35616276828874012422424016922001112      
   6.35047246128973872970266509672581049      
   6.34450674103438699810575060124111501      
   6.33825515079782536661421011629532743      
   6.33170722887419450869439132741877350      
   6.32485255310037638216235757338281270      
   6.31768078140543073436302415845044062      
   6.31018169231468101322745820175648408      
   6.30234521066495993466219893115761435      
   6.29416143412540743726188836631775142      
   6.28562064786606363923177917183628321      
   6.27671333058584923306165383898880162      
   6.26743015058429033716910628396876978      
   6.25776195654247887842717776241658662      
   6.24769976198938896470021891357104680      
   6.23723472473685362593903061801582999      
   6.22635812316085437189238299912442936      
   6.21506133266757793962091056869722166      
   6.20333579860156258430205948557341168      
   6.19117301355570612619164125888145321      
   6.17856449523273610512619955228122171      
   6.16550176513545023337624888335078078      
   6.15197633071025690992713856633629328      
   6.13797966979237023236429804727278331      
   6.12350321700393693275300656213330176      
   6.10853835252831738891475609228724773      
   6.09307639326088297240810706284091551      
   6.07710858502303708628458810360343953      
   6.06062609838458924844574393245295358      
   6.04362002243206699081776700619198805      
   6.02608136343265142089099697308144195      
   6.00800104202597871467215651434795609      
   5.98936989263260177933104625758479338      
   5.97017866255675507363046024333631712      
   5.95041801223879072406997415484459469      
   5.93007851630225379347522374186154542      
   5.90915066349492864265652327350403694      
   5.88762485865540699297125015285200584      
   5.86549142349583817911860213988019350      
   5.84274059803733361217549745084404511      
   5.81936254253629546217351420289133056      
   5.79534733806003507718756120168089287      
   5.77068498896359918746782149160937326      
   5.74536542398064391954633553866959477      
   5.71937849719297200708864680366361115      
   5.69271398977928119161292066937515543      
   5.66536161162844990234691808903019049      
   5.63731100215548589295403344574116306      
   5.60855173111427524494892917158868872      
   5.57907330022127899542414874704420541      
   5.54886514373788665250765246615262589      
   5.51791662960545209554402422018499385      
   5.48621706015358271624503530564140955      
   5.45375567284053236978579341928027721      
   5.42052164082467530539629909764398217      
   5.38650407309259528207853056758404916      
   5.35169201649017197341528019630620991      
   5.31607445443627907594755736678451321      
   5.27964030812736853308535337934955555      
   5.24237843694188883472874097551903780      
   5.20427763864789589770260822374390085      
   5.16532664942249404498638085400391678      
   5.12551414421418697081205423098531164      
   5.08482873715423350888819829265412289      
   5.04325898130703348460393302816358617      
   5.00079336912539909134202326608509362      
   4.95742033178793999478793612086132445      
   4.91312824052458500498594937510879954      
   4.86790540540369631268058108952064203      
   4.82174007601075894200194964959544950      
   4.77462044104633782558422681424536768      
   4.72653462866570321709372149874955219      
   4.67747070612527617171893212863185825      
   4.62741667993109630010341787491119415      
   4.57636049552621665351457658754478087      
   4.52429003715177452503087851415705332      
   4.47119312817741299241089083614138178      
   4.41705753062507566566242892481724697      
   4.36187094492871740369753291522864118      
   4.30562100954372763651302428326475504      
   4.24829530223769970292300380930745451      
   4.18988133902583102584571403498993357      
   4.13036657257096816538408537132299804      
   4.06973839475200607606599990057690967      
   4.00798413443373010224280849326228174      
   3.94509105811276517807163231725423718      
   3.88104637013115925923570376969566855      
   3.81583721153095227417644927368492012      
   3.74945066063769810820119619196792622      
   3.68187373257527247135728517164241186      
   3.61309337925939951318497070424009024      
   3.54309648926931607263585867170754522      
   3.47186988739533867924668747972286335      
   3.39940033460313083446831497717394098      
   3.32567452816210610677505589825110652      
   3.25067910114292690281370564852229938      
   3.17440062213291054027028322192573680      
   3.09682559567968637859835387813981679      
   3.01794046127633537089754869639051917      
   2.93773159406014935974372314766011005      
   2.85618530412692886877416131645143020      
   2.77328783642678537080275166110013662      
   2.68902537062390702992344742956593695      
   2.60338402130869569553521399954075585      
   2.51634983727430561526143129832842756      
   2.42790880160882223764310028804735684      
   2.33804683189120592289201142310855583      
   2.24674977938504369621338005696186471      
   2.15400342954596045070569676281353665      
   2.05979350141878852972369717001210134      
   1.96410564768387899802605819947772440      
   1.86692545456169868453801485264064807      
   1.76823844151267056679531497465455084      
   1.66803006147006130570680977108397862      
   1.56628570009829549518313596797530890      
   1.46299067653825636199367633925860387      
   1.35813024243908804557817854100130317      
   1.25168958230723802658751383773350850      
   1.14365381320601117015039931911752478      
   1.03400798481832087226552055705314291      
  0.922737079130323674713503180713808304      
  0.809826010561226536175348915140523650      
  0.695259625647108957071999172883250610      
  0.579022703033272092695599589153546766      
  0.461099953367752547610308871107624230      
  0.341476019190455928583175046996110216      
  0.220135474866207815761601184203103902      
   9.70628264737404719046868874662025237E-0002
  -2.77574882815809633603408664755163260E-0002
 -0.154341100401060342858070329659117442      
 -0.282703708778711178391085381424522577      
 -0.412861081514756661861039798687867661      
 -0.544829055175672114048772465913625608      
 -0.678623535149920574055678434321599608      
 -0.814260495588567841105286964734445767      
 -0.951755979789577952932609947194709413      
  -1.09112609979418737188238914664186817      
  -1.23238703677470488675413674800220158      
  -1.37555504103287707675015455380668396      
  -1.52064643202647215812344607202783834      
  -1.66767759844889923030701644035499123      
  -1.81666499828183374966698775453562604      
  -1.96762515885382580306523011496776827      
  -2.12057467687075592524752138577770038      
  -2.27553021848728702326943953221402081      
  -2.43250851934572028072481904304777125      
  -2.59152638462003204312192317658780296      
  -2.75260068905829171406830372303207635      
  -2.91574837702103386167093281579886816      
  -3.08098646252343389809771226179360800      
  -3.24833202926514448306910174140490747      
  -3.41780223066618623149346634529853279      
  -3.58941428990548661612618086933343980      
  -3.76318549995257733593680413705567022      
  -3.93913322355788613546126072502669778      
  -4.11727489333190351402571718174285401      
  -4.29762801170306521366541863541070808      
  -4.48021015101203845480946956877650693      
  -4.66503895349030536054273717268500405      
  -4.85213213128013476641135707858859163      
  -5.04150746645453982529055116202231526      
  -5.23318281060666173372650753508224885      
  -5.42717608663852682050755394515601307      
  -5.62350528611529243674573418731367586      
  -5.82218847087662110718106087408273222      
  -6.02324377275904009868610842677685088      
  -6.22668939361625170262006382146515839      
  -6.43254360529803424269302337952152133      
  -6.64082474964045330795916878398232999      
  -6.85155123846232840483161514711604259      
  -7.06474155357290958541751036673672382      
