   6.46114195192883683103959025933776710      
   6.46114195192883683103959028499495574      
   6.46114195192883683103958956101205907      
   6.46114195192883683098871313440043065      
   6.46114195192883677726928145335843585      
   6.46114195192883031826936471472027845      
   6.46114195192861854223379635972169193      
   6.46114195192563366683518494098549963      
   6.46114195190200842012818776313963603      
   6.46114195177778587712342096791769131      
   6.46114195129336206141314692547324755      
   6.46114194978384056644744142871186608      
   6.46114194582450257720927318006009790      
   6.46114193675173991765848251692298113      
   6.46114191808631824098983934661397086      
   6.46114188287263039403662777223237939      
   6.46114182109208277343867347597344264      
   6.46114171901849554417955250269201305      
   6.46114155861454087418318838198004496      
   6.46114131705807811905940536639595612      
   6.46114096634672393250777209532674745      
   6.46114047300089036660858895689183934      
   6.46113979786863321636845582476038180      
   6.46113889610348853086815636567669361      
   6.46113771718495935805429799378252679      
   6.46113620511464502099187727463550884      
   6.46113429872004750153352530601004514      
   6.46113193206433500801195406397524685      
   6.46112903490942386217140193084357645      
   6.46112553332281137331582393608699807      
   6.46112135021807149422400829863206729      
   6.46111640585400966609377006274435952      
   6.46111061831119858617611996123687744      
   6.46110390387442574442685517172130222      
   6.46109617728699494149980772994301738      
   6.46108735174779890260411752265964418      
   6.46107733879799724091306441586365652      
   6.46106604805941201849919399765800323      
   6.46105338680873312521605375040494286      
   6.46103925918355629879962664713127991      
   6.46102356540596255413068503339644379      
   6.46100620085060849718303515068294705      
   6.46098705499354692713171408331166441      
   6.46096601016708292492047908448291635      
   6.46094294034200082987773876169025779      
   6.46091770976893369579354264123394562      
   6.46089017187860428372064766904728318      
   6.46086016770840859379955524786139255      
   6.46082752467272314689234285835851372      
   6.46079205525266192624527584941852170      
   6.46075355572644366121255200544233326      
   6.46071180493780372085565071764712657      
   6.46066656310559919941858803319642236      
   6.46061757060608474966573840968750654      
   6.46056454697008597932314397324483537      
   6.46050718980342682428673728469222889      
   6.46044517368642405189289665778901651      
   6.46037814921848803192625471478158990      
   6.46030574205505263875905015407843589      
   6.46022755198949642418710692408757208      
   6.46014315197484596428039093685942354      
   6.46005208725486924253579923589943138      
   6.45995387440376040217611989703628917      
   6.45984800041600571548183646087065970      
   6.45973392172381785771648723710410421      
   6.45961106337742338579720948929740749      
   6.45947881781376396278667567958204884      
   6.45933654357049269347764507881880026      
   6.45918356508796749005754814088282318      
   6.45901917040529215330809025531842897      
   6.45884260979204340896937308221220050      
   6.45865309839016581376359874284003163      
   6.45844980811567710578114714015731184      
   6.45823187137970217502531631518631905      
   6.45799837735845484316057866299249469      
   6.45774837053738206290999996399554557      
   6.45748084913897982611913942032319734      
   6.45719476417340042301260548624901123      
   6.45688901526922149131386729117661773      
   6.45656244974634705901295578178591290      
   6.45621386109730904853449640316503976      
   6.45584198546849037870363060918800822      
   6.45544549832935395653003175979179509      
   6.45502301344173358499509076043507625      
   6.45457307909777315381169592324299084      
   6.45409417405864128705792553534406142      
   6.45358470555331422378798258936826620      
   6.45304300599871736772618984735558674      
   6.45246732763350407789607206990628811      
   6.45185584020409052637539781724195136      
   6.45120662558124038677895423377408424      
   6.45051767469851418142484966608856148      
   6.44978688171553870810738632762779208      
   6.44901203976199585277681945558111343      
   6.44819083639710589800668417780568391      
   6.44732084710367194030555638702141092      
   6.44639953072217908529136837934910506      
   6.44542422312112196044605091472246800      
   6.44439213171115495121525350258193445      
   6.44330032799997172599286626861618624      
   6.44214574212496224472180387800232559      
   6.44092515540958293900458942070876693      
   6.43963519252736370322639141283954310      
   6.43827231592202459547654725119903120      
   6.43683281662943008802379463493342328      
   6.43531280602204686966164743583371295      
   6.43370820883318624954677658662842526      
   6.43201475495060924163138337395829668      
   6.43022796887098785768429500222456159      
   6.42834316358327152751367756462783400      
   6.42635542955406986186560680862999582      
   6.42425962713266658178547323329788728      
   6.42205037737664375357279240770228187      
   6.41972205226081552850821831602207350      
   6.41726876761099236101615466535677525      
   6.41468437309335752565556468539961632      
   6.41196244525024548442369138465021489      
   6.40909627903219868775275354401059413      
   6.40607888161664842497496022199118419      
   6.40290296638857237801541930179966235      
   6.39956094593747014648121234264441348      
   6.39604493185539853305938152752760952      
   6.39234673119684701944039702712725049      
   6.38845784711778300669501327536982917      
   6.38436948138768804393203287710921141      
   6.38007254331592246014442775926888508      
   6.37555766015510031269004562449148850      
   6.37081519101702531845574087916444835      
   6.36583524933727089440854483085127694      
   6.36060772984820044092261096281094325      
   6.35512233878563959156862397048063906      
   6.34936863276869702446469651520846901      
   6.34333605776302999892907338645268169      
   6.33701399193946769136426240351027573      
   6.33039179055718328026188185873325234      
   6.32345882834988539109325720349033279      
   6.31620454431075891774764840834066797      
   6.30861847505685202534241522545162236      
   6.30069029063591802697022642074694017      
   6.29240982071786547768656444270220688      
   6.28376707167491066872462083030989236      
   6.27475223978718555784462314617563684      
   6.26535571156793951673924227360357259      
   6.25556806051180161531725676281046044      
   6.24538003295592351982487735328156429      
   6.23478253574786113469294679096925557      
   6.22376661132537836085977267243100193      
   6.21232341707014686547829788215567132      
   6.20044420226754144164328814175524681      
   6.18812028234671261914398079072085641      
   6.17534301696237917662094790119828434      
   6.16210378871278640947803531643091167      
   6.14839398361470844577972888253490438      
   6.13420497375354454296048260319406535      
   6.11952810252480787316189702710501224      
   6.10435467149432901236554608148058429      
   6.08867593028049478701955603481244678      
   6.07248306697558598248537523202734386      
   6.05576720176011167992528011601150242      
   6.03851938214373390207653766565466588      
   6.02073057681353975144438271029431445      
   6.00239167453840417690257520773950454      
   5.98349348078367654146847500630494044      
   5.96402671818061878279132109600866975      
   5.94398202413960229547919251258233766      
   5.92334995194575807419741185712049392      
   5.90212097059318680845324356398635743      
   5.88028546613600249904103099825048383      
   5.85783374180341487960501598125711951      
   5.83475601984586540772951652421919452      
   5.81104244206642480635575984700888782      
   5.78668307187953521149359035786083600      
   5.76166789488883007781931929571607321      
   5.73598682056526501958188824802536639      
   5.70962968386425359906788666968229717      
   5.68258624602050854732487438897275749      
   5.65484619550519479643777101265674300      
   5.62639915023513862870193577359056047      
   5.59723465778940970561545628413756253      
   5.56734219648271973733689521701515395      
   5.53671117661049948658046923093527200      
   5.50533094121211492535764016796785411      
   5.47319076662966578444401205944356291      
   5.44027986380144863478629637497809924      
   5.40658737845400445388663261247208404      
   5.37210239148901564427868435635414157      
   5.33681392018427126523412617390973510      
   5.30071091836231284423609099170181518      
   5.26378227630453771827438431132905314      
   5.22601682205577308824092331077341438      
   5.18740332077574033292728431274446825      
   5.14793047577879799290896840167314967      
   5.10758692832461307992887496024263884      
   5.06636125802722483631770092551113482      
   5.02424198247261023635946655143143927      
   4.98121755832554042028473314180965430      
   4.93727638069646825402579948714212645      
   4.89240678313299995498560659501715772      
   4.84659703804414606186504352370782959      
   4.79983535624048291559110928495297193      
   4.75210988789944048924463918407526210      
   4.70340872154718513913287868283920645      
   4.65371988404988697006106838148226924      
   4.60303134103714995171095170230590334      
   4.55133099711513858230428725026704221      
   4.49860669440478502471116352969764472      
   4.44484621418403065086261660201989278      
   4.39003727467154229721552398614691972      
   4.33416753467490308234652635215819731      
   4.27722458885949213568586934167179573      
   4.21919597039490014354656403981415045      
   4.16006915008929217961998452750690235      
   4.09983153642614089341599259017524337      
   4.03847047536322012594336662549306258      
   3.97597325006332670683361175669914488      
   3.91232708099251439172858297730419809      
   3.84751912558036628846760059833566310      
   3.78153647802617422046979662612795818      
   3.71436616935092491229683214539034011      
   3.64599516699565123744636314179579501      
   3.57641037490425533589170354576966025      
   3.50559863296365906381460285137805647      
   3.43354671758353077145509815233126546      
   3.36024134076969632987747870972249270      
   3.28566915034219032879782174088445026      
   3.20981672964800335608766293009663024      
   3.13267059768246483318083460248010280      
   3.05421720854080358124519109416551361      
   2.97444295151806803444072792603553526      
   2.89333415081046552666967538562152895      
   2.81087706562148209891140277302410122      
   2.72705788958602505602961371244800820      
   2.64186275115504959616971446161916268      
   2.55527771283126102654959668573564243      
   2.46728877172878169168330496037719626      
   2.37788185874601544959713630119333096      
   2.28704283879052190968322800147076592      
   2.19475751087078840701672250529998906      
   2.10101160744944517149320037049114237      
   2.00579079448308427413249969199820109      
   1.90908067151002124740451203840186394      
   1.81086677134347938476573863250823917      
   1.71113455992482734624467761535201231      
   1.60986943625348624623570779728598516      
   1.50705673221436036784417562908944635      
   1.40268171252382763694189365332739366      
   1.29672957475254548211804130602158978      
   1.18918544889018009509999603966871150      
   1.08003439747439758173491006319579598      
  0.969261415291980376944677094852907840      
  0.856851429537185535316098165674123196      
  0.742789299443923524867347180130684964      
  0.627059816404248915230430293896972812      
  0.509647703725471622611267465661664200      
  0.390537616594213077647701701313127490      
  0.269714141957446755506017814829987167      
  0.147161798448033103942272612370799843      
   2.28650363102069110247942198393047674E-0002
 -0.103191762701569030041045061851824385      
 -0.231024285414735152166915488286037298      
 -0.360648287328389511831569848865259393      
 -0.492079592569004581534601774753253904      
 -0.625334094388226045913235170517109885      
 -0.760427754234742756792433846544767197      
 -0.897376603092970278023603336515777546      
  -1.03619674075794326137709834665922257      
  -1.17690433603297997033454989333513220      
  -1.31951562708924070951791912383999791      
  -1.46404692105642333725444304360043043      
  -1.61051459439806079235692859199048829      
  -1.75893509288407893066246624917854749      
  -1.90932493164415606577810246672063101      
  -2.06170069521842491438858891359777519      
  -2.21607903760607870834279758244716638      
  -2.37247668231162449702049365658009911      
  -2.53091042239646025467475516387098451      
  -2.69139712049724582363226377057711917      
  -2.85395370889090095892703408523551785      
  -3.01859718953399188013641639843365886      
  -3.18534463405170446689038062732551991      
  -3.35421318383414124961352512290052108      
  -3.52522005003084458087036593860739574      
  -3.69838251358828697091639821420527565      
  -3.87371792527494119329060431913046142      
  -4.05124370570637306891010887849980170      
  -4.23097734536898084221889944628000025      
  -4.41293640464874639099490389615327862      
  -4.59713851383032217596738025945352179      
  -4.78360137312559496982094873425034503      
  -4.97234275269199368905280654446948488      
  -5.16338049264219274967726220530915606      
  -5.35673250305535871045697947247266007      
  -5.55241676398119479870393714993049495      
  -5.75045132545896502975176600067668108      
  -5.95085430751847008437381789113619790      
  -6.15364390017651131959426727294845552      
  -6.35883836344446857495402746841617892      
  -6.56645602737872826089054822314534417      
  -6.77651529196072981187693622769965162      
  -6.98903462718052484422428568213312991      
