   503.353983595366473674394243594379533      
   503.353983595366473674394243594379533      
   503.353983595366473673271516425147768      
   503.353983595366369793408749357133350      
   503.353983595264853940454767898678623      
   503.353983585190643146242959322687258      
   503.353983319046950696591273107251565      
   503.353980281542872744856607079549045      
   503.353960572508662755580775763065411      
   503.353874527613739350833559981280156      
   503.353592707148076591648187874050318      
   503.352847687549384054641277590683195      
   503.351175282679030487248370155275787      
   503.347870051838639565287922807931998      
   503.341965039413120238072922877336517      
   503.332238566128067555574591621890795      
   503.317244876517060336280384413597027      
   503.295362075881047816292010749766095      
   503.264849500526569170848085770335440      
   503.223907881619557987656103292941957      
   503.170736645252174827708605316614708      
   503.103584855681069588834375634715713      
   503.020793786173751704798652711426294      
   502.920830417367302359753002662197791      
   502.802312072667729769521518560325593      
   502.664022971240490738095331150489640      
   502.504923779674131928776902108646848      
   502.324155339719260278422679387670888      
   502.121037715898140941651531272828736      
   501.895065596165569722845238241064376      
   501.645900932709800011996961002578774      
   501.373363556830940478285422150907555      
   501.077420357190664951503713832410203      
   500.758173502964757054745979559410431      
   500.415848052889124032661781813322023      
   500.050779267799336682153970503713056      
   499.663399843238215252559011565169386      
   499.254227247950287860678690917041951      
   498.823851355543026508618747157638055      
   498.372922306857060194646789757054620      
   497.902139168323731734669067539955283      
   497.412238898481524972890018051859785      
   496.903986083739251255307720014539476      
   496.378163384984675687581647883841277      
   495.835562749355313363984011949098448      
   495.276977400359794613035962170073356      
   494.703194704045266091911346916642390      
   494.114989619668045654168350272280553      
   493.513119351160560993824652109405063      
   492.898318489841488408093544058114483      
   492.271294992564996386338243088065772      
   491.632726907293604956075763849130634      
   490.983259783364122052801293012831424      
   490.323504760598218600769570378336524      
   489.654037046213034140358375372606699      
   488.975395273198450543470783530044394      
   488.288081061360369332911838832204638      
   487.592559091954835407145933968587309      
   486.889257542359691145919569337804512      
   486.178568847765471547519457596258529      
   485.460850769471937246665052456586983      
   484.736427513934076189659525384043529      
   484.005591145938217744290099579321176      
   483.268603344239085221276122306675776      
   482.525696930418787953487221025778621      
   481.777077517049732851780907620997593      
   481.022925286896440038831162742834034      
   480.263396861174365804857241488932865      
   479.498626593235107028004320851999087      
   478.728728689727230078682933159023211      
   477.953798682070678899064880502810413      
   477.173915088819484011826242747105397      
   476.389140696477448667533604810424120      
   475.599524203499559284404153035877928      
   474.805101010413233571369986503533774      
   474.005894930519496564493493097146329      
   473.201919073257587519967155796517521      
   472.393176730107942991967392977780570      
   471.579662513886977938541234875599187      
   470.761363024143318913015819711431024      
   469.938257157328726707362572835386312      
   469.110317192146523983030901876342367      
   468.277509026906983051829776955339973      
   467.439792619004703935352344828618863      
   466.597122285690519214110541389814018      
   465.749447002897032569023040816839031      
   464.896710295433786021375240312932234      
   464.038850300743119847459411796648617      
   463.175800651891932036916777848851488      
   462.307489441481546958684503642254886      
   461.433839146236188132750025129125921      
   460.554766622657816624205529818230847      
   459.670184109811694534936795868177909      
   458.779995619107249263143689423873111      
   457.884101398411259698892219746797530      
   456.982393326728539346674043348794933      
   456.074756682498363173947997650973769      
   455.161069575114448351184427430491666      
   454.241201281534324847011402091710956      
   453.315013494756990738655900044916230      
   452.382358234667100816625690714729851      
   451.443078010801148161765756057522641      
   450.497005100429538130744984051866325      
   449.543960919652494722055075516235734      
   448.583754949337759177537179972391657      
   447.616184559291052293554281540298834      
   446.641033769761383923632417072980454      
   445.658072602633616602313158841451939      
   444.667055691895681481611311171914982      
   443.667723018793678021456909635709696      
   442.659796408948652713294295674998308      
   441.642980317016981761175055040723677      
   440.616959871243331172429085365950468      
   439.581399962617302146909487092470873      
   438.535943775711016444096291658105820      
   437.480211529733143990720561249414079      
   436.413798942222667580449148055700610      
   435.336275311016194355336148271053599      
   434.247182375195834453527144331037660      
   433.146031945567996993344193018912426      
   432.032303953005484892749726926488540      
   430.905444557364512137414605050460417      
   429.764863799697782471351861261201517      
   428.609932532028115369472161604756033      
   427.439980557497572352737822984893824      
   426.254292946474899852730195701332348      
   425.052107392311799210132364968529607      
   423.832610584822281028217861086691365      
   422.594934696411682208866574822748680      
   421.338153456550060299172251697769547      
   420.061277777329696204922311091452620      
   418.763251760705677670105053559048299      
   417.442947731915164082811230474940896      
   416.099161425679242737575381186831450      
   414.730606787564509633402802629802275      
   413.335911122342208880037356580882968      
   411.913608372644700798802721089139919      
   410.462137200698548541454728028465979      
   408.979831919888839676025270189463109      
   407.464920217674449081937924239626233      
   405.915519007611654501835859959942430      
   404.329631592785667916484384232925274      
   402.705146623719164857480678009288008      
   401.039839189891057301539526489830369      
   399.331375589593633824793743213011409      
   397.577320936079981456268702158658426      
   395.775153188997176177608877329957555      
   393.922283103761408465335568506935905      
   392.016081990440756398966615256740941      
   390.053919473887970904163394799055990      
   388.033211983245449622349296640757524      
   385.951483027874787372705848738216212      
   383.806436529199954099993843310494871      
   381.596042209616276661277596857000983      
   379.318630188429533178844844752795137      
   376.972997529345223328597703092799364      
   374.558505741625223419936993948635095      
   372.075180612045390424237701058084405      
   369.523791939818260583342340765552944      
   366.905907196144943543957273518614030      
   364.223910777348249161043040442374933      
   361.480982122861890893123978178224173      
   358.681031639881038617679771326752571      
   355.828597209887628533529651215461233      
   352.928711547318953265792609214547323      
   349.986751960217850872518961324199793      
   347.008287117084401253191876342121082      
   343.998933997104009700005792169597683      
   340.964236178542640816234821474947486      
   337.909570079548361523328311153967570      
   334.840081279275987370716220284826015      
   331.760650208447056615714452497111549      
   328.675883688003610306935956297828950      
   325.590127486908891925074989864354987      
   322.507493747284293938065251150740630      
   319.431898229265442144329060764429940      
   316.367105187936847714893092845018840      
   313.316766937984808035556665952861120      
   310.284486424908892934995542186898990      
   307.273832697540552521357296969005002      
   304.288397387079201527587212259592269      
   301.331821349164534686552111936683125      
   298.407822142044206377563656134394439      
   295.520215035950628252433586105207391      
   292.672927916876627726724933141068573      
   289.870009231381678943713830476923128      
   287.115630228405848529186588706043118      
   284.414080735582962177709792212033972      
   281.769758810026286165825273406834621      
   279.187154414486835104952002258369560      
   276.670826821928241557015796602078946      
   274.225377602903715399128496661916101      
   271.855417876527171692066984019614400      
   269.565531168122689777624355493283024      
   267.360232982226324052975377940420751      
   265.243926603166438591636711747329889      
   263.220857543237351056212944451901093      
   261.295066460416554041056166312653616      
   259.470342416702777434201650202281016      
   257.750176993053956826237241244058573      
   256.137721097072077222429244207124980      
   254.635745183056837741873839023174871      
   253.246604363666302291463806211178056      
   251.972209031718536416133319988023947      
   250.814002300575120313585554238795073      
   249.772943821507927016095801636173806      
   248.849502579059098813231485977617967      
   248.043655890359061650681406976436757      
   247.354896755448505321879660614175125      
   246.782247982886365664246391602392063      
   246.324283274976888789858912823736244      
   245.979153625438676136080087515804405      
   245.744619159626688924882956981704590      
   245.618084286159085290343629046550925      
   245.596636094053673146601936881556196      
   245.677084600966905276612005081503076      
   245.856003493586901063319386332781016      
   246.129771208164895587806083232562283      
   246.494610871638726716352900209600758      
   246.946628848441225178348643291157036      
   247.481851140517852164313052862589669      
   248.096257173354465117802063124291466      
   248.785810850217135052593486400749337      
   249.546488547093648056189760547075922      
   250.374303887669495393283008412800763      
   251.265329481020307496348398384836012      
   252.215715601839529439356684223554469      
   253.221705813104611898791127028913468      
   254.279649863436051034625469459757071      
   255.386014400998402618852301844752725      
   256.537390405068869223183383747727149      
   257.730499474102592173075387425370979      
   258.962197748561989455255996926897322      
   260.229478200784804944268952126829194      
   261.529471592762420831285073357150478      
   262.859446106964200055090084584877050      
   264.216805988858547878197949696041091      
   265.599089280617129743694429075836557      
   267.003964871391759363793206454590352      
   268.429228987021885191580736090470045      
   269.872801200128519408549644666114709      
   271.332720152838541435394899930952865      
   272.807138981036041870838738289674101      
   274.294320645699411437089945496868473      
   275.792633126338731248733479082151504      
   277.300544639206181542744197983523330      
   278.816618773252122756092105362179715      
   280.339509821284594165590252006397051      
   281.867958079938783393061330732739879      
   283.400785336897742303206019774939115      
   284.936890462930535719820950357317493      
   286.475245154209362498561354681599933      
   288.014889854489791337289442205635048      
   289.554929811956783412540377903892919      
   291.094531351896104696206078057121992      
   292.632918253805407114307037101553508      
   294.169368387380676848478944680992774      
   295.703210441643953402409906701112841      
   297.233820864945093516592695194358454      
   298.760620967133245651947753543839058      
   300.283074151172931838504459166108144      
   301.800683338739309739009654296022165      
   303.312988498007445795826540122657456      
   304.819564350899885389812641293743894      
   306.320018194073178976835845091085125      
   307.813987858031836236737501444427785      
   309.301139762043395126951505160697213      
   310.781166987396805975843862159071398      
   312.253788197214855324791942142731786      
   313.718745017334280664198662043884838      
   315.175801321874531526960553184045211      
   316.624741525384741272450871717820819      
   318.065369389980563483612191886062066      
   319.497506646915936462922901848549719      
   320.920992014956089955842154972977087      
   322.335679909786521363811291350242610      
   323.741439645383885989488220719994563      
   325.138154262652161620458809674420980      
   326.525719815139031392240565588091815      
   327.904044417321875966903435395603265      
   329.273047488091657077425851516833983      
   330.632659095335102040237166205843367      
   331.982819056545913138261479714719266      
   333.323476580321239258551901169676566      
   334.654589360091424262798161661850147      
   335.976123293739492628756541726795632      
   337.288051713206745161541645255206946      
   338.590354978283750204674735690747013      
   339.883020112333797652003650537954684      
   341.166040132180126057014559747423670      
   342.439413839412773225742336071155196      
   343.703145396713500415876044561005964      
   344.957243837772862961299821608442569      
   346.201722852622161616124437591087814      
   347.436600533158156992510041573667663      
   348.661898826801281891202802546758706      
   349.877643472645386422810501225479355      
   351.083863766880983926188687615752874      
   352.280592045867230382832948897270981      
   353.467863735782916986531634918543876      
