   300.978532456069162132856044161749454      
   300.978532456069162132856044161749454      
   300.978532456069162132851380527156010      
   300.978532456069161555061098139799070      
   300.978532456068454609946002451934406      
   300.978532455984012490765849010447188      
   300.978532453367369071825205606359971      
   300.978532418982347316137176819246125      
   300.978532165784611636735430971144874      
   300.978530926028918400637581531377710      
   300.978526416584903241231770797740887      
   300.978513287347990307467654862481407      
   300.978481058773780113717725495052454      
   300.978411834304294670457489179733647      
   300.978278139979589638100775251162323      
   300.978041197376507824635522893840329      
   300.977649822740616030066655258654946      
   300.977040033527505343122647579504238      
   300.976135307411792969956534473478879      
   300.974847409764288805037521885644587      
   300.973077637707445020149771805629379      
   300.970718328634626590625400314564816      
   300.967654487192247810679793988057863      
   300.963765400420943791310243626243917      
   300.958926136975200615370461527292062      
   300.953008855159872730071019533911374      
   300.945883872118999566905947062188668      
   300.937420475532163053233208292662246      
   300.927487484260518390592645293182559      
   300.915953584987645679868035707899601      
   300.902687487619502061643432437289257      
   300.887557954274611930073358628820849      
   300.870433748903164950316482426985686      
   300.851183571218588068321201985703033      
   300.829676015495536546765874731971330      
   300.805779595682992563277629480618662      
   300.779362863286847717095307835776200      
   300.750294637970159607552847250084371      
   300.718444345382110440052324964770423      
   300.683682489763097231323878455087195      
   300.645881201740117312966304035562758      
   300.604914887581487212124862620843932      
   300.560660939395931678804420713705458      
   300.513000487151918762697463972751020      
   300.461819168800430011658520968473094      
   300.407007893733922474966569853632504      
   300.348463581862515836691229039140524      
   300.286089848036673861066192218664518      
   300.219797651193759381748428608490231      
   300.149505832679335855367373569195652      
   300.075141592697242454125348986051331      
   299.996640869505170641199358732459356      
   299.913948623322751392089716838015039      
   299.827019024980531350613232538789272      
   299.735815541570259811834667296281346      
   299.640310929968417234326499576000269      
   299.540487150491956171589316519627695      
   299.436335222413531724831000543926751      
   299.327854908899147402797287541706016      
   299.215054437194697298591435449888239      
   299.097950108044532052644339509024983      
   298.976565854134387840785274080681295      
   298.850932753478721601024890542604087      
   298.721088526008732743658018682361203      
   298.587076974456627285759008402845963      
   298.448947405963795698298210273096252      
   298.306754046318000512838608376175634      
   298.160555448503845407091432186284695      
   298.010413869209114902389551152142831      
   297.856394685287134005927866687095265      
   297.698565791900544643577814194518596      
   297.536997028201552678475424169180578      
   297.371759586932876469983436570577092      
   297.202925473766907271512110102992521      
   297.030566945561719093603178067884843      
   296.854756019466435609747444686034237      
   296.675563968608660366593170658024023      
   296.493060843823768911673595797311648      
   296.307315047151729092754971717211376      
   296.118392897614583897901950295818591      
   295.926358212085601783637060556418500      
   295.731271958017845556257498840350343      
   295.533191888933738016294546905943351      
   295.332172217497616114660004506438401      
   295.128263305396133630584216612716364      
   294.921511381325591661299463801478463      
   294.711958252962110221605525351257824      
   294.499641044043783310426426212902235      
   294.284592057201940052056635428384319      
   294.066838437912272339032059851373818      
   293.846401987837915814021615820489363      
   293.623298958415356690017432323043105      
   293.397540070819110815480348069478279      
   293.169129702632957925313645703652989      
   292.938066675057347410820473315765668      
   292.704343279428176866109484966521734      
   292.467945419267557748103139718718667      
   292.228852452719412748245022762978425      
   291.987036793823752597781856742145663      
   291.742464160837818241622232471436274      
   291.495092863397554458779920274128076      
   291.244874036238015114539988413751834      
   290.991751126686296773521426056803087      
   290.735659906148823137227729172641871      
   290.476528029992372532723314648627140      
   290.214274890587604209129004930784124      
   289.948811297963327939324662159470851      
   289.680039205355338907623037513314280      
   289.407851327069760533040671485126476      
   289.132130785924982997566906293290976      
   288.852750587330453132459264880587469      
   288.569573704889214218575402885431174      
   288.282451817037703354102122711930680      
   287.991225315512299101913528875550924      
   287.695722565192542674645795136379538      
   287.395759271462256355626277535056159      
   287.091137790516907341408895452653159      
   286.781646377753115904592836114899882      
   286.467058303962189138311936618214278      
   286.147130985237363747718032778151208      
   285.821604882853631099141496614824103      
   285.490202488254496377780457218119200      
   285.152627042819670395235225100522970      
   284.808561130201552632530816968259701      
   284.457665324576192385418237077321754      
   284.099576450269809682192204299309127      
   283.733905846951976417373174855613504      
   283.360237397345279392082296533987475      
   282.978125360388349496838727649158627      
   282.587092027445901398169721921098143      
   282.186625086140680821979855778089859      
   281.776174857060090799125354394509617      
   281.355151120497510926507587616672756      
   280.922919779199984043211054504158147      
   280.478799169034867204961500608011522      
   280.022056045069904240283225525142366      
   279.551901288578540080240558889262082      
   279.067485268777268688182604441821063      
   278.567892632532761339186431530005851      
   278.052138075421116085646296286688631      
   277.519159467103426846175670985496813      
   276.967813132426163572963858976525206      
   276.396867954632457768911891735962316      
   275.804999888282385118353277584800908      
   275.190786789617348516979875264950609      
   274.552703964433089224055583495635342      
   273.889120839247225430715395946022685      
   273.198299305715734896792432649128869      
   272.478394432338892762268400044984833      
   271.727458375864966861383433218270909      
   270.943448475711870418979047873394771      
   270.124240624314575496356080559908451      
   269.267649005754197311055243381211613      
   268.371453318155693656207649274867613      
   267.433434143641911525274172736074635      
   266.451416797701056661383278161412587      
   265.423322530568132016420019141007460      
   264.347228412982949334908553073789493      
   263.221425691294599848727647744713537      
   262.044481463042671604023145775906807      
   260.815291571746217395870492836546158      
   259.533121400474879234390279284013703      
   258.197628633331902606319129815267195      
   256.808864291046025395552101066310225      
   255.367250559298563784253185751270132      
   253.873537210094870076826254229858080      
   252.328741044184471156241356304407408      
   250.734075004846136802643439576344763      
   249.090874104158485938052998361550680      
   247.400525311471759249695366124931930      
   245.664406461582837011582822223689961      
   243.883837654946062648425010627301295      
   242.060046736040109379197723965210658      
   240.194148046874824786917318708633198      
   238.287133342114844039349301235124349      
   236.339872657770319349616958086105092      
   234.353122742754434922196413154632742      
   232.327541062238924102954643916700699      
   230.263703292558762488614700770774538      
   228.162121434878732793954272723395025      
   226.023271867573761720364731139969842      
   223.847605713598522541611489329058581      
   221.635576504437667687334838291780279      
   219.387659362248252688380263624567234      
   217.104370017347602423694849874934898      
   214.786283465235815699064614361054218      
   212.434051554808637021194471494015736      
   210.048419394365926494721561132660563      
   207.630240731373460765875978759811585      
   205.180491845709437520669854694225916      
   202.700284282382320321694061604170148      
   200.190875916888391544280449625766594      
   197.653680386604554263837401155433293      
   195.090274552643804119216646562459751      
   192.502403749057520325464898271451509      
   189.891984862267001319401364206338819      
   187.261106766168700380200781361047071      
   184.612027967813721073056598072528207      
   181.947171238532980723537248602650701      
   179.269115660053338971398064845859876      
   176.580585115510843071898994754554833      
   173.884434203434537056267236588809573      
   171.183631044790567450900544133270617      
   168.481237780325933156677852540411039      
   165.780388742567168106728849145426572      
   163.084265354575240634449239864083677      
   160.396072876273981360060847613020516      
   157.719012991259526881543161796666956      
   155.056257707435991805555625790643218      
   152.410923019844835804838730468563553      
   149.786044051868199732117120302329463      
   147.184550775098730456336858928403525      
   144.609246323642397108354251900499178      
   142.062786983534036560645324694029359      
   139.547665286545370128235645634521391      
   137.066195658989033895106405726439077      
   134.620503251023451990618662135507005      
   132.212515611407648336165446371226233      
   129.843957519159727035256345344585734      
   127.516348563879024416211241200097357      
   125.231003552956594306278429335510780      
   122.989035302490664167408766366104695      
   120.791359464163857663660550015509424      
   118.638701512553426141433316715950042      
   116.531605069812554780332909422870729      
   114.470441609811166950600294543377762      
   112.455421067806233980396095189171028      
   110.486603151012825976384593398531008      
   108.563909065801881554360427354210202      
   106.687133429217510780817725660569302      
   104.855956313793952606219062824741642      
   103.069954386684507621819699301366790      
   101.328613216285884052292014572403318      
   99.6313375869667054102747947877805161      
   97.9774620841624175959479525931231744      
   96.3662609349068452927744566473124603      
   94.7969572037035291660593636287023946      
   93.2687313235736699442512514863224242      
   91.7807289662115320526721433501064311      
   90.3320682366771414345702989743851915      
   88.9218462211413714850220421498183834      
   87.5491448881933499920197335444835529      
   86.2130364081417508698361614688676593      
   84.9125878645608946334602911879733819      
   83.6468654564210199471356028030883105      
   82.4149381904866231948068230270921953      
   81.2158810869292747827599173415229876      
   80.0487779974406967200549371990988950      
   78.9127239893701282555972924167912118      
   77.8068274027753925465716900199740602      
   76.7302115612402845982148864718500286      
   75.6820162251204786498199504260669606      
   74.6613987442656153741845488478189117      
   73.6675350055594496020879920485387261      
   72.6996201615047295587773274061941421      
   71.7568691803555191281920164310831848      
   70.8385172340143838216480610274341424      
   69.9438199404423210971051124532131191      
   69.0720534879832609245080351969357497      
   68.2225146524146199813546779913194539      
   67.3945207146999929152271283989196372      
   66.5874093097544778839651790760208555      
   65.8005382011188864778991844194040241      
   65.0332849995908532741137410847672612      
   64.2850468352569759549228461414876761      
   63.5552399955765702621783805281627782      
   62.8432995196069929037130113060679270      
   62.1486787788506433738627025867309155      
   61.4708490336671400274555049128895223      
   60.8092990423824098998812180715903196      
   60.1635343041144166422248505022102220      
   59.5330770342330282561330523410301658      
   58.9174653743807161429803127272389146      
   58.3162529919270225454935354401156646      
   57.7290086055406275721117104447411614      
   57.1553155066369827981877257816345386      
   56.5947710935894455589918893131414164      
   56.0469864088880722461692858789274016      
   55.5115856857255663674233389583086924      
   54.9882059032315163552748128666932675      
   54.4764963480610157320306441832594328      
   53.9761181941568697355970691753001461      
   53.4867440854943514046446150530171991      
   53.0080577345458069109654836596312111      
   52.5397535294263182928724031458266792      
   52.0815361547013466603900224905044519      
   51.6331202220441436973154464388336664      
   51.1942299152917565155981928495811290      
   50.7645986434195913533346603516037417      
   50.3439687056583058891895830515978595      
   49.9320909721728393070981782122528241      
   49.5287245693076906973169918456587478      
   49.1336365801378430879394673113206730      
   48.7466017549190635717531477280671219      
   48.3674022317779176915743657433488350      
   47.9958272649291457474264279650327767      
   47.6316729683244570531128305315113607      
   47.2747420635050971976807242504644565      
   46.9248436391557853669808292066563923      
   46.5817929202640505861879169795753038      
