   92.6086828359968040427559928540725765      
   92.6086828359968040427559928540725765      
   92.6086828359968040427545579239053413      
   92.6086828359968038649758061783362478      
   92.6086828359965863462104378797755407      
   92.6086828359706044280095861191657075      
   92.6086828351654903691654944909388447      
   92.6086828245855613349089842930955152      
   92.6086827466790569328246156330430663      
   92.6086823652178595616816287243349564      
   92.6086809777033175433398348959648123      
   92.6086769379553936995453259134604134      
   92.6086670215088979057033515142909769      
   92.6086457217452116254667013589251474      
   92.6086045851573483891423362564720591      
   92.6085316799458481495372869827705765      
   92.6084112572924940662625209128729445      
   92.6082236302796819626287058651308578      
   92.6079452536105850268277665711941560      
   92.6075489781936138859000537539541071      
   92.6070044339375375593062155220369323      
   92.6062784939104054910656182350998333      
   92.6053357749387149528483140341750510      
   92.6041391345937565493241336777692696      
   92.6026501324668797900779758770451807      
   92.6008294326469788936775426175312322      
   92.5986371326901356795109144779069211      
   92.5960330133552194537957204639197297      
   92.5929767110823420591386315044274994      
   92.5894278215319230835810567791955609      
   92.5853459473360326877545742905290635      
   92.5806907069334460579091388476663914      
   92.5754217189492458416938751452925014      
   92.5694985817159148832038195363257739      
   92.5628808604077235036422639353942740      
   92.5555280945367347529722146865902690      
   92.5473998339504194975418478815004891      
   92.5384557094637083472080758295784121      
   92.5286555364430845921134560770300849      
   92.5179594597949220888000223710142130      
   92.5063281220692762474770430051136141      
   92.4937228627072857022182196856869001      
   92.4801059360049007603835116175653268      
   92.4654407418930952109264893494458773      
   92.4496920622420023253470750508065713      
   92.4328262950645958224500881382414333      
   92.4148116811707975251243820230891204      
   92.3956185139499922413679215661079867      
   92.3752193382646946331934590859650649      
   92.3535891151783331272312874584817070      
   92.3307053676018570052610137208008312      
   92.3065482959657468533043866734440164      
   92.2811008645178342108872663768831957      
   92.2543488582605363233964791699988482      
   92.2262809081540903676783351424586405      
   92.1968884878876312772305236504160989      
   92.1661658848717230891566299549075922      
   92.1341101589398165549089392882200850      
   92.1007210377431269280083222147996837      
   92.0660008332028738743215438862546958      
   92.0299543189364289970899431481783523      
   91.9925885929079096490032573197923764      
   91.9539129261470226600507802622689357      
   91.9139386062553468445061581321814906      
   91.8726787637877766130182669780453504      
   91.8301481925980794603659494093605487      
   91.7863631679196730893514317500975360      
   91.7413412626330007797408670207537497      
   91.6951011537018645233580309249821180      
   91.6476624407874691203966538892745525      
   91.5990454592016960272089407429112198      
   91.5492711014114119410427547835791669      
   91.4983606334118066456540337357322791      
   91.4463355264377079602800758767905758      
   91.3932172821683218210207458854577926      
   91.3390272796101854297659698163357676      
   91.2837866178794946857051227970257015      
   91.2275159669437842213246382091680349      
   91.1702354340332094475387804120777403      
   91.1119644280894604177692729578942600      
   91.0527215281506530828851038521329223      
   90.9925243742483549852424434910339050      
   90.9313895526974872234888425930925925      
   90.8693324928429500786718946177585867      
   90.8063673689358283591416168071208184      
   90.7425070103679660921207438363009435      
   90.6777628104639623253121826088172429      
   90.6121446413047120278156668529917661      
   90.5456608092603210256193331548854400      
   90.4783179476158600524526469348029676      
   90.4101209549077896634619608210550989      
   90.3410729273649299816832487786514491      
   90.2711751626342711214555638697721234      
   90.2004268993631536901016334485742074      
   90.1288255612886952801036139750251362      
   90.0563664482870337954076961000731632      
   89.9830427743623446268222954122972442      
   89.9088456135136177342087158181042741      
   89.8337637702210262408288315534609021      
   89.7577838482237528204548623149559260      
   89.6808900210083610497481835034544882      
   89.6030641008420977029078990273766695      
   89.5242853661891645406360922976467621      
   89.4445305558319861932218731107161112      
   89.3637737238804321137449651018059176      
   89.2819861809758681937155346178986503      
   89.1991363848327302152751913236420899      
   89.1151898377108880674430383697163386      
   89.0301089574431071664736890294590470      
   88.9438529065959046381787368067601928      
   88.8563776050650273828351836026048534      
   88.7676353822560394502499169070410910      
   88.6775748910064692515885300318970947      
   88.5861409443757792755630420867020644      
   88.4932742690106557614066515895753254      
   88.3989113015424431238810525541206376      
   88.3029839339809056371933095775096107      
   88.2054192507178215654503486305686038      
   88.1061392162732585426544254322515963      
   88.0050603696510930994730121688361816      
   87.9020934390345005886889349408797316      
   87.7971429626065065386604627390529385      
   87.6901068797824762488838268437702788      
   87.5808759970553643487844987909882004      
   87.4693335310517961817458325707968355      
   87.3553544895649694389433402147711519      
   87.2388050726278731389440283975514071      
   87.1195419690390431560429629106869393      
   86.9974116113017480893801559597405701      
   86.8722493463010645159340652488792660      
   86.7438785330032141093066842187675399      
   86.6121095639662180959784896173926633      
   86.4767387906398763814285820672776545      
   86.3375473596142604545527765606445955      
   86.1942999560304243965096683871826352      
   86.0467434505388892774708058765326621      
   85.8946053640668834233337400913155815      
   85.7375926289179588553860125333692480      
   85.5753895450202943284448435701283334      
   85.4076563583203905332106027867444213      
   85.2340274811369899587168255449062462      
   85.0541097752638005228874887627639495      
   84.8674808976939037080712994417943268      
   84.6736877856922851110478283229068644      
   84.4722453965567183191527127768331839      
   84.2626358068361194864550075814126116      
   84.0443078946070945012887269241935405      
   83.8166777613067487426754845126311082      
   83.5791302018607617262076336727624857      
   83.3310214818536705955958535553704633      
   83.0716837369192188967880924133056691      
   82.8004313516394211362946488324952432      
   82.5165695561538061431076747353351493      
   82.2194054437221050423333337389111685      
   81.9082612709751587132328146880218560      
   81.5824907218689600811231973102747727      
   81.2414953518794014818987901303572391      
   80.8847431294987465540302304334936677      
   80.5117856863613045984912043818751669      
   80.1222735081969458697043516871971717      
   79.7159672638856481265281914959003862      
   79.2927438010765500209862750756178850      
   78.8525958188658608290893988613702330      
   78.3956249608259820718565166438825570      
   77.9220288682145987771143835170439281      
   77.4320835686987418496961959454088026      
   76.9261230582205440974762587584925923      
   76.4045180688866786854458979507661939      
   75.8676560586466003487847151919348160      
   75.3159237430179200820564768972147627      
   74.7496932126522158526510591090284891      
   74.1693120826125589411860947108994263      
   73.5750973899799775515990059225099899      
   72.9673330976446733304427571239701727      
   72.3462703936004284275243264760768363      
   71.7121304662442153472351806264138907      
   71.0651087326136042420075409449432537      
   70.4053803547786429822935439345380325      
   69.7331060266965660767840875200446474      
   69.0484407346477601955119717016583343      
   68.3515374275009834823359626670091338      
   67.6425559202212849235616316898712378      
   66.9216691377290720836198612375955689      
   66.1890696776062782446614670986850441      
   65.4449761052819761348682731350249763      
   64.6896389151905251468475784940512720      
   63.9233461427605653573796022502697114      
   63.1464286192590450643279548981576465      
   62.3592647321197122185627857036438966      
   61.5622846011724754302882403206214519      
   60.7559736702963665202410133762276200      
   59.9408756121531268867917765266771981      
   59.1175943637104287828966047657880671      
   58.2867953251708807139540910981911564      
   57.4492054979613979000040619000255566      
   56.6056126248335423032544083330571140      
   55.7568631231717596323553156822198448      
   54.9038588857737646074708301646315116      
   54.0475529123838116727349754726571190      
   53.1889437179307645031923459028264033      
   52.3290687033354999811914332850208237      
   51.4689964965437094053384565650010151      
   50.6098184802830633074155802224014357      
   49.7526395952245375075743489072685048      
   48.8985688000941202852753412165895506      
   48.0487088427042664276024030592182063      
   47.2041468898374091403814842779243388      
   46.3659445186338732428596770547086786      
   45.5351286068963837488593402170995594      
   44.7126827688228244571902482244521924      
   43.8995397100809882148272463223959210      
   43.0965744983453146921158105892420269      
   42.3045989835272633457108964426322220      
   41.5243573645741235192541316857271469      
   40.7565229332389954973534108182239730      
   40.0016960190986333596548743779414410      
   39.2604030717968046807794058587164477      
   38.5330967580193314839132005210193969      
   37.8201570506346549391448575629170667      
   37.1218931788246175829352806205961058      
   36.4385462593181038754870464573807935      
   35.7702925733418391978423836318472506      
   35.1172472549817158686382640909465952      
   34.4794683930982959133532882541584465      
   33.8569613113732801556114551362790933      
   33.2496830295435637529797202717922968      
   32.6575467477799205922943421218293297      
   32.0804262637228114351891280828701208      
   31.5181604176217686116015429840795303      
   30.9705570593391440345058943888803076      
   30.4373973714899905713553604341635386      
   29.9184394383348597947225588611861832      
   29.4134218226614190897004795130775693      
   28.9220668788449332107270370774882206      
   28.4440837496787669596997770545179354      
   27.9791711024650568884501631493488001      
   27.5270196814281961729791288987244412      
   27.0873144950083218479568213570746959      
   26.6597368753247140678360852135003631      
   26.2439662273407143770623314075587924      
   25.8396816210797646651623022593521915      
   25.4465631592309373891577910497487731      
   25.0642931775351729795516593495146121      
   24.6925572623247606173436425595275530      
   24.3310451493420730260462710081495179      
   23.9794514346469791942273372613171523      
   23.6374762251092141571114199753126670      
   23.3048256174455097572416754840699115      
   22.9812121260615059171614477698434983      
   22.6663549932924678173831209530636972      
   22.3599804427355677773591571424629956      
   22.0618218474212203178051015200314360      
   21.7716198568845076259415472113256842      
   21.4891224543924825251583987461732889      
   21.2140849883517271038650532754219519      
   20.9462701504236433155776683989400025      
   20.6854479284038678154148019486180843      
   20.4313955317500431434398797761572599      
   20.1838972907073994547240863938831371      
   19.9427445373810849101588127777083607      
   19.7077354753471914439290355846917761      
   19.4786750272449607203327925209841282      
   19.2553746823587497719080888451271919      
   19.0376523309049349144795456455679024      
   18.8253320909974048785339947634551826      
   18.6182441378535050520747793308534082      
   18.4162245254635610043769955991951133      
   18.2191150269679948860422244844945711      
   18.0267628747369973609207464543658615      
   17.8390207137833053100388193011772489      
   17.6557463302698718753959564946448848      
   17.4768025092417669825605387951349166      
   17.3020568566342953256391746400362816      
   17.1313816398460807381625522968242927      
   16.9646536090102877025116002961192655      
   16.8017538584698522899559618423585787      
   16.6425676480882494305095731212103018      
   16.4869842698395369810793686575164870      
   16.3348968883027909535657879019334269      
   16.1862024016285395739598461550839924      
   16.0408013074712440874853663343544426      
   15.8985975576891177573562826748602438      
   15.7594984455656608051619288604265414      
   15.6234144620546607117852316992283977      
   15.4902591909883002538051204771880349      
   15.3599491823836567138135951087789841      
   15.2324038392251507402494672682615508      
   15.1075453270180235448430268716129096      
   14.9852984410403730760661373277204951      
   14.8655905333107143890578660937717628      
   14.7483514012196807459247594359470674      
   14.6335131932881054903156752373211172      
   14.5210103326945653606395389041112531      
   14.4107794245182481941895673918893295      
   14.3027591635543446365180988042092936      
   14.1968902762172127659116268809372631      
   14.0931154330862516138098778719392533      
   13.9913791641795186914562514398011447      
   13.8916278155500646718495692246186804      
   13.7938094666076808445732472000130460      
