 0.13548723707728E+03
 0.13548723707728E+03
 0.13548723707728E+03
 0.13548723707728E+03
 0.13548723707728E+03
 0.13548723707737E+03
 0.13548723707961E+03
 0.13548723710427E+03
 0.13548723726272E+03
 0.13548723795789E+03
 0.13548724026890E+03
 0.13548724651170E+03
 0.13548726089648E+03
 0.13548729016734E+03
 0.13548734411905E+03
 0.13548743592040E+03
 0.13548758222256E+03
 0.13548780306249E+03
 0.13548812159696E+03
 0.13548856371439E+03
 0.13548915757353E+03
 0.13548993311372E+03
 0.13549092157553E+03
 0.13549215505999E+03
 0.13549366615076E+03
 0.13549548760987E+03
 0.13549765215313E+03
 0.13550019230369E+03
 0.13550314031564E+03
 0.13550652815498E+03
 0.13551038752570E+03
 0.13551474992167E+03
 0.13551964669067E+03
 0.13552510909421E+03
 0.13553116836168E+03
 0.13553785568617E+03
 0.13554520225040E+03
 0.13555323916705E+03
 0.13556199741006E+03
 0.13557150771182E+03
 0.13558180043422E+03
 0.13559290541893E+03
 0.13560485182341E+03
 0.13561766795089E+03
 0.13563138107290E+03
 0.13564601726383E+03
 0.13566160124063E+03
 0.13567815621786E+03
 0.13569570378087E+03
 0.13571426377958E+03
 0.13573385424857E+03
 0.13575449134530E+03
 0.13577618931665E+03
 0.13579896049300E+03
 0.13582281530252E+03
 0.13584776230956E+03
 0.13587380827493E+03
 0.13590095823880E+03
 0.13592921561419E+03
 0.13595858230305E+03
 0.13598905882620E+03
 0.13602064446306E+03
 0.13605333739869E+03
 0.13608713488869E+03
 0.13612203341868E+03
 0.13615802887195E+03
 0.13619511670261E+03
 0.13623329210924E+03
 0.13627255020900E+03
 0.13631288620985E+03
 0.13635429557502E+03
 0.13639677420398E+03
 0.13644031859172E+03
 0.13648492598458E+03
 0.13653059454274E+03
 0.13657732349709E+03
 0.13662511329398E+03
 0.13667396574278E+03
 0.13672388415723E+03
 0.13677487349251E+03
 0.13682694049363E+03
 0.13688009379678E+03
 0.13693434406023E+03
 0.13698970418405E+03
 0.13704618926376E+03
 0.13710381687858E+03
 0.13716260713752E+03
 0.13722258278087E+03
 0.13728376941030E+03
 0.13734619550047E+03
 0.13740989261554E+03
 0.13747489551701E+03
 0.13754124230004E+03
 0.13760897456399E+03
 0.13767813753754E+03
 0.13774878027179E+03
 0.13782095579774E+03
 0.13789472130001E+03
 0.13797013834663E+03
 0.13804727306233E+03
 0.13812619636443E+03
 0.13820698419886E+03
 0.13828971778522E+03
 0.13837448391501E+03
 0.13846137522959E+03
 0.13855049052973E+03
 0.13864193511849E+03
 0.13873582119862E+03
 0.13883226821637E+03
 0.13893140333036E+03
 0.13903336185472E+03
 0.13913828778832E+03
 0.13924633421813E+03
 0.13935766407415E+03
 0.13947245064274E+03
 0.13959087826150E+03
 0.13971314301703E+03
 0.13983945351830E+03
 0.13997003171566E+03
 0.14010511379481E+03
 0.14024495107988E+03
 0.14038981102461E+03
 0.14053997828242E+03
 0.14069575579710E+03
 0.14085746595027E+03
 0.14102545176057E+03
 0.14120007811332E+03
 0.14138173301772E+03
 0.14157082886763E+03
 0.14176780368256E+03
 0.14197312231162E+03
 0.14218727766173E+03
 0.14241079131461E+03
 0.14264421491799E+03
 0.14288813048044E+03
 0.14314315079728E+03
 0.14340991946867E+03
 0.14368911051480E+03
 0.14398142753695E+03
 0.14428760236040E+03
 0.14460839314224E+03
 0.14494458192583E+03
 0.14529697164453E+03
 0.14566638267904E+03
 0.14605364901014E+03
 0.14645961419955E+03
 0.14688512720256E+03
 0.14733103851797E+03
 0.14779819658801E+03
 0.14828744490591E+03
 0.14879962006062E+03
 0.14933554981902E+03
 0.14989605393736E+03
 0.15048194416676E+03
 0.15109402603587E+03
 0.15173310080717E+03
 0.15239996811195E+03
 0.15309542824893E+03
 0.15382028274050E+03
 0.15457534269415E+03
 0.15536141924702E+03
 0.15617932984159E+03
 0.15702989498240E+03
 0.15791393491567E+03
 0.15883226519451E+03
 0.15978569070626E+03
 0.16077499821490E+03
 0.16180094751935E+03
 0.16286426253450E+03
 0.16396561908909E+03
 0.16510563427433E+03
 0.16628485419827E+03
 0.16750374168153E+03
 0.16876266405223E+03
 0.17006188149926E+03
 0.17140153607101E+03
 0.17278164204647E+03
 0.17420207769042E+03
 0.17566257884884E+03
 0.17716273453309E+03
 0.17870198508845E+03
 0.18027962218118E+03
 0.18189479154439E+03
 0.18354649816907E+03
 0.18523361308632E+03
 0.18695488272316E+03
 0.18870893965295E+03
 0.19049431477672E+03
 0.19230945056749E+03
 0.19415271495654E+03
 0.19602241576850E+03
 0.19791681491362E+03
 0.19983414309018E+03
 0.20177261240684E+03
 0.20373042991412E+03
 0.20570580945137E+03
 0.20769698250557E+03
 0.20970220810914E+03
 0.21171978141377E+03
 0.21374804117388E+03
 0.21578537606765E+03
 0.21783022983143E+03
 0.21988110538313E+03
 0.22193656792568E+03
 0.22399524720694E+03
 0.22605583884091E+03
 0.22811710498650E+03
 0.23017787441584E+03
 0.23223704197793E+03
 0.23429356758049E+03
 0.23634647489870E+03
 0.23839484947741E+03
 0.24043783741326E+03
 0.24247464233410E+03
 0.24450452376333E+03
 0.24652679461645E+03
 0.24854081865830E+03
 0.25054600822097E+03
 0.25254182166682E+03
 0.25452776099820E+03
 0.25650336947862E+03
 0.25846822929196E+03
 0.26042195929418E+03
 0.26236421285379E+03
 0.26429467575483E+03
 0.26621306418386E+03
 0.26811912280406E+03
 0.27001262295772E+03
 0.27189336091839E+03
 0.27376115625064E+03
 0.27561585026341E+03
 0.27745730453647E+03
 0.27928539954291E+03
 0.28110003333728E+03
 0.28290112035546E+03
 0.28468859024484E+03
 0.28646238679299E+03
 0.28822246690907E+03
 0.28996879970298E+03
 0.29170136556231E+03
 0.29342015534939E+03
 0.29512516962466E+03
 0.29681641790174E+03
 0.29849391799306E+03
 0.30015769537120E+03
 0.30180778256703E+03
 0.30344421864027E+03
 0.30506704865067E+03
 0.30667632317560E+03
 0.30827209773602E+03
 0.30985443295373E+03
 0.31142339326451E+03
 0.31297904717048E+03
 0.31452146675416E+03
 0.31605072734992E+03
 0.31756690726700E+03
 0.31907008749806E+03
 0.32056035148555E+03
 0.32203778487067E+03
 0.32350247527572E+03
 0.32495451210284E+03
 0.32639398634608E+03
 0.32782099040136E+03
 0.32923561791180E+03
 0.33063796361331E+03
 0.33202812318653E+03
 0.33340619312595E+03
 0.33477227062138E+03
 0.33612645343408E+03
 0.33746883979520E+03
 0.33879952830484E+03
 0.34011861784832E+03
 0.34142620749119E+03
 0.34272239641867E+03
 0.34400728385461E+03
 0.34528096899657E+03
 0.34654355094180E+03
 0.34779512864137E+03
 0.34903580084560E+03
 0.35026566604173E+03
 0.35148482242065E+03
 0.35269336782617E+03
 0.35389139972347E+03
 0.35507901515203E+03
 0.35625631070050E+03
 0.35742338247400E+03
 0.35858032606563E+03
 0.35972723653283E+03
 0.36086420836525E+03
 0.36199133547337E+03
 0.36310871116758E+03
 0.36421642813388E+03
 0.36531457842202E+03
 0.36640325343125E+03
 0.36748254389778E+03
 0.36855253988203E+03
 0.36961333075526E+03
 0.37066500519322E+03
 0.37170765116897E+03
 0.37274135594493E+03
