   92.6087792172520498870326289728459773      
   92.6087792172520498870326289728459773      
   92.6087792172520498870311940083557000      
   92.6087792172520497092495686583997166      
   92.6087792172518321876756930621336616      
   92.6087792172258499971587227724453093      
   92.6087792164207289451769863404195630      
   92.6087792058407222511191313293314945      
   92.6087791279337266574570557114774591      
   92.6087787464704364309654106805565695      
   92.6087773589492009973021012883677544      
   92.6087733191839970176825590805497475      
   92.6087634026996246503762796020466068      
   92.6087421028628598986116342758195722      
   92.6087009661475660425357850928015451      
   92.6086280607312331769767715879964782      
   92.6085076377663433944109667425919562      
   92.6083200103161554917604313907299465      
   92.6080416330497824563473711644188021      
   92.6076453568505504110898132428198153      
   92.6071008116022907961635215831700376      
   92.6063748703491159161255170871604878      
   92.6054321499063265984950665155464280      
   92.6042355078249206373600564705595821      
   92.6027465036932610742177655573304978      
   92.6009258016096940669974300985043304      
   92.5987334991663294316489991681937552      
   92.5961293772056370394877940989920242      
   92.5930730723330635432315560457109243      
   92.5895241805081036699326553710079565      
   92.5854423048730325086402821624779182      
   92.5807870646914574943914055313376215      
   92.5755180798711876753489125377424859      
   92.5695949506673914022804625357564287      
   92.5629772450451254910002086461504774      
   92.5556245064555049864068298600648727      
   92.5474962901660041244888130804151201      
   92.5385522342833255207026895689610146      
   92.5287521637803019098439748616361249      
   92.5180562360032377523087634587243230      
   92.5064251093257057065694548690082877      
   92.4938201430316984567482725917833602      
   92.4802036159620003321021299403064731      
   92.4655389580394610185902352681133930      
   92.4497909873756967249461437455861095      
   92.4329261453385664524709625418956678      
   92.4149127241284827003001089633667373      
   92.3957210775496144231680756300034944      
   92.3753238209381517164213308134983843      
   92.3536959970021251978537579183943181      
   92.3308152226354632611510356525166776      
   92.3066618058192193778237391762457354      
   92.2812188332153653779920318698922912      
   92.2544722284617956592126489316416620      
   92.2264107787867422226235489589683875      
   92.1970261332893874201453958999224210      
   92.1663127768582907194936026777815597      
   92.1342679852569769408426669525446135      
   92.1008917295439565312141422692513319      
   92.0661865896313309868215099179509075      
   92.0301576345897045993452245337037237      
   91.9928122871204245911837053218821958      
   91.9541601741763118499267432669110028      
   91.9142129724233849656764453747267358      
   91.8729842365658445045036004924581752      
   91.8304892217553998868388251117335134      
   91.7867447037365327151973810632746951      
   91.7417687972539072813275756635163160      
   91.6955807645979079515457485855538221      
   91.6482008364647615283845346368297521      
   91.5996500271864129480593775844232273      
   91.5499499584230595803517248346932051      
   91.4991226779390840067557760118162589      
   91.4471904936810449784714597735181869      
   91.3941758013729890961591612783399827      
   91.3401009339344004934204693130477339      
   91.2849880067665537113935399115828958      
   91.2288587710661927519174248050371032      
   91.1717344831101958384233565431133767      
   91.1136357711027688476163538367440843      
   91.0545825067852520414617087929979656      
   90.9945936990963476915422177412448460      
   90.9336873825809078387622301486384627      
   90.8718805173894909297462089344526529      
   90.8091888944566283621076706816037690      
   90.7456270493910327202339428712272804      
   90.6812081744316183065964686416423184      
   90.6159440384739635424861997845813764      
   90.5498449453912057270824356723698718      
   90.4829196315025817390772009590544995      
   90.4151752090591536982211258922844331      
   90.3466171036266080263383679605360145      
   90.2772490608242212356855375914663827      
   90.2070728981328078551809121033808495      
   90.1360887468686791359983197033924080      
   90.0642947547210759299658049880859214      
   89.9916871305655814616170284908463600      
   89.9182600973290888953752894032940819      
   89.8440057707860683414969783305833663      
   89.7689142376221711929354354584240538      
   89.6929733382372156959123928293510599      
   89.6161687395114421521399026027086141      
   89.5384837801618578044575235091925132      
   89.4598994763684272840430928235648855      
   89.3803943885102557594507813746295001      
   89.2999445788425731999332818584121417      
   89.2185235157433914625706488816876144      
   89.1361019931496423460077283626113466      
   89.0526480155313233878844194169351467      
   88.9681266940166711449063223353917389      
   88.8825001223709531591362527674081225      
   88.7957272395425978533360494012506541      
   88.7077637768739346242160491107109758      
   88.6185619404455595532335605227533372      
   88.5280703495361645757940692514649445      
   88.4362338165821410682768902576100009      
   88.3429931422078381223100217314647907      
   88.2482848912765404544442069292159604      
   88.1520411293042784748136607037639947      
   88.0541891651378317763318672319199034      
   87.9546512203029303748359693711221073      
   87.8533441285712865268985015885870135      
   87.7501789571014773746820965046591620      
   87.6450605807926487885342375919316647      
   87.5378872843117863729720672561731749      
   87.4285502429905446274259296336333068      
   87.3169330039981957884635311848549841      
   87.2029108997640739353063431557194604      
   87.0863504002430471361091923410639525      
   86.9671084141077794648055744591411479      
   86.8450315042139882774880436885667031      
   86.7199550525457228056421183972952822      
   86.5917023278442440712742362143887429      
   86.4600834717710090526235835226397072      
   86.3248943987776634521764957052428686      
   86.1859155938847653013402098417170562      
   86.0429108208491023453581734008882905      
   85.8956257231868278422632552845936574      
   85.7437863336621998676947659452268983      
   85.5870973936923763309740227528371509      
   85.4252410459731745783054993333180655      
   85.2578746115227848626332801159378074      
   85.0846291594014617842475181375245248      
   84.9051077139253884989387855769894960      
   84.7188836166865448750863375160406646      
   84.5254990741618705732126339175679757      
   84.3244640085010136728403356449485719      
   84.1152553698063867850922585450580755      
   83.8973171121299482349897106941070879      
   83.6700610795659964418375188611869264      
   83.4328690896670994001683858265851252      
   83.1850965640885244208991927192352415      
   82.9260780280482938030682083124578418      
   82.6551348465304134449956264615790697      
   82.3715854474821290032578292620533059      
   82.0747581886764393512800702802043317      
   81.7640066180359213711812404395829945      
   81.4387275507327707704474100285256173      
   81.0983791385473698298255392141284778      
   80.7425002752062572244263356891023893      
   80.3707277964187457299348849055514686      
   79.9828104112080155369924428437017674      
   79.5786174358618292251149626923007602      
   79.1581409564991399045678527907032392      
   78.7214907684882501752638850976165888      
   78.2688823599271835689420072934444805      
   77.8006191730409338220704707428517062      
   77.3170710112801179600342160450012420      
   76.8186509203406397642316599247211215      
   76.3057927880878356510476934292857180      
   75.7789314056165205171322395607382757      
   75.2384863138106577385175289077612041      
   74.6848499167470076299491450269968823      
   74.1183798982424198169530727516430328      
   73.5393955364888067327918820079992644      
   72.9481772967756754085129919954570995      
   72.3449688978762367157075668763941382      
   71.7299813406877865247786948003812867      
   71.1033980220692759424577032580388709      
   70.4653807741260461342519294915530265      
   69.8160754701602307891876996381934787      
   69.1556209876644187373241312738712521      
   68.4841519507395902098320978748709809      
   67.8018072606477324455553591762930996      
   67.1087355707713773623270779532087541      
   66.4051008373921001005264484866735664      
   65.6910877299104595106581055399597310      
   64.9669066157786235934043427649310565      
   64.2327982694740439262460165272636931      
   63.4890381363084244423478054437111408      
   62.7359402641501507139880562222905913      
   61.9738607577093530099828744411698161      
   61.2032007943656140656415592403069129      
   60.4244090369280460959564805197314707      
   59.6379835162863556381602246109918571      
   58.8444728333424068248447023231736893      
   58.0444766316430361256797157846123517      
   57.2386453025961632621673183731919550      
   56.4276788759047993345429933255840233      
   55.6122959906585471304763813303033532      
   54.7933762890292576597396190578475298      
   53.9716661963149652727686870329172184      
   53.1480648565060627640245693428975438      
   52.3234734787124389676442294696920891      
   51.4988184211773862193947500208559121      
   50.6750440097222243394856367808187194      
   49.8531061251796475151877289825170898      
   49.0339641592894194992260107605645165      
   48.2185732515825126609210168030173772      
   47.4078768383495485677396223205667072      
   46.6027989140860624636945618478200125      
   45.8042367380438725769072286855078949      
   45.0130540870649356694101593383857330      
   44.2300749614230362841333473943179625      
   43.4560781009271480797427081095506192      
   42.6917922455648305737394895889624637      
   41.9378922113655228484320999154642433      
   41.1949958660886259341866376340046355      
   40.4636620346036596383186413087864424      
   39.7443891655933171739997019618283703      
   39.0376148981833726678116192322627569      
   38.3437163378149868274817982199947921      
   37.6630110789223918057156458225200113      
   36.9957587934830523433617067902777884      
   36.3421633480391876215052883871756420      
   35.7023753706559659770863110905404106      
   35.0764951566217224959783427374275455      
   34.4645758278712988925102340171581949      
   33.8666266825778619365949797454969343      
   33.2826166452991404202536046902404218      
   32.7124778164217078465503536700583441      
   32.1561087549638465407075707484692025      
   31.6133782150919570049521865454046203      
   31.0841282512401238944618203471412502      
   30.5681774641987221079137493021188622      
   30.0653240434393261699994762615110830      
   29.5753486217579501048807120713782439      
   29.0980169555276444588241676085819094      
   28.6330824075288265386129023506352771      
   28.1802882353742501321739179041889751      
   27.7393696888246602500396472042449021      
   27.3100559147800925899517402631737332      
   26.8920716802337090528129871597222050      
   26.4851389206462017805484067916113154      
   26.0889781197172846677042544151969532      
   25.7033095344412223292988309464493820      
   25.3278542767937970596886223920592063      
   24.9623352554874346538735118675594748      
   24.6064779965509403342728579977050612      
   24.2600113512980151407589746929770227      
   23.9226680965880240967358903992975583      
   23.5941854443865232342075593686587672      
   23.2743054657442309547673875091415113      
   22.9627754366425627990077199617938273      
   22.6593481197440547622144241239276651      
   22.3637819803547555489079485930253992      
   22.0758413537171702604768780925865451      
   21.7952965610726596335946383392666866      
   21.5219239862014598273259526083355816      
   21.2555061149052183329169140793935219      
   20.9958315422993816464146203508336413      
   20.7426949544058971373974591578684949      
   20.4958970839723172185611517670112285      
   20.2552446482842257649544613924794220      
   20.0205502689522195251591107749561672      
   19.7916323776367399424282432176244702      
   19.5683151100835139553639838381368332      
   19.3504281912685146021113900698862131      
   19.1378068107828638134299693108762067      
   18.9302914950275788461754209324780346      
   18.7277279935959441494781260357858743      
   18.5299670545777652698965596383795066      
   18.3368644217498947529878012898971577      
   18.1482805985725661385601242201099081      
   17.9640807343047406645722314009882727      
   17.7841344805480663798373225991089976      
   17.6083158532919815331425223649319695      
   17.4365030933300637237614132011169282      
   17.2685785315583653897145300068924321      
   17.1044284533299153183279038899205054      
   16.9439429670326621737311856599744807      
   16.7870158756285203473428245715570093      
   16.6335445508894231124175151010342163      
   16.4834298096298240417242997903362428      
   16.3365757950841062570750360516596308      
   16.1928898596928071706053315223604177      
   16.0522824530131564219520351685500899      
   15.9146670114105249064312216376324970      
   15.7799598520640703252357824047439237      
   15.6480800701942119980772664148447299      
   15.5189494393769965711497205853431861      
   15.3924923155326081282128828528239284      
   15.2686355433751644964066016479474610      
   15.1473083676808001749606155308194715      
   15.0284423456501326354930655750519884      
   14.9119712637292067311430860057781006      
   14.7978310571073308805692010098276925      
   14.6859597320251596534332530094922634      
   14.5762972907722712144233086300650274      
   14.4687856596915989273125159838306595      
