   503.353983595366473674394243594379533      
   503.353983595366473674394243594379533      
   503.353983595366473673271516425147768      
   503.353983595366369793408749357133350      
   503.353983595264853940454767898678623      
   503.353983585190643146242959322700767      
   503.353983319046950696591273120487517      
   503.353980281542872744856609391887417      
   503.353960572508662755580903601853389      
   503.353874527613739350836718215821453      
   503.353592707148076591691617384782436      
   503.352847687549384055026123521427127      
   503.351175282679030489680496626121966      
   503.347870051838639577073143638528490      
   503.341965039413120284248202598739792      
   503.332238566128067707806394206436402      
   503.317244876517060771658332609321031      
   503.295362075881048922469191263588896      
   503.264849500526571715765480301950777      
   503.223907881619563377305415706274346      
   503.170736645252185516848107301796903      
   503.103584855840791324191423317507660      
   503.020793786436328518140645989696679      
   502.920830418117734319916212326447064      
   502.802312074638241809442883732813737      
   502.664022976042038216784142493782726      
   502.504923790623688831538187185446507      
   502.324155363257561319649902646680989      
   502.121037763896801841018943797332908      
   501.895065689513709761173204352580512      
   501.645901106668259896241162736266426      
   501.373363868742248249987833698182878      
   501.077420897230088277561421808099923      
   500.758174408707365547953043307557708      
   500.415849528545566533123304779225839      
   500.050781609035967532859624848504142      
   499.663403468542910950587977388889697      
   499.254232737532907427572704544017853      
   498.823859498768863926749909235498450      
   498.372934159203380958861214358924663      
   497.902156118826440069378107428092979      
   497.412262748599118178731517839092969      
   496.904019138513029719589935872263713      
   496.378208557314530732489688256328944      
   495.835623678140852460228663751253296      
   495.277058583187709891619800289952241      
   494.703301645026562865993389166495545      
   494.115128992933399980693516043497949      
   493.513299180496822772243117670336042      
   492.898548344782502287735243193497512      
   492.271586201258697143365720593269909      
   491.633092786336515305679038760579874      
   490.983715884748624019801077715433502      
   490.324069135846739769716405840298425      
   489.654730598418770369287070402940014      
   488.976241863633217483935250436609265      
   488.289107928728143807124166561933938      
   487.593797326400566148231567606409445      
   486.890742253731602600185585247004545      
   486.180339586233630846911089696619278      
   485.462951906444078155766208191146748      
   484.738908638016690484629538763883761      
   484.008507474651603192917197882919711      
   483.272016150518240100187453254611050      
   482.529673982765960539482638282253202      
   481.781693534115319163889924353808728      
   481.028262405364148080319297913717742      
   480.269545117149934750465963014598273      
   479.505684414623282687386000659218737      
   478.736803402912972425748383063667583      
   477.963007030570882809051312624582606      
   477.184383761244506110549010414431581      
   476.401006868005806239127044416003321      
   475.612936087546499596560537598421019      
   474.820218420697719476362181423689385      
   474.022889856043059590522529764596356      
   473.220976262881613374465269753372121      
   472.414494286148731766446927679292826      
   471.603452505097376960908465947106396      
   470.787852094634009391599972186027379      
   469.967687164628869059520266540484674      
   469.142945846637017924758612854352452      
   468.313610547231793690178139083039077      
   467.479658402065759438232481220455245      
   466.641061589787315711156120203353131      
   465.797787652150918464606347414506400      
   464.949799375649591172684562050700013      
   464.097054926216840342439997144664536      
   463.239508708975070574856224056923259      
   462.377110329816715405683822561529037      
   461.509804616634089760237416228697222      
   460.637531571899983869429698655681641      
   459.760227456774158837772610922894571      
   458.877821212394477173663518944676351      
   457.990238857866331469304602027682320      
   457.097399024107352547947420255521924      
   456.199214740639989656079614858449292      
   455.295592890871148067956777618831332      
   454.386432607780649382054527919378007      
   453.471626565290669819038805718266055      
   452.551058955639484901683456548580910      
   451.624605692404981023198510368619328      
   450.692133766788512561946510138205495      
   449.753500702457755454779074933151842      
   448.808553540807212702234745740870357      
   447.857128763147019490883372764284543      
   446.899051126124625239242036341524129      
   445.934133140836360175967875664968359      
   444.962174153334568560792218389358918      
   443.982959749736297227551985092977653      
   442.996260467600995809322406217377420      
   442.001830964926249987722159969967170      
   440.999410094108597464082035159498410      
   439.988718116923587179951319811513845      
   438.969456368279913149333474483666902      
   437.941306325635258313551055257579196      
   436.903928068406400193438847181355314      
   435.856958621375712777299251566210284      
   434.800011034336297946788514293548421      
   433.732672249513235424489124800818270      
   432.654501558344633011646022846249657      
   431.565029052199622406770549143002586      
   430.463753210387107476745789538245939      
   429.350138631199290926037213772771516      
   428.223614246095707018743330589837847      
   427.083570301826278197919142445660955      
   425.929355867082132647665808424140444      
   424.760275790277561066076401487914050      
   423.575587531101263543871113305490648      
   422.374497774535629904865187722726124      
   421.156158462426994001056879999722267      
   419.919663234752218303894206663340712      
   418.664042914046154207769406296759406      
   417.388261006516794608332573576419301      
   416.091208966304356787197112649997612      
   414.771701026345821906485738021028261      
   413.428468883041668390793308247111182      
   412.060156432080394230765433430723623      
   410.665314098290792161515809284596784      
   409.242392581453039097040236554326189      
   407.789740701205025491869898108336449      
   406.305596123055874494773296038974783      
   404.788084141290943769675187092129888      
   403.235214357940146831395836739405579      
   401.644879477600594822573054456233028      
   400.014856753701076145187141002963864      
   398.342812732976396051824311490265419      
   396.626312428001313870267058161420282      
   394.862834184273531058214390870354080      
   393.049791745995007566046894377541393      
   391.184565140586470192455635510763296      
   389.264542090870316866748115587527608      
   387.287171508262312071869943291748385      
   385.250030216584813296480536299932582      
   383.150903438782998839614694563057057      
   380.987878083727293717402633239321741      
   378.759445365147079424255703726630100      
   376.464614014483150277580240197575478      
   374.103012117030657799894198846991118      
   371.674987876075150601582369536283825      
   369.181683047026691902758029707493067      
   366.625075287763389993468871094960673      
   364.007978680293138476777310239226834      
   361.333997734030699617786308648704704      
   358.607435694268856981621330209793817      
   355.833164433586698304924512645192173      
   353.016468096128458093942184145834450      
   350.162875808479174746481049945761860      
   347.277999778835083458958109677784460      
   344.367392587803145871432846801800898      
   341.436432270649023790449249524473116      
   338.490240013463414175253697705149462      
   335.533632404072886256525316279801462      
   332.571101500832575003094362427281710      
   329.606820594843659080292546239473227      
   326.644668370207355404533680669982446      
   323.688264855457199568198885053726472      
   320.741014952851304878615347572930055      
   317.806154881524822976159855973421657      
   314.886799609529999261839737567980790      
   311.985980900489946174080553974416961      
   309.106706748532169581499481627854087      
   306.251970256099021146990240200258633      
   303.424797242915191773991958330440541      
   300.628267805694114796625154056470197      
   297.865535269226377901891741061686933      
   295.139840952659359418393499160838991      
   292.454522854834082340863213204221305      
   289.813019979544969724351351091413026      
   287.218870796717587472011218444953908      
   284.675707679806564565880587139000948      
   282.187246554133676472627360907632666      
   279.757271589044124321067590356135303      
   277.389616461179448969478302434303320      
   275.088141405535866773814355421857992      
   272.856706880146130232580028994453165      
   270.699144075991283991722473798753549      
   268.619222918856792923072031383056600      
   266.620618162026386809326168898421414      
   264.706735159799091912342444598868035      
   262.881368611696972345291262162244611      
   261.147277343960466781123073489050891      
   259.507539028801691964027390733500357      
   257.964822200930456092864567956276810      
   256.521494933269317605389291545257993      
   255.179596306222182290101790972083277      
   253.940815642948073927790859028400114      
   252.806472437345359309638955482392234      
   251.777501997731640670796528178244272      
   250.854448992262990888602295314187069      
   250.037463943920332538621029626675241      
   249.326305735406667233449188389960826      
   248.720350090347289832584910448327937      
   248.218602390680708783221821442461333      
   247.819715200674126353922719468063555      
   247.522009802671814152972590768917657      
   247.323500831458008904569673621645130      
   247.221923694660266239652366229298942      
   247.214763855965012736081971147856838      
   247.299287285661060722756502225754917      
   247.472571515381862903881732572349278      
   247.731536605877003759654212392906617      
   248.072975533596430372079378162978324      
   248.493583495583239546574728822973585      
   248.989985769305462689176087237052569      
   249.558763793416843023610300536187529      
   250.196479284970464786686608470373965      
   250.899696192944150095909343254212270      
   251.665000447222162772079098336599028      
   252.489017449869589155425819096130706      
   253.368427278581300917338373230257374      
   254.299978120116963410225414649980157      
   255.280496850227890229275127480143953      
   256.306898510940064534478678632595881      
   257.376193566257928217011857804388582      
   258.485493613495138757139090774208030      
   259.632015607050255403160202553515309      
   260.813084761794418249995458721847743      
   262.026136275642995257087601325999275      
   263.268716036107682106363955066211033      
   264.538480426564572244731392546785611      
   265.833195387335072682307350436725685      
   267.150734830205334909290205631981821      
   268.489078523142712838250791496900914      
   269.846309555361893721532556524897268      
   271.220611447480994092049158214729089      
   272.610264987292460856389587852455981      
   274.013644885307163760391345647998289      
   275.429216278354156706398181865308286      
   276.855531138115413045285858664347638      
   278.291224648870946507648621855349515      
   279.735011562249679103057376564767954      
   281.185682575295974440990557919904593      
   282.642100764972313315187466717367199      
   284.103198067422440427938641578704964      
   285.567971867888043934420700125156654      
   287.035481660913872993171235906845283      
   288.504845834553469509123325823054201      
   289.975238557025866865322023796304740      
   291.445886785138076781312441193924697      
   292.916067397507768031931211976486034      
   294.385104439388510905707397152204643      
   295.852366504516841017425143971158626      
   297.317264226335301211032122379133736      
   298.779247895532098253931808367733843      
   300.237805195590148655246246637053371      
   301.692459050635123365241730098164915      
   303.142765581016774729359851341191327      
   304.588312177466434971396402904543746      
   306.028715664121491005246037928016335      
   307.463620420942406965943561876747413      
   308.892697370618705526705095998135483      
   310.315641468850240057229261814434056      
   311.732170917757353437160547415242776      
   313.142025599902068245705407643163347      
   314.544965801483078137985498988873287      
   315.940770976878834588274667098223872      
   317.329238604828317142323497288896960      
   318.710183091728241847578621383994675      
   320.083434758425461177331180986295288      
   321.448838876485619235432186162695799      
   322.806254758049388382858005027420402      
   324.155554900847866697165050096459765      
   325.496624193512944752119172375533948      
   326.829359150351724277021609783664379      
   328.153667208729250411041639210138295      
   329.469466050470549338620947498692098      
   330.776682979946231907000735753207435      
   332.075254328415629377897220733365470      
   333.365124895934327517751918665237885      
   334.646247428307696982708890675177056      
   335.918582121014824307139197828946602      
   337.182096161182793174825405428653350      
   338.436763279710709601317334338667869      
   339.682563350258992279264878957850938      
   340.919481998430014255663017047946739      
   342.147510236358529049546548226307659      
   343.366644120946909799818275913862502      
   344.576884431902956971772520870617658      
   345.778236367868437923616087903431494      
