 0.36026483326913E-09
 0.36026483326775E-09
 0.36026483326582E-09
 0.36026566311176E-09
 0.36136349793641E-09
 0.40493478235702E-09
 0.42558631665852E-09
 0.33343799241259E-09
 0.28145119312339E-09
 0.57568286673417E-09
 0.40386567052835E-09
 0.37209695879481E-09
 0.47930170868285E-09
 0.26857267583830E-09
 0.45739583354694E-09
 0.19773843310814E-09
 0.46609432174071E-09
 0.43151604577684E-09
 0.29466570526855E-09
 0.38499421396213E-09
 0.29411774605029E-09
 0.40290766326413E-09
 0.41988611576767E-09
 0.26898627624707E-09
 0.32117083654447E-09
 0.31688608897943E-09
 0.36116887605116E-09
 0.34635276725052E-09
 0.59824131288795E-09
 0.75477920037646E-09
 0.86116131688992E-09
 0.12339025921530E-08
 0.19402174050846E-08
 0.33044485377315E-08
 0.50625597237317E-08
 0.78214022472571E-08
 0.12150878860414E-07
 0.18864152253533E-07
 0.28378517082497E-07
 0.41902108344209E-07
 0.60997016849639E-07
 0.87583843970905E-07
 0.12376416585376E-06
 0.17251068952417E-06
 0.23755960732892E-06
 0.37710952401014E-06
 0.34309177323188E-06
 0.72324928786381E-06
 0.62362247628208E-06
 0.10794296035239E-05
 0.13056410505188E-05
 0.16181257310202E-05
 0.20487682069249E-05
 0.25734021292533E-05
 0.32074125898019E-05
 0.39691569897405E-05
 0.48784771672594E-05
 0.59568070201715E-05
 0.72287651839448E-05
 0.87211284879164E-05
 0.10462758829601E-04
 0.12485749623856E-04
 0.14824396954982E-04
 0.17516641325117E-04
 0.20602561125684E-04
 0.24125889688942E-04
 0.28133479146772E-04
 0.32675612840109E-04
 0.37805834542280E-04
 0.43581157806142E-04
 0.50062615526982E-04
 0.57314773469454E-04
 0.65405960996775E-04
 0.74408898110343E-04
 0.84399464960364E-04
 0.95458227592973E-04
 0.10767014837604E-03
 0.12112436840277E-03
 0.13590629834834E-03
 0.15213820115603E-03
 0.16992304133158E-03
 0.18926859235191E-03
 0.21043038083263E-03
 0.23349165118345E-03
 0.25850708854459E-03
 0.28553588481890E-03
 0.31504142111773E-03
 0.34682348043124E-03
 0.38116981311745E-03
 0.41812792969373E-03
 0.45795152533988E-03
 0.50076584320441E-03
 0.54673664930266E-03
 0.59600630745489E-03
 0.64882921191887E-03
 0.70532012692271E-03
 0.76568448693976E-03
 0.83012209129773E-03
 0.89883461535436E-03
 0.97152699660953E-03
 0.10499290035909E-02
 0.11327585696424E-02
 0.12211672721415E-02
 0.13153427825399E-02
 0.14154683161843E-02
 0.15214408859134E-02
 0.16291574593036E-02
 0.17480067310586E-02
 0.18709218265610E-02
 0.20094168031363E-02
 0.21406668979294E-02
 0.22867559135494E-02
 0.24407634655575E-02
 0.25942620225929E-02
 0.27743814310885E-02
 0.29567829912845E-02
 0.31421464279636E-02
 0.33448392666770E-02
 0.35487370980911E-02
 0.37658464343267E-02
 0.39755493982048E-02
 0.42376670055944E-02
 0.44838713634078E-02
 0.47536067494919E-02
 0.50240643523882E-02
 0.53202168184910E-02
 0.56111727747164E-02
 0.59285965296810E-02
 0.62425467217301E-02
 0.65638294525437E-02
 0.69084140690199E-02
 0.72850908767889E-02
 0.76332473852228E-02
 0.80455705691885E-02
 0.84258825238551E-02
 0.88184195554962E-02
 0.92302187012517E-02
 0.96430905726093E-02
 0.10057989436549E-01
 0.10477285683976E-01
 0.10867720375263E-01
 0.11277898566942E-01
 0.11662064567939E-01
 0.12009542978414E-01
 0.12338208382924E-01
 0.12632273160203E-01
 0.12867164499029E-01
 0.13040064425522E-01
 0.13158297187251E-01
 0.13138374764890E-01
 0.13089276278511E-01
 0.12920782552559E-01
 0.12597553456190E-01
 0.12164505633245E-01
 0.11631832845173E-01
 0.10982151213533E-01
 0.10233494563194E-01
 0.94078224844982E-02
 0.85526277396783E-02
 0.76765471980720E-02
 0.68480221527111E-02
 0.60406029833124E-02
 0.53407596076514E-02
 0.47296524325153E-02
 0.42857103391429E-02
 0.39807402748229E-02
 0.38183436725193E-02
 0.37348770665119E-02
 0.38228149644970E-02
 0.40006510477878E-02
 0.43066796681358E-02
 0.46547185345630E-02
 0.50142866038527E-02
 0.55614065874081E-02
 0.57957805558787E-02
 0.64368147778030E-02
 0.68229727805938E-02
 0.75015860369658E-02
 0.79835656709788E-02
 0.83700815316894E-02
 0.87895968912089E-02
 0.93021025118773E-02
 0.96771136255949E-02
 0.99750986713965E-02
 0.10344830465751E-01
 0.10572907300579E-01
 0.10774985869590E-01
 0.10940961024013E-01
 0.11098769820408E-01
 0.11175992136308E-01
 0.11216954525447E-01
 0.11205910108828E-01
 0.11159406885756E-01
 0.11073613113964E-01
 0.10933669693153E-01
 0.10782168122966E-01
 0.10581964804443E-01
 0.10371260678514E-01
 0.10127359719045E-01
 0.98485575575066E-02
 0.95871125046276E-02
 0.92791421460809E-02
 0.90119979797563E-02
 0.87162089770896E-02
 0.84358953698340E-02
 0.81771818171138E-02
 0.79096183853536E-02
 0.76991829650350E-02
 0.74369490294903E-02
 0.72555026618409E-02
 0.70812630542186E-02
 0.69217061348548E-02
 0.68019828933811E-02
 0.66979944020308E-02
 0.66403939812411E-02
 0.65503567865639E-02
 0.65472818574569E-02
 0.65072739916571E-02
 0.65135233430391E-02
 0.65357871582358E-02
 0.65871902464845E-02
 0.66105929777846E-02
 0.66623099517555E-02
 0.67696061861420E-02
 0.68245481743284E-02
 0.68673869569652E-02
 0.69946547978375E-02
 0.70505360564658E-02
 0.72026405523738E-02
 0.72567024858032E-02
 0.73715075537979E-02
 0.74558927002716E-02
 0.75436028823193E-02
 0.76630074569556E-02
 0.77088589738831E-02
 0.78336093872209E-02
 0.78707904491844E-02
 0.80197227823304E-02
 0.80210106735734E-02
 0.81573134671757E-02
 0.81559177271228E-02
 0.82862622385809E-02
 0.83180231383568E-02
 0.84044861992711E-02
 0.84152610421537E-02
 0.85185591116239E-02
 0.85172861227918E-02
 0.86102392560930E-02
 0.86240241476971E-02
 0.86864103921790E-02
 0.86876656614690E-02
 0.87422906317629E-02
 0.87677253677904E-02
 0.87945457616087E-02
 0.88307149383345E-02
 0.88452797074249E-02
 0.88686448344471E-02
 0.88970363893224E-02
 0.89010356440273E-02
 0.89273873832960E-02
 0.89422097505476E-02
 0.89347202984185E-02
 0.89661111981042E-02
 0.89806853973261E-02
 0.90193486947762E-02
 0.89396669468684E-02
 0.89851582610360E-02
 0.89674349107594E-02
 0.90376957218635E-02
 0.90459029177208E-02
 0.89650856009557E-02
 0.90517008113612E-02
 0.89755506871924E-02
 0.89935388983712E-02
 0.89536082182352E-02
 0.90030842839400E-02
 0.89724748740204E-02
 0.89756412317036E-02
 0.90435985542879E-02
 0.90054668387617E-02
 0.89699675779153E-02
 0.90186612031066E-02
 0.89780732951488E-02
 0.89263042093228E-02
 0.89793583802661E-02
 0.89282206484829E-02
 0.90672312607941E-02
 0.88355613825104E-02
 0.90517683748671E-02
 0.89173709982184E-02
 0.88532099731795E-02
 0.89582981224896E-02
 0.90135320899677E-02
 0.87664295668927E-02
 0.89008405154707E-02
 0.89524153828904E-02
 0.87781282777718E-02
 0.88255974925710E-02
 0.87274727897181E-02
 0.88731408901755E-02
