 0.88891645661208E-10
 0.17778329132169E-09
 0.26667493698100E-09
 0.35556746114470E-09
 0.43803193152066E-09
 0.61398657078934E-09
 0.84453784698675E-09
 0.63047426460200E-09
 0.94720883268867E-09
 0.13011571116213E-08
 0.14230820261431E-08
 0.13017372478582E-08
 0.13704240576146E-08
 0.17286453435764E-08
 0.13598239205469E-08
 0.19204453125380E-08
 0.18058338061141E-08
 0.15547112786295E-08
 0.28712387437404E-08
 0.21417913259998E-08
 0.14438626429399E-08
 0.29253989216559E-08
 0.28403604025258E-08
 0.20124152062000E-08
 0.28424477901987E-08
 0.25087226194549E-08
 0.31254921557595E-08
 0.34852101148343E-08
 0.30693762423173E-08
 0.27905608602198E-08
 0.33365073923427E-08
 0.47193362723607E-08
 0.35939934450436E-08
 0.45208325866136E-08
 0.77005927041545E-08
 0.79367699068131E-08
 0.12093193154288E-07
 0.13801844576304E-07
 0.19523440017769E-07
 0.27996231811688E-07
 0.45206916344392E-07
 0.62709085108587E-07
 0.87677560953608E-07
 0.12133372083863E-06
 0.16790465067297E-06
 0.11316049932716E-05
 0.59272210141316E-06
 0.10628174150166E-05
 0.88452135844568E-06
-0.25619794540833E-06
 0.68844325866784E-06
 0.12259171735948E-05
 0.15676641673951E-05
 0.19895777630714E-05
 0.25031812564866E-05
 0.31273693071433E-05
 0.38803926580711E-05
 0.47831274273434E-05
 0.58567927888220E-05
 0.71266208349566E-05
 0.86207599416081E-05
 0.10376520253260E-04
 0.12423443094577E-04
 0.14797324384313E-04
 0.17548891595858E-04
 0.20715292817875E-04
 0.24351369277914E-04
 0.28510300168950E-04
 0.33249889475761E-04
 0.38634715110793E-04
 0.44736358724957E-04
 0.51631226762518E-04
 0.59395420043949E-04
 0.68112177938546E-04
 0.77885676825375E-04
 0.88807270617464E-04
 0.10098665522290E-03
 0.11454134378922E-03
 0.12947934075061E-03
 0.14637863038661E-03
 0.16477287743909E-03
 0.18436427475364E-03
 0.20887195554765E-03
 0.23117071413577E-03
 0.25929876278405E-03
 0.28828229612469E-03
 0.32154500503804E-03
 0.35709963814094E-03
 0.39547177132320E-03
 0.43821336515758E-03
 0.48426598853278E-03
 0.53433235501539E-03
 0.58869125044872E-03
 0.64704267290701E-03
 0.71149189606877E-03
 0.78060602040196E-03
 0.85529048332431E-03
 0.93594645084702E-03
 0.10229162297535E-02
 0.11084299131613E-02
 0.12175356956289E-02
 0.13261144133382E-02
 0.14484574891820E-02
 0.16244926214595E-02
 0.15743399486121E-02
 0.18292921211984E-02
 0.20003978129228E-02
 0.22510262559968E-02
 0.23415917058504E-02
 0.26097093882081E-02
 0.27309113502749E-02
 0.29457431929029E-02
 0.31743842704791E-02
 0.36281713222242E-02
 0.38000864621946E-02
 0.40269547537409E-02
 0.42459117815342E-02
 0.46673589733144E-02
 0.48863710531988E-02
 0.52577934037716E-02
 0.51391058497648E-02
 0.60746434688973E-02
 0.62556249718780E-02
 0.68688110952577E-02
 0.71994038390895E-02
 0.79777008306063E-02
 0.80646746166204E-02
 0.85742557008479E-02
 0.96285333928455E-02
 0.10084550169053E-01
 0.10642725506880E-01
 0.11190731140097E-01
 0.11561503317357E-01
 0.12233044331513E-01
 0.13586090493188E-01
 0.14173873759901E-01
 0.14526355600110E-01
 0.15297757939401E-01
 0.16558523785869E-01
 0.17293466268505E-01
 0.17302632377893E-01
 0.18810629373237E-01
 0.19501616022410E-01
 0.19827970599886E-01
 0.20495064741163E-01
 0.21175190213948E-01
 0.21585444743385E-01
 0.21792099762663E-01
 0.22505689575239E-01
 0.22572615203228E-01
 0.20954430039563E-01
 0.22193495352075E-01
 0.21331070342618E-01
 0.20832313741719E-01
 0.20424914418444E-01
 0.19661255657926E-01
 0.19561947476051E-01
 0.18931351447280E-01
 0.18537009895837E-01
 0.17678140129774E-01
 0.18870926691615E-01
 0.17934603665656E-01
 0.17362109393430E-01
 0.17384189160615E-01
 0.18115996161829E-01
 0.18975040011875E-01
 0.19178282298239E-01
 0.20730049477786E-01
 0.17852895216473E-01
 0.20303501583583E-01
 0.18971977388977E-01
 0.17775847174028E-01
 0.15883776014313E-01
 0.14218222470095E-01
 0.24562883282016E-01
 0.16045288757444E-01
 0.22960010864421E-01
 0.23232596730804E-01
 0.19537371043765E-01
 0.14869682577253E-01
 0.18906194825107E-01
 0.16031748014432E-01
 0.18405685862172E-01
 0.15334655217881E-01
 0.16152308187088E-01
 0.15455161017774E-01
 0.15189616416661E-01
 0.14607677549429E-01
 0.13796855912647E-01
 0.13176711923225E-01
 0.12240243930574E-01
 0.10662337537645E-01
 0.93202929963305E-02
 0.85135166986726E-02
 0.64934655641194E-02
 0.58100548632799E-02
 0.50131862987685E-02
 0.41433255936828E-02
 0.23667980868580E-02
 0.87984205573791E-03
 0.79415261425190E-03
-0.30822404325126E-03
-0.22191745445319E-02
-0.34302766355457E-02
-0.35631947882040E-02
-0.43500477660783E-02
-0.54337529250636E-02
-0.49174180458692E-02
-0.60553556899535E-02
-0.60145312190842E-02
-0.69236501484779E-02
-0.72346306517853E-02
-0.74851449662030E-02
-0.76629054567927E-02
-0.75587707166616E-02
-0.75305887062845E-02
-0.78201580752775E-02
-0.77684968070578E-02
-0.72723231949460E-02
-0.74351703050254E-02
-0.65436896749495E-02
-0.70235880518144E-02
-0.69979262868521E-02
-0.62206064451972E-02
-0.55965013210333E-02
-0.55759478468285E-02
-0.51801842120044E-02
-0.45031558743900E-02
-0.46841676197690E-02
-0.71610816877421E-02
-0.29900938387501E-02
-0.57497369888428E-02
-0.35875790381758E-02
-0.52792511486705E-02
-0.35083996692477E-02
-0.42050673248411E-02
-0.34826295763345E-02
-0.35937710415803E-02
-0.38943895208615E-02
-0.38075226953298E-02
-0.29127589616768E-02
-0.30086923290017E-02
-0.25967281927808E-02
-0.29210456312398E-02
-0.13874102372795E-02
-0.37009523192240E-02
-0.20096469563830E-02
-0.35103271184787E-02
-0.11159986738972E-02
-0.31517134664657E-02
-0.10650356025284E-02
-0.34907299316841E-02
-0.17326276266039E-02
-0.16276476002197E-02
-0.11833849946842E-02
-0.14005313918791E-02
-0.18159687517647E-02
-0.12996696830503E-02
-0.20152320126141E-02
-0.12721198024667E-02
-0.22843668656590E-02
 0.11037440401894E-03
 0.32528070990146E-03
-0.90040350796939E-03
 0.10234358218796E-02
 0.71455484641054E-03
 0.84664927335359E-03
 0.96324379968447E-03
-0.15474965083593E-02
 0.30787546707021E-02
-0.31634137125335E-02
 0.48439439885298E-02
-0.22876047624192E-02
 0.25442638499567E-02
-0.12299600411556E-03
 0.64517835439257E-02
-0.36171585100108E-02
 0.14187581669558E-02
-0.16141891258758E-02
 0.29697156022150E-02
-0.50081545901342E-02
-0.12655775124303E-02
-0.63904271888863E-03
-0.16357377919633E-02
 0.85123455923640E-03
-0.31648209765439E-02
 0.95072477061969E-03
-0.48090251802363E-02
 0.92218719741791E-02
 0.28505823152476E-02
 0.11661942017372E-02
 0.18428923876694E-03
 0.83196613550406E-02
-0.49662757888213E-04
 0.12741917562664E-02
 0.38649431674457E-03
 0.34604199570587E-02
 0.10715453824647E-01
 0.42690281221802E-02
 0.71021980729101E-02
