-0.79632576343968E-11
-0.31853030537462E-10
-0.71669318708896E-10
-0.12741242348018E-09
-0.19970479028869E-09
-0.32479792990764E-09
-0.45685922877952E-09
-0.50989927890939E-09
-0.57993910858511E-09
-0.12175128541680E-08
-0.10377607256485E-08
-0.12568274418798E-08
-0.17118998598383E-08
-0.12809104320188E-08
-0.22638383347845E-08
-0.13571174655034E-08
-0.29906940962015E-08
-0.30732732096168E-08
-0.23915747222042E-08
-0.33611082908982E-08
-0.30202155005876E-08
-0.44722107856247E-08
-0.46343989792544E-08
-0.39554112021793E-08
-0.45563911338437E-08
-0.49681720791106E-08
-0.55232584314945E-08
-0.54506631880129E-08
-0.79694842422874E-08
-0.97191481150669E-08
-0.73880232858643E-08
-0.70693081968069E-08
-0.69033832175856E-08
-0.11376277132971E-07
-0.93902531556902E-08
-0.63522708781680E-08
-0.44997529078261E-08
-0.63610559260346E-08
-0.41018918181799E-08
 0.44375155897700E-08
 0.15700633276353E-07
 0.28395383695522E-07
 0.51001169116601E-07
 0.81843298332453E-07
 0.11656774317511E-06
-0.19723627512732E-05
 0.42421506449237E-05
-0.47777208945863E-05
 0.53879943327533E-05
-0.34999018175116E-05
-0.17821115188357E-05
 0.10457800401582E-05
 0.13507007946917E-05
 0.17190458199716E-05
 0.21918979523492E-05
 0.27507809998468E-05
 0.34117957343666E-05
 0.42254324850538E-05
 0.51909808313278E-05
 0.63233984930864E-05
 0.76625886867094E-05
 0.92203440158542E-05
 0.11053423442337E-04
 0.13154751508123E-04
 0.15591246591997E-04
 0.18394567549357E-04
 0.21596888478980E-04
 0.25243084732791E-04
 0.29385016965821E-04
 0.34077196584649E-04
 0.39367597317600E-04
 0.45308734198731E-04
 0.51973004038740E-04
 0.59393146441754E-04
 0.67682597458503E-04
 0.76921436206235E-04
 0.87139979891263E-04
 0.98427856195837E-04
 0.11198256754429E-03
 0.12478291551695E-03
 0.13696683679934E-03
 0.15933120777338E-03
 0.17575598341029E-03
 0.19541726611083E-03
 0.21532320448530E-03
 0.24977989589101E-03
 0.26394707699287E-03
 0.29138887989661E-03
 0.31770296250015E-03
 0.35311587267347E-03
 0.38766892600610E-03
 0.42488544753347E-03
 0.46488377771278E-03
 0.51183645038431E-03
 0.55391935576351E-03
 0.60326559868854E-03
 0.65604984452844E-03
 0.71231894691272E-03
 0.77244749926625E-03
 0.90826910233435E-03
 0.90455253704426E-03
 0.97730254504839E-03
 0.94622375303609E-03
 0.99186515330280E-03
 0.55621306924650E-03
 0.43823696486632E-03
 0.14115612952072E-02
 0.13769426767033E-02
 0.16173906864543E-02
-0.12366642439471E-03
 0.18462584350846E-02
 0.19730320011670E-02
 0.21021371827244E-02
 0.41434143791161E-02
 0.26003299890227E-02
 0.14779302462086E-02
 0.26806092038668E-02
 0.15364462463590E-02
 0.29906928101055E-02
 0.34706342997727E-02
 0.80568146269240E-02
 0.28015694683673E-02
 0.45751314927111E-02
 0.21692379873212E-02
 0.37239236515638E-02
 0.12967138783475E-02
 0.29149618992649E-02
 0.12923122881050E-02
 0.40754043282207E-02
 0.84277478061508E-02
 0.89713774822645E-02
 0.45343182462534E-02
 0.10764639984383E-01
 0.15110140957576E-02
 0.48814040588100E-02
 0.70634142107579E-02
 0.52323411512752E-02
 0.44843675439537E-02
 0.47843142947943E-02
 0.23828736876431E-02
 0.78103015116371E-02
 0.32001321297834E-02
 0.22055347457882E-02
 0.53470022456501E-02
 0.43152882211849E-02
 0.75014281609204E-03
 0.63928437416962E-03
 0.10390087014834E-02
-0.86948885092319E-02
 0.74193167606087E-02
-0.78144847587477E-02
-0.18853680676426E-01
-0.10798155039424E-01
-0.74970152156924E-02
-0.10862662405816E-01
-0.14090902587080E-01
-0.86643861299686E-02
-0.16614150516689E-02
-0.33914280275456E-02
 0.36794578296939E-02
-0.44989986181489E-02
 0.80891680408440E-02
 0.10914183321841E-01
 0.25185046185576E-01
 0.19713889468160E-01
 0.14720549487556E-01
 0.62359130288078E-02
 0.23919324796503E-01
 0.86281116839996E-02
 0.10183646074965E-01
-0.89463610880005E-02
 0.20119347103747E-03
 0.32172722115901E-01
-0.37150827617787E-01
 0.10339907510218E+00
 0.28313096786307E-01
 0.10025629871518E+00
-0.34925791168820E-02
 0.44536407528514E-02
 0.37323075529176E-01
 0.47776870797828E-01
 0.38467231105711E-02
 0.10255523722893E-01
 0.29221635385994E-01
-0.92778340939524E-02
 0.97658193424797E-02
 0.19248877831372E-01
 0.20298731124107E-01
 0.23285695922089E-02
 0.37220973859438E-02
-0.13841066554843E-02
 0.13539290935281E-03
-0.28126306597225E-02
-0.64406859984437E-02
-0.22841488391801E-02
-0.14476950862363E-01
-0.11867656943882E-01
-0.19799911431467E-01
-0.20967230436859E-01
-0.12314540849014E-01
-0.23324244019658E-01
-0.56025525977172E-02
-0.22977897475760E-01
-0.13261118510170E-01
-0.15823127733772E-01
-0.19119534100338E-01
-0.13930208861239E-01
-0.32497117058712E-01
-0.12783519611125E-02
-0.67989105562742E-02
-0.99074612157193E-02
-0.28306864234868E-02
-0.29766875694116E-02
-0.81116189668565E-03
-0.17552516302384E-01
 0.14128242478268E-01
-0.13857101959687E-01
 0.66215219275965E-02
 0.65851848825596E-02
 0.10221393987997E-01
-0.30956068568786E-02
 0.12509713977068E-01
 0.25747856638306E-01
-0.80193566223440E-02
 0.66717853221381E-02
 0.46049578598647E-01
 0.42102220651535E-02
 0.34039721701719E-01
-0.97527478869826E-02
 0.14483614450996E-01
 0.45337597722964E-02
 0.10208823925117E-01
 0.16206506830812E-01
-0.13734178355617E-01
 0.26925658602039E-01
-0.13509986036616E-01
 0.34376429638030E-01
-0.35077171006010E-01
 0.39177653886399E-01
-0.26594517232245E-01
 0.48378560793359E-01
-0.18899186631324E-01
 0.14289371384906E-01
-0.16855075756539E-01
 0.26299286490094E-01
-0.23494012721678E-01
 0.22870648114815E-01
-0.23176190414952E-01
 0.73809551754949E-02
-0.15949514676989E-01
 0.24304176838459E-01
-0.15735538438115E-03
 0.60067080920995E-02
 0.66856676692161E-02
-0.17323111453522E-02
 0.64487265607511E-02
 0.45893891347910E-02
-0.20056634188957E-02
 0.12951012165570E-01
 0.11796770965063E-02
-0.17950366015827E-02
 0.24652698019304E-01
 0.37927521725303E-03
-0.37679629781207E-02
-0.37356185877412E-01
 0.55988567108607E-01
 0.14639130546426E-01
 0.39042720673711E-01
-0.46608321946588E-01
-0.44300794416259E-01
 0.34481680473913E-01
-0.47197096027322E-01
 0.35460107135384E-01
 0.22978686497292E-01
 0.59914277009976E-01
 0.27248719421688E-02
 0.35347565102320E-01
 0.22079286304291E-01
-0.51922320413177E-01
-0.43774740331239E-01
 0.54578118362001E-01
-0.71497754838607E-01
-0.17177740534543E-01
 0.58936391309656E-01
-0.53693572406941E-01
 0.23644247243759E-01
-0.18399400404420E+00
 0.13349240218237E+00
-0.15543790059011E+00
 0.13679184897149E-01
 0.35341324066499E-01
-0.63671396276045E-01
-0.18565955872139E+00
 0.15511810795352E+00
-0.26360015714697E-01
-0.14224457368086E+00
 0.15080802910637E+00
 0.33790373991786E-01
 0.20930411125502E+00
-0.36716571879117E-01
