-0.23565125650966E-11
-0.18852100520697E-10
-0.63625839256995E-10
-0.15081716893858E-09
-0.29550730891815E-09
-0.56737107741374E-09
-0.10544888519174E-08
-0.11023452185345E-08
-0.19858192902380E-08
-0.32155981412916E-08
-0.42620847329795E-08
-0.47430352849090E-08
-0.59104220103500E-08
-0.84274100392217E-08
-0.80030053067528E-08
-0.12247223078503E-07
-0.13446297860508E-07
-0.13118532353801E-07
-0.25511757573817E-07
-0.21799293061705E-07
-0.17190355421435E-07
-0.35161000640197E-07
-0.36782571642645E-07
-0.30132881579662E-07
-0.45440923160401E-07
-0.42501507983494E-07
-0.57643010447207E-07
-0.69508495933268E-07
-0.66069261777242E-07
-0.64799175820940E-07
-0.78479935462031E-07
-0.10807572577135E-06
-0.74937889131828E-07
-0.94514648944358E-07
-0.15594495341224E-06
-0.12105776643693E-06
-0.16840599513156E-06
-0.10474756162916E-06
-0.99639158045069E-07
-0.88679480808688E-07
-0.23922332540180E-06
-0.22877226601961E-06
-0.21310129715286E-06
-0.17144023279867E-06
-0.14752152434903E-06
-0.45423199956495E-04
-0.19950888553748E-05
-0.32981723904549E-04
-0.20906982121487E-04
 0.60110045330202E-04
 0.22656587988442E-04
 0.65333764139676E-06
 0.98716889860078E-06
 0.12942670422448E-05
 0.17906774880126E-05
 0.23668371480529E-05
 0.29668745513692E-05
 0.36447018030290E-05
 0.45309457490946E-05
 0.57075983352832E-05
 0.71923760179115E-05
 0.86430983253732E-05
 0.10410993638672E-04
 0.12838765403144E-04
 0.15127196736095E-04
 0.18133217293105E-04
 0.21444612070232E-04
 0.25285612954606E-04
 0.29767055740826E-04
 0.34973363915285E-04
 0.40656741038899E-04
 0.46821723928798E-04
 0.53900935422691E-04
 0.62562454878793E-04
 0.71542432179278E-04
 0.82023056952960E-04
 0.93834283289866E-04
 0.10674335897359E-03
 0.14133660361656E-03
 0.12529389337551E-03
 0.14170979237906E-03
 0.26061466610873E-03
 0.17574981081279E-04
 0.35087208109693E-03
 0.24603965246083E-03
 0.36904696467538E-03
 0.30593937784656E-03
 0.34099915385227E-03
 0.44274271741566E-03
 0.42049853021602E-03
 0.46500725900990E-03
 0.51354809505931E-03
 0.56678327959090E-03
 0.75699301222867E-03
 0.68765992425600E-03
 0.75431944187069E-03
 0.82839527435909E-03
 0.90540832506165E-03
 0.99299870553734E-03
 0.27085775524982E-02
 0.11842886716621E-02
 0.12806850841800E-02
-0.56692744841100E-03
-0.10477986261235E-01
 0.21263582181706E-01
 0.10326839880941E-01
 0.19254235854216E-02
-0.16978726693092E-01
 0.22784567175280E-02
-0.48778053750816E-02
 0.27233045484768E-02
 0.28283296397233E-02
 0.30695276533272E-02
-0.62169700322228E-01
-0.26227005622637E-01
-0.13055431394022E-01
 0.40109461255605E-02
-0.36692280646478E-01
 0.47557226165828E-02
-0.46061015700056E-04
 0.16344656564255E+00
-0.14430588757108E-01
 0.58007613368284E-01
 0.30133221895294E-03
 0.21633288153762E-01
-0.66074907077961E-01
 0.77739345786342E-01
 0.72722304993162E-01
-0.59999602556949E-01
-0.43288783930709E-02
 0.16673200425185E-01
 0.29788896332107E-01
 0.12932403168445E+00
 0.16527903283209E+00
-0.91622348098499E-01
-0.37352708622903E-01
 0.97707489251095E-01
 0.10427014192098E+00
-0.10596109631343E+00
-0.84802050004730E-01
 0.24271698359226E+00
-0.11136895893468E+00
-0.11008789737089E+00
 0.75811547428506E-01
 0.46955718327616E-01
-0.45395351895003E-01
-0.33221656353334E-01
 0.10056801253231E-01
-0.27203439930644E+00
-0.14480294278975E+00
 0.46381805329291E+00
-0.34674346975425E-01
 0.11927195854207E+00
 0.13583447161512E+00
 0.66217723596503E-01
 0.19240895476649E+00
-0.10393197084958E+00
 0.11772377546798E-01
-0.66481112708270E-01
 0.13167036808317E+00
-0.58961144590374E+00
-0.13776126701230E+00
 0.22123445238508E+00
 0.27901901896934E+00
-0.10455187166219E+00
-0.36480961091645E+00
-0.39824677820226E+00
-0.13275947212364E+01
 0.69565303857629E+00
-0.10756964236339E+01
 0.42179579489929E-01
 0.11758237801936E+01
 0.24375383913407E+01
 0.33844764648783E+01
-0.29399517641141E+01
 0.17377030784161E+01
-0.23081190752817E+01
-0.25267941879938E+01
-0.85661848301377E+00
 0.23953099572427E+01
-0.55504691785880E+00
 0.13807376094739E+01
-0.61470554269796E+00
 0.11097376373076E+01
 0.12501586751418E+00
 0.28739138220693E+00
 0.79357245741656E-02
-0.21236185835470E+00
-0.24071292065922E+00
-0.40828967771208E+00
-0.46450777161230E+00
-0.54350277671224E-01
 0.13827226817234E+00
-0.17436282772119E+00
 0.55124123887736E+00
 0.70832289367957E-01
-0.19597661475771E+00
-0.60115125273691E+00
 0.70466450196599E-01
 0.28695508743083E+00
-0.63073659890162E+00
-0.48841952464401E+00
 0.14815525182724E+00
 0.36371369049486E+00
-0.12899639403921E+00
 0.84576596900626E-01
 0.22564328987921E+00
-0.78817022398413E+00
-0.22686168759729E+00
-0.37373258471224E+00
-0.13875640411724E+00
 0.19849371305734E+00
 0.31943177449358E+00
 0.18573495457838E+00
 0.15378006547229E+00
 0.10246183479311E+00
 0.32124404684047E+00
 0.41991149672447E+00
 0.10642511497745E+00
 0.51726410225677E+00
-0.42703292883475E+00
 0.11186946319363E+00
 0.63575362496798E+00
-0.21057636154286E+00
-0.49660590668400E+00
-0.83662353805454E-01
-0.10164452584265E+01
-0.99040109199118E+00
-0.54105457254080E+00
 0.22655638194525E+01
-0.20214472770403E+01
 0.98449951132798E+00
-0.91746974438747E+00
 0.87372992614373E+00
-0.58364581037058E+00
-0.16450136006993E+00
-0.27785593514049E+00
-0.11749546290279E+00
 0.69188223798300E+00
 0.38595202275243E+00
-0.11327820673375E+00
 0.12312706986401E+00
-0.18615473235530E+00
 0.76411465227668E-01
-0.14704641643264E+01
 0.12243853605561E+01
-0.14870053609095E+00
 0.12701044256221E+01
-0.11861687332569E+01
 0.10910734876408E+01
-0.12913040932643E+01
 0.19314885211590E+01
 0.14308175503311E+00
-0.40395086348783E+00
-0.66152398124295E+00
-0.30438017725207E+00
 0.32265502739159E+00
-0.29013365196953E+00
 0.10352078285820E+01
 0.77940620526777E-01
 0.13068450831876E+01
-0.15712610781900E+01
-0.17280446243008E+01
-0.18993196830859E+00
-0.24901445677530E+01
-0.22432869403425E+01
-0.31237248983431E+01
-0.24337846733362E+01
 0.72358966828109E-01
-0.49943785999148E+01
 0.34171005755087E+01
-0.82198318816455E+01
 0.27971313857547E+01
-0.46295777356771E+01
-0.18749330379000E+01
-0.10149808838826E+02
 0.39569556196557E+01
-0.15094850665414E+01
 0.15616026476673E+01
-0.50219198946136E+01
 0.81161077556239E+01
 0.98447583575604E+00
 0.14909897720770E+01
 0.29273238945914E+01
-0.38694138832599E+01
 0.68131224509557E+01
-0.10682656573786E+01
 0.82567973195875E+01
-0.17033461910001E+02
-0.64933596308382E+01
-0.22152339079984E+01
-0.93945083231199E+00
-0.14386071231737E+02
-0.14880389279906E+00
-0.20506123187986E+01
 0.52838144570430E-01
-0.41836469263725E+01
-0.20301481131927E+02
-0.94274241156430E+01
-0.12172356181038E+02
