   300.978532456069162132856044161749454      
   300.978532456069162132856044161749454      
   300.978532456069162132851380526340771      
   300.978532456069161555061075640025674      
   300.978532456068454609934823586141302      
   300.978532455984012490030149830163033      
   300.978532453367369056682169590663660      
   300.978532418982347166013164156270194      
   300.978532165784610717574345563645133      
   300.978530926028914004054851589034573      
   300.978526416584845921541955583681657      
   300.978513287346646274455594795776115      
   300.978481058760239814139399512151071      
   300.978411834206103757564181427877125      
   300.978278139431514340589579491829010      
   300.978041194901215186691744990219679      
   300.977649813345306590995515082489364      
   300.977040002665368495060779839037403      
   300.976135217634523997655397719606217      
   300.974847174213627314858038170234570      
   300.973077072005591867008427443020379      
   300.970717069999239580662596699083378      
   300.967651867070374457135002853619041      
   300.963760254783249228759737663245543      
   300.958916477861624268374894840647239      
   300.952991653028135643862472323108095      
   300.945854446869900241220389214260443      
   300.937371924712713973456328338882936      
   300.927409929626295037443034669275493      
   300.915833263867558510277491569829798      
   300.902505680072452718832615163313023      
   300.887289739335850548928717533384889      
   300.870046585784392221785943066863117      
   300.850635703258757403769220313930288      
   300.828914696472156635365586154546967      
   300.804739139430709716344911570291107      
   300.777962518593167135680137943104235      
   300.748436291938069047025993041984962      
   300.716010057800565832064606179878268      
   300.680531862341045353617446902584601      
   300.641848586475422384317561720528858      
   300.599806437237315331929402941145526      
   300.554251504110386323891107016044153      
   300.505030361016026724016342057219739      
   300.451990690068663404637072570661304      
   300.394981902284243506433204207004540      
   300.333855738690341079858930306531479      
   300.268466818184427204352921426925676      
   300.198673157486412292456819379959812      
   300.124336581649428553989580619774306      
   300.045323078058246632481875732123401      
   299.961503056844500764049774465980968      
   299.872751520237139413052291161431003      
   299.778948128955419470589900605736547      
   299.679977225645952260811696939519811      
   299.575727658619538085819712396082800      
   299.466092653998976571147124443805974      
   299.350969507838504960473471386870218      
   299.230259247630001631876640310060090      
   299.103866210516843755943056538628123      
   298.971697565501656726456800288720658      
   298.833662780045773053342324295381373      
   298.689673027962143072869653933317906      
   298.539640568150897179915321426920092      
   298.383478105173175143428597048193561      
   298.221098073144063286801693653984323      
   298.052411930706637743310753280647247      
   297.877329431566158463097373705545640      
   297.695757869740988369812994112128669      
   297.507601193568271620679209979894630      
   297.312759707811740644122345769824203      
   297.111128646739190383584749756973828      
   296.902597793196484804286026452562185      
   296.687050630180875256835359983434555      
   296.464363530948900398777935408916080      
   296.234404979532009447363084950792208      
   295.997034790665053518503863884076781      
   295.752103329256078737320234357500638      
   295.499450719559034950457020941887147      
   295.238906058343607598190141638633064      
   294.970286545034530705095636895184384      
   294.693396901651689820479158224063279      
   294.408028300443096745262770381861519      
   294.113957718263696663588032920103342      
   293.810946902386777264118840092747107      
   293.498742005908317653905195067040841      
   293.177071986468859680967100781090980      
   292.845648440062136590912499967867254      
   292.504164266780714171700057466429561      
   292.152292875298571032586151354968639      
   291.789687207531590519197603592564427      
   291.415978782607077141816357646099648      
   291.030776322339372601723938296827480      
   290.633665700647089833239386059645770      
   290.224207572048456023708489470540231      
   289.801936885382363992414084114800057      
   289.366361568925541053996494076148684      
   288.916961418208596919075564531706069      
   288.453186485287557546753678761176899      
   287.974455877407433340545905769296484      
   287.480156482716748411960447521924932      
   286.969641183781337556246258804207932      
   286.442227496903681805294890857509443      
   285.897195891072620889458322705283463      
   285.333788180882895728209757926480792      
   284.751205616576888632780416611093632      
   284.148607368988409887833660185604148      
   283.525108452062219086466560804533608      
   282.879777888871324398790092196792050      
   282.211636855262268334018218811529554      
   281.519656342921366155405938880169902      
   280.802756624590304860976214038711111      
   280.059803358027192345700230191600910      
   279.289607007697309546940833510774682      
   278.490920771030019089764375222687589      
   277.662438963958690688270911301360447      
   276.802795652104906980910058393532891      
   275.910563384188895393974968309362989      
   274.984252402029295344260349893647956      
   274.022310189091426671526006203388824      
   273.023121410061123290251230277012266      
   271.985008861514976103092338932222860      
   270.906234651383087558781595639511741      
   269.785002491162534463506273501143054      
   268.619461012990101217044053443345177      
   267.407708208381810713568177450081602      
   266.147797042865596401291532032370931      
   264.837742192667434817161805478875633      
   263.475530886419268512851698928103950      
   262.059130490228173329632673524596976      
   260.586502674575452511666648952039181      
   259.055617490641618096015094797056058      
   257.464469721188645885397442903836193      
   255.811097495482589462134889893070363      
   254.093602884253380983197410320110291      
   252.310174745182102909952256147806875      
   250.459113344919804336621548474087372      
   248.538857053912459023730613957257381      
   246.548010700188450769708496896679518      
   244.485375224524024718630100064818106      
   242.349978800488826452999000041945518      
   240.141108146927472216097460812999963      
   237.858341044761391688795519045466883      
   235.501575599680447925107045979748177      
   233.071069014485395653899405249629123      
   230.567455094991183002026097278429715      
   227.991778482780721956567235673209864      
   225.345515752503829779045862168579002      
   222.630594591541010201806439267114012      
   219.849406792156128596013044641059637      
   217.004816486828724430913560973306463      
   214.100160666377665289191966081878826      
   211.139242746443549014739773773526121      
   208.126317875847256988629135605005448      
   205.066070271701945177924988447648733      
   201.963581785683797362516483588813953      
   198.824292000117934845549410733982279      
   195.653949930238574613478614420865898      
   192.458558185644848521803342648272186      
   189.244310406946041549102108084477719      
   186.017523450170152932843689146524108      
   182.784566968293324805066795099169643      
   179.551788160326466532764326318765276      
   176.325444241557758951145020396509428      
   173.111631109808063498644009617988397      
   169.916220617266758446600183747919496      
   166.744804188448410208164543782367353      
   163.602644096843347660025674109979796      
   160.494634427860933824335006370465717      
   157.425270835866141238597468814149120      
   154.398629996927271227262433623590411      
   151.418358053537152544841681320778387      
   148.487667156087932657135740980650744      
   145.609339470006456112827411304270015      
   142.785737849860739321452172437230879      
   140.018821163550776198053931940952557      
   137.310164768921761630721673191466778      
   134.660982319048984091794838425537505      
   132.072153034496362833569605274945747      
   129.544246872276388504731472930255924      
   127.077552374105297952727064943584454      
   124.672103738612201239361671728989536      
   122.327707855845010680200952622097048      
   120.043970078298494868790298494911052      
   117.820318749792170496994363834694439      
   115.656028840260534176478298535074373      
   113.550243168774045937549091802476538      
   111.501992713691656544180671854168684      
   109.510214862577335904681243730567099      
   107.573770253042982382172866313042957      
   105.691457581805714346443914990151318      
   103.862027384018064457731789126682878      
   102.084193917719898955879606582509060      
   100.356645868512493208172701321254693      
   98.6780557905875646319479983110290529      
   97.0470882834121006432201449032348367      
   95.4624071226281513563110729415244772      
   93.9226811466216221731774046667395001      
   92.4265901431722507002224757868823624      
   90.9728286325773259929184540122426955      
   89.5601102203823201414759299648409040      
   88.1871701359451594293784669824788596      
   86.8527682036313125265917520443482555      
   85.5556908804146035808860041118988320      
   84.2947525182094715098194828920521314      
   83.0687971353568015248971724480654902      
   81.8766989782550547361213349204856378      
   80.7173631455635540010124438890915721      
   79.5897262109287817250109509463183289      
   78.4927561250144502107963088526027773      
   77.4254523154414589238587093305745011      
   76.3868455662447534954396577679021040      
   75.3759975679110141621413593381608946      
   74.3920006002110527658657731361494962      
   73.4339770667464024298790164276352541      
   72.5010788182575131769017988866981627      
   71.5924865457429883031006313828570074      
   70.7074091575488803332837732934712718      
   69.8450830128514390744658450454395728      
   69.0047711355911296228319703581675840      
   68.1857625911313203582127920601175032      
   67.3873715105702477759784956531747549      
   66.6089365379413398376511425025752431      
   65.8498198775304312210425667209325032      
   65.1094065321924305972349101251933460      
   64.3871036876404630239558065359322359      
   63.6823397696131928743007080301022784      
   62.9945638105508779801593217460407691      
   62.3232446407910229452217661430005400      
   61.6678702891289727944688366154581403      
   61.0279471355110152150411938931064342      
   60.4029993939205856337412907255149814      
   59.7925683048918747214407326107001255      
   59.1962115697339492092873426302520953      
   58.6135028144998678043179801946426718      
   58.0440307266783623087996643832713533      
   57.4873987678034568071597898973250825      
   56.9432244860761425841157649421856915      
   56.4111389644249175470446914729930141      
   55.8907862860228892811639178397204722      
   55.3818231274803732739379980325712878      
   54.8839181364772524266998727679972702      
   54.3967516031845676892804452346296124      
   53.9200149214950416309460334640034696      
   53.4534101708361936606650664044353098      
   52.9966497501888581692257514310100745      
   52.5494559448543048706386544500691677      
   52.1115605210841073380900089989151322      
   51.6827044266261508213305614761376759      
   51.2626373695978109722158370121448078      
   50.8511175300331503899139311466509121      
   50.4479112161743907474472653595632642      
   50.0527925350561442420637461124271923      
   49.6655431380355670908663617142881331      
   49.2859518992885816263494156128874303      
   48.9138146576044852289239005444523078      
   48.5489339358739960778153515572929982      
   48.1911187156396249438884970679051852      
   47.8401841693469557835878022246635982      
   47.4959514457878228117311545361585396      
   47.1582474300479712345190087277071530      
   46.8269045487663386841404628872454466      
   46.5017605520765320050412929347387295      
   46.1826583168380062156856120429147382      
   45.8694456707123474903794339636812842      
   45.5619751909969278681898485465071115      
   45.2601040493518595058315955393304193      
   44.9636938350308439789385351706039643      
   44.6726103933616853580460339097294645      
   44.3867236865572964792419178567583081      
   44.1059076276517025037678860878325527      
   43.8300399450661199128290380991970232      
   43.5590020551783165651732561841852051      
   43.2926789264147438579970758791744543      
   43.0309589480350983271193292553200011      
   42.7737338200346630165924067036542538      
   42.5208984244100977896968967812454157      
   42.2723507341796241338418629259977202      
   42.0279916939475707637855528235618415      
   41.7877251077182737977624810403068067      
   41.5514575598890711770623557335483604      
   41.3190983142026766298437615907980279      
   41.0905592144933777453407393294858058      
   40.8657546150180653955274241820885243      
   40.6446012635958796141718479266524514      
   40.4270182507093794584155994724600540      
   40.2129269423597138988690643263607536      
   40.0022508652720113086325155137771233      
   39.7949156632305321952420200440653546      
   39.5908490077486945777171298024759052      
   39.3899805512325900791097820242361282      
   39.1922418659647965798393971726333503      
   38.9975663618378387669498071288255997      
   38.8058892388360976189299517649262046      
   38.6171474132728911204852836983891816      
   38.4312794920703681903872802863599539      
   38.2482257020719783834841718263971070      
   38.0679278417570972820134751689160062      
   37.8903292243955792689341384605535123      
   37.7153746445532765942718476485484739      
