 0.13548723707728E+03
 0.13548723707728E+03
 0.13548723707728E+03
 0.13548723707728E+03
 0.13548723707728E+03
 0.13548723707730E+03
 0.13548723707789E+03
 0.13548723708563E+03
 0.13548723714262E+03
 0.13548723742166E+03
 0.13548723843664E+03
 0.13548724139174E+03
 0.13548724864568E+03
 0.13548726422660E+03
 0.13548729431836E+03
 0.13548734764942E+03
 0.13548743574105E+03
 0.13548757299679E+03
 0.13548777664589E+03
 0.13548806656040E+03
 0.13548846498037E+03
 0.13548899618226E+03
 0.13548968612391E+03
 0.13549056209592E+03
 0.13549165241661E+03
 0.13549298611397E+03
 0.13549459277459E+03
 0.13549650235441E+03
 0.13549874509527E+03
 0.13550135148635E+03
 0.13550435226859E+03
 0.13550777846897E+03
 0.13551166145457E+03
 0.13551603299039E+03
 0.13552092529218E+03
 0.13552637106433E+03
 0.13553240351698E+03
 0.13553905635686E+03
 0.13554636375427E+03
 0.13555436027892E+03
 0.13556308081808E+03
 0.13557256047142E+03
 0.13558283443148E+03
 0.13559393785393E+03
 0.13560590572296E+03
 0.13561877271747E+03
 0.13563257308153E+03
 0.13564734050671E+03
 0.13566310802086E+03
 0.13567990790115E+03
 0.13569777159975E+03
 0.13571672969047E+03
 0.13573681183570E+03
 0.13575804677646E+03
 0.13578046233196E+03
 0.13580408544419E+03
 0.13582894221149E+03
 0.13585505796283E+03
 0.13588245733886E+03
 0.13591116439239E+03
 0.13594120270152E+03
 0.13597259549571E+03
 0.13600536579570E+03
 0.13603953656057E+03
 0.13607513083957E+03
 0.13611217194226E+03
 0.13615068360714E+03
 0.13619069017671E+03
 0.13623221677980E+03
 0.13627528954514E+03
 0.13631993567961E+03
 0.13636618381061E+03
 0.13641406409664E+03
 0.13646360842827E+03
 0.13651485063795E+03
 0.13656782670089E+03
 0.13662257493886E+03
 0.13667913622681E+03
 0.13673755420499E+03
 0.13679787549346E+03
 0.13686014992976E+03
 0.13692443074207E+03
 0.13699077484049E+03
 0.13705924301037E+03
 0.13712990022588E+03
 0.13720281577716E+03
 0.13727806370104E+03
 0.13735572289985E+03
 0.13743587752797E+03
 0.13751861725266E+03
 0.13760403758587E+03
 0.13769224021328E+03
 0.13778333341362E+03
 0.13787743219660E+03
 0.13797465899068E+03
 0.13807514389867E+03
 0.13817902519771E+03
 0.13828644974290E+03
 0.13839757354906E+03
 0.13851256228629E+03
 0.13863159184119E+03
 0.13875484895791E+03
 0.13888253185801E+03
 0.13901485097434E+03
 0.13915202963279E+03
 0.13929430492665E+03
 0.13944192847264E+03
 0.13959516736148E+03
 0.13975430512154E+03
 0.13991964271220E+03
 0.14009149970172E+03
 0.14027021507282E+03
 0.14045614891531E+03
 0.14064968339073E+03
 0.14085122414321E+03
 0.14106120170314E+03
 0.14128007289764E+03
 0.14150832239981E+03
 0.14174646423771E+03
 0.14199504336388E+03
 0.14225463728280E+03
 0.14252585753006E+03
 0.14280935130386E+03
 0.14310580295179E+03
 0.14341593538077E+03
 0.14374051135519E+03
 0.14408033468038E+03
 0.14443625128081E+03
 0.14480914936969E+03
 0.14519996067527E+03
 0.14560966006799E+03
 0.14603926535032E+03
 0.14648983654486E+03
 0.14696247464079E+03
 0.14745831982198E+03
 0.14797854901964E+03
 0.14852437293000E+03
 0.14909703208492E+03
 0.14969779232917E+03
 0.15032793937954E+03
 0.15098877237851E+03
 0.15168159683375E+03
 0.15240771596487E+03
 0.15316842007006E+03
 0.15396498255339E+03
 0.15479863905082E+03
 0.15567058160400E+03
 0.15658194414886E+03
 0.15753378874640E+03
 0.15852709165699E+03
 0.15956272867546E+03
 0.16064146073341E+03
 0.16176391955443E+03
 0.16293059396953E+03
 0.16414181701883E+03
 0.16539775448127E+03
 0.16669839518162E+03
 0.16804354362762E+03
 0.16943281532558E+03
 0.17086563522278E+03
 0.17234123950576E+03
 0.17385868044111E+03
 0.17541683620404E+03
 0.17701442057226E+03
 0.17864999852575E+03
 0.18032200238438E+03
 0.18202874973414E+03
 0.18376846258240E+03
 0.18553928653166E+03
 0.18733931012366E+03
 0.18916658338783E+03
 0.19101913536855E+03
 0.19289499047179E+03
 0.19479218327447E+03
 0.19670877150701E+03
 0.19864284777433E+03
 0.20059254895187E+03
 0.20255606526529E+03
 0.20453164547530E+03
 0.20651760312974E+03
 0.20851232002294E+03
 0.21051424906423E+03
 0.21252191573862E+03
 0.21453391895446E+03
 0.21654893117253E+03
 0.21856569741270E+03
 0.22058303449030E+03
 0.22259982916269E+03
 0.22461503628712E+03
 0.22662767646722E+03
 0.22863683392660E+03
 0.23064165370943E+03
 0.23264133923184E+03
 0.23463514958251E+03
 0.23662239678492E+03
 0.23860244316998E+03
 0.24057469875084E+03
 0.24253861899408E+03
 0.24449370153822E+03
 0.24643948460846E+03
 0.24837554405349E+03
 0.25030149167412E+03
 0.25221697267446E+03
 0.25412166360278E+03
 0.25601527094528E+03
 0.25789752850801E+03
 0.25976819618039E+03
 0.26162705829495E+03
 0.26347392166909E+03
 0.26530861454058E+03
 0.26713098498568E+03
 0.26894089950914E+03
 0.27073824205768E+03
 0.27252291269570E+03
 0.27429482643958E+03
 0.27605391241270E+03
 0.27780011283514E+03
 0.27953338200649E+03
 0.28125368554945E+03
 0.28296099970320E+03
 0.28465531029858E+03
 0.28633661247395E+03
 0.28800490955447E+03
 0.28966021280099E+03
 0.29130254081817E+03
 0.29293191868089E+03
 0.29454837784084E+03
 0.29615195540962E+03
 0.29774269390092E+03
 0.29932064055013E+03
 0.30088584728838E+03
 0.30243836999534E+03
 0.30397826852492E+03
 0.30550560621364E+03
 0.30702044936641E+03
 0.30852286766492E+03
 0.31001293315591E+03
 0.31149072033669E+03
 0.31295630596466E+03
 0.31440976888961E+03
 0.31585118959310E+03
 0.31728065039537E+03
 0.31869823489951E+03
 0.32010402809148E+03
 0.32149811616125E+03
 0.32288058622306E+03
 0.32425152629123E+03
 0.32561102523521E+03
 0.32695917246111E+03
 0.32829605802181E+03
 0.32962177236619E+03
 0.33093640630933E+03
 0.33224005100972E+03
 0.33353279774731E+03
 0.33481473796564E+03
 0.33608596314997E+03
 0.33734656482272E+03
 0.33859663439179E+03
 0.33983626318359E+03
 0.34106554233042E+03
 0.34228456278448E+03
 0.34349341520628E+03
 0.34469218997079E+03
 0.34588097713099E+03
 0.34705986633581E+03
 0.34822894687340E+03
 0.34938830757282E+03
 0.35053803681489E+03
 0.35167822251407E+03
 0.35280895203960E+03
 0.35393031226776E+03
 0.35504238954021E+03
 0.35614526961286E+03
 0.35723903766184E+03
 0.35832377829417E+03
 0.35939957549329E+03
 0.36046651266273E+03
 0.36152467253198E+03
 0.36257413720044E+03
 0.36361498817201E+03
 0.36464730626471E+03
 0.36567117163132E+03
 0.36668666379071E+03
 0.36769386154439E+03
 0.36869284311929E+03
 0.36968368603144E+03
 0.37066646703292E+03
 0.37164126229205E+03
 0.37260814726325E+03
 0.37356719677937E+03
 0.37451848495932E+03
 0.37546208519165E+03
 0.37639807023196E+03
 0.37732651214736E+03
 0.37824748239800E+03
 0.37916105169582E+03
 0.38006729009085E+03
 0.38096626695906E+03
 0.38185805104246E+03
 0.38274271038152E+03
