 0.42941814937961E-09
 0.42941814937824E-09
 0.42941815161374E-09
 0.42946900570118E-09
 0.37661990932634E-09
 0.45339284703787E-09
 0.11915457455984E-08
 0.84994280764003E-08
 0.44652247672068E-07
 0.17326590237615E-06
 0.51998841532177E-06
 0.12848109145777E-05
 0.27372444507430E-05
 0.44788944929742E-05
 0.10348714702429E-04
 0.13361449193715E-04
 0.20438971648157E-04
 0.32351566451533E-04
 0.43807259027079E-04
 0.57837552834955E-04
 0.74276169113842E-04
 0.93581837507477E-04
 0.11480322680844E-03
 0.13833908610946E-03
 0.16387008647121E-03
 0.19121867498465E-03
 0.21950986145861E-03
 0.25181592611512E-03
 0.28180720635711E-03
 0.31215830579904E-03
 0.34667968150952E-03
 0.38174888603384E-03
 0.41681866524345E-03
 0.44589732616402E-03
 0.48216894238555E-03
 0.51382615667076E-03
 0.53938160063974E-03
 0.56719997659853E-03
 0.60635134023970E-03
 0.64704333974453E-03
 0.67040607086260E-03
 0.69282542843243E-03
 0.73036959472389E-03
 0.75500159628098E-03
 0.77293006168137E-03
 0.79054021609611E-03
 0.81899024668425E-03
 0.85020258855995E-03
 0.88370045177742E-03
 0.91666062918651E-03
 0.93919864426933E-03
 0.95685119466331E-03
 0.97479655903553E-03
 0.99412586347108E-03
 0.10146879299008E-02
 0.10458022299732E-02
 0.10859809892760E-02
 0.11174651362898E-02
 0.11416999630194E-02
 0.11632743402699E-02
 0.11920355211151E-02
 0.12223443922896E-02
 0.12533228999807E-02
 0.12926480835949E-02
 0.13289017204908E-02
 0.13583661201592E-02
 0.13879302267049E-02
 0.14178129504887E-02
 0.14556309087369E-02
 0.15000067906886E-02
 0.15454176529446E-02
 0.15936556673108E-02
 0.16365468672006E-02
 0.16753778353418E-02
 0.17067122487576E-02
 0.17389152481313E-02
 0.17768191827720E-02
 0.18251328871815E-02
 0.18838589995305E-02
 0.19472250698261E-02
 0.19999993261318E-02
 0.20561552323055E-02
 0.21159821382302E-02
 0.21040466448653E-02
 0.21229262696931E-02
 0.21748864509308E-02
 0.22432105877085E-02
 0.23860349429667E-02
 0.24785253438675E-02
 0.24841570011488E-02
 0.25429390809665E-02
 0.25505147526154E-02
 0.25144851980350E-02
 0.26424857276448E-02
 0.27903872736261E-02
 0.28809037463914E-02
 0.28488159814793E-02
 0.28508963126790E-02
 0.29827523471376E-02
 0.30586792060871E-02
 0.32526080590198E-02
 0.33067719614120E-02
 0.33386116743172E-02
 0.33875673230667E-02
 0.33753797137525E-02
 0.35427729974585E-02
 0.36214372641056E-02
 0.36889507724762E-02
 0.37843490018525E-02
 0.38200272039217E-02
 0.39710745226050E-02
 0.40318294821398E-02
 0.41446083217084E-02
 0.42478151555890E-02
 0.43896048556994E-02
 0.44515209163574E-02
 0.46461376099046E-02
 0.47398363749272E-02
 0.48907436156899E-02
 0.50384902376887E-02
 0.51484727416107E-02
 0.53189025386728E-02
 0.54607281231674E-02
 0.56157472079762E-02
 0.57985444355356E-02
 0.60091481052749E-02
 0.61812997411189E-02
 0.63972546671826E-02
 0.66074756450485E-02
 0.68234576897548E-02
 0.70630828214770E-02
 0.73160607444218E-02
 0.75706672109158E-02
 0.78479974454613E-02
 0.81022209395913E-02
 0.84367703707327E-02
 0.87185130909286E-02
 0.90331111765566E-02
 0.93886138352784E-02
 0.97495394151859E-02
 0.10117202646474E-01
 0.10510698241051E-01
 0.10938633346777E-01
 0.11368900199661E-01
 0.11823183737925E-01
 0.12304712517286E-01
 0.12787415172175E-01
 0.13291301194283E-01
 0.13803197276527E-01
 0.14340043226530E-01
 0.14880257082320E-01
 0.15447830270603E-01
 0.15908308530511E-01
 0.16469534723835E-01
 0.16845201583521E-01
 0.17322464235475E-01
 0.17652346204571E-01
 0.17939900311311E-01
 0.18112584909309E-01
 0.18217344823932E-01
 0.18262378098084E-01
 0.18264110358378E-01
 0.18199607314211E-01
 0.18134911000651E-01
 0.18028388103952E-01
 0.17996122710294E-01
 0.17978086262272E-01
 0.18004826680266E-01
 0.18060894085258E-01
 0.18104207096177E-01
 0.18246468465514E-01
 0.18418554592012E-01
 0.18646898591912E-01
 0.18797170391383E-01
 0.18929727768899E-01
 0.19137040264662E-01
 0.19334495660282E-01
 0.19586727379342E-01
 0.19532184955796E-01
 0.19789915130718E-01
 0.20088015760865E-01
 0.19999404540107E-01
 0.20121386813194E-01
 0.20206703694745E-01
 0.20165240006297E-01
 0.20201947242621E-01
 0.20141555628461E-01
 0.20056806915226E-01
 0.19843753340702E-01
 0.19617310876152E-01
 0.19336429409752E-01
 0.19013888424940E-01
 0.18620497432931E-01
 0.18091432382750E-01
 0.17526358782805E-01
 0.16839313754537E-01
 0.16057780596064E-01
 0.15244137547112E-01
 0.14357529178926E-01
 0.13285380711197E-01
 0.12466074950666E-01
 0.11385451204900E-01
 0.10424622286231E-01
 0.94136493824425E-02
 0.84505128266467E-02
 0.75104143072098E-02
 0.66466320804743E-02
 0.58409733201896E-02
 0.50452745868302E-02
 0.43262630428536E-02
 0.37571394284165E-02
 0.31817656996348E-02
 0.27850252989816E-02
 0.24991081999923E-02
 0.22948811963789E-02
 0.21896297364252E-02
 0.21936382028469E-02
 0.22474579725146E-02
 0.23514518075768E-02
 0.25514906598742E-02
 0.27818873407255E-02
 0.30641492683747E-02
 0.33609231880831E-02
 0.36481908090044E-02
 0.39705974044983E-02
 0.43021490656118E-02
 0.46247934709805E-02
 0.49495685520237E-02
 0.53158955815485E-02
 0.56055892611061E-02
 0.59338572708474E-02
 0.61870605442769E-02
 0.64926676284599E-02
 0.67358398231627E-02
 0.69771323820107E-02
 0.72072214705274E-02
 0.74162546474736E-02
 0.76256410519674E-02
 0.77898506964149E-02
 0.79535356622414E-02
 0.81122239215799E-02
 0.82542423907825E-02
 0.83517336281135E-02
 0.84899959751834E-02
 0.85900233897291E-02
 0.86940620412380E-02
 0.87773223661183E-02
 0.88592048807892E-02
 0.89104776815125E-02
 0.89915849170824E-02
 0.90559175928348E-02
 0.91511902843526E-02
 0.91662701614815E-02
 0.92049112496293E-02
 0.92374178920967E-02
 0.92708991885048E-02
 0.92875274703432E-02
 0.93124821395701E-02
 0.93377467157152E-02
 0.93352532750605E-02
 0.93532286858422E-02
 0.93601425198788E-02
 0.93661860702577E-02
 0.93719654442082E-02
 0.93660479077059E-02
 0.93239859923928E-02
 0.93335524636505E-02
 0.93453961354393E-02
 0.92931516106805E-02
 0.92545239321884E-02
 0.92764864872835E-02
 0.92298952859798E-02
 0.92347774267280E-02
 0.92119988417708E-02
 0.91960718577522E-02
 0.91760153152789E-02
 0.91367160478161E-02
 0.91327407016397E-02
 0.91045124576863E-02
 0.90664336657187E-02
 0.90315618156144E-02
 0.90624028988381E-02
 0.90024034712402E-02
 0.89912650426989E-02
 0.89621594885389E-02
 0.88465789969459E-02
 0.89214708868786E-02
 0.88267401523083E-02
 0.88419115505980E-02
 0.88319698734814E-02
 0.87309561559097E-02
 0.87722568035881E-02
 0.87628544673264E-02
 0.86437790070884E-02
 0.86523608591631E-02
 0.86783239423947E-02
 0.85432745791414E-02
 0.85375118226254E-02
 0.85709716064885E-02
 0.84495466550490E-02
