   92.6087792172520498870326289728459773      
   92.6087792172520498870326289728459773      
   92.6087792172520498870326222736196450      
   92.6087792172520498839727834310733197      
   92.6087792172520414438839353614937600      
   92.6087792172503033724786391965851995      
   92.6087792171704556201366296075029798      
   92.6087792157549846303024248893631245      
   92.6087792025676670892270335053325406      
   92.6087791245385442045952318749034977      
   92.6087787930311417278682982092368455      
   92.6087776944449822007181115995910741      
   92.6087746859187781626844968510685087      
   92.6087675898743206323660976665781369      
   92.6087527305130190121965743756465644      
   92.6087244702559732382706003513048735      
   92.6086748024428849868523129459648920      
   92.6085930430826060273714526589138353      
   92.6084656457521963081913572172608009      
   92.6082761453061209881588819320963767      
   92.6080052205992766012101554393943683      
   92.6076308591443147762561118531030201      
   92.6071285921491682385523096891564422      
   92.6064717789937739516511492286762813      
   92.6056319101612721068711064539169470      
   92.6045789064445503778709676225253146      
   92.6032813955055875700016406315857250      
   92.6017069526731638430418185571394586      
   92.5998222987442949010864860273714057      
   92.5975934531085689860782674480383883      
   92.5949858452824610702801332450890714      
   92.5919643916037894212549956024770709      
   92.5884935462349665716301687610406489      
   92.5845373367174836843403695013137369      
   92.5800593841271465575008781781114871      
   92.5750229749610329389160734754912244      
   92.5693910563686382289561501381871202      
   92.5631263313158214664256710239830062      
   92.5561913360071819773980526605344079      
   92.5485485466030837242739229771116174      
   92.5401605075588503283010687394793305      
   92.5309899790914197767567559335979555      
   92.5210001003508403524761671019375867      
   92.5101545633599053050163191132698806      
   92.4984177937448024373051555241537564      
   92.4857551349816666504911736667355783      
   92.4721330237037692138715777327881782      
   92.4575191604804809985121102134557017      
   92.4418826672132061315203501010103109      
   92.4251942282248776454550017719467609      
   92.4074262127194055748629348102154427      
   92.3885527753474813705961921115836328      
   92.3685499344517935349267780571626925      
   92.3473956268548016985568730211442264      
   92.3250697353177080600288076227111603      
   92.3015541008638929676185324785842377      
   92.2768325017806722599515793136984933      
   92.2508906151572372147188287288237224      
   92.2237159572088632100217181684349752      
   92.1952978038144445957137847742821911      
   92.1656270938745289897525216583829446      
   92.1346963171608721876726206419294274      
   92.1024993818010308014804688430851759      
   92.0690314823653693240465730475502373      
   92.0342889464568653653082832641686347      
   91.9982690768780455073902568982528948      
   91.9609699839736286211905346162979797      
   91.9223904174327924718035178568970170      
   91.8825295900645940247677128529144956      
   91.8413870006646945700680295734535209      
   91.7989622522343189159048310583680208      
   91.7552548758375943993478463281514886      
   91.7102641541259180825337823952531346      
   91.6639889376346642454883653918474850      
   91.6164274714382830332161538001686244      
   91.5675772217126435345126035117149471      
   91.5174347054499035292770441791986575      
   91.4659953182037267628305096047224772      
   91.4132531741524164599087208109507555      
   91.3592009397807352062050720630585936      
   91.3038296811620709921599851254397438      
   91.2471287030717401157409414641361712      
   91.1890853977006894173935060010262887      
   91.1296850868864809085354937374435754      
   91.0689108806577116093925201740261346      
   91.0067435264045621793650701639219877      
   90.9431612617250891819318924988341981      
   90.8781396438311190602296128116663001      
   90.8116514892952820118410874378630514      
   90.7436666121924338253895438622476745      
   90.6741517367848843725675466088277315      
   90.6030703388113221086366208743934093      
   90.5303824886402998986664360781272871      
   90.4560446917053844430093963850402327      
   90.3800097279590291370284271905128594      
   90.3022264847948184319426431320029192      
   90.2226397789485794582321047215331900      
   90.1411901650616244674519156485088329      
   90.0578137836405668437321965477947180      
   89.9724421263574456817724890842574423      
   89.8850018403751846407984166274623811      
   89.7954144966948368506062161815640045      
   89.7035964322278733086744342673681902      
   89.6094582928982274077304858924001151      
   89.5129050899479055389421221441312438      
   89.4138356676019074562727542328865807      
   89.3121425514917605606704560704687136      
   89.2077115967319108863344663349746534      
   89.1004216417711663394965580719808517      
   88.9901441570443349736575021424046155      
   88.8767429391675904888326079186214840      
   88.7600736787792203245453790581946881      
   88.6399835258402516116902373135899468      
   88.5163106112448477616732756506506410      
   88.3888838611227433336586028787403210      
   88.2575220943881664227533374062939716      
   88.1220337696072434564634457550184301      
   87.9822163953996687878332627878700209      
   87.8378559648584494562611444628297593      
   87.6887263289274969506631760909039594      
   87.5345886464667937159270375836532386      
   87.3751907585927317166232190120682673      
   87.2102664980973384407409928194122775      
   87.0395351096430250303637950967918754      
   86.8627005970431555022919291820996926      
   86.6794510871304250482351168275944250      
   86.4894582918930429585754653548573528      
   86.2923769341347261757219312573868584      
   86.0878443004399477560643880341340355      
   85.8754798905359616764837702849686255      
   85.6548851919406593698182772859727502      
   85.4256436373738173771310952771112593      
   85.1873206598750385220659226847537997      
   84.9394645540315235031257466496706365      
   84.6816066733096999539371085249565686      
   84.4132629487944064203726771652727728      
   84.1339354463352760343331200799664131      
   83.8431144497621246848043269276790711      
   83.5402812126228340371474828638666576      
   83.2249112286284953753068296084165456      
   82.8964782127899135199917130384052037      
   82.5544587123410701389028332567082374      
   82.1983372862225346665345936031672236      
   81.8276122701704453169745334042702530      
   81.4418019317869604052201223846591326      
   81.0404508476204465376075072714654798      
   80.6231363144402182502963989902835219      
   80.1894745276930178225339120627882061      
   79.7391262337388682891879261610818068      
   79.2718015650162450438595361930627436      
   78.7872638912723010037832008155104893      
   78.2853323741898422340230733271222923      
   77.7658832926815183304644709676778895      
   77.2288498307445596508015056685623712      
   76.6742206252500328405269074646799787      
   76.1020379305389990172855437988462838      
   75.5123934252364288261902408287827837      
   74.9054251619084577062897742924022784      
   74.2813134257436317146381944528537530      
   73.6402771649843872308061716221936391      
   72.9825705860020474513033886471047157      
   72.3084806874046029568749297192240346      
   71.6183254149279709558832791325489672      
   70.9124521686999914302603461311437533      
   70.1912403420279219207954697688087438      
   69.4550979745324673790687162439168240      
   68.7044666192296737402723260751826726      
   67.9398220611571926141482921680647856      
   67.1616771628882174199588002132405682      
   66.3705844378694852722830885308873931      
   65.5671388659955454767818302913533223      
   64.7519804685383881652371178149013655      
   63.9257966300177736840933409019292935      
   63.0893238527440582113589414236799277      
   62.2433488565073317643603050641442019      
   61.3887090619578238727012299582252165      
   60.5262919150212594040553098201584136      
   59.6570335156570413260009022369912502      
   58.7819160436214656645573196205215070      
   57.9019641594236152005155498442338019      
   57.0182404381460827294556645844199839      
   56.1318396793131599169046679063442927      
   55.2438824103238532761984842852714610      
   54.3555075506728078719127552356915055      
   53.4678644104321922771917040249824976      
   52.5821042362542467380436424459937987      
   51.6993714972407512151680980428172837      
   50.8207950539514701311857769810151091      
   49.9474796159889241910056541571948197      
   49.0804971792135209884254374840073951      
   48.2208791664488029756116256916290220      
   47.3696095194742952271702575401780490      
   46.5276182391996028470182269761390000      
   45.6957756768432200676175928765088953      
   44.8748885499692676176411507438944076      
   44.0656961662602701503220747563462087      
   43.2688681277649980418330350799593373      
   42.4850028919354805805636576626327394      
   41.7146273705201123817113830594841366      
   40.9581973176860071679952459729607394      
   40.2160986522244574339375975719753131      
   39.4886493402407321550150822389883705      
   38.7761019983881834694083860068075603      
   38.0786469258713929408151830129408021      
   37.3964155868189174733015912406800179      
   36.7294843385548085749757801622102061      
   36.0778783921883577373545197949598722      
   35.4415758796930946079747591365171418      
   34.8205119685980334890581688236426817      
   34.2145829575004068225034881519778399      
   33.6236502774450826945907621647880009      
   33.0475443850433530473936534600467798      
   32.4860684912831917057501544802505126      
   31.9390021371607325785569465822381958      
   31.4061043659561531154316579300445326      
   30.8871170920676574841138359909906975      
   30.3817678040531167133730333672988659      
   29.8897722682281969880247929826326834      
   29.4108369536026491340108109986390820      
   28.9446612390141046913207134630118154      
   28.4909394005537503217909799999129200      
   28.0493623975249154258532103618035914      
   27.6196194628237949076407887050481872      
   27.2013995100777880387258632907814629      
   26.7943923711245906752732030760367898      
   26.3982898831210917132424701220332394      
   26.0127868216578594027112774139983258      
   25.6375817083668939756768570398918046      
   25.2723774993771569410927684936108158      
   24.9168821593499973255945953488086860      
   24.5708091449446581683243031536641462      
   24.2338777956919490482674507452949261      
   23.9058136469919965915384963975943710      
   23.5863486796680200197800836472336756      
   23.2752214968260463121900404553355218      
   22.9721774590649986693002053676676313      
   22.6769687634936525097104959875440940      
   22.3893544826122442107551751034493514      
   22.1091005738288878247571172151557534      
   21.8359798475862724591575082087584219      
   21.5697719189337337025616313527800065      
   21.3102631298235390331838187157641639      
   21.0572464548742988968481228653488930      
   20.8105213925597411716303907647502219      
   20.5698938404884892857767889349647126      
   20.3351759620951955801569769831471536      
   20.1061860443337857631385729837538914      
   19.8827483486491661898126812239790319      
   19.6646929571247204097022410989313815      
   19.4518556156088497702938488659567974      
   19.2440775731741773855149039342153491      
   19.0412054223744143813561120537611405      
   18.8430909389566471801011323378367588      
   18.6495909365526351249867147858292640      
   18.4605670409400701674267289021104600      
   18.2758856375793693875370104678273290      
   18.0954176442533933306992928812686617      
   17.9190383787976079841418613670697338      
   17.7466274082264717576274455829067655      
   17.5780684043915028104669043688181901      
   17.4132490002018862453001122873828558      
   17.2520606530527382043694468372126338      
   17.0943985076559991433862859268748363      
   16.9401612668036377657133234518459681      
   16.7892510622420988328676946251210992      
   16.6415733331905823652806642000670246      
   16.4970367059948713214844646767529760      
   16.3555528786358455312807437866591498      
   16.2170365092307813901932171464333348      
   16.0814051077338463129636404467460274      
   15.9485789322437882601995980240198605      
   15.8184808884751158951921323913103328      
   15.6910364324456342714366527179859105      
   15.5661734771869357514110501524492179      
   15.4438223029296361258473298214441401      
   15.3239154700517453061208110010773463      
   15.2063877357442596449348210514949033      
   15.0911759737526306379829173642269140      
   14.9782190966330367034437424604260490      
   14.8674579817095372755522599169034853      
   14.7588353993419663032146748255287132      
   14.6522959440525166825637711100077545      
   14.5477859682337786347087257291642700      
   14.4452535186462929809043734500322367      
   14.3446482750163423350470784278804665      
   14.2459214911016215247792508648951279      
   14.1490259385914355137631770380951926      
   14.0539158520850588787223989169479258      
   13.9605468770606972573568493119781643      
   13.8688760198702488283481885993451434      
   13.7788615989449814821207955324408940      
   13.6904631987897478394590163752619775      
   13.6036416250301769045508820093407446      
   13.5183588616909333884195063363363014      
   13.4345780297930087165521445758319898      
   13.3522633478434000687206018767269616      
   13.2713800934814325066494855739924196      
   13.1918945671152862424089616346204209      
   13.1137740563238972820661543682778632      
   13.0369868022705313453377076644951209      
