 0.13548723707728E+03
 0.13548723707728E+03
 0.13548723707728E+03
 0.13548723707728E+03
 0.13548723707728E+03
 0.13548723707730E+03
 0.13548723707789E+03
 0.13548723708563E+03
 0.13548723714262E+03
 0.13548723742166E+03
 0.13548723843664E+03
 0.13548724139174E+03
 0.13548724864572E+03
 0.13548726422685E+03
 0.13548729431953E+03
 0.13548734765391E+03
 0.13548743575573E+03
 0.13548757303897E+03
 0.13548777675452E+03
 0.13548806681533E+03
 0.13548846553289E+03
 0.13548899730020E+03
 0.13548968827396E+03
 0.13549056597918E+03
 0.13549165910260E+03
 0.13549299719145E+03
 0.13549461047579E+03
 0.13549652973976E+03
 0.13549878625101E+03
 0.13550141174137E+03
 0.13550443842797E+03
 0.13550789906166E+03
 0.13551182699225E+03
 0.13551625623498E+03
 0.13552122152952E+03
 0.13552675838209E+03
 0.13553290308462E+03
 0.13553969270670E+03
 0.13554716506212E+03
 0.13555535864371E+03
 0.13556431253962E+03
 0.13557406632624E+03
 0.13558465994639E+03
 0.13559613357725E+03
 0.13560852749354E+03
 0.13562188193166E+03
 0.13563623695778E+03
 0.13565163234908E+03
 0.13566810748032E+03
 0.13568570123594E+03
 0.13570445193857E+03
 0.13572439727973E+03
 0.13574557430787E+03
 0.13576801940212E+03
 0.13579176828486E+03
 0.13581685605427E+03
 0.13584331722715E+03
 0.13587118581363E+03
 0.13590049540146E+03
 0.13593127925961E+03
 0.13596357045702E+03
 0.13599740199387E+03
 0.13603280694999E+03
 0.13606981863872E+03
 0.13610847080662E+03
 0.13614879768749E+03
 0.13619083435896E+03
 0.13623461682692E+03
 0.13628018224797E+03
 0.13632756913724E+03
 0.13637681757094E+03
 0.13642796942012E+03
 0.13648106855464E+03
 0.13653616107576E+03
 0.13659329554840E+03
 0.13665252323782E+03
 0.13671389834964E+03
 0.13677747827804E+03
 0.13684332393818E+03
 0.13691149983235E+03
 0.13698207453238E+03
 0.13705512090290E+03
 0.13713071629990E+03
 0.13720894298477E+03
 0.13728988838216E+03
 0.13737364545430E+03
 0.13746031307618E+03
 0.13754999615327E+03
 0.13764280636159E+03
 0.13773886235376E+03
 0.13783829016695E+03
 0.13794122375134E+03
 0.13804780541296E+03
 0.13815818625627E+03
 0.13827252686863E+03
 0.13839099777609E+03
 0.13851378006954E+03
 0.13864106607958E+03
 0.13877306009868E+03
 0.13890997905538E+03
 0.13905205339946E+03
 0.13919952786238E+03
 0.13935266244753E+03
 0.13951173336384E+03
 0.13967703416608E+03
 0.13984887652216E+03
 0.14002759190543E+03
 0.14021353256153E+03
 0.14040707288884E+03
 0.14060861091283E+03
 0.14081856979721E+03
 0.14103739945143E+03
 0.14126557821875E+03
 0.14150361467085E+03
 0.14175204943597E+03
 0.14201145718671E+03
 0.14228244859608E+03
 0.14256567237476E+03
 0.14286181741940E+03
 0.14317161483684E+03
 0.14349584008148E+03
 0.14383531514059E+03
 0.14419090977700E+03
 0.14456354433411E+03
 0.14495419071504E+03
 0.14536387378868E+03
 0.14579367242849E+03
 0.14624471998716E+03
 0.14671820425661E+03
 0.14721536671949E+03
 0.14773750098929E+03
 0.14828595029102E+03
 0.14886210374556E+03
 0.14946739139103E+03
 0.15010327772668E+03
 0.15077125367236E+03
 0.15147282661277E+03
 0.15220950885729E+03
 0.15298280273367E+03
 0.15379419122306E+03
 0.15464511208987E+03
 0.15553694551211E+03
 0.15647099384459E+03
 0.15744846072412E+03
 0.15847043164555E+03
 0.15953785338737E+03
 0.16065151468191E+03
 0.16181202791599E+03
 0.16301981215824E+03
 0.16427507863104E+03
 0.16557781876511E+03
 0.16692779561350E+03
 0.16832453935438E+03
 0.16976734715469E+03
 0.17125528773197E+03
 0.17278721083033E+03
 0.17436176104759E+03
 0.17597739584078E+03
 0.17763240633782E+03
 0.17932494215974E+03
 0.18105303457246E+03
 0.18281462326693E+03
 0.18460758138042E+03
 0.18642973955267E+03
 0.18827890862722E+03
 0.19015290005118E+03
 0.19204954444274E+03
 0.19396670719178E+03
 0.19590230222695E+03
 0.19785430286362E+03
 0.19982075079676E+03
 0.20179976273306E+03
 0.20378953622946E+03
 0.20578835178572E+03
 0.20779457505186E+03
 0.20980665791864E+03
 0.21182313842031E+03
 0.21384263842754E+03
 0.21586386214636E+03
 0.21788559525068E+03
 0.21990670036752E+03
 0.22192611523807E+03
 0.22394284760978E+03
 0.22595597547741E+03
 0.22796464033099E+03
 0.22996804462355E+03
 0.23196545129145E+03
 0.23395617573688E+03
 0.23593958637436E+03
 0.23791510070227E+03
 0.23988218164431E+03
 0.24184033538144E+03
 0.24378910882223E+03
 0.24572808706724E+03
 0.24765689038676E+03
 0.24957517236560E+03
 0.25148261847499E+03
 0.25337894272640E+03
 0.25526388671203E+03
 0.25713721795107E+03
 0.25899872726695E+03
 0.26084822809145E+03
 0.26268555438575E+03
 0.26451055996271E+03
 0.26632311634327E+03
 0.26812311219209E+03
 0.26991045187765E+03
 0.27168505425989E+03
 0.27344685218601E+03
 0.27519579095183E+03
 0.27693182787620E+03
 0.27865493114622E+03
 0.28036507932663E+03
 0.28206226042336E+03
 0.28374647133213E+03
 0.28541771706930E+03
 0.28707601039028E+03
 0.28872137106443E+03
 0.29035382531356E+03
 0.29197340557104E+03
 0.29358014967439E+03
 0.29517410086017E+03
 0.29675530691931E+03
 0.29832382025054E+03
 0.29987969714304E+03
 0.30142299767698E+03
 0.30295378542581E+03
 0.30447212696905E+03
 0.30597809183538E+03
 0.30747175212397E+03
 0.30895318248629E+03
 0.31042245962186E+03
 0.31187966211890E+03
 0.31332487042092E+03
 0.31475816663055E+03
 0.31617963428379E+03
 0.31758935798165E+03
 0.31898742374946E+03
 0.32037391845065E+03
 0.32174892976738E+03
 0.32311254632187E+03
 0.32446485723016E+03
 0.32580595212784E+03
 0.32713592123748E+03
 0.32845485501568E+03
 0.32976284421429E+03
 0.33105997976445E+03
 0.33234635278002E+03
 0.33362205436552E+03
 0.33488717560731E+03
 0.33614180759181E+03
 0.33738604124710E+03
 0.33861996726859E+03
 0.33984367620744E+03
 0.34105725835485E+03
 0.34226080367469E+03
 0.34345440176142E+03
 0.34463814186448E+03
 0.34581211287004E+03
 0.34697640315429E+03
 0.34813110066086E+03
 0.34927629288316E+03
 0.35041206677797E+03
 0.35153850875298E+03
 0.35265570468768E+03
 0.35376373992559E+03
 0.35486269915631E+03
 0.35595266655242E+03
 0.35703372564654E+03
 0.35810595933997E+03
 0.35916944992536E+03
 0.36022427904884E+03
 0.36127052772227E+03
 0.36230827628452E+03
 0.36333760442663E+03
 0.36435859116470E+03
 0.36537131486572E+03
 0.36637585323379E+03
 0.36737228325765E+03
 0.36836068126486E+03
 0.36934112291953E+03
 0.37031368317634E+03
 0.37127843637471E+03
 0.37223545608775E+03
 0.37318481525938E+03
 0.37412658612895E+03
 0.37506084026061E+03
 0.37598764856651E+03
 0.37690708126279E+03
 0.37781920794724E+03
 0.37872409744501E+03
 0.37962181796981E+03
 0.38051243709495E+03
 0.38139602167364E+03
 0.38227263797474E+03
 0.38314235155664E+03
 0.38400522734500E+03
 0.38486132965819E+03
 0.38571072211058E+03
 0.38655346776058E+03
