-0.74713219193117E-07
-0.18678304798206E-07
-0.83014687991879E-08
-0.46695856879029E-08
-0.29979315550040E-08
-0.23160499061058E-08
-0.18056249864848E-08
-0.62529568803603E-09
-0.15189472972894E-08
-0.69467334377719E-09
-0.89740736867368E-09
-0.53427190824258E-09
-0.52116914321506E-09
-0.20377929549522E-09
 0.10422381511165E-08
 0.45883235719240E-08
 0.14944854504114E-07
 0.41071197242667E-07
 0.10021896458356E-06
 0.22213217815163E-06
 0.45487057913861E-06
 0.87016868092736E-06
 0.15706040617868E-05
 0.27399277558854E-05
 0.46796916989521E-05
 0.69868206835623E-05
 0.10684658133812E-04
 0.15855924613082E-04
 0.22906012724068E-04
 0.32300979117339E-04
 0.44565597303616E-04
 0.60280135395463E-04
 0.80075164786945E-04
 0.10462558182074E-03
 0.13464351137592E-03
 0.17087039103888E-03
 0.21406943767850E-03
 0.26501815235305E-03
 0.32450134472537E-03
 0.39330504332958E-03
 0.47221146948658E-03
 0.56199491900822E-03
 0.66341894515787E-03
 0.77723442270344E-03
 0.90417900875444E-03
 0.10449771843715E-02
 0.12003411932093E-02
 0.13709728111725E-02
 0.15575655403805E-02
 0.17608071947208E-02
 0.19813828495902E-02
 0.22199778648307E-02
 0.24772678331214E-02
 0.27540026508219E-02
 0.30508021663645E-02
 0.33684352754344E-02
 0.37076256868692E-02
 0.40691174530817E-02
 0.44536763013195E-02
 0.48620881699275E-02
 0.52951603205672E-02
 0.57537225108505E-02
 0.62386274546219E-02
 0.67507514138402E-02
 0.72909944253084E-02
 0.78602801979951E-02
 0.84595072384159E-02
 0.90898181259703E-02
 0.97518707357425E-02
 0.10447281328710E-01
 0.11176219153773E-01
 0.11940484414857E-01
 0.12740860425739E-01
 0.13578448349582E-01
 0.14454382438241E-01
 0.15369793635930E-01
 0.16325829935717E-01
 0.17323655394016E-01
 0.18364449104807E-01
 0.19449405478196E-01
 0.20579732970480E-01
 0.21756653827066E-01
 0.22981403636726E-01
 0.24255231120511E-01
 0.25579396195386E-01
 0.26955175382492E-01
 0.28383849128964E-01
 0.29866717615186E-01
 0.31405084357799E-01
 0.33000311745729E-01
 0.34653382661210E-01
 0.36366178997432E-01
 0.38140408197413E-01
 0.39975862367937E-01
 0.41875361786064E-01
 0.43839580828326E-01
 0.45870169161731E-01
 0.47968423043046E-01
 0.50135716846399E-01
 0.52373427802217E-01
 0.54682925358073E-01
 0.57065574079451E-01
 0.59522726133117E-01
 0.62055718906743E-01
 0.64665870837846E-01
 0.67354470341360E-01
 0.70122774912997E-01
 0.72971829433770E-01
 0.75903592959327E-01
 0.78917147995153E-01
 0.82016698071844E-01
 0.85200732679712E-01
 0.88469915026473E-01
 0.91826628868385E-01
 0.95270476225925E-01
 0.98801871676249E-01
 0.10242106859827E+00
 0.10612800757496E+00
 0.10992235059007E+00
 0.11380344146629E+00
 0.11777025497026E+00
 0.12182134898930E+00
 0.12595480260263E+00
 0.13016815908530E+00
 0.13445844924417E+00
 0.13882180301495E+00
 0.14325270618088E+00
 0.14774932709790E+00
 0.15230223793246E+00
 0.15690430736220E+00
 0.16155025089672E+00
 0.16622896219143E+00
 0.17093162204451E+00
 0.17564736966704E+00
 0.18036472424805E+00
 0.18507148977372E+00
 0.18975487375265E+00
 0.19440163906951E+00
 0.19899867923933E+00
 0.20353180912831E+00
 0.20798577379522E+00
 0.21235081892717E+00
 0.21661366124491E+00
 0.22075687924508E+00
 0.22477368524522E+00
 0.22864952779757E+00
 0.23237368003836E+00
 0.23593512970905E+00
 0.23932315886964E+00
 0.24252729058099E+00
 0.24553722613681E+00
 0.24834289201179E+00
 0.25093448227542E+00
 0.25330257873443E+00
 0.25543832524285E+00
 0.25733365678814E+00
 0.25898157027582E+00
 0.26037642708290E+00
 0.26151426153117E+00
 0.26239307659624E+00
 0.26301303446804E+00
 0.26337657788388E+00
 0.26348989610085E+00
 0.26335935346750E+00
 0.26299566444963E+00
 0.26241110719929E+00
 0.26161998230403E+00
 0.26063823011499E+00
 0.25948302014611E+00
 0.25817236070837E+00
 0.25672469349080E+00
 0.25515851446676E+00
 0.25349202901815E+00
 0.25174276829858E+00
 0.24992763351095E+00
 0.24806283795226E+00
 0.24616136082509E+00
 0.24423872988329E+00
 0.24230545565152E+00
 0.24037262180979E+00
 0.23844972314893E+00
 0.23654487247955E+00
 0.23466504065354E+00
 0.23281608907146E+00
 0.23100285592439E+00
 0.22922924650452E+00
 0.22749832570906E+00
 0.22581240838669E+00
 0.22417314831502E+00
 0.22258162114372E+00
 0.22103840317358E+00
 0.21954364348125E+00
 0.21809713012988E+00
 0.21669833023835E+00
 0.21534663615258E+00
 0.21404079048531E+00
 0.21277973024835E+00
 0.21156257241268E+00
 0.21038758770433E+00
 0.20925352373872E+00
 0.20815892071252E+00
 0.20710231162879E+00
 0.20608222450971E+00
 0.20509719222627E+00
 0.20414576598957E+00
 0.20322652290170E+00
 0.20233807251112E+00
 0.20147906317113E+00
 0.20064818458588E+00
 0.19984417207502E+00
 0.19906580770593E+00
 0.19831192170540E+00
 0.19758139234752E+00
 0.19687314656157E+00
 0.19618615941680E+00
 0.19551945314724E+00
 0.19487209567721E+00
 0.19424320046471E+00
 0.19363192369667E+00
 0.19303746318881E+00
 0.19245905782956E+00
 0.19189598495944E+00
 0.19134755788428E+00
 0.19081312670030E+00
 0.19029207372067E+00
 0.18978381279272E+00
 0.18928779016461E+00
 0.18880347909544E+00
 0.18833038143298E+00
 0.18786802506236E+00
 0.18741596006505E+00
 0.18697375249864E+00
 0.18654099452947E+00
 0.18611746131020E+00
 0.18570238822465E+00
 0.18529590035488E+00
 0.18489734662401E+00
 0.18450660419022E+00
 0.18412327536182E+00
 0.18374711038201E+00
 0.18337784392226E+00
 0.18301522280220E+00
 0.18265900663495E+00
 0.18230896706067E+00
 0.18196488730958E+00
 0.18162655958561E+00
 0.18129378743442E+00
 0.18096638306921E+00
 0.18064416711085E+00
 0.18032696955648E+00
 0.18001462814620E+00
 0.17970698699332E+00
 0.17940389808668E+00
 0.17910522042904E+00
 0.17881081876909E+00
 0.17852056380749E+00
 0.17823433268010E+00
 0.17795200693945E+00
 0.17767347373259E+00
 0.17739862511613E+00
 0.17712735763442E+00
 0.17685957165805E+00
 0.17659517241307E+00
 0.17633406905055E+00
 0.17607617383572E+00
 0.17582140289582E+00
 0.17556967540492E+00
 0.17532091476142E+00
 0.17507504608257E+00
 0.17483199820536E+00
 0.17459170219318E+00
 0.17435409184695E+00
 0.17411910409351E+00
 0.17388667689614E+00
 0.17365675215731E+00
 0.17342927250367E+00
 0.17320418320825E+00
 0.17298143166990E+00
 0.17276096628819E+00
 0.17254273885783E+00
 0.17232670213496E+00
 0.17211280935321E+00
 0.17190101525131E+00
 0.17169127784773E+00
 0.17148355703863E+00
 0.17127781217577E+00
 0.17107400426491E+00
 0.17087209384442E+00
 0.17067204659182E+00
 0.17047382825215E+00
 0.17027740426128E+00
 0.17008273858264E+00
 0.16988980293355E+00
 0.16969856580111E+00
 0.16950899456393E+00
 0.16932106114204E+00
 0.16913473862712E+00
 0.16894999701809E+00
 0.16876681168293E+00
 0.16858515512034E+00
