-0.19845543056434E-08
-0.79382172225433E-08
-0.17860988750692E-07
-0.31752931727674E-07
-0.49765886069557E-07
-0.68496020360327E-07
-0.11788190114520E-06
-0.10775111580788E-06
-0.20658142499781E-06
-0.20727006942118E-06
-0.27244446278161E-06
-0.33464244547687E-06
-0.36637316451907E-06
-0.51411479550559E-06
-0.42416132425456E-06
-0.46182305244508E-06
-0.53490599874549E-06
-0.65949756709947E-06
-0.45080858674930E-06
-0.73889643944368E-06
-0.32783823339857E-06
-0.83469286072622E-07
 0.67177121730350E-06
 0.76540282824214E-03
 0.10507218197889E-02
 0.60683834159429E-05
 0.89682244297683E-05
 0.13993717477339E-04
 0.21270962945114E-04
 0.30686009507940E-04
 0.42161579004104E-04
 0.58346407711709E-04
 0.78111161635504E-04
 0.10163609934581E-03
 0.13175692612864E-03
 0.16835574460152E-03
 0.21082124954450E-03
 0.26200042398830E-03
 0.32205133344269E-03
 0.38995898744153E-03
 0.46906688348332E-03
 0.55870893194986E-03
 0.66078921279301E-03
 0.77434669855786E-03
 0.90037364983640E-03
 0.10429022484047E-02
 0.11994237696044E-02
 0.13709301443746E-02
 0.15592238566281E-02
 0.17635668879526E-02
 0.19840319815766E-02
 0.22292027096225E-02
 0.22184458721768E-02
 0.42083051312052E-02
 0.36566252934150E-02
 0.33983721905274E-02
 0.37489863912974E-02
 0.41219192334718E-02
 0.45181801843737E-02
 0.49417601767047E-02
 0.53894252581221E-02
 0.58725980280357E-02
 0.63821937129084E-02
 0.69184631438233E-02
 0.74884022238577E-02
 0.80962004571647E-02
-0.19236214776345E-01
 0.38194093440488E-01
-0.11895753154196E-01
 0.48888446007745E-01
-0.19933133822723E-01
-0.59195773021694E-02
 0.13346562502754E-01
 0.14228079154912E-01
 0.15199214727913E-01
 0.16171791833831E-01
 0.17201327732624E-01
 0.18310879904143E-01
 0.19439709913147E-01
 0.20597041403289E-01
 0.21798493822585E-01
 0.23083973706887E-01
 0.24487253526333E-01
 0.25613321078711E-01
 0.27251093495255E-01
 0.28560290711215E-01
 0.29624679223614E-01
 0.31738802659647E-01
 0.32126816486035E-01
-0.61148827949820E-02
 0.34735956333146E-04
-0.12093548645923E+00
 0.30676673059264E+00
-0.16306611863522E+00
 0.17553963217946E+00
 0.46897614823684E-01
 0.48154950161911E-01
 0.50771793427597E-01
 0.52690583658417E-01
 0.55541345222799E-01
 0.57482306345502E-01
 0.60539886646650E-01
 0.63513030916911E-01
 0.65616299381062E-01
 0.69523609794135E-01
 0.73023814605193E-01
 0.75931601677976E-01
-0.58287843118233E+00
 0.76497974804966E+00
-0.73675714407187E+00
 0.51634996751081E+00
 0.38519722955960E+00
-0.70095281851607E+00
-0.33530439822730E+00
 0.11872782419444E+00
 0.12778912153050E+00
 0.13554117484041E+00
 0.14531454058289E+00
 0.15589621708320E+00
 0.16980561869561E+00
 0.18274704509087E+00
 0.19862717844040E+00
 0.21471031588304E+00
 0.23353836652843E+00
-0.75480487065778E-01
 0.19771545111902E+01
-0.18414440401776E+01
 0.14332177208367E+01
 0.10485205306276E+01
-0.15547698434982E+01
 0.15704203710008E+01
 0.47192797372124E+00
 0.51286880221502E+00
 0.55958480820780E+00
 0.60095761872168E+00
 0.64847591607649E+00
 0.69277598271580E+00
 0.71544991421760E+00
 0.46295223171375E+01
 0.51697539741851E+01
-0.54086995004589E+00
-0.25756814735372E+01
 0.21738416602789E+01
-0.41980790862584E+01
 0.49097859451156E+00
 0.32697689494618E+00
 0.14489279802749E+00
-0.93377732367597E-01
-0.37620561387901E+00
-0.65168500693871E+00
-0.97268374497026E+00
-0.12962815053904E+01
-0.16132082537397E+01
-0.19053558136595E+01
-0.21602169429658E+01
-0.23571174481430E+01
-0.24831712188662E+01
-0.25290698536565E+01
-0.24887931240285E+01
-0.23610011376171E+01
-0.52161707990804E+01
-0.44749342929165E+01
-0.22080473539956E+01
-0.11986231224811E+01
-0.83654986821946E+00
-0.46340502395144E+00
-0.15533822628376E+00
 0.15626760921654E+00
 0.40883593350134E+00
 0.61335669623584E+00
 0.76930480293008E+00
 0.87828803404667E+00
 0.94548204449380E+00
-0.10473745631448E+01
-0.14130670241792E+01
 0.39739508699041E+01
-0.22599925259111E+01
 0.32827290092105E+01
 0.22980364205976E+01
 0.70090454435593E+00
 0.62579450993306E+00
 0.55131117347396E+00
 0.48078621243517E+00
 0.41340916833925E+00
 0.35203412819147E+00
 0.29453626484795E+00
 0.24457295421988E+00
 0.19949514648859E+00
 0.16174687112138E+00
 0.12859703732747E+00
 0.10009608614784E+00
 0.74589420935397E-01
 0.56113915898830E-01
 0.18696500423443E+00
 0.67537528807043E+00
 0.10182564032001E+01
-0.38043949990169E+00
-0.39045501874658E+00
-0.16969319760198E-02
-0.90044339111189E-02
-0.64433554433877E-02
-0.14649582882432E-01
-0.11464905458643E-01
-0.14751953367793E-01
-0.17956683172791E-01
-0.14097812462384E-01
-0.15197032528826E-01
-0.10529298092312E-01
-0.11427277894476E-01
-0.15373132060029E-01
-0.15041530816835E-01
-0.12416719100810E-01
-0.10820076629479E-01
-0.94202020996203E-02
-0.10134369326546E-01
-0.49718180959718E-02
-0.11727212135402E-01
-0.12410604642758E-01
-0.25205522022513E-02
-0.80438189335879E-02
-0.17251548679828E-01
-0.10617406460109E-01
-0.12809731670364E-01
 0.22949437904475E-02
 0.15299368868398E-01
-0.14388349438919E-01
-0.22113496366553E-02
-0.18182719162322E-01
-0.17711910503791E-01
 0.11781264603762E-03
-0.29230260600657E-02
-0.95272385491908E+00
-0.18587395415856E+01
 0.25591943359436E+01
-0.16421906857720E+01
 0.23767033149663E+01
-0.26574245375550E+01
 0.35537813862674E-02
 0.56670261207536E-02
 0.91742666564197E-02
-0.95031062728574E-02
 0.73910190624085E-02
 0.44180204175340E-02
-0.52525625725017E-02
-0.22188150466019E-02
-0.67688961299366E-02
-0.71684579619848E-02
-0.91202378328325E-02
-0.97145287839154E-02
-0.22140766236252E-01
 0.92722173141812E-02
 0.17877784512929E-04
-0.34894920676856E-02
-0.99807211893900E-03
 0.80059869966961E-02
-0.11669100487324E-01
-0.44984508157214E-02
 0.36062176574844E-02
-0.52137485112887E-02
-0.61872120741559E-02
 0.15484517860414E-01
 0.37945383263585E-02
-0.30890046037353E-02
 0.15113614587227E-02
 0.14155963416288E-02
 0.99944727626162E-02
-0.87416461921525E-02
 0.53891577317888E-03
-0.91900243010907E-02
 0.31331555399982E-02
-0.45721419437778E-02
-0.15853289864836E-01
 0.41885395746934E-02
-0.70296303180245E-02
-0.56878203833449E-02
-0.17294769215370E-01
-0.25770775653188E-01
-0.14633590868788E-01
-0.72542545079371E-01
-0.63578263870905E-01
 0.44176679603473E-02
 0.50366220997318E-01
 0.26011079974149E-01
-0.54660895121465E-01
-0.98805789575026E-02
 0.58077565321396E-02
 0.54049666081525E-01
-0.85626967043137E-02
-0.66824133360840E-01
-0.40443963924828E-01
 0.72911731009968E-01
-0.97689416458001E-01
-0.69379616022756E-01
 0.75865512386022E-01
 0.57562855140087E-02
-0.41383786622401E-01
 0.11177293330293E-01
 0.57894800736168E-02
 0.10740681735632E-01
 0.22102319028279E-01
