 0.15778426176810E-09
 0.25245481882797E-08
 0.12780525203144E-07
 0.40392852497333E-07
 0.98923200569012E-07
 0.19720316881770E-06
 0.44567179313193E-06
 0.56532735620545E-06
 0.12966342891357E-05
 0.17081515503866E-05
 0.25957709321002E-05
 0.39012602723171E-05
 0.49575322900288E-05
 0.78558638319354E-05
 0.77993106137050E-05
 0.97668506142361E-05
 0.12583386712454E-04
 0.18589263906359E-04
 0.16147782512977E-04
 0.30954771551959E-04
 0.27780659360133E-04
 0.37021481623495E-04
 0.42216715636849E-04
-0.30195415115825E-01
-0.39628703895822E-01
 0.63398258349924E-04
 0.10926759547412E-03
 0.13276516501545E-03
 0.13234630428039E-03
 0.14311404307735E-03
 0.22190374090047E-03
 0.22271555477347E-03
 0.25511824535778E-03
 0.37537263023588E-03
 0.41847024056099E-03
 0.43450197468108E-03
 0.56750895777137E-03
 0.60951781881799E-03
 0.63821527552026E-03
 0.85043804724503E-03
 0.92941861151447E-03
 0.10855091948465E-02
 0.12068145752429E-02
 0.14063137735459E-02
 0.17588901377566E-02
 0.17649915101210E-02
 0.19510742430143E-02
 0.22322013244559E-02
 0.24650856663410E-02
 0.28730946332601E-02
 0.36728930658024E-02
 0.34298182079046E-02
 0.25810307715418E-01
-0.24951812249674E+00
-0.10343035359666E+00
 0.55767382570257E-02
 0.54463110547362E-02
 0.59973081073331E-02
 0.69505514404573E-02
 0.75609984807913E-02
 0.90387291377131E-02
 0.88124390904422E-02
 0.92232163832461E-02
 0.10828150754409E-01
 0.11831279855764E-01
 0.11304035024546E-01
 0.93550329156973E+01
-0.91183439308952E+01
 0.64580548720644E+01
-0.11291317051864E+02
 0.97767277656144E+01
 0.87384709883196E+01
 0.16086840545411E-01
 0.25481942073871E-01
 0.20072772156591E-01
 0.28777722694999E-01
 0.33059773866383E-01
 0.25023000065751E-01
 0.26096610321385E-01
 0.32511858182036E-01
 0.44805243741410E-01
 0.37779343656952E-01
 0.29536230963444E-01
 0.12754914233897E+00
-0.80103433696416E-02
 0.21118277909553E+00
 0.34127873245079E+00
 0.12420677687304E+00
 0.70789387318403E+00
 0.42009847966855E+02
 0.74786410892068E+01
 0.83028033870897E+02
-0.13966898051012E+03
 0.12944459510876E+03
-0.72948752268399E+02
-0.26461024171145E+00
 0.23266121202881E+00
-0.85925079391812E-02
 0.13945030777621E+00
-0.56983874577983E-01
 0.38665505950426E+00
 0.13324039097344E+00
-0.15910581968767E-01
 0.58334331730958E+00
 0.14841174378636E+00
 0.47244666450667E-01
 0.65209575815204E+00
 0.57638498686027E+03
-0.47736079525371E+03
 0.59874111844417E+03
-0.32841685794039E+03
-0.15457002009081E+03
 0.63091709029566E+03
 0.53305749425996E+03
 0.12580513818067E+01
 0.46444187580553E+00
 0.15592904205539E+01
 0.16419724419360E+01
 0.21905517004283E+01
 0.81345937092169E+00
 0.16629451849744E+01
 0.11044329349897E+01
 0.20333470052259E+01
 0.22355070261872E+01
 0.66574558715106E+03
-0.18557675063950E+04
 0.20770564413284E+04
-0.11340606307465E+04
-0.48097730206768E+03
 0.20187342283904E+04
-0.11911236588714E+04
 0.71012894954352E+01
 0.90926386255375E+01
 0.44742592363309E+01
 0.73247312694481E+01
 0.10643687692061E+01
-0.52658748543578E+01
 0.10109554651685E+02
-0.60783744997500E+04
-0.51883106797874E+04
 0.93691113891898E+03
 0.41361226200519E+04
-0.12027346265398E+04
 0.59971283611130E+04
-0.28082301189285E+02
-0.25608671446199E+02
-0.50149559835882E+02
-0.49176561410927E+02
-0.36384398632431E+02
-0.65315231855487E+02
-0.58529032759283E+02
-0.53413663969456E+02
-0.44074559180172E+02
-0.34575494978974E+02
-0.17081357844254E+02
-0.41997110053442E-01
 0.16838515965344E+02
 0.36346829034226E+02
 0.54369125496170E+02
 0.67317901682931E+02
 0.56996835355838E+04
 0.42889653900809E+04
 0.24751017151976E+04
 0.75084257176012E+02
 0.63699956314947E+02
 0.27842876920400E+02
 0.60857987294259E+02
 0.19822673104041E+02
 0.83267519057629E+01
-0.87833682011397E+00
-0.95499131227382E+01
-0.15090670286290E+02
-0.20181069215006E+02
 0.49398803705970E+04
 0.44601765195628E+04
-0.57114807545226E+04
 0.59092581972459E+04
-0.53372436006923E+04
-0.44620770270606E+04
-0.16489902577426E+02
-0.13616034553739E+02
-0.10922386102428E+02
-0.10649530015911E+02
-0.81734757829318E+01
-0.79762191877986E+01
-0.35669349212229E+01
-0.25258866454791E+01
-0.29518766327470E+00
-0.20351278134462E+01
-0.13568781435535E+01
-0.66314256507842E+00
 0.43818786893915E+01
 0.95849681396617E+00
-0.11131644920500E+04
-0.10653107176184E+04
-0.24307617746020E+04
 0.42493097724976E+03
 0.19709698115167E+04
-0.46234073632074E+01
 0.54161974697186E+01
-0.86539752531827E+01
 0.76328971565733E+01
-0.41643536170164E+01
 0.28780124652995E+01
 0.11819357271434E+02
-0.78102441696422E+00
 0.33793457680783E+01
-0.91540759453920E+01
-0.55205816357266E+01
 0.91489036421836E+01
 0.83551779308111E+01
 0.40084054454728E+01
 0.70553937763567E+00
-0.30972151229302E+01
 0.20734288477978E+01
-0.14504289795357E+02
 0.11073340497821E+02
 0.18589697242528E+02
-0.11753635002023E+02
 0.77875522771385E+01
 0.40410396603418E+02
 0.20020422005113E+02
 0.24831598305424E+02
-0.29321335379618E+02
-0.60993640313018E+02
 0.53130448503384E+02
 0.10957920889911E+01
 0.46912542559529E+02
 0.41111484466997E+02
-0.13552567843978E+02
-0.15943998331429E+01
 0.46766537807069E+04
 0.61521023750414E+04
-0.84992359699066E+04
 0.55965301166739E+04
-0.91438277465125E+04
 0.11144163884306E+05
-0.55047551259910E+01
-0.35294341529694E+02
-0.57968790886178E+02
 0.50683649956471E+02
-0.23357963307814E+02
-0.21562368211544E+02
 0.93675433920353E+01
 0.88053191003385E+01
 0.22182630290570E+02
 0.29553661801304E+02
 0.42749903339642E+02
 0.38006862470954E+02
 0.92710414445553E+02
-0.35149899082746E+02
 0.87438561638978E+01
 0.16263301876351E+02
 0.67301741104012E+01
-0.38406990702635E+02
 0.54754160726874E+02
 0.28456938438144E+02
-0.17217676587617E+02
 0.26143129123185E+02
 0.35690544361080E+02
-0.70983301096140E+02
-0.17119096061823E+02
 0.83990201880718E+01
-0.49614706628259E+01
-0.11021096978580E+01
-0.45569604117024E+02
 0.36379515278122E+02
-0.30081372522514E+01
 0.49590522971199E+02
-0.14365461927670E+02
 0.26990768958159E+02
 0.81470796264094E+02
-0.21261274866281E+02
 0.14052367415656E+02
 0.18470388708334E+02
 0.96727879200978E+02
 0.14342563512924E+03
 0.70657881047507E+02
 0.40698731375696E+03
 0.33385049203251E+03
-0.22305625989016E+02
-0.25752988654904E+03
-0.14533887273562E+03
 0.30213188969367E+03
 0.11279563613910E+02
-0.95974779508351E+00
-0.22572432967897E+03
 0.47338571632230E+02
 0.33580540545364E+03
 0.23252888162415E+03
-0.43785524316238E+03
 0.59775073001426E+03
 0.41069434060116E+03
-0.47986712717408E+03
 0.13485541316353E+02
 0.24124707751015E+03
-0.15258153306910E+02
-0.14298396303694E+03
 0.25380415340694E+02
-0.21900596990440E+02
