-0.97967442179197E+10
-0.61229651361998E+09
-0.12094745948049E+09
-0.38268532101249E+08
-0.15674790748671E+08
-0.75592162175306E+07
-0.40802766421989E+07
-0.23917832563274E+07
-0.14931785121012E+07
-0.97967442177796E+06
-0.66913081191883E+06
-0.47245101349159E+06
-0.34301124651044E+06
-0.25501728971650E+06
-0.19351593444033E+06
-0.14948645234986E+06
-0.11729677650097E+06
-0.93323654464385E+05
-0.75173945577922E+05
-0.61229646709740E+05
-0.50373779709778E+05
-0.41820668218741E+05
-0.35008242652324E+05
-0.29528177231491E+05
-0.25079652051777E+05
-0.21438187615430E+05
-0.18434285043197E+05
-0.15938560699242E+05
-0.13851253467005E+05
-0.12094721119710E+05
-0.10608008901928E+05
-0.93428735380248E+04
-0.82608419470184E+04
-0.73310139395312E+04
-0.65284055544661E+04
-0.58326891908396E+04
-0.52272276912626E+04
-0.46983281094000E+04
-0.42346610222852E+04
-0.38268055699309E+04
-0.34668906900653E+04
-0.31483104709778E+04
-0.28654969925376E+04
-0.26137380395758E+04
-0.23890300514132E+04
-0.21879588995024E+04
-0.20076027629153E+04
-0.18454526430716E+04
-0.16993470288868E+04
-0.15674179678738E+04
-0.14480463730764E+04
-0.13398248412744E+04
-0.12415266056753E+04
-0.11520795188506E+04
-0.10705441764553E+04
-0.99609546225128E+03
-0.92800693009180E+03
-0.86563754649649E+03
-0.80842040391933E+03
-0.75585308456571E+03
-0.70748941084713E+03
-0.66293236427981E+03
-0.62182799178331E+03
-0.58386014877353E+03
-0.54874595325295E+03
-0.51623184567230E+03
-0.48609016617188E+03
-0.45811617480870E+03
-0.43212545197426E+03
-0.40795162584406E+03
-0.38544438180276E+03
-0.36446771549146E+03
-0.34489839678037E+03
-0.32662461676597E+03
-0.30954479387079E+03
-0.29356651852160E+03
-0.27860561877113E+03
-0.26458533164918E+03
-0.25143556712812E+03
-0.23909225332568E+03
-0.22749675311410E+03
-0.21659534358701E+03
-0.20633875094812E+03
-0.19668173434056E+03
-0.18758271296172E+03
-0.17900343151904E+03
-0.17090865969778E+03
-0.16326592182235E+03
-0.15604525343930E+03
-0.14921898177418E+03
-0.14276152762058E+03
-0.13664922619501E+03
-0.13086016511617E+03
-0.12537403766049E+03
-0.12017200963697E+03
-0.11523659860867E+03
-0.11055156411334E+03
-0.10610180781551E+03
-0.10187328259746E+03
-0.97852909740616E+02
-0.94028503312067E+02
-0.90388701193444E+02
-0.86922901997159E+02
-0.83621207394602E+02
-0.80474369295424E+02
-0.77473741473518E+02
-0.74611235167834E+02
-0.71879278365626E+02
-0.69270778384453E+02
-0.66779087474215E+02
-0.64397971173828E+02
-0.62121579171058E+02
-0.59944418464058E+02
-0.57861328591204E+02
-0.55867458799110E+02
-0.53958246940512E+02
-0.52129399978999E+02
-0.50376875965503E+02
-0.48696867353784E+02
-0.47085785553801E+02
-0.45540246619160E+02
-0.44057057977312E+02
-0.42633206115603E+02
-0.41265845151025E+02
-0.39952286212996E+02
-0.38689987573736E+02
-0.37476545470364E+02
-0.36309685563016E+02
-0.35187254981619E+02
-0.34107214918601E+02
-0.33067633723036E+02
-0.32066680460332E+02
-0.31102618904690E+02
-0.30173801932519E+02
-0.29278666286193E+02
-0.28415727683761E+02
-0.27583576249871E+02
-0.26780872246087E+02
-0.26006342081485E+02
-0.25258774583601E+02
-0.24537017514227E+02
-0.23839974314470E+02
-0.23166601063725E+02
-0.22515903642373E+02
-0.21886935081813E+02
-0.21278793092475E+02
-0.20690617759671E+02
-0.20121589390462E+02
-0.19570926506956E+02
-0.19037883965883E+02
-0.18521751203812E+02
-0.18021850586556E+02
-0.17537535850524E+02
-0.17068190635232E+02
-0.16613227086139E+02
-0.16172084520880E+02
-0.15744228157339E+02
-0.15329147886045E+02
-0.14926357092421E+02
-0.14535391523894E+02
-0.14155808192564E+02
-0.13787184320640E+02
-0.13429116331061E+02
-0.13081218872190E+02
-0.12743123889589E+02
-0.12414479733771E+02
-0.12094950315921E+02
-0.11784214305304E+02
-0.11481964362730E+02
-0.11187906420675E+02
-0.10901759001172E+02
-0.10623252572066E+02
-0.10352128939047E+02
-0.10088140674371E+02
-0.98310505765678E+01
-0.95806311624710E+01
-0.93366641888089E+01
-0.90989401988307E+01
-0.88672580983544E+01
-0.86414247511166E+01
-0.84212546010006E+01
-0.82065693107341E+01
-0.79971974239013E+01
-0.77929740428923E+01
-0.75937405232346E+01
-0.73993441875625E+01
-0.72096380505407E+01
-0.70244805600393E+01
-0.68437353528602E+01
-0.66672710211312E+01
-0.64949608919632E+01
-0.63266828182122E+01
-0.61623189811532E+01
-0.60017557022212E+01
-0.58448832650899E+01
-0.56915957471658E+01
-0.55417908602771E+01
-0.53953697987677E+01
-0.52522370961342E+01
-0.51123004891171E+01
-0.49754707881675E+01
-0.48416617554077E+01
-0.47107899875647E+01
-0.45827748059847E+01
-0.44575381508415E+01
-0.43350044814825E+01
-0.42151006808068E+01
-0.40977559642630E+01
-0.39829017937516E+01
-0.38704717936794E+01
-0.37604016733791E+01
-0.36526291504714E+01
-0.35470938785216E+01
-0.34437373790674E+01
-0.33425029734393E+01
-0.32433357208200E+01
-0.31461823562581E+01
-0.30509912332050E+01
-0.29577122659451E+01
-0.28662968776336E+01
-0.27766979465813E+01
-0.26888697579866E+01
-0.26027679550982E+01
-0.25183494938780E+01
-0.24355725983069E+01
-0.23543967182271E+01
-0.22747824880260E+01
-0.21966916872299E+01
-0.21200872027207E+01
-0.20449329920985E+01
-0.19711940482283E+01
-0.18988363657195E+01
-0.18278269077274E+01
-0.17581335751189E+01
-0.16897251751022E+01
-0.16225713930294E+01
-0.15566427636101E+01
-0.14919106434364E+01
-0.14283471855117E+01
-0.13659253130928E+01
-0.13046186960055E+01
-0.12444017266408E+01
-0.11852494971414E+01
-0.11271377781349E+01
-0.10700429966181E+01
-0.10139422163872E+01
-0.95881311777776E+00
-0.90463397880154E+00
-0.85138365687550E+00
-0.79904157091503E+00
-0.74758768424336E+00
-0.69700248808211E+00
-0.64726698555594E+00
-0.59836267617322E+00
-0.55027154094948E+00
-0.50297602797834E+00
-0.45645903850249E+00
-0.41070391344246E+00
-0.36569442038067E+00
-0.32141474082472E+00
-0.27784945839221E+00
-0.23498354662405E+00
-0.19280235790524E+00
-0.15129161236044E+00
-0.11043738714592E+00
-0.70226106143945E-01
-0.30644530193124E-01
 0.83202528128497E-02
 0.46680837096821E-01
 0.84449508063303E-01
 0.12163825117998E+00
 0.15825876030007E+00
 0.19432244559956E+00
 0.22984044219362E+00
 0.26482361724908E+00
 0.29928257751375E+00
 0.33322767671308E+00
 0.36666902242479E+00
 0.39961648300947E+00
 0.43207969361667E+00
 0.46406806323838E+00
 0.49559078058270E+00
 0.52665681990228E+00
 0.55727494686728E+00
 0.58745372426234E+00
 0.61720151756303E+00
 0.64652649953831E+00
 0.67543665632422E+00
 0.70393979179733E+00
 0.73204353229627E+00
 0.75975533146647E+00
 0.78708247496890E+00
 0.81403208473319E+00
 0.84061112335822E+00
 0.86682639762870E+00
 0.89268456314744E+00
 0.91819212820665E+00
 0.94335545759739E+00
 0.96818077595512E+00
 0.99267417128450E+00
