   6.46114229515578832787994501293249882      
   6.46114229515578832787994503858969363      
   6.46114229515578832787994507460013469      
   6.46114229515578832786445253264715027      
   6.46114229515578830736877830827186993      
   6.46114229515578543430523330540439219      
   6.46114229515567986084553771007322493      
   6.46114229515405411085426356472454014      
   6.46114229514024780706460362767394699      
   6.46114229506340386795102933793443357      
   6.46114229474944116454470083059292868      
   6.46114229373255762115413651934277088      
   6.46114229097773987430440871083003986      
   6.46114228449084290521698331343000778      
   6.46114227083410622851520688588416322      
   6.46114224455776934422383362106688992      
   6.46114219769051490562596103437252998      
   6.46114211915224511955478882083815896      
   6.46114199424398482975144508081220078      
   6.46114180423515006105650787203937281      
   6.46114152603598704086698013213829260      
   6.46114113198128040985720284891297702      
   6.46114058973777470874645122051166145      
   6.46113986234533604283590591631320647      
   6.46113890839867028274201449198704855      
   6.46113768237129840442096478874288399      
   6.46113613507631703286127238444985441      
   6.46113421424969739625692814664389000      
   6.46113186523263751522405656878305507      
   6.46112903170845935421520553027725806      
   6.46112565648692616743303185797027930      
   6.46112168231880268246158828982799494      
   6.46111705253607303092625550707041088      
   6.46111171170086996370741523346884461      
   6.46110560609658057804098943777169938      
   6.46109868407108499113726738500533687      
   6.46109089620427534910247406228538320      
   6.46108219535849253147423740057475943      
   6.46107253644967481060623528233042691      
   6.46106187630222287675643044996541120      
   6.46105017297196409773443050496370389      
   6.46103738527138765882180441821871017      
   6.46102347207939230215905869771594217      
   6.46100839159542462994020766345685384      
   6.46099210054391794986356523765298178      
   6.46097455333802754234298377440333314      
   6.46095570124069798604284011172980919      
   6.46093549166426247648545776873535096      
   6.46091386737133356350068679440308566      
   6.46089076567770947910466351509764486      
   6.46086611787524461569646448275161909      
   6.46083984863972063848976354131997855      
   6.46081187554356269038014249629739299      
   6.46078210862145455023725200635304248      
   6.46075045002600373198852967512492574      
   6.46071679381150322948304795960075507      
   6.46068102570362479346367639408617388      
   6.46064302305961456396671223065647982      
   6.46060265471626592205984631213365057      
   6.46055978104973501826605218619858100      
   6.46051425403141834775711683569445094      
   6.46046591738510689466188992083316211      
   6.46041460664175783193589418853841814      
   6.46036014948076932360333461687113293      
   6.46030236579902395299541270708540984      
   6.46024106796313593914057430191924630      
   6.46017606101731963417695551477325801      
   6.46010714300056750971022914961235067      
   6.46003410515678810490087838273548502      
   6.45995673206841732521136246150366078      
   6.45987480196058963186699008525191706      
   6.45978808689562341209264052203322074      
   6.45969635286516373254136405898638789      
   6.45959935997073512012637674338379332      
   6.45949686255340475657536136303179025      
   6.45938860921211900638596928250668230      
   6.45927434282300022528402170356860122      
   6.45915380059174504951511075427055293      
   6.45902671405682004438738653455911817      
   6.45889280884375769086798973675169385      
   6.45875180458115361928949664100238289      
   6.45860341468356880780192381007070657      
   6.45844734611469003740192080612465273      
   6.45828329908816783540935679836786460      
   6.45811096669580970838629536321136769      
   6.45793003442947651302073041799467433      
   6.45774017979975518232479497986480755      
   6.45754107163475205060489421633956652      
   6.45733236997159274073754117671228209      
   6.45711372471999440790352096814324882      
   6.45688477535993439952407269604203560      
   6.45664514965329502430441189417925046      
   6.45639446385613104438709311547603062      
   6.45613232040114038126356647059830981      
   6.45585830714344291686248740106311909      
   6.45557199812163329946181067729254998      
   6.45527294996323745726555029057831201      
   6.45496070203533034730128493630345605      
   6.45463477360588717291190970087792175      
   6.45429466523943025933636682663181042      
   6.45393985434828565114626517868381495      
   6.45356979484407505058631110134066556      
   6.45318391576607253461645393450709196      
   6.45278161885130273148464013694098387      
   6.45236227675507930458575929515705554      
   6.45192523071101262903525063192099634      
   6.45146978877562797600327973469384293      
   6.45099522363490149455634575104235058      
   6.45050076938254958001023126795172161      
   6.44998561899114422592852529875383099      
   6.44944892235859964603118881375518815      
   6.44888978244312468555015093414965716      
   6.44830725179948256161834072517363687      
   6.44770033052952278223215630382100156      
   6.44706796093320483123270367576049373      
   6.44640902465092169394950514920415417      
   6.44572233850889800672255724845991832      
   6.44500664945442802383213830199928563      
   6.44426062993688191207603177656471814      
   6.44348287326234281302661740880300816      
   6.44267188744540760009391810393816296      
   6.44182608941017402776530324015663926      
   6.44094379920964484115703713994671631      
   6.44002323210336017576810405025424356      
   6.43906249216769965335722762000350634      
   6.43805956358826982880850794293359127      
   6.43701230230966084313861889675409357      
   6.43591842670168264686324564295780998      
   6.43477550732122961647408212765786044      
   6.43358095598540810298736028210943007      
   6.43233201387597460715433166522206979      
   6.43102573855058208986382667445367125      
   6.42965898989950526270131025262890536      
   6.42822841480338574851620728098890982      
   6.42673043051889560332097110112925033      
   6.42516120649230082993338390137591090      
   6.42351664428979709061859203657861098      
   6.42179235644150801409615536853652606      
   6.41998364265042454817610972550636409      
   6.41808546418753198090453762232723544      
   6.41609241588292975553146495265618168      
   6.41399869579772876849872652193396502      
   6.41179807222062973026903293774274361      
   6.40948384797086521655875276008380029      
   6.40704882187288839851153114873154486      
   6.40448524742764505425593582767110935      
   6.40178478889791196512038659909088800      
   6.39893847460517974039569383344957873      
   6.39593664863885582765585740041877418      
   6.39276892063620902840162407268594015      
   6.38942411645119583482295787710606801      
   6.38589022920461260084591677856594367      
   6.38215437436876543983323130509478350      
   6.37820275111516199169823440239765016      
   6.37402061260821608060344199581864703      
   6.36959225234515103103614390727419128      
   6.36490100592024918537405809211148372      
   6.35992927739093554836112367334968580      
   6.35465859142817331326042179787192204      
   6.34906967493704692586641244525112536      
   6.34314256848531476650846729140991571      
   6.33685676551426643078148168342284735      
   6.33019137384699826118847330135256596      
   6.32312529109975796180222723119283864      
   6.31563738483561216954267255785195777      
   6.30770666662605564060805383287369040      
   6.29931244730898220238771703927479543      
   6.29043447075421727647926583131938726      
   6.28105301445834302473369890915216253      
   6.27114896066605803212114014251299089      
   6.26070383542753336641279296419492905      
   6.24969982284285251806434048064901379      
   6.23811975209146429189545143647500268      
   6.22594707203916831069926339621410347      
   6.21316581198181947004069356798536083      
   6.19976053181346480772223807713165965      
   6.18571627395355818237179504801644781      
   6.17101851218350362295432679925334887      
   6.15565309649278070503584780452908463      
   6.13960621182313298326780481185148160      
   6.12286433296436615388291190126416138      
   6.10541418200928296566171266558138789      
   6.08724269811906866015346609238919458      
   6.06833700375911173747724524738557495      
   6.04868437935932926206304186189714235      
   6.02827224018044956260426320328442650      
   6.00708811707598788288717982268944338      
   5.98511963982227486376900883197972537      
   5.96235452370300964025922000441040954      
   5.93878055838738561360188070788347162      
   5.91438559779636053642298558751272126      
   5.88915755297773681148927100042581379      
   5.86308438613856609116838520769782296      
   5.83615410512752695249665097576848450      
   5.80835475962477711425662543103513800      
   5.77967443754036164350646251526319649      
   5.75010126248507311764577997645819032      
   5.71962339095658515141531013684655054      
   5.68822901050013912584439503474544328      
   5.65590633711351911183473358820137514      
   5.62264361312945776979516064634113901      
   5.58842910435442394921354552866420726      
   5.55325109783255616461121121882925306      
   5.51709789816311800547041909429153359      
   5.47995782397557382922789507718408286      
   5.44181920483723652756746598700163609      
   5.40267037559897535864329779216956744      
   5.36249967253963144017905090554197219      
   5.32129542770962388422670841225515283      
   5.27904596418227205889829812941049705      
   5.23573958981702640271165570439345800      
   5.19136459208738632773886213488824261      
   5.14590923108312673769758389112695327      
   5.09936173512893369667836085005451243      
   5.05171029382082448934102442334170190      
   5.00294305274358241620573212420437228      
   4.95304810833025184546006694409746455      
   4.90201350212563616427645956006271580      
   4.84982721648901853475741949753534789      
   4.79647716971492126084077995206580140      
   4.74195121225297003376036273227847566      
   4.68623712273255219836834634561388794      
   4.62932260471285392046982917656469905      
   4.57119528363457153067128448350457082      
   4.51184270467984031140937099223432649      
   4.45125233039942706246501938231583828      
   4.38941153842495338487981724319609465      
   4.32630762082792937873034626196175315      
   4.26192778202288367908943288946485813      
   4.19625913885449779909485066492974703      
   4.12928871902841749077367274143319732      
   4.06100346092888139554993330406445615      
   3.99139021339695143627512072453626758      
   3.92043573585686756322512290441271287      
   3.84812669764664395800052171203890371      
   3.77444967927788824677375503946884224      
   3.69939117120699010231528622876755677      
   3.62293757601520299449389076295651885      
   3.54507520687296839714093876324697411      
   3.46579028965950223778492412171163459      
   3.38506896240450464255011537627988894      
   3.30289727636174215050455790120896803      
   3.21926119604395510815752865103880613      
   3.13414660066174016779643632044962301      
   3.04753928391397303380015171458945431      
   2.95942495474728279486631420126219955      
   2.86978923811487680400752384788404850      
   2.77861767556432125586814916486707136      
   2.68589572550878223549408619609747454      
   2.59160876408259772560567703337779132      
   2.49574208524569983911014942748001090      
   2.39828090206565853503357146770525070      
   2.29921034631629102411024640178165215      
   2.19851546959267369519389864479803963      
   2.09618124338146993517560761485085712      
   1.99219255984709143166402146638116254      
   1.88653423191217524321534357901311725      
   1.77919099378595821661271233883420411      
   1.67014750141786354963810110303624563      
   1.55938833298916732892046745010454400      
   1.44689798880231941173692666814015127      
   1.33266089198026041045075428812366638      
   1.21666138861493658364453613193907096      
   1.09888374829346398568372967284176904      
  0.979312164190456958743289960227009618      
  0.857930753122838995212348032005616703      
  0.734723556061449830760476938619655216      
  0.609674539156624160461954417338014947      
  0.482767591818136434376761136632302342      
  0.353986529599510423429104620122244889      
  0.223315091453185771206571656892238402      
   9.07369435236636827628514908163090391E-0002
  -4.37643242214587403332032171103127529E-0002
 -0.180205195409436115616732270681400843      
 -0.318602228543746495450641835742363641      
 -0.458972055427526163175495127378490197      
 -0.601331383292444939276682931370408758      
 -0.745696990824821893451522028426490271      
 -0.892085733197323198134125416197381985      
  -1.04051453662768465173712482859787205      
  -1.19100040234568519219680573452596841      
  -1.34356040445829352635958709491083692      
  -1.49821168989489234898496210983009676      
  -1.65497147981776158980775762673603365      
  -1.81385706636796281786819703708655516      
  -1.97488581729073932661244373824914096      
  -2.13807517062655212077211612252583870      
  -2.30344263830644050983080476324725539      
  -2.47100580546754117256474778561603845      
  -2.64078232795033952449223607673254776      
  -2.81278993561092193284104397829948476      
  -2.98704643161256038139528167236633957      
  -3.16356968796403899522666079455478092      
  -3.34237765157860074851519713565700559      
  -3.52348834312687373950373272003111424      
  -3.70691985026978797143512673809089615      
  -3.89269033667575955448010599523158814      
  -4.08081803844700814721594017425481598      
  -4.27132125996750931648534039271371279      
  -4.46421837972049684506943268306749490      
