   6.46114229515578832787994501293249882      
   6.46114229515578832787994503858969363      
   6.46114229515578832787994507460013469      
   6.46114229515578832786445253264715027      
   6.46114229515578830736877830827187070      
   6.46114229515578543430523330540439219      
   6.46114229515567986084553771007328040      
   6.46114229515405411085426356473578834      
   6.46114229514024780706460362836879555      
   6.46114229506340386795102935708093437      
   6.46114229474944116454470112343945064      
   6.46114229373255762115413939600883196      
   6.46114229097773987430442878988987648      
   6.46114228449084290521709037045462114      
   6.46114227083410622851566672698393766      
   6.46114224455776934422548986299720487      
   6.46114219769051490563112009092404597      
   6.46114211915224511956902670735735790      
   6.46114199424398482978693802726976432      
   6.46114180423515006113770691793045821      
   6.46114152603598704103984084572399901      
   6.46114113198128111177107955545992575      
   6.46114058973777713846249518842375924      
   6.46113986234534366214380928289803647      
   6.46113890839869218597893617319168819      
   6.46113768237135670624033471346702683      
   6.46113613507646195542485940322620808      
   6.46113421425003626872959023281993812      
   6.46113186523338759754121052892922857      
   6.46112903171003955979732949998590717      
   6.46112565649010965658466608757285394      
   6.46112168232496115917228271446610391      
   6.46111705254755456663748431081789094      
   6.46111171172156538066991400853252588      
   6.46110560613274885282353411305133769      
   6.46109868413252570049995040293486619      
   6.46109089630595570183320916534575691      
   6.46108219552275779814895922871908872      
   6.46107253670919365461258887427897996      
   6.46106187670384291824648497556741918      
   6.46105017358167765986679880427784684      
   6.46103738618063270480338375131854000      
   6.46102347341293877414400234113491069      
   6.46100839352112141971415879349147945      
   6.46099210328460033178923736787489691      
   6.46097455718590886017951442428370238      
   6.46095570657459225556124015093958468      
   6.46093549897000716858443078952032419      
   6.46091387726580201886559060988064005      
   6.46089077893682272564778689826440663      
   6.46086613546641060894425146439435187      
   6.46083987175914613824162843769878439      
   6.46081190565889892106112676936215793      
   6.46078214751901821824173843341904100      
   6.46075049987072017202619754899899050      
   6.46071685720041596061000965092760559      
   6.46068110574026698375729131700456847      
   6.46064312342931714968663319429882810      
   6.46060277977123577103090892489400863      
   6.46055993590304974170149696797630924      
   6.46051444466048610999677020570860692      
   6.46046615074515279505742932197657525      
   6.46041489078990062633922131559192648      
   6.46036049371128060059615391523464512      
   6.46030278079033152796265327490258167      
   6.46024156593719172406550152156347998      
   6.46017665591191162141511758315798175      
   6.46010785065527084379233834191063577      
   6.46003494351304973743496758862383180      
   6.45995772138453197560252126182117606      
   6.45987596504225201870472542504808768      
   6.45978944934260399592638881537081390      
   6.45969794333494346871961037828569997      
   6.45960121045978688176231900180310159      
   6.45949900869684507145570576602073954      
   6.45939109060255716788864607940399322      
   6.45927720334932485631171369342798638      
   6.45915708879896588678204862478581176      
   6.45903048352749943104365462331892435      
   6.45889711860210237527847904629005765      
   6.45875671952088965047356226742833094      
   6.45860900602064119266260707425390426      
   6.45845369186569192885110985887390370      
   6.45829048457593589033116814052156572      
   6.45811908508324906815571060445687069      
   6.45793918728237832693808538314832220      
   6.45775047768336516742171966401418108      
   6.45755263473896738789641487262056983      
   6.45734532877468226668440888779272706      
   6.45712822068162916200913752536933300      
   6.45690096166068339533540206432428373      
   6.45666319196759249494582479426456065      
   6.45641454117223780581225961341664530      
   6.45615462587143433827141733326494217      
   6.45588304901469042222863170257076008      
   6.45559940067113467292778898040774273      
   6.45530325451776322987056905254179832      
   6.45499416803629314009053145850612078      
   6.45467167973008709592812163612409464      
   6.45433531059161139592719612950481938      
   6.45398455970941570535303086627018140      
   6.45361890400072160159643051721067411      
   6.45323779689623074125507419651731498      
   6.45284066601749354658712700532023386      
   6.45242691145605219243643847224753246      
   6.45199590354605898004389850027402142      
   6.45154698119175262912245201639807374      
   6.45107944978401197459955194181564771      
   6.45059257810416604168363663301534752      
   6.45008559585636098350287474114138241      
   6.44955769192613860964180316320285730      
   6.44900801060052624424227405513090538      
   6.44843564826437102817369857308145702      
   6.44783965150505031582058059308917344      
   6.44721901194728377561298954794142863      
   6.44657266356150856361104036737710557      
   6.44589947872297294962567319679992193      
   6.44519826335693568557239191223356048      
   6.44446775254660186039351212850812092      
   6.44370660621712124913202399398895715      
   6.44291340288928531881036195742488170      
   6.44208663488266884194589199796603290      
   6.44122470221483352865052006306395534      
   6.44032590519054855466183017369027844      
   6.43938843852542557534421521191265717      
   6.43841038288956218465406824869984604      
   6.43738969707785302048354127822044674      
   6.43632420907402811466343603275688920      
   6.43521160636150014460507086779657538      
   6.43404942551345925506424165820124667      
   6.43283504090424361051518549494981054      
   6.43156565232775529491451692923842647      
   6.43023827163309999752843514101390754      
   6.42884970809537667708242500182782378      
   6.42739655254872030368125976417756047      
   6.42587515993107844079134581562720034      
   6.42428163055492128102376297470204481      
   6.42261178864688585235539394536403805      
   6.42086116066847023106920244818052236      
   6.41902494994384880471634912781189706      
   6.41709800958781054685127041647900369      
   6.41507481296362956085866184559185249      
   6.41294942129944817789516748299692640      
   6.41071544845732965772276639751664716      
   6.40836602273383424854233496953069381      
   6.40589374519766983017107939776248709      
   6.40329064514156317966756106215288604      
   6.40054813228139059592616248108396134      
   6.39765694618077316165465118907097452      
   6.39460710311732583809879769819572722      
   6.39138784229050634874854344353492977      
   6.38798757126315553961239423724459761      
   6.38439381383638964235470841125033867      
   6.38059316233983915298514502006545116      
   6.37657123912913697840598220963639579      
   6.37231266786664106154507318545703317      
   6.36780106670926658377275541668200828      
   6.36301906021614696833757832422312610      
   6.35794832068821139168669756043422021      
   6.35256964059514157527094245828191344      
   6.34686303818913356169861543999733394      
   6.34080789523835867627659150345970346      
   6.33438312167955793954522653778807439      
   6.32756733979110980309759784237187947      
   6.32033907650426153779313649074757547      
   6.31267695292641625467702225773960625      
   6.30455985755409842810970472089447886      
   6.29596709574141616230543464677358542      
   6.28687850756635380684665750541587578      
   6.27727455094008019368419099516854714      
   6.26713635243008624228471952079702596      
   6.25644572580109743581276292441117362      
   6.24518516739289429811884517485858586      
   6.23333782867004696670300879467735919      
   6.22088747695056780379592872052134991      
   6.20781844829262778605594439991928143      
   6.19411559128255634648122371915020972      
   6.17976421427963759275094304212541783      
   6.16475002893203355784381519310696374      
   6.14905910279802399451640916358623254      
   6.13267781183669651487939339056117758      
   6.11559279643474790987751451960406759      
   6.09779092454337381797915244352384271      
   6.07925925956163359097849632694964822      
   6.05998503044823404259447898281143847      
   6.03995560730050591732954202031394309      
   6.01915848056088242913821044756922913      
   5.99758124297296214587408082375431822      
   5.97521157509702513515689264209883970      
   5.95203723314371035660298826207833023      
   5.92804603833209179328981877219416500      
   5.90322586910826752496205560895298914      
   5.87756465449756270802857650751260205      
   5.85105036884616831375459981506559203      
   5.82367102738555314908013611276977325      
   5.79541468298500279573084742566560396      
   5.76626942326788373192266628533004346      
   5.73622336841381391586286256450485077      
   5.70526466910662188346674308763678874      
   5.67338150453965375156711482377983231      
   5.64056208060018313985966248147603506      
   5.60679462731491335012515769837102613      
   5.57206739732520440308117870242350581      
   5.53636866234537680353589679606217438      
   5.49968671032977984859435917495889718      
   5.46200984279998245344519567114161740      
   5.42332636957815296645748270636344134      
   5.38362460544701748316646835051970778      
   5.34289286469821604995311185755975299      
   5.30111945694577832971726451452567109      
   5.25829268090567227654252218949745999      
   5.21440081949018054025040915143767189      
   5.16943213322954085020110832580168401      
   5.12337485514603242199422277582311984      
   5.07621718478899358821598366742131327      
   5.02794728188750353857624338663809837      
   4.97855326191291435620828970757114849      
   4.92802318964720302453023958925305806      
   4.87634507460332910071438360502409854      
   4.82350686625424165145277383221076965      
   4.76949644943232051954412659410015110      
   4.71430164048233192747077138218544235      
   4.65791018366391417122491893930114523      
   4.60030974724764478549395839994379579      
   4.54148792140106428667939278807760492      
   4.48143221581193008173334853042089781      
   4.42013005649361797952945561153344842      
   4.35756878502986622728696660158643825      
   4.29373565663587590096674200627243870      
   4.22861783919831376844179743703116148      
   4.16220241213501263909907129199896110      
   4.09447636579390692533737870287379435      
   4.02542660079937825009074215490558430      
   3.95503992854641577623923292263581012      
   3.88330307005119104913782198646409925      
   3.81020265687249480228210448894650923      
   3.73572523029123800472535389149534344      
   3.65985724290270194158096793962652351      
   3.58258505771892240217205900333753020      
   3.50389494936162894391767330396032365      
   3.42377310405574574909063651444119623      
   3.34220562005666118511829107921628927      
   3.25917850919272188050944060961424147      
   3.17467769603496930847036633472182317      
   3.08868901953705072655220621409542762      
   3.00119823272571970231585126764161670      
   2.91219100424793046269874819331253843      
   2.82165291824692489146568875583918722      
   2.72956947516083992415442900543795473      
   2.63592609229780247536027832913883440      
   2.54070810419619816498628365789686421      
   2.44390076359819089773587097105812352      
   2.34548924152371140412724607042089956      
   2.24545862805062667552961649346055307      
   2.14379393235963952982409232618707216      
   2.04048008400083760095606428850913981      
   1.93550193247597651012105965521037107      
   1.82884424818036030447641104911708188      
   1.72049172256567074694816553434872411      
   1.61042896890025517621868302915462855      
   1.49864052197272179178129544595895182      
   1.38511083910311431429907249699323652      
   1.26982429995037474607861169432473209      
   1.15276520740824399949788367810386500      
   1.03391778752356045977713027779907322      
  0.913266189365518915091397343786393000      
  0.790794486015174174693387966002147396      
  0.666486675458266102379438866077419382      
  0.540326678525353900850453839753441630      
  0.412298341723750717320085779366104428      
  0.282385434799512336758036044504630444      
  0.150571654498912397987364449919276277      
   1.68406206188234638979646142359648945E-0002
 -0.118824119952061071996375458405344275      
 -0.256439096542028139175893522365542250      
 -0.396020911442620241584370324239259050      
 -0.537586242036026290494959124765470228      
 -0.681151838947918575842492540739917146      
 -0.826734527335955406322473841452032433      
 -0.974351205951804313088200126436517130      
  -1.12401884644743140394040551155412404      
  -1.27575449640664758232916127035000476      
  -1.42957527263157653323141795889453173      
  -1.58549836978233480416100835685023238      
  -1.74354105150224712589295228549208627      
  -1.90372065798556881618158771134529310      
  -2.06605460022583940139901216174854687      
  -2.23056036192885489912780312586644396      
  -2.39725550174468099399600178101116410      
  -2.56615764835970314868106659658418117      
  -2.73728450416004157569046632080408196      
  -2.91065384548718421829200702361510856      
  -3.08628351788987779462678349424446363      
  -3.26419144151462236981778033392388308      
  -3.44439560991111809320445299363830896      
  -3.62691408501425933166515677336905130      
  -3.81176500359946576865033219155425097      
  -3.99896657533543708839536977437983963      
  -4.18853707882815608810259149658871667      
  -4.38049486609224303699437491574180085      
