   6.46114229515578832787994501293249882      
   6.46114229515578832787994503858969363      
   6.46114229515578832787994507460013469      
   6.46114229515578832786445253264715027      
   6.46114229515578830736877830827186993      
   6.46114229515578543430523330540439374      
   6.46114229515567986084553771007331044      
   6.46114229515405411085426356474164008      
   6.46114229514024780706460362875611778      
   6.46114229506340386795102936835874795      
   6.46114229474944116454470130396200425      
   6.46114229373255762115414123855672717      
   6.46114229097773987430444208040966380      
   6.46114228449084290521716329152007941      
   6.46114227083410622851598798203802459      
   6.46114224455776934422667352538624291      
   6.46114219769051490563488371809362009      
   6.46114211915224511957961040856020610      
   6.46114199424398482981377957846798674      
   6.46114180423515006120008348110050631      
   6.46114152603598704117447349591269027      
   6.46114113198128164950792873922270439      
   6.46114058973777901785114934933455111      
   6.46113986234534960783694995873586038      
   6.46113890839870941712172377127234670      
   6.46113768237140291612765567390632024      
   6.46113613507657761832558799395243932      
   6.46113421425030846590906199952670957      
   6.46113186523399370786798017627178850      
   6.46112903171132359570540445562213368      
   6.46112565649270999527814824619159385      
   6.46112168233001614130412879076633395      
   6.46111705255702207706824854489513880      
   6.46111171173870418802032525285333326      
   6.46110560616282318900317259079650961      
   6.46109868418381025301953086416280954      
   6.46109089639113573634485027094844761      
   6.46108219566083834506162857195456194      
   6.46107253692805231578371892811871384      
   6.46106187704358261851102995612936296      
   6.46105017409895827929947355381650590      
   6.46103738695418367355487813791811415      
   6.46102347455047811356565786712973675      
   6.46100839516793008114003001376157524      
   6.46099210563402378935958595225912498      
   6.46097456049208054610753345647161290      
   6.46095571116769524107663979863157189      
   6.46093550527441194746662532071779368      
   6.46091388582143796645648920025171123      
   6.46089079042416032851341357539707693      
   6.46086615073544950239397566805232118      
   6.46083989186282095519626006471792169      
   6.46081193189133081778192656466516463      
   6.46078218145905467439446544161600920      
   6.46075054343174585257106006551885648      
   6.46071691268446993646517397333172307      
   6.46068117590148135941196546092871908      
   6.46064321154292283901300413301290340      
   6.46060288971063278715979029236006927      
   6.46056007222508034708705209072109640      
   6.46051461269943025518277121075088458      
   6.46046635671597742714057160366547054      
   6.46041514190129942286099364716682785      
   6.46036079828906260324618094478648454      
   6.46030314841170131088844921598324060      
   6.46024200757650523151484039987970723      
   6.46017718409846969702367422075606740      
   6.46010847964379127375446218270654197      
   6.46003568946733381654447130352280884      
   6.45995860257501650029283293807054658      
   6.45987700205809673470795150370130979      
   6.45979066531888081671436343263699471      
   6.45969936419568763528689911974218450      
   6.45960286517758181024001495978969176      
   6.45950092956964422700622184635283861      
   6.45939331354852216811171476703463836      
   6.45927976822041288019887144875675594      
   6.45916003971425667159412312916213110      
   6.45903386922688350820302527465826534      
   6.45890099282131516247626762791303445      
   6.45876114138892540182713900477547349      
   6.45861404048054342471021848362137088      
   6.45845941011964473685317782303227329      
   6.45829696455594835855041757937510583      
   6.45812641194850070898464458847620902      
   6.45794745394411795493349798469027189      
   6.45775978536090845288117679571268948      
   6.45756309354427685550069644572315659      
   6.45735705832858983323520985998866610      
   6.45714135077115462020102411103132801      
   6.45691563291867439793714849111588010      
   6.45667955660302050224597101385579430      
   6.45643276373539404585194367293732030      
   6.45617488405326788760443790706703202      
   6.45590553451229663499210619538033488      
   6.45562432007108782218561503246862615      
   6.45533083024908333916693321104352625      
   6.45502463936957769087230904071627847      
   6.45470530383002860837136403085610861      
   6.45437236363466288359630718521463620      
   6.45402533805677247210293333428412098      
   6.45366372544569764418210930312154167      
   6.45328700196838414760275935100462550      
   6.45289461938196024248640301492960705      
   6.45248600337468274822493594808046068      
   6.45206055143887286264510571430311273      
   6.45161763128042195788892394453691697      
   6.45115657883746740855284862105056393      
   6.45067669530321391587592625198983724      
   6.45017724471376314554011238577998321      
   6.44965745240924090116268211739753844      
   6.44911650133187536753837700024289200      
   6.44855352887353018895347492810943844      
   6.44796762512673909114706848283550787      
   6.44735782788880991129640561549810907      
   6.44672312013149151420265933825432505      
   6.44606242625659009875216788146328468      
   6.44537460743990359714606768347068629      
   6.44465845745354953087646072150194142      
   6.44391269858898286007153610208678753      
   6.44313597566342612285436721567330094      
   6.44232685147942544991196839545617662      
   6.44148380108712304849881105688786990      
   6.44060520457766715005343168133815380      
   6.43968934166197594092177868129918663      
   6.43873438352781945409916938131167083      
   6.43773838545796069823089587265611972      
   6.43669927828786472578403708700491554      
   6.43561485921837154436723517894486992      
   6.43448278190665774894677230884881444      
   6.43330054573072311195002798886474744      
   6.43206548398969836128486123325948932      
   6.43077475117358123124801046170463353      
   6.42942530900499754183630967599167172      
   6.42801391127677228736260668576662323      
   6.42653708716845186951701573299919077      
   6.42499112332171891392527698491982003      
   6.42337204302686439915518935661549126      
   6.42167558559411958130293525831111699      
   6.41989718166666654298195004422036480      
   6.41803192694580528436865165555013024      
   6.41607455335183995382229215289292072      
   6.41401939740727676557242724557688882      
   6.41186036514977179487531239605802520      
   6.40959089442067846760776876631261524      
   6.40720391295744978920475948160369221      
   6.40469179325240648734400423767880618      
   6.40204630357309725661101846717675733      
   6.39925855545488750217317603344125812      
   6.39631894770347515782670177894074536      
   6.39321710854880282206909932509293628      
   6.38994183578816976534556639370779455      
   6.38648103790103446891840597766607543      
   6.38282167811492772708008933341686030      
   6.37894972618256381505142427366882910      
   6.37485011850378714604930769639451962      
   6.37050674010577434861636701634560316      
   6.36590242444666144339346435057972446      
   6.36101898432882925596856430615456706      
   6.35583727542682851883504985197832927      
   6.35033729613688904716580232939235472      
   6.34449832430631962175579456426165348      
   6.33829908444100359769405244999732023      
   6.33171793983165521793663431223764923      
   6.32473309670001830408862333293789511      
   6.31732280825431583089064014801179052      
   6.30946556425377690910495399723353480      
   6.30114025670211082292086264249271007      
   6.29232631228529073313140510782617033      
   6.28300378876262271210917064654380795      
   6.27315343467236660612409568778032680      
   6.26275671555429761345145671925639055      
   6.25179581208871737214901988257257782      
   6.24025359588066027113243127275435419      
   6.22811358909726617395712006372054644      
   6.21535991439619820169977002709068318      
   6.20197723893520794958933927630462997      
   6.18795071529406957252614184827923456      
   6.17326592564956671202942572076464237      
   6.15790882747900035089196907659222927      
   6.14186570460528119795199156515506567      
   6.12512312043116970604999374722461854      
   6.10766787793483045985977359745030186      
   6.08948698510157375992123289417573498      
   6.07056762365397795790603904774866028      
   6.05089712237041157134117015613638626      
   6.03046293488224022354303565765819109      
   6.00925262042517024846009758921409567      
   5.98725382826858802922241036461355781      
   5.96445428477390459018593192604741638      
   5.94084178189993704325696573440777042      
   5.91640416907387868606389735643464248      
   5.89112934618563277395159843303967195      
   5.86500525754442980506378291353899065      
   5.83801988824797760648822367294005799      
   5.81016126014232274119451194645022120      
   5.78141742913140023808970935461432994      
   5.75177648325778528606491210718163017      
   5.72122654087008291174997282200412398      
   5.68975574857341724747834770461458254      
   5.65735228035910522857495869080073855      
   5.62400433474675493306398860100848932      
   5.58970013408258254415609784717989721      
   5.55442792144207441705998161231586329      
   5.51817595763388027909785818403095724      
   5.48093252005331294178746195336903846      
   5.44268589680535507694236748882601755      
   5.40342438404916356626411787756682411      
   5.36313628132283946485974872161300004      
   5.32180988687818292206059967563916320      
   5.27943349226988268570425238168486405      
   5.23599537746121416570950132321297015      
   5.19148380448555848255221249096448743      
   5.14588701197949356038711791921668926      
   5.09919320961764891013869320596439043      
   5.05139057165965458164208481696423190      
   5.00246723194960616993023323891479084      
   4.95241127796929279032459567197244577      
   4.90121074537074286554536230426571832      
   4.84885361358664855304646125476889174      
   4.79532780027809933731965112566783326      
   4.74062115795303527132138665402151863      
   4.68472146923060344568216788498279527      
   4.62761644354107182747009145646496230      
   4.56929371376696339586871290908459170      
   4.50974083410450802429787176373023999      
   4.44894527668940425176430902077498330      
   4.38689443003456880051922561481427790      
   4.32357559741255510679183872183536200      
   4.25897599529980346978686972850417718      
   4.19308275203801737316591879113691049      
   4.12588290729793187056079476181732532      
   4.05736341092078065079746885098289643      
   3.98751112338590928235727830122871384      
   3.91631281470804986076313224701050582      
   3.84375516486655848298688261462774612      
   3.76982476346944374156559515712200968      
   3.69450811044974870907741240964809466      
   3.61779161602533826238313657157813423      
   3.53966160102090251547903581651706733      
   3.46010429734192577912444858247906057      
   3.37910584823667755130067807802118963      
   3.29665230981293240232077226431082504      
   3.21272965000332064332861572863874284      
   3.12732375044874089858627277792217260      
   3.04042040635199571591959971514056646      
   2.95200532755238346801348298413478971      
   2.86206413861643407545797849341838807      
   2.77058237994718296716143961224007572      
   2.67754550772636123284746111824717512      
   2.58293889521751976615213062669032990      
   2.48674783276655010685204374078996677      
   2.38895752854941586729389825523210557      
   2.28955310912895083308088335016894694      
   2.18851961968045502910861102175849682      
   2.08584202503645657745628714287137122      
   1.98150520951749887929651171585573795      
   1.87549397782787579784167755775768741      
   1.76779305511210676538565977258522120      
   1.65838708791975776587412318229017083      
   1.54726064405206404788377420885051120      
   1.43439821296579399583895630336925199      
   1.31978420645460245691049776580051335      
   1.20340295878816364407181472529281141      
   1.08523872734550490838717593128825848      
  0.965275691965882779290938221976484605      
  0.843497956551128211312228406069720633      
  0.719889548265374532571776793574146808      
  0.594434418852049532526079221026577597      
  0.467116443631492960150898969814299623      
  0.337919422129071940113877222139587604      
  0.206827079543571895478320365068180761      
   7.38230647497206676124405620969556498E-0002
  -6.11090471869958390388392153807492100E-0002
 -0.197985756913455321406508653119332938      
 -0.336823639062192564278618027253613548      
 -0.477639343150061883810038770207967803      
 -0.620449592224405882449705133396582587      
 -0.765271183835641410515999082982256736      
 -0.912120989676315729853239238766139649      
  -1.06101595455486919312770208357111308      
  -1.21197309859641458087513578791407703      
  -1.36500951236965819957917979963459242      
  -1.52014236345326064413453925493586570      
  -1.67738888960897976836200461141191150      
  -1.83676640434577484690964531235976514      
  -1.99829229280051096518747218188338440      
  -2.16198401201830813565433013742655621      
  -2.32785909558065944287536834944350226      
  -2.49593514553025771561698036747220588      
  -2.66622983908672288046074476493439478      
  -2.83876092658595699920989433881149708      
  -3.01354622852420781051408766091261538      
  -3.19060363917086464076660323682381030      
  -3.36995112678309009576668734515537866      
  -3.55160672846967879449874845164508391      
  -3.73558855536553926172579132947106159      
  -3.92191479238909158616835196554678860      
  -4.11060369302814164474187073441720368      
  -4.30167358428077288414475368277284490      
