   6.46114229515578832787994501293249882      
   6.46114229515578832787994503858969363      
   6.46114229515578832787994507460013469      
   6.46114229515578832786445253264715027      
   6.46114229515578830736877830827186993      
   6.46114229515578543430523330540439374      
   6.46114229515567986084553771007332893      
   6.46114229515405411085426356474633319      
   6.46114229514024780706460362909463772      
   6.46114229506340386795102937894004511      
   6.46114229474944116454470148366086535      
   6.46114229373255762115414316743051248      
   6.46114229097773987430445661412546858      
   6.46114228449084290521724615728264011      
   6.46114227083410622851636579696162384      
   6.46114224455776934422810945663873679      
   6.46114219769051490563958051055968906      
   6.46114211915224511959316552507584473      
   6.46114199424398482984898648046527743      
   6.46114180423515006128370296137891338      
   6.46114152603598704135851065828431287      
   6.46114113198128281771046921320887139      
   6.46114058973778149702595199030815770      
   6.46113986234535754181464761470638947      
   6.46113890839873265538728140232697325      
   6.46113768237146584867625334969638041      
   6.46113613507673657300830291868344971      
   6.46113421425068571026727369727554062      
   6.46113186523484035073017524975849012      
   6.46112903171313039315003767622090705      
   6.46112565649639418380797387328325851      
   6.46112168233722432790595011031056611      
   6.46111705257060421645955427424991548      
   6.46111171176343197626840524194271423      
   6.46110560620644788530648853599957612      
   6.46109868425857996833485879661938844      
   6.46109089651592043440346579804441409      
   6.46108219586404192727363006451497006      
   6.46107253725152483365209410020791805      
   6.46106187754778146690722485196199870      
   6.46105017486964470439762706392879628      
   6.46103738811097960184120995669363746      
   6.46102347625764771009911339572125469      
   6.46100839764779011921943736704889998      
   6.46099210918342646221189372536375342      
   6.46097456550245141317814481052285198      
   6.46095571814914714116328426879869429      
   6.46093551488449311469154588885368119      
   6.46091389889910809909952660402051380      
   6.46089080802962303150395027683738302      
   6.46086617419650225402241462886671353      
   6.46083992282841491680833181238720310      
   6.46081197239306229991786160035956205      
   6.46078223398133785160759579569838579      
   6.46075061098903557752359903961273387      
   6.46071699892314879650477601403085004      
   6.46068128518005366565055988770021194      
   6.46064334906031019553045340601314315      
   6.46060306162769565236338170719674629      
   6.46056028580399478290404199591855130      
   6.46051487645764956293533187405373320      
   6.46046668059570339584423167496054931      
   6.46041553745540318119713759597881599      
   6.46036127888442350291992136014740393      
   6.46030372945093218456257750637352768      
   6.46024270673907612411491729032968788      
   6.46017802160223848125782846390336714      
   6.46010947852802278298207827171773460      
   6.46003687589821014860277447835709806      
   6.45996000617478850374101895663565076      
   6.45987865625901451224694081220482602      
   6.45979260774299616433001834765972295      
   6.45970163706178970185523398187983375      
   6.45960551573648368548937978989526013      
   6.45950401056908847441321638527068037      
   6.45939688372905780287435030227118483      
   6.45928389284359475907000193853621619      
   6.45916479112474711089338502272249155      
   6.45903932744979442862061207799693357      
   6.45890724619644679231405857335156501      
   6.45876828724364193627295612540770585      
   6.45862218584304662944069093691700772      
   6.45846867247440843700262280537404198      
   6.45830747264341706937523620115981486      
   6.45813830661104991054136611796751320      
   6.45796088902021080182050837929593390      
   6.45777492863149428789344401804454091      
   6.45758012773092116256564618472430968      
   6.45737618214809853591566768065310999      
   6.45716278004776114683518058163991309      
   6.45693960176910869134565304430431154      
   6.45670631866291817513878492859714485      
   6.45646259348111497237357203573737666      
   6.45620807817633322649910944875384611      
   6.45594241339011340437933945723875450      
   6.45566522929650511392179828355893236      
   6.45537614226127751931025142841925046      
   6.45507475517092053870896379467491831      
   6.45476065479756949067190768405855535      
   6.45443341343851345054965698831201419      
   6.45409258468120525839905197215549092      
   6.45373770333188475213935739691166436      
   6.45336828426818665882244794982851554      
   6.45298382035818438029709809823397753      
   6.45258378092576594302227329774044893      
   6.45216760978324784939405790968105642      
   6.45173472379191762239564501096126720      
   6.45128451105336519924609450109452117      
   6.45081632802731752019019298211398420      
   6.45032949777573603641949814563126830      
   6.44982330764640454629157535973025774      
   6.44929700683650097623555138003995217      
   6.44874980293341108562220918978101327      
   6.44818086053485126121057057655862244      
   6.44758929653658414268058409798883397      
   6.44697417789141124338922879545882086      
   6.44633451819345061238703958809218810      
   6.44566927336675327018057256737161986      
   6.44497733785901171879546565145922593      
   6.44425754097144698736939002838158529      
   6.44350864130035957486604094365511832      
   6.44272932265316225122190725809114306      
   6.44191818887085609638293939661252452      
   6.44107375708216107394316121584198908      
   6.44019445296166370890635862247807460      
   6.43927860317975555258963296864773710      
   6.43832442874794432589644103921871477      
   6.43733003719285092069043343198372806      
   6.43629341419907455590320186787784336      
   6.43521241456534982937585679943642411      
   6.43408475240803813270281736185314628      
   6.43290799036054006744560567394016968      
   6.43167952791978941656040606703099291      
   6.43039658866523985459010893814227942      
   6.42905620610374628322819768052543203      
   6.42765520873076323565327530607754898      
   6.42619020293151056632247607262033770      
   6.42465755359367062124501524621873953      
   6.42305336526818489111614719027820966      
   6.42137345835378284975854873574274366      
   6.41961334443209361409397038260394413      
   6.41776819849449834186606039423080729      
   6.41583282834590164901846871735122213      
   6.41380164020141412705435632265273052      
   6.41166860124611140730459429977855022      
   6.40942719738691840416262114114851176      
   6.40707038698451362749531421182165103      
   6.40459054971206418526518650268016493      
   6.40197943055602416257011841975193435      
   6.39922807874572842962174040736140655      
   6.39632678282341860770568911273074634      
   6.39326500155737527347532021742871009      
   6.39003129333213349701430433058627928      
   6.38661324601460049907550889440201840      
   6.38299741219643196190395771727153139      
   6.37916925021323194188863941300748361      
   6.37511308723928107310714334515522334      
   6.37081209899032890120054653448752275      
   6.36624832305038539676916015582327436      
   6.36140270767999331380185266728038600      
   6.35625520395896994560948425696741092      
   6.35078489949329999632235698458540275      
   6.34497019231464017721897888422239873      
   6.33878899647638210544954691103823329      
   6.33221896666201725795153005274555075      
   6.32523772723624645757868755783464959      
   6.31782308934336191245258485999443375      
   6.30995324381021667094339194957521587      
   6.30160691855399241871281561561729269      
   6.29276349542970935411179620403169537      
   6.28340308667203375463779825687116785      
   6.27350657153344426496700535590952748      
   6.26305560129835231496016149734062661      
   6.25203257741591295322251404266433072      
   6.24042061062833653883873317614584507      
   6.22820346680682919122267829664938114      
   6.21536550875606231339574530424384133      
   6.20189162947255051719146049532473287      
   6.18776719491802322982430808439072203      
   6.17297797706549965145408639283890164      
   6.15751010683007339574164846903459420      
   6.14135001901937088847193545910391613      
   6.12448440828154751710396368994297995      
   6.10690019070242784324462567625367594      
   6.08858446949341260225229406736899579      
   6.06952450501365109489989881949433373      
   6.04970769020053609308784236668257613      
   6.02912152922073092440113372286548660      
   6.00775362016501985430339297488890933      
   5.98559164069611447625618188617156824      
   5.96262333542166230776267855326280183      
   5.93883650690459381214715915439613121      
   5.91421900795900793206552443856611693      
   5.88875873544989213236631642298343389      
   5.86244362581689919076082738849877141      
   5.83526165182107680669239763323777342      
   5.80720081923587000209517650111847022      
   5.77824916545726104968096499778811514      
   5.74839475787687386593002495537865771      
   5.71762569251177623262634810109678506      
   5.68593009341608367701790593947330454      
   5.65329611050641606119190601906281494      
   5.61971191963954099291339563643378654      
   5.58516571991549462434504485743869537      
   5.54964573165696880274316062159485636      
   5.51314019599180983754325743445363434      
   5.47563736920329687955215510863139610      
   5.43712552110381623313758862589074185      
   5.39759293072569516891504725489172421      
   5.35702788213038517723730834817995384      
   5.31541865944367515136955721561201798      
   5.27275354211270414096963398580948482      
   5.22902079892078307996774407261814613      
   5.18420868235886401247087021279470113      
   5.13830542325570955886887752995618770      
   5.09129922411689072077631499572883237      
   5.04317825377523050867490497444918347      
   4.99393064134890740470622460719904908      
   4.94354447032642756071185626062685384      
   4.89200777360813013967765143979812210      
   4.83930852786900482261421486316562700      
   4.78543464920224890989096428411797848      
   4.73037398817306942593163388299706253      
   4.67411432594922444094917261090563884      
   4.61664337043163771348725372635899024      
   4.55794875341461968663911193144847194      
   4.49801802721176217007197346622586966      
   4.43683866201046369728360671981993318      
   4.37439804401557907034083756136614407      
   4.31068347434328551176504072386098583      
   4.24568216571574047550124862645663921      
   4.17938124296445865931944444126787982      
   4.11176774096922579658278076158197965      
   4.04282860510786455414671975327934093      
   3.97255068965303340454120035435930970      
   3.90092075813814575313773265193978758      
   3.82792548351876192452439039315343879      
   3.75355144719598947373321972877608154      
   3.67778514071092085063949482146598887      
   3.60061296448627350975374909449475578      
   3.52202122892229665844352079988329778      
   3.44199615492309093080801946636703341      
   3.36052387465095664294103104482261883      
   3.27759043064103762492581019085115012      
   3.19318177838454948468551244558333176      
   3.10728378522116078626635040269898333      
   3.01988223201472901612751782239416286      
   2.93096281310639133637973863370273954      
   2.84051113745227989756815004103024367      
   2.74851272846118389757547231311464601      
   2.65495302572426640810322947743558374      
   2.55981738448674934798197973761588143      
   2.46309107700580404670176450746977692      
   2.36475929263544976096538077227874045      
   2.26480713861495333718719865530518295      
   2.16321964048922803917996055168201698      
   2.05998174267676445629879124231572006      
   1.95507830892071410418204270857839452      
   1.84849412264585005841955627373548928      
   1.74021388779136029558177645841756433      
   1.63022222863453790366672884842937123      
   1.51850369071138685285634122919931002      
   1.40504274088530895592543310795406378      
   1.28982376795737587514339082151977092      
   1.17283108301018019991911702222817179      
   1.05404891926605268263171152321691979      
  0.933461433207096768674441051392114824      
  0.811052703891183391087158703244884715      
  0.686806734847230465019945293214120989      
  0.560707452484794876498485610771155164      
  0.432738706496687254808754812620491637      
  0.302884272581273973092545249127615536      
  0.171127849094969762218769827149780249      
   3.74530603129122686080061032786810117E-0002
  -9.81565455488343259028128304251355542E-0002
 -0.235717494372835762982216133505795044      
 -0.375246387890605455630677264199018647      
 -0.516759901267520345714093085012608278      
 -0.660274784474964167258548639853599574      
 -0.805807862304476103438302266401777353      
 -0.953376032375120613039527054900439109      
  -1.10299626831503268774070419527362327      
  -1.25468561449235526250124069454206217      
  -1.40846119239712872354122046438186473      
  -1.56434019416737881293449699215867398      
  -1.72233988639543301126757020610748076      
  -1.88247761099501477444731678929059325      
  -2.04477077830874236056735389825236931      
  -2.20923687737385142413628890267352913      
  -2.37589346541782084964199222307820475      
  -2.54475817496450799500532216461375780      
  -2.71584871199995130567625032542699897      
  -2.88918285293790607877422833605887229      
  -3.06477844758821799421444184851406281      
  -3.24265342032223994661367651808694090      
  -3.42282576469341391074242725938054980      
  -3.60531354779637130529187459619387169      
  -3.79013491105834092942936206307190805      
  -3.97730806522202029454053534237902239      
  -4.16685129306229894741371460369477169      
