   6.46114229515578832787994501293249882      
   6.46114229515578832787994503858969363      
   6.46114229515578832787994507460013469      
   6.46114229515578832786445253264715027      
   6.46114229515578830736877830827186993      
   6.46114229515578543430523330540439374      
   6.46114229515567986084553771007332970      
   6.46114229515405411085426356474667524      
   6.46114229514024780706460362912111309      
   6.46114229506340386795102937982092926      
   6.46114229474944116454470149940702360      
   6.46114229373255762115414334387671364      
   6.46114229097773987430445799354634052      
   6.46114228449084290521725427951522137      
   6.46114227083410622851640390137951798      
   6.46114224455776934422825803407526913      
   6.46114219769051490564007787492641611      
   6.46114211915224511959463141892139034      
   6.46114199424398482985286719390811126      
   6.46114180423515006129308022215897735      
   6.46114152603598704137946779994225302      
   6.46114113198128281775428493043532165      
   6.46114058973778176539133494688051373      
   6.46113986234535840836062331175104539      
   6.46113890839873521437368040242246447      
   6.46113768237147283137423871875696885      
   6.46113613507675433357379755069689518      
   6.46113421425072813516376030968678065      
   6.46113186523493613965623362172561171      
   6.46112903171333596526462475463529832      
   6.46112565649681556633148634895298795      
   6.46112168233805283503608655591499509      
   6.46111705257217256675526750020880895      
   6.46111171176629975609105446904666440      
   6.46110560621152796003196823470120879      
   6.46109868426732057177251999290066434      
   6.46109089653056121464616804291101286      
   6.46108219588796616465841024657246470      
   6.46107253728973433221507096990416215      
   6.46106187760752520477276357969753186      
   6.46105017496123715481372576682756819      
   6.46103738824884964688082194290782776      
   6.46102347646166420435359183039569211      
   6.46100839794491536488052215273869632      
   6.46099210960975407729834265339556286      
   6.46097456610569026397343176176525392      
   6.46095571899161812435558357538279771      
   6.46093551604671058719990907623990609      
   6.46091390048402261664054333109100178      
   6.46089081016760676961646579672386745      
   6.46086617705116301339388478154745280      
   6.46083992660332895124378372891528211      
   6.46081197733952034429332077795930641      
   6.46078224040720266284869915357892923      
   6.46075061926881304351323929753639715      
   6.46071700950377741831907619466665762      
   6.46068129861671615474143751245383767      
   6.46064336599559950009263031248599500      
   6.46060308283148680195517206466488091      
   6.46056031218518659302633601153972164      
   6.46051490908384940055779748713229658      
   6.46046672071493080854178541942015073      
   6.46041558651993893556051605520994024      
   6.46036133857693354028866146863871853      
   6.46030380171299852134726275675587951      
   6.46024279380227003169834044383840004      
   6.46017812602187398572373489711712129      
   6.46010960321973251537286622739128708      
   6.46003702417748767592511204152385423      
   6.45996018179964667102663360551979608      
   6.45987886347591307914312951259683277      
   6.45979285133619531227220001753624678      
   6.45970192240629301668133659337901910      
   6.45960584885473852994910742083999675      
   6.45950439819161800773504069553517656      
   6.45939733335920583669250605535540822      
   6.45928441282657173323205657898934540      
   6.45916539072117583837365844543989398      
   6.45904001691395900781107971437944636      
   6.45890803685946158395481053339417770      
   6.45876919160176859275173837527897305      
   6.45862321765139785701241387670214518      
   6.45846984684628938347775969178776012      
   6.45830880615557284454948896758948757      
   6.45813981741510012112796859713689973      
   6.45796259696056633624128279098508153      
   6.45777685537009990139855928047823607      
   6.45758229687911743528173349295660918      
   6.45737861940599463778526909018444142      
   6.45716551335150591790571753010702912      
   6.45694266144307811733403425277784738      
   6.45670973759773526881844838409234094      
   6.45646640728641525151539470933203362      
   6.45621232537789657370108620170136403      
   6.45594713562001587003337546354578901      
   6.45567047149729674031087026030358355      
   6.45538195290186150138493259478372483      
   6.45508118647449696269704571461146452      
   6.45476776298241751019849492512688727      
   6.45444125897248462561855515473583310      
   6.45410123255061281037673270528228588      
   6.45374722332587333296541911817665949      
   6.45337875127930054595774747637102707      
   6.45299531470058595128157486636418597      
   6.45259638867180646076332326093104586      
   6.45218142312000223016240782424105096      
   6.45174984139874480062306645623151421      
   6.45130103850210312300605872465410383      
   6.45083437820660680692750032930170374      
   6.45034919134636740567638853789662287      
   6.44984477350508840300410745843101374      
   6.44932038263669913784138881184760857      
   6.44877523562075971207278317838984577      
   6.44820850692092620565536174471139827      
   6.44761932390961654794734559783181722      
   6.44700676466650948109267552557152943      
   6.44636985460560112934740259656419285      
   6.44570756220980571691340363846918271      
   6.44501879527421118672638221948563047      
   6.44430239728951889066976990386123357      
   6.44355714194133890464148892106084373      
   6.44278172908837106593415620183543901      
   6.44197477965294874908273326779341793      
   6.44113482894673290423436781124404447      
   6.44026032200856287915314053921316129      
   6.43934960613866402927117474127791690      
   6.43840092433603959794657370944609235      
   6.43741240757086350570647739968130855      
   6.43638206653419037660222157139057465      
   6.43530778270866896077751601515290172      
   6.43418729869518068369062333565911899      
   6.43301820754398311315144799517930851      
   6.43179794124195621310052113024492123      
   6.43052375808093686151586865763784761      
   6.42919272866096612200973596171849216      
   6.42780172111599308551571846556077892      
   6.42634738419946438228530056077719231      
   6.42482612802907892849072765087985068      
   6.42323410548582310274577319212320541      
   6.42156718853382649175290161368729256      
   6.41982094372916599104825176738717570      
   6.41799060459384167291029280538235794      
   6.41607104113868761807011175471485780      
   6.41405672553701860612897095219993045      
   6.41194169470170184962350495707804114      
   6.40971950797274707178996000124072024      
   6.40738320067600795976244440178175738      
   6.40492523266841192114825668612831786      
   6.40233743184844270108467874711281017      
   6.39961093237985038850681567798534270      
   6.39673610879866904304635067101704835      
   6.39370250567282135839748289938000740      
   6.39049876542120276402750060021347352      
   6.38711255628668918012454369474268090      
   6.38353050540797602658152620193708769      
   6.37973813733125118241689292810502022      
   6.37571983467927992001365299002730651      
   6.37145881528677186609653327772332607      
   6.36693714331439119603300692920936052      
   6.36213577632963801205410415618979029      
   6.35703465645243949339561534549376956      
   6.35161284398063023177172314148054984      
   6.34584869221499066475149662063328401      
   6.33972005495518570822265080718884049      
   6.33320451383327816349118112276204271      
   6.32627961065527579189541328725221676      
   6.31892306804493381710435467556060676      
   6.31111298582555439903730958391910917      
   6.30282800157041492341723922355073361      
   6.29404741006308009850369577823346974      
   6.28475124172798792387861618317914005      
   6.27492030064285814215412620813471995      
   6.26453617025931487612228358714015199      
   6.25358119186932233283673850060190304      
   6.24203842356044101868079385326738161      
   6.22989158569917185790566232914239970      
   6.21712500212290648512893693945636533      
   6.20372353275156433787924599408235711      
   6.18967251563520894927415155887328382      
   6.17495769928514355625809580573109905      
   6.15956519494830908815151541524704001      
   6.14348142092793916769470396657091367      
   6.12669305796931592949598529489568334      
   6.10918701036263587360686481176930384      
   6.09095037120437973773430912942021790      
   6.07197039204219435880021854397544442      
   6.05223445799289118706459658758103993      
   6.03173006612773804578846905551013889      
   6.01044480794903346017297415289044797      
   5.98836635486063687023463202570955879      
   5.96548244539989758479829523426186652      
   5.94178087614055727699806937281347793      
   5.91724949391027351127976617143292860      
   5.89187618953815111887482364699160509      
   5.86564889335246473714483265466192433      
   5.83855557191890409700239162514067722      
   5.81058422474634107940870295770120170      
   5.78172288292632169481053639922612075      
   5.75195960755024638882654304535929686      
   5.72128248839992187959008029550507043      
   5.68967964342445044291446991000943440      
   5.65713921664537378559828309572659905      
   5.62364937831433687423736090624613808      
   5.58919832230171265830583364130635285      
   5.55377426416220250445078545890476487      
   5.51736544082435748853891304433765592      
   5.47996010497708897125377050289088076      
   5.44154652355368879524667216358324289      
   5.40211297347721493068707688034235617      
   5.36164773752754886614746184752420757      
   5.32013909942055681004457260894689121      
   5.27757533909760106878463758413054562      
   5.23394472676004520347024257817945633      
   5.18923551724567435957241407653699107      
   5.14343594465281418669060009887567688      
   5.09653421566084389817493923133333393      
   5.04851850414857871631322275490119505      
   4.99937694511443474859439953476800613      
   4.94909762871157674396102231372616755      
   4.89766859523292708983939982680984973      
   4.84507782941650074469305233518937933      
   4.79131325601743959217291844309905382      
   4.73636273480543582929130115024837391      
   4.68021405661824007908670922100999488      
   4.62285493943293009749004549316916648      
   4.56427302545582982653663481110209062      
   4.50445587769220329190192853791743592      
   4.44339097723605655787890679843687404      
   4.38106572135475877098902907768396452      
   4.31746742236674951823732813905450408      
   4.25258330423487368089279508398690757      
   4.18640050306909111404519263733288265      
   4.11890606501677241857485173710635192      
   4.05008694668142046213849285891347814      
   3.97993001349186950615330636012077679      
   3.90842204004711751073074661766248523      
   3.83554971025370506350397577289499343      
   3.76129961633608716911696483653341825      
   3.68565826051724802922087104024489974      
   3.60861205374917679671901685361359013      
   3.53014731680484731363520457823375257      
   3.45025028079496244458153387731876745      
   3.36890708791931112720241220198866754      
   3.28610379058570239057880870072452241      
   3.20182635398184436436026845395944650      
   3.11606065497873249504761651422197515      
   3.02879248380362269187947554529006483      
   2.94000754399590224092364958720205476      
   2.84969145355057860906783126009381701      
   2.75782974475823547618495719783210335      
   2.66440786593818689834418097421496442      
   2.56941118091624418079853065544421212      
   2.47282497038928634342201936730642741      
   2.37463443201096306784901803742166721      
   2.27482468119011736168097344020501581      
   2.17338075151241709042726667529495837      
   2.07028759531547080359992799442842137      
   1.96553008414466520715726288048307140      
   1.85909300911568408296927152449606637      
   1.75096108174990957617926187269701166      
   1.64111893381101197319713269606252440      
   1.52955111821537263136988131078869907      
   1.41624210911997407656851053846430620      
   1.30117630252847449762057888719007181      
   1.18433801664393859364686728078702058      
   1.06571149172790465817843373956588199      
  0.945280891226852244120668367261925729      
  0.823030301075749523585545612727277839      
  0.698943731651638304562708879249451108      
  0.573005116105860694966517906018695451      
  0.445198310828138408406993555974696716      
  0.315507098150420890933866607775782356      
  0.183915183006990007936086572748596882      
   5.04061961968927787498771779940411395E-0002
  -8.50363075873439922034959210172412290E-0002
 -0.222428847801679201564794692362374744      
 -0.361788019800409081903371977651081639      
 -0.503130492412730249491801527252223572      
 -0.646473009313393173534387826212456894      
 -0.791832389043336909653285226809534715      
 -0.939225522999504151549977413255591588      
  -1.08866937863056618333071025781224524      
  -1.24018099415879023263024166325920576      
  -1.39377748496128837895319790258942876      
  -1.54947603708834955372352304481299995      
  -1.70729391108164435504949684616912411      
  -1.86724844282563063380201877735628003      
  -2.02935703666669389865876886307952260      
  -2.19363717567007543440977884245896645      
  -2.36010641111107814087351320034812681      
  -2.52878236958816447477502439576022571      
  -2.69968275118565483341426874323066330      
  -2.87282532643697986273688465235704491      
  -3.04822793928611455993128967807824193      
  -3.22590850826296719437682261023833765      
  -3.40588502110119193391381479871507265      
  -3.58817553908406031650236769787731854      
  -3.77279819785455831887421538862003123      
  -3.95977120238392225391432270989886851      
  -4.14911282968487820584807713316680090      
