   6.46114229515578832787994501293249882      
   6.46114229515578832787994503858969363      
   6.46114229515578832787994507460013469      
   6.46114229515578832786445253264715027      
   6.46114229515578830736877830827186993      
   6.46114229515578543430523330540439142      
   6.46114229515567986084553771007282588      
   6.46114229515405411085426356465800619      
   6.46114229514024780706460362402754223      
   6.46114229506340386795102924656504446      
   6.46114229474944116454469953722205352      
   6.46114229373255762115412460752559379      
   6.46114229097773987430432998871860124      
   6.46114228449084290521658289358766721      
   6.46114227083410622851355635105811433      
   6.46114224455776934421810174157616331      
   6.46114219769051490560868091408823053      
   6.46114211915224511950848807561325005      
   6.46114199424398482963907481640977488      
   6.46114180423515006080550536798289752      
   6.46114152603598586530898629868432987      
   6.46114113198127827399617650671707548      
   6.46114058973776743231160962837175813      
   6.46113986234531355535646167062686917      
   6.46113890839860649842932235574252926      
   6.46113768237113070719347126054988164      
   6.46113613507590491196414789832872919      
   6.46113421424874386997719077482778908      
   6.46113186523054755359513608326250845      
   6.46112903170409651998158148231523547      
   6.46112565647821154340991273206586740      
   6.46112168230207836357979055930702396      
   6.46111705250512571823224750675971987      
   6.46111171164547838218417917666431011      
   6.46110560600041363797786865859596475      
   6.46109868390873610560820830724502050      
   6.46109089593717260488247458781168585      
   6.46108219492937500098819556749176368      
   6.46107253577527306841140288571161428      
   6.46106187526372736833423906121327077      
   6.46105017140280924755423760148853105      
   6.46103738294182333156850574800338613      
   6.46102346867725807232692075101399205      
   6.46100838670248706160045752876024669      
   6.46099209360707719343916016257006688      
   6.46097454363464748395559238051588787      
   6.46095568783726533626001535283357173      
   6.46093547336753110509979613758835951      
   6.46091384267106913466919230555310601      
   6.46089073268010599343252769224972708      
   6.46086607422604725057129624521125206      
   6.46083979143697419941855685502108955      
   6.46081180123462141060035145895716905      
   6.46078201289015092386974149162849147      
   6.46075032766688935804950417475626848      
   6.46071663858286804787147616160304269      
   6.46068083016775352162078999856040328      
   6.46064277840422437836353644339762057      
   6.46060235055691195724298590004205857      
   6.46055940521197137439578965588788805      
   6.46051379231152214574621385048521854      
   6.46046535328814081546547779474951265      
   6.46041392109575322226107517441874514      
   6.46035932052572706792867486201162579      
   6.46030136824955199810494169498827422      
   6.46023987304335235971284079072998741      
   6.46017463596680899549186947526486488      
   6.46010545064979462808193110908906521      
   6.46003210347108910543686618448746846      
   6.45995437365879257818400019195034414      
   6.45987203355980397897935110249573850      
   6.45978484879861477826459224048948246      
   6.45969257833179707655941200919177327      
   6.45959497458947975047770541050476560      
   6.45949178356442223755240264013136345      
   6.45938274478793113830996361304802665      
   6.45926759130524608619155368836245985      
   6.45914604968129944418656754747820979      
   6.45901783995657365965263616375351886      
   6.45888267535159123035511949682824195      
   6.45874026213052903431801620453565109      
   6.45859029932950069948041233428689779      
   6.45843247846338706844203398548572427      
   6.45826648316692761397228003708049310      
   6.45809198876108501872817561134226297      
   6.45790866171191460505555857050473160      
   6.45771615917297172974079268990378133      
   6.45751412822211397949429973185352016      
   6.45730220567835674241843015203239183      
   6.45708001667973253706823623580689245      
   6.45684717429915996919157721111315279      
   6.45660327817467171586611946827366311      
   6.45634791461630218666823077932958871      
   6.45608065423742278275733244426222750      
   6.45580105098882710160402738449233336      
   6.45550864295444835460401675917032104      
   6.45520294854279490831389511390652253      
   6.45488346654522907217712531545562546      
   6.45454967317929858697321603745878948      
   6.45420102331699820798829034566345768      
   6.45383694592461026624227640084004263      
   6.45345684352471488993717124594783963      
   6.45306009072123746175142403806849770      
   6.45264603150421503201546603450959048      
   6.45221397736989420151263866306391856      
   6.45176320471065838819860489190125537      
   6.45129295289217930011910449006440386      
   6.45080242182081802113691124687793701      
   6.45029076840927450323875295698431327      
   6.44975710398477442175078340543417694      
   6.44920049179780281322921094381530253      
   6.44861994300371553917628631605132118      
   6.44801441284041133835210419060039033      
   6.44738279824279402094610690307508190      
   6.44672393208359621761667936227051221      
   6.44603657995411900541270777733342926      
   6.44531943553762587886096727381125362      
   6.44457111508078317482691065809071846      
   6.44379015226238761293588691025846300      
   6.44297499305099321583702095716952257      
   6.44212398877993977550845108409468172      
   6.44123539027693534209449458999156444      
   6.44030734009808428487454323232256719      
   6.43933786561124253989785915571219380      
   6.43832487039856733431619235191586374      
   6.43726612534588138902102621475141683      
   6.43615925906094338035293448879639749      
   6.43500174770315300553211417395771933      
   6.43379090351541312728304415446388021      
   6.43252386282992037465628123606073386      
   6.43119757273819745566203267266650161      
   6.42980877687497310860105873128775659      
   6.42835399985519401068756781128513194      
   6.42682953038472444488117323600228707      
   6.42523140298442006554718664841607703      
   6.42355537812074676609842145219132240      
   6.42179692039300858467139606809160216      
   6.41995117545570252332591291056457556      
   6.41801294434270072075069835802432053      
   6.41597665613267185701668447583826012      
   6.41383633828841394493833659500289561      
   6.41158558462432947709055713235194747      
   6.40921752113892456754547676787183503      
   6.40672476933380323933599132559317443      
   6.40409940779388676879336126683385994      
   6.40133293113677653672199497833867784      
   6.39841620787758959933894087145693393      
   6.39533943716239937970817936880324407      
   6.39209210507537728852671364579291054      
   6.38866294212293986545346660929280579      
   6.38503988321317314625731003415522568      
   6.38121003163388680290387798749642635      
   6.37715963055289254545168752152638394      
   6.37287404385643814639850464384347369      
   6.36833774886031473051920224649648668      
   6.36353434675996838322270651984784652      
   6.35844659230662039953414923472532168      
   6.35305644478190837911037272813075717      
   6.34734514343087903280401773906970477      
   6.34129330750904475477397443380720200      
   6.33488105777586300966290264726491693      
   6.32808815734215798146842218840060699      
   6.32089416381781388163168271542994431      
   6.31327858594835089890486030761544552      
   6.30522103550483788384274441962244147      
   6.29670136805365789955733952967773933      
   6.28769980264480407906907697567029024      
   6.27819701844582082795645630114609928      
   6.26817422384900842657305233148016572      
   6.25761320081526388723669707324022668      
   6.24649632282316254092797821865404310      
   6.23480655375565337864224495898529440      
   6.22252742887910792474037505344212697      
   6.20964302572519434537158477554112234      
   6.19613792324556259826950570472850023      
   6.18199716133563408384309967125965632      
   6.16720619309370660686664845690382751      
   6.15175084210174369940298839768645471      
   6.13561725603093812833954161367441923      
   6.11879187333496807818841919902800096      
   6.10126137928766884700047663384954404      
   6.08301267816580801105461638967234245      
   6.06403286316089651556029388696827908      
   6.04430918914779784995910648340045151      
   6.02382905254971315124207287485133334      
   6.00257997178846283106719798675174802      
   5.98054957137878605817470148347175297      
   5.95772556807594407920401468158019813      
   5.93409575970231637231081337498524186      
   5.90964801601121662392857851292623623      
   5.88437027025880190777813888282641651      
   5.85825051316833121810634685615231603      
   5.83127678709902842102168991835710608      
   5.80343718202123650872188091570208890      
   5.77471983142315531244051629292977075      
   5.74511290886069478127797404557255455      
   5.71460462514891245489010951254678763      
   5.68318322514873078611688665406645094      
   5.65083698540644723012929499949014848      
   5.61755421068588762493835175913147655      
   5.58332323098607444848540093923706127      
   5.54813239775305093903626537917364941      
   5.51197008033128232024996636015764397      
   5.47482466197939211341874489821316632      
   5.43668453420301985633792738776917212      
   5.39753809309987970887364712824045967      
   5.35737373315348354228560730033620851      
   5.31617984166489928252519846590223174      
   5.27394479306086864137220802056895216      
   5.23065694265810291728526480978691990      
   5.18630462061766735479428165745865772      
   5.14087612586889707902785079892186625      
   5.09435971995813989239868391168980716      
   5.04674362085772791640087658635690361      
   4.99801599777925556989557277810104517      
   4.94816496551716188000980468685107108      
   4.89717857921187588127409880651921594      
   4.84504483029315053870366653246327783      
   4.79175164132116498254227047103200431      
   4.73728686334483814190431758765257625      
   4.68163827139017534861701580297582530      
   4.62479356201713007053164306597064307      
   4.56674035070866744598957581057925928      
   4.50746616957187163035364877806343340      
   4.44695846626821648045820535756278609      
   4.38520460109370674170714787805381959      
   4.32219184743284174491227337211436072      
   4.25790738981676599471536535263794925      
   4.19233832378697409579297977625150642      
   4.12547165561687265302152263934823216      
   4.05729430156045307843093101288945248      
   3.98779308852564964275383267932821375      
   3.91695475378662762444042553329921637      
   3.84476594496887305390858358748733879      
   3.77121322122248161269041005794462974      
   3.69628305253478470711491488554773823      
   3.61996182146450165011560111815563348      
   3.54223582208463901430740679856078512      
   3.46309126226245885998815157253200556      
   3.38251426269078453581798988511482960      
   3.30049085865541255011021444518368788      
   3.21700699959661843377216285729272456      
   3.13204855072976084710046615967959150      
   3.04560129313385414350837566817037075      
   2.95765092376965407692836428053263859      
   2.86818305745971568909758784344830747      
   2.77718322576918587462280729914955613      
   2.68463687929869223862414375726204618      
   2.59052938662814627747759174697315108      
   2.49484603561033167836931877887754939      
   2.39757203411434218000723105652847907      
   2.29869250978079142665688332169532662      
   2.19819251098532829590859975095294046      
   2.09605700686843503746789052481907741      
   1.99227088842260771765932241470617261      
   1.88681896796893617746864179346062974      
   1.77968598019150908152899863631161052      
   1.67085658224874346978907780267932478      
   1.56031535414223256595815133942336524      
   1.44804679901936393228905346696432052      
   1.33403534346139724246078008940424913      
   1.21826533765473334128168137560911854      
   1.10072105608367153707626989691340763      
  0.981386696933457736752519153593579950      
  0.860246383459872141811773949298960718      
  0.737284163357272710181692246206579239      
  0.612484009184040855980582177304457268      
  0.485829818782862759335373865074698508      
  0.357305415287050105855622140112479225      
  0.226894546796686784514579053763493533      
   9.45808882580109457549011845107696254E-0002
  -3.96519610805316296248797186288039195E-0002
 -0.175820474312228587157603385769036623      
 -0.313941200052032590717032158085078284      
 -0.454030759280293520922309606200806043      
 -0.596105847794660315793287852968581243      
 -0.740183233895465586106739465605864930      
 -0.886279759483175096219841071735832882      
  -1.03441234030917906929584008917103965      
  -1.18459796397166934486044377632667969      
  -1.33685369324498498959708449195941906      
  -1.49119666083413538738208235779264924      
  -1.64764407582996021233832523671759327      
  -1.80621321666510447020831164378088341      
  -1.96692143662369157408488836245442167      
  -2.12978616131223652634897773778524009      
  -2.29482488734798313278079406954781542      
  -2.46205518710858772541054274787307080      
  -2.63149470106351552979558393142115483      
  -2.80316114416278244072882628881068279      
  -2.97707230501918062943668303853643002      
  -3.15324604145827354435602960051353195      
  -3.33170028450468609160145650384719757      
  -3.51245303922730339060718658266617209      
  -3.69552237920772162586574545019983447      
  -3.88092645150992498894734807313983501      
  -4.06868347679409511494517538310055912      
  -4.25881174414235222971099266881982234      
  -4.45132961587320867706247456038197991      
  -4.64625552771320473923365099715059026      
