   6.46114229515578832787994501293249882      
   6.46114229515578832787994503858969363      
   6.46114229515578832787994507460013469      
   6.46114229515578832786445253264715027      
   6.46114229515578830736877830827187070      
   6.46114229515578543430523330540439297      
   6.46114229515567986084553771007293604      
   6.46114229515405411085426356467534264      
   6.46114229514024780706460362493401891      
   6.46114229506340386795102926841199873      
   6.46114229474944116454469983652517550      
   6.46114229373255762115412728824155731      
   6.46114229097773987430434728266792703      
   6.46114228449084290521666902145416561      
   6.46114227083410622851390479628813966      
   6.46114224455776934421929172962263250      
   6.46114219769051490561221462165684853      
   6.46114211915224511951782714378855221      
   6.46114199424398482966145917197808053      
   6.46114180423515006085495722591542326      
   6.46114152603598597542444688492600838      
   6.46114113198127868971193019258110612      
   6.46114058973776883735299513532919099      
   6.46113986234531786592476729923312008      
   6.46113890839861864280831227634806118      
   6.46113768237116243738868105820458175      
   6.46113613507598243875743753688114906      
   6.46113421424892227839826434320829391      
   6.46113186523093662970698392367143111      
   6.46112903170490491141340924891476975      
   6.46112565647981918218144569067668482      
   6.46112168230515087616052355529105220      
   6.46111705251078918026686150177481361      
   6.46111171165557825712594367499112467      
   6.46110560601788804700144031287459061      
   6.46109868393814065560085103432210560      
   6.46109089598540175939114354594389088      
   6.46108219500663332918374908830824496      
   6.46107253589635848683583085690281929      
   6.46106187544969760121005413259292871      
   6.46105017168311202672302029442088276      
   6.46103738335698019355675735588872419      
   6.46102346928220088979724154400727268      
   6.46100838757065553185741369411584766      
   6.46099209483539433159080050090419226      
   6.46097454534949865884805722266861434      
   6.46095569020161426664809789411686256      
   6.46093547658931425977991353757360811      
   6.46091384701301644159952006559055296      
   6.46089073847114281887836293913180011      
   6.46086608187443845773476326897039531      
   6.46083980144530834472460892977261685      
   6.46081181421713206956032738784089869      
   6.46078202959192876940576264558890387      
   6.46075034898576028484009650544382700      
   6.46071666559383611865527777368905872      
   6.46068086415024839314822774022628685      
   6.46064282087234699972830085293962865      
   6.46060240329286517092666884751406791      
   6.46055947030287535033306481456962697      
   6.46051387218980952667949061224912324      
   6.46046545077573215622875078276444669      
   6.46041403945221109346341771833810500      
   6.46035946350060361155133803468384386      
   6.46030154013911902398002556323644862      
   6.46024007875194084736918849651471263      
   6.46017488107295154902233702361455365      
   6.46010574147744105378148552435679761      
   6.46003244716601922703121149231822768      
   6.45995477827053045125365126694517598      
   6.45987250812927887851194933933408180      
   6.45978540345171328715400703942290443      
   6.45969322437914295831769734712494548      
   6.45959572463266722023631423685775372      
   6.45949265160894451220662526603752286      
   6.45938374636310755758052447670385538      
   6.45926874359138039006726149258988054      
   6.45914737164454580583904427321122414      
   6.45901935249157897851431646696872299      
   6.45888440143233220003867822286141850      
   6.45874222696977955743011251818773551      
   6.45859253054729311239970296847270741      
   6.45843500626472205348256826604819098      
   6.45826934052932112875808309826510247      
   6.45809521163227052809882372523268396      
   6.45791228921791020097158927067863833      
   6.45772023383868957751898479884553520      
   6.45751869620208577124614398622849607      
   6.45730731699994469984090557196832967      
   6.45708572550005947342286910290281633      
   6.45685353917584950997936066643025261      
   6.45661036234967778712928533310796257      
   6.45635578631748380955866386713469001      
   6.45608938698706110486363890894616661      
   6.45581072395040677978757578159947557      
   6.45551934126922173885124936111512531      
   6.45521476370457727111984412987513766      
   6.45489649678957155787387890792256850      
   6.45456402389167696249808600373524427      
   6.45421680746942597134603776728359261      
   6.45385428452959966258662010320293208      
   6.45347586612146695852064400982820995      
   6.45308093587684857194795163854807005      
   6.45266884736136548193762658265311571      
   6.45223892220840671962713025656761410      
   6.45179044755560750919906551523025911      
   6.45132267414822250475463948673446049      
   6.45083481395301570238382962419927545      
   6.45032603664158488168650324990871845      
   6.44979546707660038336911261467249333      
   6.44924218284141847368753147051224578      
   6.44866521028084635119099954765363211      
   6.44806352073102282013389477558852133      
   6.44743602818889134606505817431576512      
   6.44678158362113365687624419800947977      
   6.44609897180393274849882102423619431      
   6.44538690677437315929505145745102762      
   6.44464402637821524903258774507915338      
   6.44386888723735138908376671279992757      
   6.44305995961633474215266641260663303      
   6.44221562076184563930838381705373525      
   6.44133414895405399680708517079825299      
   6.44041371599312524425024880637049585      
   6.43945238031717912430044552260748926      
   6.43844807858015030246267114518199782      
   6.43739861687261184176561171825527446      
   6.43630166131143411160692292135124851      
   6.43515472801434352263158950760039925      
   6.43395517183136448246432772336431715      
   6.43270017451975765082576594264196229      
   6.43138673166088523589851672124327096      
   6.43001163863101457567136513668607998      
   6.42857147529223521327824473978871768      
   6.42706258935499701386473857595635099      
   6.42548107837140056410088067080423545      
   6.42382277013496056868578957212015303      
   6.42208320118117312693315914221568800      
   6.42025759386183832504025244640695110      
   6.41834083128850750086684492050470984      
   6.41632742992972942485941456527869518      
   6.41421151041175394697402493855526652      
   6.41198676567042717957917001894951457      
   6.40964642698213298980572241577619514      
   6.40718322738350081794921522927749493      
   6.40458936325531102275873441762187503      
   6.40185645313991822031766983149555451      
   6.39897549526918679301752571148678734      
   6.39593682373736550994465119466517899      
   6.39273006391748167648532011215643001      
   6.38934408872028779993352932443842638      
   6.38576697689091317164616055859788132      
   6.38198597486372944478367401711351272      
   6.37798746554377621526323785922639023      
   6.37375694603540132448325185841701314      
   6.36927901612158345818591944356551018      
   6.36453738598834256819813520595868098      
   6.35951490025787843180991491465630026      
   6.35419358576597899148283895391602087      
   6.34855472323332759057216285065336690      
   6.34257894461268026947994729863588965      
   6.33624635320953398246712918866083794      
   6.32953666456718262291134663097279204      
   6.32242936028158523254333346251974251      
   6.31490384800698890046744612855293203      
   6.30693961772875604612396237553677445      
   6.29851638823942821765072636283484017      
   6.28961423246678859148965561849351403      
   6.28021367901171363057523383282613212      
   6.27029578798257369946520804752113139      
   6.25984219787933275369427364028703298      
   6.24883514738188258733223025537512481      
   6.23725747557339227239613243804258994      
   6.22509260708969982352730258287811614      
   6.21232451837647082264327135277855793      
   6.19893770164212436132727413844519392      
   6.18491712067905950688518303116732416      
   6.17024816190633245380697188832286902      
   6.15491659420146111751848327957058999      
   6.13890851719068612234478467625831100      
   6.12221032842110809408108645441678009      
   6.10480867944367969100481298288676875      
   6.08669044480809485443366517391734576      
   6.06784269239915288207711591607112339      
   6.04825265534891553931005779557764625      
   6.02790771077716213413947649360537801      
   6.00679535981203829764385333422330142      
   5.98490321110558500609114426969775880      
   5.96221896655528824976000891429231763      
   5.93873040980433050565491828345518409      
   5.91442539675134438447421095058950723      
   5.88929184686866820219371666903800551      
   5.86331773702509037587017630443208426      
   5.83649109555600076924174024754172746      
   5.80879999817001028411580373970303294      
   5.78023256378367858751351932062537479      
   5.75077695104054619127228719056392574      
   5.72042135560120148615661514963295880      
   5.68915400713421162693394366086561819      
   5.65696316672707700562175462800122397      
   5.62383712389318213565400291736274606      
   5.58976419359533733962955308487432542      
   5.55473271262764352448019053466986815      
   5.51873103626203152204433828449757651      
   5.48174753442339061668198697011675890      
   5.44377058621946397238130920655301160      
   5.40478857650919343854923939249570299      
   5.36478988974616818357022607202624809      
   5.32376290466700907040477989156743980      
   5.28169598859836476588840441869156758      
   5.23857749153588668574923460260449559      
   5.19439574000582727029679575033716116      
   5.14913903086113709965286533748615776      
   5.10279562568283064030479579925503716      
   5.05535374422738086526998578734559100      
   5.00680155901551856568074087766844565      
   4.95712719008801126054574079312544353      
   4.90631869952707023902579234959572655      
   4.85436408692781921510159789172751793      
   4.80125128492650599935888934717323957      
   4.74696815550284030459103595136851940      
   4.69150248619156797825534521385337965      
   4.63484198703141079692830750889363198      
   4.57697428790475103833749641693833494      
   4.51788693622048395407698219160908345      
   4.45756739561709677236030027783978667      
   4.39600304296510963133023688533631994      
   4.33318116864272295594434779192073954      
   4.26908897478339396966845416091725456      
   4.20371357452013188064384382986558113      
   4.13704199203141649119157537529265719      
   4.06906116181483955689610447379388606      
   3.99975792853311992094670474712262131      
   3.92911904770615483567098631741193681      
   3.85713118507066123634444808220483084      
   3.78378091755615588960445787238511326      
   3.70905473290106956185176591360535567      
   3.63293903114809623568740259302970471      
   3.55542012386953091207332446676266832      
   3.47648423593702276543914145574635418      
   3.39611750499837529573766691743856067      
   3.31430598275905145203655357834463915      
   3.23103563531944300117476455117417252      
   3.14629234368674496874329088603441685      
   3.06006190479714934841662403027284478      
   2.97233003125111189837023849051804738      
   2.88308235293356611949896711853889591      
   2.79230441651124747519697995565393337      
   2.69998168726580780951634400639119113      
   2.60609954799810691584972959291380224      
   2.51064330111113103160044772982420419      
   2.41359816810173240751886340972970033      
   2.31494929048948812312526602396320093      
   2.21468172999480994034544817262290360      
   2.11278046900433715725396296983285394      
   2.00923041161029437150567250228212639      
   1.90401638277598616901779983629501893      
   1.79712312993844684350259763960422962      
   1.68853532262085581124800633492953255      
   1.57823755309551604803437541291117630      
   1.46621433652364195741752439220644727      
   1.35245011127641976244716974985858266      
   1.23692923947932417875277456468050985      
   1.11963600707763116648605773311779372      
   1.00055462362172862355813645473655604      
  0.879669223802627962005284142159114013      
  0.756963866329890589991564003375310461      
  0.632422534749902078990228349963638651      
  0.506029138042234032071215466157716847      
  0.377767509766317148620865443083161213      
  0.247621409320341785012963266747146177      
  0.115574521798771392780777599226966248      
  -1.83895432996298898306555778977470951E-0002
 -0.154287248266711608775685282005371404      
 -0.292135131607797795876219910342122768      
 -0.431949804249603225601999166065114815      
 -0.573747951077777977915134581208291297      
 -0.717546331301844907950732394878349203      
 -0.863361776106963629065957606625512676      
  -1.01121119228856256845240191375003085      
  -1.16111155674631652066458311217646927      
  -1.31307992269452719319553946047107806      
  -1.46713341326653376942201697800755510      
  -1.62328922763177257064755837595935925      
  -1.78156463499583013143256333061843762      
  -1.94197697838489184550953096871508464      
  -2.10454367533680622010216016779612384      
  -2.26928221165875975720463309440988306      
  -2.43621015065366234606523613660612424      
  -2.60534512370326534697861291723275355      
  -2.77670483619061378307174367430566009      
  -2.95030706756586156667205976037553035      
  -3.12616966660331569814839928737347346      
  -3.30431055476441138040712748823252453      
  -3.48474772803443160054444496902971945      
  -3.66749925107073491324016050034218884      
  -3.85258326184801633992107566021881155      
  -4.04001797165513678652716277250079742      
  -4.22982166089471210575088221497382422      
  -4.42201268255006291074271515981538895      
  -4.61660946346006527213302264311845081      
