   6.46114229515578832787994501293249882      
   6.46114229515578832787994503858969363      
   6.46114229515578832787994507460013469      
   6.46114229515578832786445253264715027      
   6.46114229515578830736877830827187147      
   6.46114229515578543430523330540439219      
   6.46114229515567986084553771007311323      
   6.46114229515405411085426356470484481      
   6.46114229514024780706460362653681401      
   6.46114229506340386795102930825404352      
   6.46114229474944116454470039642937883      
   6.46114229373255762115413241120234725      
   6.46114229097773987430438093861420845      
   6.46114228449084290521683929108702352      
   6.46114227083410622851460319582064006      
   6.46114224455776934422170610763643225      
   6.46114219769051490561946282352648660      
   6.46114211915224511953717237965868158      
   6.46114199424398482970823905049867278      
   6.46114180423515006095910386457682614      
   6.46114152603598620810125045995979643      
   6.46114113198128032996515236797049696      
   6.46114058973777184140418936313309438      
   6.46113986234532712981706394162369659      
   6.46113890839864486654220594831058949      
   6.46113768237123125405810114874266221      
   6.46113613507615126233812051714472537      
   6.46113421424931224777892573875975784      
   6.46113186523179006354909547496077840      
   6.46112903170668390535565763055479369      
   6.46112565648336785305469659771651108      
   6.46112168231195247300642021546749017      
   6.46111705252335995743111726892661073      
   6.46111171167805268336529915960324235      
   6.46110560605686456526602332064701668      
   6.46109868400387369341123495213788217      
   6.46109089609344381608373907034647227      
   6.46108219518005052938355880965977510      
   6.46107253616866363141463630039581912      
   6.46106187586866622471218060765370023      
   6.46105017231566894583672687170578177      
   6.46103738429536617321851488401202081      
   6.46102347065165111896992771988955840      
   6.46100838953884327441891636565099827      
   6.46099209762391422670318502086957268      
   6.46097454924768450900428850599954405      
   6.46095569558300518989819298361824281      
   6.46093548393110227953261719483635947      
   6.46091385691882451953260821994346813      
   6.46089075169749928266781973357489614      
   6.46086609936132814806264101165386725      
   6.46083982435034265195472345208986414      
   6.46081184395871759357871791121669163      
   6.46078206788973623982304837999835135      
   6.46075039791468227091818179614328167      
   6.46071672764032371977777749981308563      
   6.46068094227598541879295871742235853      
   6.46064291858498487652468383707611435      
   6.46060252472426578720195419869941315      
   6.46055962029533747029786650700090034      
   6.46051405639074529026224501391770873      
   6.46046567574127302469657217199346705      
   6.46041431276021913011181685863887795      
   6.46035979387359902865013346298657425      
   6.46030193757758299495508465372969832      
   6.46024055467853183415543936050213386      
   6.46017544848810576247253720605822689      
   6.46010641512698810458426371981480753      
   6.46003324372114225606553424389210644      
   6.45995571652077541479960494824485799      
   6.45987360918919824642673718421411837      
   6.45978669098152032084068802784413154      
   6.45969472482015607999877268237865363      
   6.45959746745809528504636955579407325      
   6.45949466959060031903306081981214998      
   6.45938607585476842309825788255133218      
   6.45927142482937019112171025798334447      
   6.45915044906662871052298228543123825      
   6.45902287507440315722699623170674903      
   6.45888842304839997432685405635942880      
   6.45874680676496274694885053813475250      
   6.45859773333976672677551028046273911      
   6.45844090296596585846497821282597492      
   6.45827600858854838896009205932765304      
   6.45810273550508103217237294732807283      
   6.45792076085959820009909545009727970      
   6.45772975322781085041906024907212367      
   6.45752937188714914419193766687513828      
   6.45731926667726669572069204340347144      
   6.45709907662341406639560244696781643      
   6.45686842959913956162920268702724168      
   6.45662694100115503645436078057604360      
   6.45637421391559886760712855921499651      
   6.45610983677519371170606606304914461      
   6.45583338251729745479379316659727859      
   6.45554440935223408497915148150628583      
   6.45524245707927526963352103638506773      
   6.45492704719481229781959102679215828      
   6.45459768000066212250744363273304036      
   6.45425383592708754203337446110932672      
   6.45389497103285476434169903319428792      
   6.45352051657459457495463905246894226      
   6.45312987758580951645544900959631338      
   6.45272243033437141906842292945413267      
   6.45229752049374131966865820409561276      
   6.45185446068702448114915187618576174      
   6.45139252865490830075691813180129021      
   6.45091096497944973366727704658038894      
   6.45040896961096200432050852631676314      
   6.44988569953706144934988582283841451      
   6.44934026636499304998737723716097987      
   6.44877173250170139213460682021744353      
   6.44817910750845572218672846551261390      
   6.44756134590197658868990497511332744      
   6.44691734162409062091805916066108552      
   6.44624592502410509022107379046994142      
   6.44554585849431257126781236690071965      
   6.44481583120029618460328063180070016      
   6.44405445424184784421270935762310256      
   6.44326025575009499728687273145645192      
   6.44243167443766454073691951872747148      
   6.44156705390101595824940560162933776      
   6.44066463542927688446842190356597994      
   6.43972255134830127294240830212347042      
   6.43873881697181713659954681247298743      
   6.43771132209937043666248401805482446      
   6.43663782206860862890241270961681830      
   6.43551592804708167578786589049776136      
   6.43434309625177188433398731597569289      
   6.43311661653257072957000487966769948      
   6.43183359986164451061587907873559459      
   6.43049096477879117268938681697841370      
   6.42908542267513373227151985192308436      
   6.42761346176410158018896151909433452      
   6.42607132973770440288563416617856070      
   6.42445501474831897579138302229179060      
   6.42276022471991497836520686752229514      
   6.42098236510548536700483140983027329      
   6.41911651448327956100137942915101984      
   6.41715739793459354492986057312119316      
   6.41509935847129375999323003594579711      
   6.41293632579271773895850628549088410      
   6.41066178277561051116979629912209086      
   6.40826872934848665913211307316951607      
   6.40574964381197569510192039544576404      
   6.40309644172945523651725843947020437      
   6.40030043268276482969880396380616685      
   6.39735227494019809935968421352987794      
   6.39424192914084046866471309909637491      
   6.39095861169461547206850716602921890      
   6.38749074870268621889243338458701688      
   6.38382593371632184331364015385687749      
   6.37995088934188660876518774912828701      
   6.37585143717515217939900680704009912      
   6.37151247852674142615556742179206747      
   6.36691799159447926195686695278713606      
   6.36205104511446555496412961483166331      
   6.35689383675642553920481519130932936      
   6.35142775566419324948790020583152698      
   6.34563347269205121401156096806088837      
   6.33949105693544309386498653739328722      
   6.33298011605460227740505597116933484      
   6.32607995399027819012164971361252563      
   6.31876973826290804461794320228789349      
   6.31102866759949081314151122981001003      
   6.30283613096662888870557683997776606      
   6.29417184720949340839348279719770119      
   6.28501598092936619503213089833518190      
   6.27534922982849866352488934884415313      
   6.26515288268411909049588856718540006      
   6.25440884864845178400348065473156802      
   6.24309966477436711600627575433084244      
   6.23120847980153518400568972309305438      
   6.21871902763157485905778401651241564      
   6.20561558613900707132163545199710944      
   6.19188293256556019640114830485024684      
   6.17750629395476644345255430984663230      
   6.16247130307708892648516427271730461      
   6.14676394294629001232915621406597245      
   6.13037051313706968283020103958269011      
   6.11327758259323871032630384445768459      
   6.09547195478949855944698970840451618      
   6.07694063716071768686839358343319558      
   6.05767081090235073976017213545396300      
   6.03764980741378235777948285623696301      
   6.01686508712960263604154677999223922      
   5.99530422159055538597302639943331129      
   5.97295487820300863504895776061030110      
   5.94980480773620508149068931848939291      
   5.92584183420415941118533511195014021      
   5.90105384535802579726229241177265418      
   5.87542878638423913623655644835552337      
   5.84895465345386972346965156827994093      
   5.82161948947588428493948511940789521      
   5.79341137989517335902120043727002760      
   5.76431844914164323563345184351627252      
   5.73432885804478923711209781238985421      
   5.70343080101290917164695448869483925      
   5.67161250370961974079688517845438253      
   5.63886222007867781791494009028339593      
   5.60516823040311100820962008616086809      
   5.57051883717325298364302993265499673      
   5.53490236314290600749635382623562246      
   5.49830714676293782423661523280467721      
   5.46072153836836784230285868034831711      
   5.42213389624797143266216927437432210      
   5.38253258125286473634828861631485989      
   5.34190595189578661411798441853158342      
   5.30024235866982676619845101818111288      
   5.25753013885336169038945775598415177      
   5.21375761003224089361318414990401302      
   5.16891306452123547922964488902288358      
   5.12298476318890311852250117144977306      
   5.07596092998460932913309766014783628      
   5.02782974526511348048648470642692673      
   4.97857934122429574925814366553181918      
   4.92819779601873169278632057455730295      
   4.87667312907551141401091448029179891      
   4.82399329640041410496975451267637151      
   4.77014618611276092411672906951820382      
   4.71511961549368252771523857590177438      
   4.65890132670869033730559130464965092      
   4.60147898409030651464739731348415463      
   4.54284017154476148268453026150631283      
   4.48297239080814262861483654222472053      
   4.42186305879863380892201637761739623      
   4.35949950655359704023014467333144150      
   4.29586897813217696837480255012438825      
   4.23095862963469467604393383659864951      
   4.16475552791305655884328343738179092      
   4.09724665118623862548513936070480889      
   4.02841888754739477046451535913401952      
   3.95825903614869813980215512140206821      
   3.88675380629613110000644613627338293      
   3.81388981777300689541874901805336212      
   3.73965360150745281934091463633672786      
   3.66403159972547604822969147874317269      
   3.58701016619186620080411694312046958      
   3.50857556686927844798402435100642876      
   3.42871398044147290978999680747918412      
   3.34741149842712877579002811619568545      
   3.26465412693216307231969328166730796      
   3.18042778550855228154674176148203083      
   3.09471830927243068452664656318099928      
   3.00751144863526566737671755704008313      
   2.91879287016383072175260416749260299      
   2.82854815679176747831468855511581046      
   2.73676280935897862025666384274107507      
   2.64342224558371509897292223771918951      
   2.54851180230748687189065109767037523      
   2.45201673459294324602275640106944825      
   2.35392221725538213825733080912322948      
   2.25421334433714383096861955897249956      
   2.15287513060569988404492692286352210      
   2.04989251133908403139290655851389731      
   1.94525034269751449650439191755907566      
   1.83893340256940862614427802683618435      
   1.73092639047250318920950755480822190      
   1.62121392831624628860412285826530106      
   1.50978056044096788787618802658155849      
   1.39661075405102834168946729790896537      
   1.28168889954913001756169524359476739      
   1.16499931079072625983836932200175509      
   1.04652622532853295399790278375012486      
  0.926253804849226850884461859919332363      
  0.804166135269203213439035022877113625      
  0.680247226494356646722163814223915608      
  0.554481014336024085115567517670824921      
  0.426851358008751792630095173761102001      
  0.297342043211915038283867829991834018      
  0.165936780000641266940288047003899121      
   3.26192043235996990362424760195897587E-0002
 -0.102627122015350220328808662993203362      
 -0.239818712215391323752280570314026338      
 -0.378972152460720881889758468902078388      
 -0.520104103421249175940908063495770105      
 -0.663231299731565454781941148522235445      
 -0.808370548521024672403025697363762443      
 -0.955538732332979860552118469084363461      
  -1.10475280471257683942766406956901769      
  -1.25602979488727184312503993827440653      
  -1.40938680304967196351647319534236302      
  -1.56484100396351066968188978841842757      
  -1.72240964467170784768190432334830516      
  -1.88211004476321531906995528687759485      
  -2.04395959833150904416038091242117128      
  -2.20797576885562422255477016130265531      
  -2.37417609667112379032780513768709210      
  -2.54257819070134110545669265224414342      
  -2.71319973343149433353775489748288598      
  -2.88605848171701703859773360616442293      
  -3.06117226380806485840279735324717874      
  -3.23855897695642189417973530756131391      
  -3.41823659463148349376976125996111267      
  -3.60022316120390865989195971614503883      
  -3.78453679109418579798120580792416427      
  -3.97119567358792678988311388338980600      
  -4.16021806986816577777347184135143764      
  -4.35162230788999250146962231819509730      
  -4.54542679378399757569645308806787152      
