 0.88891645661208E-10
 0.17778329132169E-09
 0.26667493698100E-09
 0.35556746114470E-09
 0.43803193152066E-09
 0.61398657078934E-09
 0.84453784698684E-09
 0.63047426460932E-09
 0.94720883290766E-09
 0.13011571150459E-08
 0.14230820594359E-08
 0.13017374738699E-08
 0.13704252191691E-08
 0.17286501325123E-08
 0.13598404529041E-08
 0.19204947087723E-08
 0.18059652506192E-08
 0.15572953625511E-08
 0.24672875625733E-08
 0.21751985460688E-08
 0.14538036361186E-08
 0.25026648245731E-08
 0.31497526869567E-08
 0.23684095841001E-08
 0.26372062418441E-08
 0.22275970835777E-08
 0.38093637903468E-08
 0.37370336013550E-08
 0.32296376264721E-08
 0.40419591519466E-08
 0.28487034093750E-08
 0.45544753511737E-08
 0.48958229966223E-08
 0.89454934303080E-08
 0.10001407125242E-07
 0.15899133278129E-07
 0.22422183909996E-07
 0.35042204744710E-07
 0.50179185719367E-07
 0.74593027039436E-07
 0.10814208191538E-06
 0.15549185168321E-06
-0.82294031213311E-06
-0.98894305281699E-06
 0.10846538681734E-05
-0.93645558922777E-06
 0.12528695985095E-05
 0.15643454132927E-05
 0.13398122192176E-05
 0.17381495471584E-05
 0.22393764194334E-05
 0.28550326805067E-05
 0.36057981582714E-05
 0.45211423033968E-05
 0.56191100039294E-05
 0.69357205550828E-05
 0.85033097992615E-05
 0.10354061451394E-04
 0.12528460152034E-04
 0.15075258481216E-04
 0.18038924374091E-04
 0.21467895905043E-04
 0.25423774606704E-04
 0.29963090304267E-04
 0.35158116140761E-04
 0.41073856083758E-04
 0.47792684102824E-04
 0.55397192656690E-04
 0.63965744336732E-04
 0.73614500596882E-04
 0.84422205307454E-04
 0.96512171051671E-04
 0.10999870390021E-03
 0.12499886189875E-03
 0.14165195055589E-03
 0.16009611179492E-03
 0.18054956066048E-03
 0.20248320441076E-03
 0.22793829444706E-03
 0.25508855931662E-03
 0.28380266957940E-03
 0.31719382057731E-03
 0.35281333262011E-03
 0.39166621681322E-03
 0.43399485276182E-03
 0.47978368789999E-03
 0.44562564158963E-03
 0.58425813976112E-03
 0.64294944435342E-03
 0.70655287492242E-03
 0.81587763290996E-03
 0.84931729507454E-03
 0.16738354363673E-02
 0.10167886440847E-02
 0.11076749802362E-02
 0.12071310415416E-02
 0.13138444394047E-02
 0.14282712338115E-02
 0.18363927908567E-02
 0.16911067478744E-02
 0.18878502212111E-02
 0.19899626140705E-02
 0.21657611713598E-02
 0.22062197962010E-02
 0.24882378608570E-02
 0.27135947322738E-02
 0.28852660327160E-02
 0.30236092198662E-02
 0.33372694282482E-02
 0.35852853166982E-02
 0.38466815136471E-02
 0.43987648211197E-02
 0.44187932824732E-02
 0.47349174100924E-02
 0.49850204982021E-02
 0.53944813354027E-02
 0.57728333697314E-02
 0.60068628395228E-02
 0.66015380006844E-02
 0.69766723526352E-02
 0.75871665853769E-02
 0.85255773290536E-02
 0.85845234022996E-02
 0.87362608875410E-02
 0.94213180903044E-02
 0.10088618724672E-01
 0.11230238038634E-01
 0.10944293964794E-01
 0.12234091637604E-01
 0.12292346132723E-01
 0.13747435841035E-01
 0.13491362305897E-01
 0.14326726114453E-01
 0.15232683961391E-01
 0.15881024123320E-01
 0.16574293637078E-01
 0.17503863129786E-01
 0.18267383013003E-01
 0.18731381527701E-01
 0.19168166208046E-01
 0.20362041841680E-01
 0.20343368868363E-01
 0.20891645357389E-01
 0.21461159359871E-01
 0.21881704915809E-01
 0.22071791665642E-01
 0.22183987365036E-01
 0.22425815133283E-01
 0.21701719402691E-01
 0.21239536526871E-01
 0.20371971019181E-01
 0.20578509423072E-01
 0.19209402533117E-01
 0.19499095216009E-01
 0.19719439367690E-01
 0.18422141698427E-01
 0.17534107072687E-01
 0.17870794038238E-01
 0.18554306407449E-01
 0.19125940301091E-01
 0.19375184592204E-01
 0.20166899903492E-01
 0.21488321137885E-01
 0.21913594068428E-01
 0.25016781111080E-01
 0.23611160655724E-01
 0.25067485853824E-01
 0.26617632521627E-01
 0.28936251032867E-01
 0.25980080460392E-01
 0.25059133589446E-01
 0.28906534758469E-01
 0.22626538952414E-01
 0.32421920541037E-01
 0.23248957314347E-01
 0.31541383825780E-01
 0.26638313992287E-01
 0.21593406904983E-01
 0.20991638423115E-01
 0.25426890597108E-01
 0.24679363510867E-01
 0.23652673598406E-01
 0.21016700339909E-01
 0.20866417703261E-01
 0.18811374429061E-01
 0.17510885942130E-01
 0.16190023159165E-01
 0.14985200424975E-01
 0.13676222867691E-01
 0.11953029434836E-01
 0.10927533114654E-01
 0.91738223739084E-02
 0.67557949494810E-02
 0.45339527095392E-02
 0.44229044902893E-02
 0.26836670375731E-02
 0.32312364419531E-03
-0.10202670140480E-02
-0.30200023486217E-02
-0.38578822771708E-02
-0.47229151770842E-02
-0.56786237404979E-02
-0.67066958747461E-02
-0.79265573764345E-02
-0.73634602847188E-02
-0.10364807768014E-01
-0.82513011964937E-02
-0.10383794765233E-01
-0.87660591939703E-02
-0.93541798057165E-02
-0.95135143009563E-02
-0.84035640317252E-02
-0.84825090348216E-02
-0.85506878817782E-02
-0.80297349612323E-02
-0.78972012824914E-02
-0.73560931223166E-02
-0.73536674600941E-02
-0.63596067320542E-02
-0.52023373283459E-02
-0.74734646378817E-02
-0.45556955091373E-02
-0.51192437343148E-02
-0.66356335499428E-02
-0.29613329280987E-02
-0.64282772890938E-02
-0.31997902567925E-02
-0.32170534180592E-02
-0.38437788406613E-02
-0.26362616508669E-02
-0.45556423687147E-02
-0.28698482007674E-02
-0.43493091676220E-02
-0.14461700841210E-02
-0.37998125638094E-02
-0.73710570368530E-03
-0.42256923729008E-02
-0.23564425424121E-02
-0.45660919951500E-02
 0.20127050460965E-03
-0.28979164988615E-02
-0.10700055356147E-02
-0.19622523034964E-02
-0.44792519712869E-03
-0.31183887351982E-02
-0.11637372543877E-02
-0.37311415213724E-03
-0.10180643271771E-02
-0.23343038690012E-02
-0.32506798816616E-04
-0.21613007136379E-02
-0.52290062483790E-03
-0.21750176312259E-02
-0.50576843402694E-04
-0.12562779183794E-02
-0.13105806947413E-02
-0.82797540998855E-03
-0.14446554338032E-02
-0.87508889982252E-03
-0.17029410739757E-02
 0.31140586325857E-03
-0.10534053988261E-02
-0.14600055702031E-02
-0.32649907458764E-03
-0.37733402066759E-02
-0.18181809287570E-03
-0.10763355552456E-02
 0.79444512892846E-03
 0.46239921057412E-03
-0.40984096790267E-02
 0.34671688095414E-02
-0.16793550832291E-02
 0.18041161537466E-02
-0.51111039516932E-03
 0.43341463104074E-02
-0.50011763209235E-03
-0.84116773674070E-03
 0.62440345772140E-02
-0.34006817498194E-02
-0.50873194016739E-02
 0.56255933763849E-02
-0.64756069693415E-02
 0.45335240201437E-02
 0.43726872983869E-02
-0.50747407833510E-02
 0.79879192727890E-02
-0.19325240499851E-02
-0.17767318463123E-02
-0.35018039444961E-02
-0.37187184734635E-02
-0.33403059796845E-02
 0.28594396416834E-02
 0.98063649900915E-03
-0.28245209853334E-02
 0.10299315958078E-01
-0.45977998070333E-02
 0.47693440917992E-02
-0.23171495672478E-02
-0.70332649407599E-02
 0.34278326492665E-02
