 0.13548723707728E+03
 0.13548723707728E+03
 0.13548723707728E+03
 0.13548723707728E+03
 0.13548723707728E+03
 0.13548723707728E+03
 0.13548723707738E+03
 0.13548723707892E+03
 0.13548723709264E+03
 0.13548723717085E+03
 0.13548723749307E+03
 0.13548723853386E+03
 0.13548724132305E+03
 0.13548724778095E+03
 0.13548726108908E+03
 0.13548728604772E+03
 0.13548732937670E+03
 0.13548739992858E+03
 0.13548750879941E+03
 0.13548766933747E+03
 0.13548789705896E+03
 0.13548820949277E+03
 0.13548862597190E+03
 0.13548916739631E+03
 0.13548985598742E+03
 0.13549071505201E+03
 0.13549176876931E+03
 0.13549304201014E+03
 0.13549456019262E+03
 0.13549634917448E+03
 0.13549843517860E+03
 0.13550084474564E+03
 0.13550360470605E+03
 0.13550674216346E+03
 0.13551028448691E+03
 0.13551425926667E+03
 0.13551869432203E+03
 0.13552361763555E+03
 0.13552905729871E+03
 0.13553504143457E+03
 0.13554159810376E+03
 0.13554875519567E+03
 0.13555654030835E+03
 0.13556498061845E+03
 0.13557410274731E+03
 0.13558393262809E+03
 0.13559449537430E+03
 0.13560581515545E+03
 0.13561791508258E+03
 0.13563081710627E+03
 0.13564454192936E+03
 0.13565910893560E+03
 0.13567453613659E+03
 0.13569084013548E+03
 0.13570803610665E+03
 0.13572613779873E+03
 0.13574515755072E+03
 0.13576510632575E+03
 0.13578599376021E+03
 0.13580782822679E+03
 0.13583061691228E+03
 0.13585436590705E+03
 0.13587908029828E+03
 0.13590476428303E+03
 0.13593142128262E+03
 0.13595905406112E+03
 0.13598766485624E+03
 0.13601725550682E+03
 0.13604782759020E+03
 0.13607938255657E+03
 0.13611192186170E+03
 0.13614544710959E+03
 0.13617996018868E+03
 0.13621546340827E+03
 0.13625195962899E+03
 0.13628945241104E+03
 0.13632794613787E+03
 0.13636744614754E+03
 0.13640795886297E+03
 0.13644949191873E+03
 0.13649205429003E+03
 0.13653565642008E+03
 0.13658031034128E+03
 0.13662602979952E+03
 0.13667283037795E+03
 0.13672072962191E+03
 0.13676974715905E+03
 0.13681990484286E+03
 0.13687122681020E+03
 0.13692373972467E+03
 0.13697747282558E+03
 0.13703245808544E+03
 0.13708873035392E+03
 0.13714632749586E+03
 0.13720529055297E+03
 0.13726566387424E+03
 0.13732749532602E+03
 0.13739083643106E+03
 0.13745574256399E+03
 0.13752227315109E+03
 0.13759049184157E+03
 0.13766046682228E+03
 0.13773227090174E+03
 0.13780598192806E+03
 0.13788168290223E+03
 0.13795946234418E+03
 0.13803941459642E+03
 0.13812164014714E+03
 0.13820624597323E+03
 0.13829334589632E+03
 0.13838306103911E+03
 0.13847552019431E+03
 0.13857086036713E+03
 0.13866922723760E+03
 0.13877077558528E+03
 0.13887567009716E+03
 0.13898408581767E+03
 0.13909620882771E+03
 0.13921223699828E+03
 0.13933238069670E+03
 0.13945686360826E+03
 0.13958592356016E+03
 0.13971981343937E+03
 0.13985880210429E+03
 0.14000317538781E+03
 0.14015323710029E+03
 0.14030931008474E+03
 0.14047173727862E+03
 0.14064088278779E+03
 0.14081713295428E+03
 0.14100089737602E+03
 0.14119260985140E+03
 0.14139272938947E+03
 0.14160174051344E+03
 0.14182015436535E+03
 0.14204850866480E+03
 0.14228736781655E+03
 0.14253732254847E+03
 0.14279898918156E+03
 0.14307300840458E+03
 0.14336004354728E+03
 0.14366077832609E+03
 0.14397591404439E+03
 0.14430616626111E+03
 0.14465226106844E+03
 0.14501493103316E+03
 0.14539491091742E+03
 0.14579293345530E+03
 0.14620972538935E+03
 0.14664600393745E+03
 0.14710247399036E+03
 0.14757982616868E+03
 0.14807873581594E+03
 0.14859986341082E+03
 0.14914385487255E+03
 0.14971134474301E+03
 0.15030295812228E+03
 0.15091931422605E+03
 0.15156102936221E+03
 0.15222872053733E+03
 0.15292300806480E+03
 0.15364451758656E+03
 0.15439388158476E+03
 0.15517173763566E+03
 0.15597873473615E+03
 0.15681552074253E+03
 0.15768274668101E+03
 0.15858105996114E+03
 0.15951109981212E+03
 0.16047349083859E+03
 0.16146883603732E+03
 0.16249770903439E+03
 0.16356064578801E+03
 0.16465813583202E+03
 0.16579061324648E+03
 0.16695844773541E+03
 0.16816193560509E+03
 0.16940129124750E+03
 0.17067663916823E+03
 0.17198800669069E+03
 0.17333531782111E+03
 0.17471838803920E+03
 0.17613692050902E+03
 0.17759050385892E+03
 0.17907861119578E+03
 0.18060060102708E+03
 0.18215571952828E+03
 0.18374310432624E+03
 0.18536178981515E+03
 0.18701071373994E+03
 0.18868872510987E+03
 0.19039459272407E+03
 0.19212701459304E+03
 0.19388462830480E+03
 0.19566602071342E+03
 0.19746973890438E+03
 0.19929430042284E+03
 0.20113820347826E+03
 0.20299993660360E+03
 0.20487798790836E+03
 0.20677085362913E+03
 0.20867704603626E+03
 0.21059510048123E+03
 0.21252358170101E+03
 0.21446108930442E+03
 0.21640626245835E+03
 0.21835778378670E+03
 0.22031438254443E+03
 0.22227483709000E+03
 0.22423797671297E+03
 0.22620268284868E+03
 0.22816788981836E+03
 0.23013258506917E+03
 0.23209580881134E+03
 0.23405665413268E+03
 0.23601426519739E+03
 0.23796783682975E+03
 0.23991661302039E+03
 0.24185988548667E+03
 0.24379699204203E+03
 0.24572731491289E+03
 0.24765027898583E+03
 0.24956534998581E+03
 0.25147203264432E+03
 0.25336986886535E+03
 0.25525843592439E+03
 0.25713734464160E+03
 0.25900623764050E+03
 0.26086478762806E+03
 0.26271269572571E+03
 0.26454968986155E+03
 0.26637552322360E+03
 0.26818997276623E+03
 0.26999283779268E+03
 0.27178393857927E+03
 0.27356311511083E+03
 0.27533022580639E+03
 0.27708514638118E+03
 0.27882776872691E+03
 0.28055799985691E+03
 0.28227576093624E+03
 0.28398098630810E+03
 0.28567362264302E+03
 0.28735362809766E+03
 0.28902097152212E+03
 0.29067563173575E+03
 0.29231759682603E+03
 0.29394686350196E+03
 0.29556343648026E+03
 0.29716732791223E+03
 0.29875855684933E+03
 0.30033714873347E+03
 0.30190313492859E+03
 0.30345655214593E+03
 0.30499744255480E+03
 0.30652585258764E+03
 0.30804183312836E+03
 0.30954543903295E+03
 0.31103672880366E+03
 0.31251576429713E+03
 0.31398261044298E+03
 0.31543733498518E+03
 0.31688000823570E+03
 0.31831070284933E+03
 0.31972949360670E+03
 0.32113645722052E+03
 0.32253167214624E+03
 0.32391521840867E+03
 0.32528717744369E+03
 0.32664763193805E+03
 0.32799666570099E+03
 0.32933436351732E+03
 0.33066081103713E+03
 0.33197609465385E+03
 0.33328030140051E+03
 0.33457351884723E+03
 0.33585583500906E+03
 0.33712733826442E+03
 0.33838811726212E+03
 0.33963826085778E+03
 0.34087785803961E+03
 0.34210699786418E+03
 0.34332576939164E+03
 0.34453426163584E+03
 0.34573256350865E+03
 0.34692076377191E+03
 0.34809895099052E+03
 0.34926721349544E+03
 0.35042563934043E+03
 0.35157431626814E+03
 0.35271333167865E+03
 0.35384277259542E+03
 0.35496272564033E+03
 0.35607327700548E+03
 0.35717451243122E+03
 0.35826651718304E+03
 0.35934937603213E+03
 0.36042317323649E+03
 0.36148799252413E+03
 0.36254391707891E+03
