   6.46114195192883683103959025933776710      
   6.46114195192883683103959028499496191      
   6.46114195192883683103959033641958559      
   6.46114195192883683103158735750873076      
   6.46114195192883681879160538152778898      
   6.46114195192883493268382920793065932      
   6.46114195192876095065007342975210192      
   6.46114195192756615336883353683379610      
   6.46114195191704308897710209296581289      
   6.46114195185675354311959997285627436      
   6.46114195160454524641117616124774057      
   6.46114195077148505330618377321480280      
   6.46114194847694123645798007414356035      
   6.46114194299675123463559368460791706      
   6.46114193131724472767804266294295890      
   6.46114190862335028666417087188315480      
   6.46114186775031360755578943382794041      
   6.46114179864651261230108404611990928      
   6.46114168792085105757410370499824533      
   6.46114151837332744281617460350300257      
   6.46114126864827698251205769558878284      
   6.46114091299556424658508582836943506      
   6.46114042117574928304793701978429971      
   6.46113975844435633743465374587855580      
   6.46113888569844647327135235866278390      
   6.46113775975618207043253888524346910      
   6.46113633377066894682478351658807526      
   6.46113455776563491624606779664453216      
   6.46113237927151474903878107916190368      
   6.46112974403227524805076538028197714      
   6.46112659672239864750514680665834345      
   6.46112288173746096074614202519924570      
   6.46111854386050129920536458232130240      
   6.46111352885143168701974909391271786      
   6.46110778395708820906454366938100010      
   6.46110125826367041402808477589182881      
   6.46109390289804646227670852401612656      
   6.46108567104649792945412980144683719      
   6.46107651787206052254666165224443728      
   6.46106640015169207104364854957706453      
   6.46105527607306353512024449558000036      
   6.46104310443986389137181227331343443      
   6.46102984415523587773127281572736837      
   6.46101545349967515951525406123326848      
   6.46099988937754919632945049153060145      
   6.46098310653685748911286876772144472      
   6.46096505677530235983687218322914852      
   6.46094568813343475196518891203208693      
   6.46092494418772124495066014734532648      
   6.46090276349682456405925345819123887      
   6.46087907872850997525678502399962834      
   6.46085381620763712557120635771779081      
   6.46082689540872861325713595515381778      
   6.46079822854124441797730036766686017      
   6.46076772020638205236319184336065794      
   6.46073526712039199242668049570076953      
   6.46070075790615293550777588269402238      
   6.46066407308465172975354945237444094      
   6.46062508484604124569147228989985775      
   6.46058365719226428239463542662781237      
   6.46053964588498761544204457071390857      
   6.46049289857456390242140640025971559      
   6.46044325495086921792245664396693255      
   6.46039054690380299263765122388683263      
   6.46033459869822758116433369826330801      
   6.46027522726139123445612166749106992      
   6.46021224228580102064791381480922760      
   6.46014544650464148538525275672947863      
   6.46007463585880814440911239044816934      
   6.45999959987127542487799441872632266      
   6.45992012169355816013441331211663613      
   6.45983597826773078823099093453266685      
   6.45974694064493837398765909295896468      
   6.45965277398808885544264667339428127      
   6.45955323769523060339383137239786808      
   6.45944808549195559504154581115919282      
   6.45933706544693303035120523671635262      
   6.45921991993666952036092430271030000      
   6.45909638558698870343953562372251067      
   6.45896619327816419448340098091312728      
   6.45882906792934277123024394526754841      
   6.45868472826593757573766830528585610      
   6.45853288658206965362445966886992155      
   6.45837324845871699030100900109863171      
   6.45820551240145219103582547167350173      
   6.45802936943887998087653574838238880      
   6.45784450262189251045508961203592582      
   6.45765058641037183298779892105891237      
   6.45744728636827327534370250595619887      
   6.45723425834806270480030805366412021      
   6.45701114715552782214733451811083691      
   6.45677758732628331378668383153636842      
   6.45653320042965573218371081366359041      
   6.45627759565895629851219563568083013      
   6.45601036743420228149817557681654398      
   6.45573109502455592813769262901494407      
   6.45543934265515436418539916793255697      
   6.45513465571690537230831733838247568      
   6.45481656116885793404185791417098870      
   6.45448456562099558270663244496574929      
   6.45413815423588848585393109290072680      
   6.45377678858912751165477050825039731      
   6.45339990473836212997913881904479106      
   6.45300691244255244198750049751392046      
   6.45259719198213936864594698136975099      
   6.45217009348618079640635860240487154      
   6.45172493274963575641062692450719313      
   6.45126099130747369804932921980168657      
   6.45077751185715896262824089913971674      
   6.45027369701780401211041198630730569      
   6.44974870563324825337732865798058741      
   6.44920164998406371181760042574144150      
   6.44863159317749667320425400099435382      
   6.44803754490818359677892341007249487      
   6.44741845803336861298901599758943462      
   6.44677322511554544550411377027707592      
   6.44610067375011570938326155115761466      
   6.44539956216816037094441475130100189      
   6.44466857491922400897776867437011046      
   6.44390631699269241441221551448571705      
   6.44311130911271896012306021825678913      
   6.44228198111594016306447245612616029      
   6.44141666615669089845739323484340163      
   6.44051359353444815841149485364340503      
   6.43957088155393359874416809982144388      
   6.43858652931318435783970352861299323      
   6.43755840837171808486811406810999089      
   6.43648425320793685857491497322191923      
   6.43536165143901897918824467446003628      
   6.43418803270610656022200294719129530      
   6.43296065695239627180699474619827414      
   6.43167660152777554787570095589566220      
   6.43033274731829274513636432789916734      
   6.42892576346612485429000249291555933      
   6.42745209097516739983565379378667506      
   6.42590792469676369082898429553179426      
   6.42428919322225274641820560232742388      
   6.42259153836197879279472012356994424      
   6.42081029123943319207735320671167873      
   6.41894044696756200583658352904774921      
   6.41697663702036812496861576997907194      
   6.41491309905138478714860457601763208      
   6.41274364423511692223587316714747143      
   6.41046162179978954188060261483428438      
   6.40805988074793713734753170771320229      
   6.40553072878309005638327597976572522      
   6.40286588844356011607139464841635023      
   6.40005645079848579156907724210051462      
   6.39709282678864661226806065565946904      
   6.39396469765574931634124943484150535      
   6.39066096479326005117770944553828618      
   6.38716970076930309140582501093794687      
   6.38347810436076423224114435538648883      
   6.37957246147437016167769778528161086      
   6.37543811467376259198553404187517826      
   6.37105944932172173101416713293694259      
   6.36641989511486472164072462463229576      
   6.36150195220343596383095604824628357      
   6.35628724304168408673181939534154986      
   6.35075659373793893113583373949436417      
   6.34489014518932035289954302060007719      
   6.33866749204760934341488810782362728      
   6.33206784256755646046072877399846987      
   6.32507019434380534905901786903204013      
   6.31765351218395171218938093220709017      
   6.30979689939669001232939968207454771      
   6.30147975459117592011073014539274682      
   6.29268190081118131297215532757605297      
   6.28338368629252715515025617368556388      
   6.27356605589610620443712557149453898      
   6.26321058895197111149367705590490815      
   6.25229951361220059635295288315127777      
   6.24081569643615908109273097929295315      
   6.22874261646219809819474892592989084      
   6.21606432616527079889145683144339268      
   6.20276540555351266256393602811944524      
   6.18883091201621968876057861463106854      
   6.17424633101415556721906762856061267      
   6.15899752466069774980220519703879444      
   6.14307068703327164759180160698662061      
   6.12645229980358693467932341183953712      
   6.10912909334193466763550205735923324      
   6.09108801416853651014070703711770692      
   6.07231619199984205381348136346557701      
   6.05280091411000959306274236784253651      
   6.03252960302768210948292563556129369      
   6.01148979667223707851579024079530144      
   5.98966913197074557467101235760636440      
   5.96705533154385082461508584113687166      
   5.94363619120415265640807176462879048      
   5.91939957181574684404032866003326641      
   5.89433339018713644978967868498113313      
   5.86842561413307210066495926394303866      
   5.84166425617269065428454923282054217      
   5.81403737011078578039020322488180473      
   5.78553304739613094001517750740551691      
   5.75613941399903186426931256120148836      
   5.72584462818948835287722079028504807      
   5.69463687814733424855071276032955355      
   5.66250437972509707041825886914472660      
   5.62943537442097815880446060724243772      
   5.59541812643287915975404754468921320      
   5.56044092043153228776907535156410278      
   5.52449205828895662289871338184158240      
   5.48755985570178845860776827546451364      
   5.44963263880724869612381515666664304      
   5.41069873918944342804463442127776704      
   5.37074649030061351797448733065605244      
   5.32976422192686595751195895455935866      
   5.28774025515177242602458141256993873      
   5.24466289686257549839989356794625087      
   5.20052043458338216533285764548511977      
   5.15530113010238122864095701326479849      
   5.10899321433828499464684139198074753      
   5.06158488148270904515250152715513996      
   5.01306428295914702643863993689522764      
   4.96341952280619586371507147576561263      
   4.91263865212331736726696875677215877      
   4.86070966425971350436971140285149319      
   4.80762049053567040758244451589838848      
   4.75335899579295265380864045250805121      
   4.69791297497737118797076881441053990      
   4.64127014918635536261086584490845186      
   4.58341816336143580212892567561023633      
   4.52434458277698326144588921801384547      
   4.46403689180444179071629015666788574      
   4.40248249131513499748791846684182484      
   4.33966869699290871787923476841443732      
   4.27558273876891651667125967220222463      
   4.21021175845849036000704667479547691      
   4.14354281038588437606576897284744363      
   4.07556285996556287336436131819576696      
   4.00625878347784625507882932844106309      
   3.93561736794979112038739774384666462      
   3.86362531116437883556505760464879992      
   3.79026922210197417951627524988992343      
   3.71553562017124624506852151661886720      
   3.63941093573244452225118863230757540      
   3.56188151197335557610552935282980804      
   3.48293360281651288910749128335514046      
   3.40255337566603704676561040964421117      
   3.32072691067592690489551031006883771      
   3.23744020116439816840036255251451248      
   3.15267915500982367576283818445787112      
   3.06642959462345263357676742399913601      
   2.97867725743929501435312709228896985      
   2.88940779682256733035242876203464004      
   2.79860678261390671211590435486016029      
   2.70625970125569516115560226602108265      
   2.61235195682262238625629844562052931      
   2.51686887134775464530341163676094945      
   2.41979568514138000376345836519155184      
   2.32111755771919894885838564342506492      
   2.22081956791807894616460110312382492      
   2.11888671435530444155454973976241526      
   2.01530391613980277521507436457568602      
   1.91005601317166803288134954269917720      
   1.80312776642462117648173579923304852      
   1.69450385835681327773144391435773754      
   1.58416889342123226816759604903931737      
   1.47210739837341698189570553017065374      
   1.35830382248436207118332982088344834      
   1.24274253792207719782585662414328881      
   1.12540784014848956699206602772544731      
   1.00628394810685629998876222686870921      
  0.885355004410790641708654844712833140      
  0.762605075700032765132897281495202721      
  0.638018153191112648553596948070391505      
  0.511578152261906393735604547580384486      
  0.383268913113606229975325361050884751      
  0.253074200913420601618168893066467816      
  0.120977705774630448043534274790555332      
  -1.30369566180105372470915430332550822E-0002
 -0.148986245208952817557137766393317350      
 -0.286886693259299124225057102753255855      
 -0.426754908318853351575407515250503311      
 -0.568607571791413917831698312729708259      
 -0.712461439092737472060038199908408292      
 -0.858333339315237971737591881599854945      
  -1.00624017517171327936689953259353137      
  -1.15619892299225066036907527860431597      
  -1.30822663223425681885642769164813060      
  -1.46234042575375719849697070376828028      
  -1.61855749954664473824629643373663848      
  -1.77689512274383160657751564284128023      
  -1.93737063726198112485293520951203666      
  -2.10000145784980088397131653547469108      
  -2.26480507206324278973266202407877202      
  -2.43179904028057227938164125520133994      
  -2.60100099512914779264973320478736766      
  -2.77242864210211289338027845420838159      
  -2.94609975877374796030259632731148837      
  -3.12203219521909925479329756137034157      
  -3.30024387379084245858777609771028230      
  -3.48075278894226400276451180457445257      
  -3.66357700723162848062041383737530249      
  -3.84873466753179748496943515189469049      
  -4.03624398033074583671580731597372152      
  -4.22612322814931997417689844801164094      
  -4.41839076546412677083005100264614856      
