   6.46114195192883683103959025933776710      
   6.46114195192883683103959028499496191      
   6.46114195192883683103959031084971398      
   6.46114195192883683103522959513316977      
   6.46114195192883682350389056049441418      
   6.46114195192883556457390527434339467      
   6.46114195192878319490025623857450271      
   6.46114195192789884235922719516202983      
   6.46114195191983226467721895231192303      
   6.46114195187229561580360824210543277      
   6.46114195166878790438774063973163974      
   6.46114195098352383707616006963641254      
   6.46114194906512501440611466480540712      
   6.46114194441918661213123583964028489      
   6.46114193439809190926362943906481469      
   6.46114191472176818669100962452252332      
   6.46114187896188817114231478569377326      
   6.46114181800868556276348862826401306      
   6.46114171961579900355961142584821319      
   6.46114156796609685074528339735818168      
   6.46114134328781735603307411483176493      
   6.46114102160925421790110599439749791      
   6.46114057461832650265174630254344037      
   6.46113996963148263064711719628439667      
   6.46113916969914580078962250402468685      
   6.46113813384424006525267033783518208      
   6.46113681743228536727407460633019471      
   6.46113517266227022962478757577019299      
   6.46113314915881630655312626565522144      
   6.46113069463804386749702332882373064      
   6.46112775561222064631509958521058423      
   6.46112427806133796755376079245876171      
   6.46112020821190292675500806207521897      
   6.46111549302371308027014500963286991      
   6.46111008072397937920332337985516714      
   6.46110392116705080943973287512945560      
   6.46109696605025026165431655715153518      
   6.46108916897584901480062151717632055      
   6.46108048534074878085968178189838950      
   6.46107087210951639704834349519381764      
   6.46106028743206383992193194747560660      
   6.46104869023796229274292032526532985      
   6.46103603947724753474294017414999014      
   6.46102229353327361319565346382743433      
   6.46100740949411913707550233963358849      
   6.46099134240596703684021384598731083      
   6.46097404451676888692099101894568739      
   6.46095546452414840015756314830670700      
   6.46093554683669251346990427167055363      
   6.46091423087054208351167995150590596      
   6.46089145065707989304703950888518329      
   6.46086713398187443531486350283926728      
   6.46084120202084520505482195401639205      
   6.46081356891665956990613830597873575      
   6.46078414142606453482026741431131405      
   6.46075281865604903871915174214194926      
   6.46071949184158100366800669556676838      
   6.46068404420348743146317830516426710      
   6.46064635099062505792630558659475337      
   6.46060627927642900339267370014526246      
   6.46056368816474410770872564907710984      
   6.46051842876745409965045106708938115      
   6.46047034434478634618838142727946977      
   6.46041927045119850282897840876134875      
   6.46036503516970621941624174160544777      
   6.46030745918158934238484284971866305      
   6.46024635617734015618621602020122879      
   6.46018153286559762903266206368247771      
   6.46011278926316817615941807148311819      
   6.46003991885005532642635274294983518      
   6.45996270886783111449294848066456909      
   6.45988094043043854872187481332082958      
   6.45979438863258819755439972404596030      
   6.45970282271708611216310678950080649      
   6.45960600625433434639904846841707095      
   6.45950369707568175193402250438703445      
   6.45939564735568776434112651757495454      
   6.45928160363186211503011834970109575      
   6.45916130670442433354211098095740661      
   6.45903449152398680961817781714236611      
   6.45890088712725499383395810637244254      
   6.45876021651217797030537910313044293      
   6.45861219619773104693286390239684268      
   6.45845653605532156134486557506755566      
   6.45829293893377919797458711265374143      
   6.45812110026424649447790675871963477      
   6.45794070761587935758032665282486990      
   6.45775144016339892374952126128781736      
   6.45755296800108063342226103909644630      
   6.45734495181180681333750439499421290      
   6.45712704199840799060868494860901242      
   6.45689887771349358209670751314571251      
   6.45666008595324520173486348575048121      
   6.45641028165630942850356368215907296      
   6.45614906523249670086920384119732943      
   6.45587602283744891208404069048726734      
   6.45559072346062174121408147641580151      
   6.45529272061867074744139864443201490      
   6.45498154850781355068243082728032258      
   6.45465672096722370417216636369447059      
   6.45431773120112269118914402433531502      
   6.45396404816108699750469201003810174      
   6.45359511873729036531085155128389958      
   6.45321036110301616832759436363427503      
   6.45280916640692257519373510793533812      
   6.45239089455186476605452157324970989      
   6.45195487373586499689880239536846639      
   6.45150039693692907261364744538619252      
   6.45102671999086576324363008916879563      
   6.45053305904194452018184547089249902      
   6.45001858786414006073682675320207462      
   6.44948243436567429991155596060217922      
   6.44892367806446676358994579939019056      
   6.44834134588676664139163567123562830      
   6.44773441045893600067340692814546738      
   6.44710178363011873584975920695581060      
   6.44644231478329288212208166879552633      
   6.44575478502510477424438490133110279      
   6.44503790296136593258155872326287148      
   6.44429029971931845035448783341349988      
   6.44351052367322531741786813808816129      
   6.44269703423553920463758829045165032      
   6.44184819609635268988025359219009818      
   6.44096227230604246911586656783735032      
   6.44003741711684110262131313510137098      
   6.43907166806864882828925665138345966      
   6.43806293779544161773812288332922200      
   6.43700900464641632372897756158657504      
   6.43590750329014374554691947975872594      
   6.43475591349836968156162862490292386      
   6.43355154900282776056597929343834960      
   6.43229154462147236785295686047858922      
   6.43097284288973230850416966613468281      
   6.42959217892804421877215824137282241      
   6.42814606447171817810083585006694534      
   6.42663077014194515063247357086815991      
   6.42504230596225539534661285180730462      
   6.42337640069682850007457344922822401      
   6.42162847912805183611266457359928004      
   6.41979363665013748983973831428070825      
   6.41786661235219773397501825370748636      
   6.41584175932974576387917978772456262      
   6.41371301251590934968940655087963744      
   6.41147385373387027647529760121648336      
   6.40911727371737115100903284046017819      
   6.40663573188057949860646039381824322      
   6.40402111237675006623222793565712818      
   6.40126467809306360888561035211713613      
   6.39835702213949397738111921376328832      
   6.39528801766183762066051559668611908      
   6.39204676698512226230364557305204019      
   6.38862155155071904751609929422456965      
   6.38499978450780670131181037435178259      
   6.38116796914250543544765327063156498      
   6.37711166435893569444656323758927643      
   6.37281546589109908115943557023067028      
   6.36826300203595278850622876392029092      
   6.36343695211634033901240394806289979      
   6.35831909189609985006769917471566754      
   6.35289036688669302852214080467795848      
   6.34713099736328679881699953425518654      
   6.34102061207164989473117668666030852      
   6.33453840558817192185327653908073718      
   6.32766331350003445955256449387135834      
   6.32037419466547368250106145589193235      
   6.31265000884714780193346185398659853      
   6.30446997881100961498429754400610002      
   6.29581373171090861549884444341165704      
   6.28666140947959116045662789288744638      
   6.27699374559786545385876419334456030      
   6.26679211528170058136115373833040851      
   6.25603855242491590503141644424168193      
   6.24471574270571509052045883426348625      
   6.23280700537674005836569457041566137      
   6.22029624881796034920720981534199319      
   6.20716792946553409083872893680560444      
   6.19340699861231713997001442346013467      
   6.17899885161982641797850764060151194      
   6.16392927700915348228725771019473743      
   6.14818440696739720789194037988228554      
   6.13175067294452480207264824985912164      
   6.11461476630278163345791631477691532      
   6.09676359971770332314751497320881431      
   6.07818427699143558646784871896249191      
   6.05886406459982292226362736146881514      
   6.03879036719366759160098552702754498      
   6.01795070787122652587932189647197820      
   5.99633271074778781503489202401291687      
   5.97392408550879126993718372498651687      
   5.95071261681742814010128250675247468      
   5.92668615170232676625540054946687032      
   5.90183259443054140145650775566047160      
   5.87613989720539588079929539712698748      
   5.84959605620712960558529444744047891      
   5.82218910639441408701550445588280895      
   5.79390711849746352322018449645213133      
   5.76473819578169088794238015882335072      
   5.73467047133467605409417136856710654      
   5.70369210617607931236345377399160309      
   5.67179128704333223103910426309279952      
   5.63895622426832740796855020983781738      
   5.60517514995281277372641456326148382      
   5.57043631509728410903499173746584478      
   5.53472798751458680984050000870044875      
   5.49803844834121088701630827765711139      
   5.46035598935840574365482010881547033      
   5.42166890854591856326946382395596584      
   5.38196550655261292633556533382715214      
   5.34123408199365804644542580649247660      
   5.29946292675982863276525893102872469      
   5.25664032060940116730145718286654531      
   5.21275452701407970757711458270364386      
   5.16779378657194099565215527659261206      
   5.12174631184603270086410224965081093      
   5.07460028164799288443614594680019900      
   5.02634383628774118783267368898411140      
   4.97696507118134481241503633858785428      
   4.92645203278707914916186485105839457      
   4.87479271291356430380280279296578009      
   4.82197504423774516058761572617711153      
   4.76798689670136847103108641763206373      
   4.71281607190220202516134615718044654      
   4.65645030192259800377869601564157390      
   4.59887724379459566362249249023322367      
   4.54008447796646791430153864619245577      
   4.48005950537369221861730499888607922      
   4.41878974515939238496878220949514790      
   4.35626253341656868118341349286831960      
   4.29246512044592429373261470648805772      
   4.22738467142997147109961030604441364      
   4.16100826352340243322800866120289320      
   4.09332288603839351995827632378253657      
   4.02431543991979344830662924603643428      
   3.95397273723104475315290268279120899      
   3.88228150123563745513854933510056870      
   3.80922836586988993742750940445237796      
   3.73479987629435954972008069318401456      
   3.65898248889934493244882049841487471      
   3.58176257170452421175329705841391078      
   3.50312640426996012140700469133340985      
   3.42306017910198799921946036187544675      
   3.34155000090266027236280404597694938      
   3.25858188809131188820520238712949640      
   3.17414177250139736390573222745593913      
   3.08821550048371111807318026599629576      
   3.00078883306546461375767991980140621      
   2.91184744705807389195349826856147642      
   2.82137693478423530175654439245319053      
   2.72936280546893792663329275971480587      
   2.63579048511006748493209368593574079      
   2.54064531752014295391628373409906864      
   2.44391256446823558898170943240512987      
   2.34557740616979836266817230826136857      
   2.24562494226100315300813161502826264      
   2.14404019167682436714513929074526033      
   2.04080809345239212229012545502242538      
   1.93591350685515391482803085329010322      
   1.82934121226100459718014446361982920      
   1.72107591115401844830964307468832691      
   1.61110222652132336681376752313193495      
   1.49940470347924021622705973337769974      
   1.38596780942884268858542564082571847      
   1.27077593432208726645195498138703876      
   1.15381339112127944642988934733784968      
   1.03506441612725917557561609954600149      
  0.914513169024220062888394210942960274      
  0.792143733304218449273084871257192206      
  0.667940116522443933440066544045180174      
  0.541886250861051536867789019730079910      
  0.413965992463001783397554303164259369      
  0.284163122622624755523654040142811786      
  0.152461347317075275950076576264511855      
   1.88442978112259481680146805526577633E-0002
 -0.116704469348170224046796487570218488      
 -0.254201472077695936944403422553361928      
 -0.393663302659806357510356253123790530      
 -0.535106627566943499716225317589469859      
 -0.678548187225304366007860816109520787      
 -0.824004796098493071292176096540048463      
 -0.971493342123614884136115493164308204      
  -1.12103078703723299870327678955605722      
  -1.27263416608675658979703181610237550      
  -1.42632058777217895080018426714893851      
  -1.58210723384645358613565944744916045      
  -1.74001135928187130838703590406898433      
  -1.90005029202943297258113166148796547      
  -2.06224143302094757215270941618837549      
  -2.22660225597009016797496579074300379      
  -2.39315030738238256845438053010558120      
  -2.56190320637520811060743285234244500      
  -2.73287864469172694289704311636534724      
  -2.90609438649347159262405322590977245      
  -3.08156826836666915872158092233302884      
  -3.25931819928156226042383690013876955      
  -3.43936216047505225719292289852010328      
  -3.62171820529912358489530483197179563      
  -3.80640445909865407122432624212151036      
  -3.99343911943659308231316779207232580      
  -4.18284045576046739485648522390601830      
  -4.37462680949796383403070303959513468      
