   6.46114195192883683103959025933776710      
   6.46114195192883683103959028497732578      
   6.46114195192883683103955342051319612      
   6.46114195192883683017430247034482347      
   6.46114195192883631202684105844099931      
   6.46114195192879374822801839469357641      
   6.46114195192773441007052000382701759      
   6.46114195191562482416807252495075036      
   6.46114195183430361631463950663275556      
   6.46114195145963039456490131533010668      
   6.46114195014853094426852316853986883      
   6.46114194641592702253757563714139212      
   6.46114193734686066786741365948811825      
   6.46114191784748361476401804147548170      
   6.46114187997298722859702609292558421      
   6.46114181212683765109760344889257151      
   6.46114169835029886674164620454877215      
   6.46114151775593426219878437746148898      
   6.46114124409189656196249574983948192      
   6.46114084545097795706672545699282935      
   6.46114028413302719668486940662716146      
   6.46113951666628137120256105974358587      
   6.46113849396718087052767697517883531      
   6.46113716174011859213209871919100962      
   6.46113546096687203284598888425753318      
   6.46113332857183909097839443433568491      
   6.46113069821804105886750948702385824      
   6.46112750130041001284644353217900249      
   6.46112366794027949080249879220854037      
   6.46111912796863403353255006778422562      
   6.46111381199993896718088523366986661      
   6.46110765236969435631911759288116738      
   6.46110058386213139585340989755798281      
   6.46109254440350056077047330081723743      
   6.46108347560479360856388563317546007      
   6.46107332276748563309799195716671927      
   6.46106203495666884690259603132508819      
   6.46104956476439625017131449364378275      
   6.46103586790897545358881836300355068      
   6.46102090249800763198102598756849085      
   6.46100462823372768209546500824381271      
   6.46098700571678482689201534712017020      
   6.46096799517100386070905532132816761      
   6.46094755550651372513326130444632599      
   6.46092564323502640991377846980881252      
   6.46090221141235692901826052727976813      
   6.46087720856424274319909761105807986      
   6.46085057772756238911946376729113738      
   6.46082225575534672121830540190253212      
   6.46079217220961867399683072690482226      
   6.46076024879755261983955624345235936      
   6.46072639876050439542234742901642510      
   6.46069052637763506919484473592665917      
   6.46065252660980234699430540443149292      
   6.46061228477846791141596516369899637      
   6.46056967648661154667000212829473335      
   6.46052456738998651561975813270495314      
   6.46047681328375093499450159242789949      
   6.46042626018654952577149670653488822      
   6.46037274445079369011724779280253817      
   6.46031609293750052864573826852207555      
   6.46025612332140497081219473336656814      
   6.46019264437996610203541035664382933      
   6.46012545622235019191599728488565929      
   6.46005435067657027514141334133160905      
   6.45997911162790277855234171713350111      
   6.45989951528499847173844613277295955      
   6.45981533062884358032902994749273158      
   6.45972631964954125066210843656162792      
   6.45963223768966563890097216138422767      
   6.45953283367964004789687609571677564      
   6.45942785036635269210754263763023216      
   6.45931702452602422119113854572246173      
   6.45920008712599911749324642033015496      
   6.45907676344967978001129492533101232      
   6.45894677314099711878241664702486599      
   6.45880982995647094824757917755285944      
   6.45866564251403871821639628140046111      
   6.45851391329472787384591199130201526      
   6.45835433910094174674585203961672765      
   6.45818661080784053129236751468452483      
   6.45801041185264144298082663487239015      
   6.45782542004991907513871099369593841      
   6.45763130538052970799059127437153780      
   6.45742773091433509102050442199758120      
   6.45721435072507859306368955591288612      
   6.45699081062418182689484210127774718      
   6.45675674665508481065948410519756210      
   6.45651178486844982211564460161202999      
   6.45625554029103203461883706598308085      
   6.45598761563014970681545522946626257      
   6.45570760107846606092496067063666522      
   6.45541507232381167558543623019384247      
   6.45510959079723613074504957862373621      
   6.45479070076811878558071503405377202      
   6.45445792911795808642491692629079016      
   6.45411078373409283311063596970958658      
   6.45374875182212750497256246742698763      
   6.45337129866004697925874900148889432      
   6.45297786528344478294426169513784896      
   6.45256786722767390435489085664040245      
   6.45214069278539704472670160280684552      
   6.45169570011702862656707863200131817      
   6.45123221587032122978009200612110053      
   6.45074953242273236798397034438634630      
   6.45024690583556751984455350151859359      
   6.44972355270535637508601535730318680      
   6.44917864809358349007954209592481618      
   6.44861132186600962639746218087364565      
   6.44802065600098062401178890526460872      
   6.44740568136872075475951965817813919      
   6.44676537355567236894667736312277979      
   6.44609864994081651519372026592235664      
   6.44540436494617421000887076158005609      
   6.44468130613664099433127481200741721      
   6.44392818945805916271412416223659438      
   6.44314365439381464090760225964880026      
   6.44232625856143612921353767568501400      
   6.44147447232731996556211708446454491      
   6.44058667252902806808609927888253787      
   6.43966113605847530385029446062700705      
   6.43869603296042738837078378309898974      
   6.43768941878780455747219544787075739      
   6.43663922661749754355147188040882456      
   6.43554325833445186172475438607936290      
   6.43439917519688214871769083438434845      
   6.43320448772499417630414636759738941      
   6.43195654469878987810716062598827507      
   6.43065252129941259184254999695541353      
   6.42928940622625956152498150980855200      
   6.42786398797123870977599422531793446      
   6.42637283900913050085579458468055116      
   6.42481230030374537788356524881551430      
   6.42317846297128747989686062213906145      
   6.42146714895537292869897980364590987      
   6.41967389004583629244117150870280375      
   6.41779390504559148049101489712903518      
   6.41582207495652977523494190994031417      
   6.41375291610870178696375943358971302      
   6.41158055103819229815418638530894921      
   6.40929867701824861478813973253058848      
   6.40690053226753221790383286278661398      
   6.40437885937661222205064748733381698      
   6.40172586701470534854409483101736609      
   6.39893318863868583166777632693607461      
   6.39599183970440678274411789255429117      
   6.39289217321188038494014531986572839      
   6.38962383534133825357634914803838198      
   6.38617572065306293712977241530740221      
   6.38253593054160289587491493969322859      
   6.37869173413507311656438618843270094      
   6.37462953936757376102240551510777173      
   6.37033487085188955510248034651601567      
   6.36579236317127907448672286810345752      
   6.36098577088198266400665243688216308      
   6.35589799922391171882128725715802481      
   6.35051115954948648279543279946988460      
   6.34480664784845367092077134842454886      
   6.33876524939489199320490930226144125      
   6.33236726384418090770214946073319820      
   6.32559264901520364160321934139309325      
   6.31842117251788982350840972774269971      
   6.31083256591983475016789463817073543      
   6.30280667137110014048355265354781343      
   6.29432357571044521255988919898855568      
   6.28536372103787850369466408307444496      
   6.27590799283502910624543927259845131      
   6.26593778378644287834542525212570428      
   6.25543502958506779850367649352539305      
   6.24438222708143760704216671463106382      
   6.23276242963175940249579998701708337      
   6.22055923011872484490739799692264946      
   6.20775673247548376521154607183736763      
   6.19433951754495203158847892178645831      
   6.18029260242088090711219509693607754      
   6.16560139995256007625251445035274647      
   6.15025167939467087752238142406619360      
   6.13422952665746981620290377679288888      
   6.11752130848767053816748665382046997      
   6.10011363969976993866717218628614389      
   6.08199335315787011309860911334877804      
   6.06314747448916449355336442178173538      
   6.04356319806213465331326310773326411      
   6.02322786827650879509799770380733729      
   6.00212896188858333980818936866731767      
   5.98025407421723854230190134450002278      
   5.95759090698444835002018464056497878      
   5.93412725841219887501481436089836195      
   5.90985101465089569752359823241313075      
   5.88475014351803871240729280937318950      
   5.85881268748556026748617918874218845      
   5.83202676026692783973394718358451046      
   5.80438054067317422653606302366692681      
   5.77586227020399637613356084580967722      
   5.74646024750966928611574581859022023      
   5.71616282587924671453241286238123971      
   5.68495840845292103182309809121403246      
   5.65283544276391784371756144098783795      
   5.61978241880077370346106834789338286      
   5.58578785783104950481497234372241098      
   5.55084031512674675268789452632233353      
   5.51492836597454532714713757717677973      
   5.47804060210796567053103403674632682      
   5.44016562522919361555786328336806131      
   5.40129203784978131887259929648178973      
   5.36140843700475948485631764885896909      
   5.32050340608680881975968888302088297      
   5.27856550739341180156050309624553808      
   5.23558327425399848268495222047897066      
   5.19154520484301360605643488674225499      
   5.14643975380089807933991831438262513      
   5.10025532715717019820283195435965170      
   5.05298027519269539349386647266128198      
   5.00460288698579100688384183653273665      
   4.95511138602496976212494346377570458      
   4.90449392505019872509246998964493165      
   4.85273858206633252774022579048077375      
   4.79983335671197885865370760693905338      
   4.74576616812150237691436211062892348      
   4.69052485125653156127831907615634583      
   4.63409715534792312131705464040523571      
   4.57647074209752975951529909397676005      
   4.51763318447525949488322280711564852      
   4.45757196537987218530186832451021202      
   4.39627447765058934320565853069674837      
   4.33372802259513467383276300802880895      
   4.26991981030348669871980447814027354      
   4.20483695977230180742532380607604364      
   4.13846649876702450913901564798734520      
   4.07079536361972190353335902106758865      
   4.00181040062826424518103774322849998      
   3.93149836604856554516251996507006173      
   3.85984592616274056893837870530235174      
   3.78683965826326156704920380203836649      
   3.71246605136468923025091308179002933      
   3.63671150641268450968511378583582264      
   3.55956233768338426237232988837798573      
   3.48100477260568653136446827488041173      
   3.40102495296970238291976397342989941      
   3.31960893535065253215995955017192374      
   3.23674269207267193823452455481705987      
   3.15241211138903129754535746031901067      
   3.06660299850612867169285204345693487      
   2.97930107598953684717800325453602723      
   2.89049198439203739337209492882672208      
   2.80016128284857363459389865038611418      
   2.70829444955464426565800081792925298      
   2.61487688238596522837650933427424961      
   2.51989389919267403888404056269338416      
   2.42333073858493558448845280981493081      
   2.32517256005463256841032813645856815      
   2.22540444457640501082880738291615206      
   2.12401139503428135937723518329213338      
   2.02097833641621656909171241226871936      
   1.91629011652005259591677078524448785      
   1.80993150580439503415013912832381331      
   1.70188719833662878524697316171619148      
   1.59214181129275676658020592441367757      
   1.48067988616888828455038574983944655      
   1.36748588830080431856942212163199389      
   1.25254420746496217218659619115963773      
   1.13583915787757946283840732981763799      
   1.01735497920534489682460159002148968      
  0.897075835596774415834429699085736128      
  0.774985816589758588406176477665391089      
  0.651068937230683041282169190556893218      
  0.525309138188576064133602043016017401      
  0.397690286091096315023547743964395131      
  0.268196173127889071699359014170023382      
  0.136810518054425112061385715376786065      
   3.51696563733745802245319644075460608E-0003
 -0.131700912831731443525184219952817174      
 -0.268859619667298347146115952835087657      
 -0.407975730460009247327801219192856726      
 -0.549065894059143916789968939499437529      
 -0.692146832521124024065839143643817153      
 -0.837235340714683186083200138100330211      
 -0.984348286708445343839605097368968599      
  -1.13350261115580285340325923754465733      
  -1.28471532765942576487211093927050212      
  -1.43800352250655204766275178600330809      
  -1.59338435426131591674904386550889350      
  -1.75087505435188184844298965937926867      
  -1.91049292636828820957274720319421819      
  -2.07225534641364352025120212678975592      
  -2.23617976293493237469559413768471596      
  -2.40228369633636835978480038148390425      
  -2.57058473945892745884459230438322931      
  -2.74110055707394565384911557079808861      
  -2.91384888597872282954809523000626699      
  -3.08884753500033379296631240250758116      
  -3.26611438509023335673121145205234498      
  -3.44566738854109775743579115803887225      
  -3.62752456986762784782727744684510949      
  -3.81170402540767043289185391388824477      
  -3.99822392271719428417027552851804130      
  -4.18710250141952451011877010913821997      
  -4.37835807283538131559595450945021001      
  -4.57200901924698731626234723790119417      
  -4.76807379491817555946846456733759717      
