   6.46114195192883683103959025933776710      
   6.46114195192883683103959028499497038      
   6.46114195192883683103956144686273573      
   6.46114195192883683031940891541699100      
   6.46114195192883638291052639544253765      
   6.46114195192879871055287997131619067      
   6.46114195192784418461289275074277834      
   6.46114195191678340036566847083166977      
   6.46114195184170925692751316714996855      
   6.46114195149284456611306829748196437      
   6.46114195026347336085884950779755605      
   6.46114194674308582989560396754942601      
   6.46114193814749495589578327538077735      
   6.46114191959377340650354235486880038      
   6.46114188341459098429934156291565792      
   6.46114181840047387106916432406201793      
   6.46114170907143451618096941071205352      
   6.46114153511261767377789431647981235      
   6.46114127092955025069409745823898775      
   6.46114088534793237404395768124439738      
   6.46114034146345969060631938368641197      
   6.46113959664879728314701544972797908      
   6.46113860269754076765677311463685871      
   6.46113730620861899904220545979737571      
   6.46113564905527092320764837444838937      
   6.46113356903463224573798126046745847      
   6.46113100065301856599404442104294564      
   6.46112787607316658970823337505739625      
   6.46112412613550926208979189489491590      
   6.46111968131117563417263295793138101      
   6.46111447272739790934043672547288214      
   6.46110843316925170804976973634411624      
   6.46110149777973064446870702026583526      
   6.46109360466974117342966577661610723      
   6.46108469562010290825341443703009919      
   6.46107471598779148932723059444426555      
   6.46106361483172186647040706886511357      
   6.46105134464369622866737833892405353      
   6.46103786102726644293856984811241579      
   6.46102312196630523100556713051635210      
   6.46100708699269536986987075812976793      
   6.46098971655377503645362408778419897      
   6.46097097077345558656342963646788970      
   6.46095080848509985665516077360416040      
   6.46092918618125003704323239444549812      
   6.46090605696147760358840031864459766      
   6.46088136950195098847824769598892833      
   6.46085506701789898542772433371658021      
   6.46082708663611546629687548355525741      
   6.46079735834143891698834797157050192      
   6.46076580432500740406458826480307942      
   6.46073233841164657264049639723569751      
   6.46069686555958950570818160583970110      
   6.46065928149977912823007063158060748      
   6.46061947238980228337397915483242261      
   6.46057731477425694830758762819595364      
   6.46053267535071861600537629970894306      
   6.46048541096071525211565186229543679      
   6.46043536879649203142036868250709609      
   6.46038238640314517337394543801212370      
   6.46032629193790038781274836200270683      
   6.46026690430824576907707050555527329      
   6.46020403366963046729872243524211772      
   6.46013748150416145884930336633757276      
   6.46006704101238964129845876658128286      
   6.45999249749952406287897866389022153      
   6.45991362862872722066110815690275787      
   6.45983020477130700853521803111997610      
   6.45974198935598690240331448646627059      
   6.45964873917852695279984911971126726      
   6.45955020459747118079321358271274248      
   6.45944612980814637997902349290681076      
   6.45933625301563677392372914323268516      
   6.45922030661408626230307838068609425      
   6.45909801729740300117002190059290087      
   6.45896910615074040420236011996485701      
   6.45883328838566198780054095603166154      
   6.45869027397441776599577977315927442      
   6.45853976680737463856923737383709474      
   6.45838146503399293024695456278621595      
   6.45821506078295098552034566527515067      
   6.45804023973727491403093108155231754      
   6.45785668034885042699835429468546211      
   6.45766405425359625466152533309139252      
   6.45746202606917598763862982944017269      
   6.45725025128657918041206198818362170      
   6.45702837753089124807664768817079390      
   6.45679604230534253736406065361668467      
   6.45655287335429867474104240666753379      
   6.45629848727603384605725907779364112      
   6.45603248877556815088898917931357235      
   6.45575446983380417117175715893921084      
   6.45546400813537997183750082314988617      
   6.45516066694728872100352584472636467      
   6.45484399295139732098869304527777429      
   6.45451351513278860090129475817064521      
   6.45416874378294923907781588503254603      
   6.45380916868575780216373764560951863      
   6.45343425771855359010821141681807465      
   6.45304345478293941936892081967245081      
   6.45263617848555616379906887234219704      
   6.45221182008747890050199200246009231      
   6.45176974141178779350927858266117213      
   6.45130927245642488299307211598321833      
   6.45082970961870460939475197499182850      
   6.45033031289992061216357200356017774      
   6.44981030342201884190363268019901156      
   6.44926886064339909636981102311016757      
   6.44870511949634881647829643579194212      
   6.44811816720528777709118269063635492      
   6.44750704015547083229772124269941512      
   6.44687072012134318270044839561449572      
   6.44620813059456139629899295516497096      
   6.44551813294256413311374211327544864      
   6.44479952190266917059999843040729622      
   6.44405102112442155084490703243738458      
   6.44327127830970519271980193367869478      
   6.44245885995205289667140486263755893      
   6.44161224565720786691705196210546276      
   6.44072982230114954389431138227198152      
   6.43980987742559235192255832902847478      
   6.43885059240275557324791757827828988      
   6.43785003494542409875892931121834981      
   6.43680615106845554022859487851260134      
   6.43571675649199331388844344115107285      
   6.43457952721509411070064487152459734      
   6.43339198952199868537234188390914175      
   6.43215150903709848100276776601234011      
   6.43085527892702224190510454553434488      
   6.42950030714550762539163156409817383      
   6.42808340254720836122083366132582468      
   6.42660116009812212407179004076591542      
   6.42504994383422039173768668414446429      
   6.42342587009017423443917495218002990      
   6.42172478779667162935582552705766239      
   6.41994225753645485010060548253522528      
   6.41807352893887019835603325341991666      
   6.41611351594574984761106294791295339      
   6.41405677019457983969686511747158196      
   6.41189745192140248944574659594911037      
   6.40962929869848402893677608199772708      
   6.40724559177978556765227621819059900      
   6.40473911957481754444965896454733446      
   6.40210213955968859114520823142998981      
   6.39932633697976207999319280022783004      
   6.39640278203899266904206468128935553      
   6.39332188553746360730159416603749772      
   6.39007335395268794447112261703111074      
   6.38664614466758767476972352360462512      
   6.38302842388751723763098714343641174      
   6.37920752646871666786137865791054592      
   6.37516992638365476746412399938049314      
   6.37090121311390472352768566289066308      
   6.36638608340120227147897954567827284      
   6.36160834949481380397719367648562444      
   6.35655096759341958263367637994609560      
   6.35119609160691804106984202630530013      
   6.34552514935253459968411820672027155      
   6.33951894571731177985447023882969839      
   6.33315778679991858546109999647684174      
   6.32642162273503038642401699924233703      
   6.31929020009822120312435401966036728      
   6.31174321683377303138569477153719131      
   6.30376047201519309242662295089438294      
   6.29532199966802005614633835336973947      
   6.28640818417360658841831151982140900      
   6.27699985046208321268871829688588707      
   6.26707832911837086909363794398829858      
   6.25662549605151358544565253571789368      
   6.24562379007197988127456936344549498      
   6.23405621143585892114697490723092446      
   6.22190630373734468150782764052424833      
   6.20915812815578703003274673903091191      
   6.19579622640555864268044441127142555      
   6.18180558246462369500836239432897112      
   6.16717157984964191848229603049175218      
   6.15187996340976046718630766877394798      
   6.13591679776688839232377936633356860      
   6.11926843174828980546281330491867975      
   6.10192146477342018707476747093809541      
   6.08386271657591383212645768986163943      
   6.06507920107270637118301517618006216      
   6.04555810239563890275139894863072001      
   6.02528675543944166147381414537452375      
   6.00425262800325049569861842987217368      
   5.98244330667807348376980824034829211      
   5.95984648445779663118908942012114005      
   5.93644995036698519114617592367411312      
   5.91224158131166679085664211237860296      
   5.88720933492364337351826971037226128      
   5.86134124321492203967062507516291928      
   5.83462540824826366755273948490390413      
   5.80704999699680846544483186426739860      
   5.77860323802828911305926933378012631      
   5.74927341706337007412405411516292470      
   5.71904887297478735410124576072914490      
   5.68791799491929802222760654117518750      
   5.65586921614748318973801003140992918      
   5.62289101209581414594443841067850639      
   5.58897188978992991193664420579689108      
   5.55410039021821591577533943419459649      
   5.51826507530477727298867069640284265      
   5.48145452429533312255600451307157235      
   5.44365732697020344590105808913190494      
   5.40486207501904806961331203733687472      
   5.36505735589055712299448618857572260      
   5.32423174466331561678313888957681480      
   5.28237379671804516971722897824432296      
   5.23947203990590630575688355426343529      
   5.19551496794028582512554409836415098      
   5.15049103293747668449970095105026767      
   5.10438863917934425984894477532965547      
   5.05719613680261738978387860335459768      
   5.00890181615485487416674489389221796      
   4.95949390288328764253323882453741103      
   4.90896055275806686023682224641154925      
   4.85728984812560103999521252466791497      
   4.80446979390639417717373636000202005      
   4.75048831468308585345370485857407926      
   4.69533325200313132215639307336318699      
   4.63899236215730156995124534582387098      
   4.58145331427987503803214199799315310      
   4.52270368932720347641397043739718075      
   4.46273097827185635584637163007072685      
   4.40152258246161094076297749688885880      
   4.33906581175541075527761928945267731      
   4.27534788506916223683330586928303577      
   4.21035593015795218494400552307017953      
   4.14407698351983919489872248668780863      
   4.07649799064971736075563342457519866      
   4.00760580619154898126536213402549599      
   3.93738719529538930975398101753612174      
   3.86582883297425609609124663262421003      
   3.79291730497121816099098624795566534      
   3.71863910882870580596187391337878609      
   3.64298065367177670564333315001030177      
   3.56592826184662641792018207016469891      
   3.48746816897227191184180634517582466      
   3.40758652454262940732373420845024804      
   3.32626939293514479144872614078296170      
   3.24350275396389128114260960127940329      
   3.15927250331758127163175652754157908      
   3.07356445336233598806719289829430448      
   2.98636433388943985781870539961559832      
   2.89765779230005785900181641733961969      
   2.80743039460327955252132255465035860      
   2.71566762565125118243674244222965559      
   2.62235488983270215219575661065673313      
   2.52747751148584153539618873264873377      
   2.43102073542769192358770909495020124      
   2.33296972734692555228568821676456720      
   2.23330957427522012183700766513279171      
   2.13202528503129232500291793315047297      
   2.02910179040789139814279360906568472      
   1.92452394397891292100288357180591761      
   1.81827652184376165738234329307848781      
   1.71034422347071159207753759434045728      
   1.60071167173043277636668244477936471      
   1.48936341330209109426666254857998499      
   1.37628391885328160188753969916143871      
   1.26145758338150547392858697138353663      
   1.14486872620757449947111979575551116      
   1.02650159211536571776148099589359783      
  0.906340350192998561572167880625357137      
  0.784369094956824251060295877571368877      
  0.660571846275660058684467607035276754      
  0.534932549691899215009539135685705252      
  0.407435076510710856298478880072453691      
  0.278063223784581137907670551592994029      
  0.146800714769032997307083069069053416      
   1.36311989076299860738358729849121884E-0002
 -0.121461747958833745950591758643674147      
 -0.258494623528256989002754997854240649      
 -0.397483999182551190184253104033442955      
 -0.538446519025865857949113756729116725      
 -0.681398900827583729083115600396545021      
 -0.826357935050238468109037832734309860      
 -0.973340485501690526921202708542893970      
  -1.12236348848164560467265444052651602      
  -1.27344395333717675504699921295798009      
  -1.42659896206591902823621479338155731      
  -1.58184566906810724376240962641531214      
  -1.73920130152562963518972739638758784      
  -1.89868315897605962016614001082345604      
  -2.06030861322670477428981246478933790      
  -2.22409510869570390639194400494968410      
  -2.39006016168299314565175296413020949      
  -2.55822136089449503934887659942373341      
  -2.72859636725459806798130216017353802      
  -2.90120291328396264387434126118121281      
  -3.07605880385047846899466700338244770      
  -3.25318191602012380532348699852572323      
  -3.43259019798533818114415565767318006      
  -3.61430167034697901396639804842658374      
  -3.79833442542915955730948629266029723      
  -3.98470662699185013520284739772979464      
  -4.17343651056852329242977765382271671      
  -4.36454238361317708100497119984690384      
  -4.55804262459872815593291227366068311      
  -4.75395568386156135050560342484941296      
