   6.46114195192883683103959025933776710      
   6.46114195192883683103959028499496191      
   6.46114195192883683103957010960598356      
   6.46114195192883683048992941842408870      
   6.46114195192883647002434644044413764      
   6.46114195192880499439178037005945583      
   6.46114195192798620242118593216623182      
   6.46114195191830657871851055029455715      
   6.46114195185156811699983876571622451      
   6.46114195153750689992457743737094434      
   6.46114195041930775413281778499563046      
   6.46114194718968102283421620579932049      
   6.46114193924676702837944720312581580      
   6.46114192200378687187875859700455957      
   6.46114188818444509835479026703373144      
   6.46114182712761171284113663457706325      
   6.46114172403448167376627973487516259      
   6.46114155940776590245618433465712929      
   6.46114130859465023483073225219037024      
   6.46114094147375792414267855023506277      
   6.46114042228717051166966819039108957      
   6.46113970962691061803683244719684589      
   6.46113875655609537308969279176585795      
   6.46113751097130942094150158734197470      
   6.46113591604176175423916822382020318      
   6.46113391083627053694109141907369063      
   6.46113143109261554375664932768799307      
   6.46112841009818300726184032662716336      
   6.46112477974968307053522250153924118      
   6.46112047145333402628876109323426640      
   6.46111541712207543999754345526823017      
   6.46110955018502147392396284254429575      
   6.46110280630704320710372300098159675      
   6.46109512396432387792188881505144244      
   6.46108644511942786091613859980140526      
   6.46107671525796663826711327281772052      
   6.46106588342669882277398694596047916      
   6.46105390204693286076650613674043590      
   6.46104072650844971989315189544122294      
   6.46102631462685149217942883496768007      
   6.46101062576893252433495529837550391      
   6.46099362009102587156862649006633244      
   6.46097525761098666343992533361475109      
   6.46095549705575424645797251433711011      
   6.46093429489419394285837482644932023      
   6.46091160429305237777459836654813736      
   6.46088737412096339031685637295617303      
   6.46086154794689442779755248394657002      
   6.46083406318619315048623629711181085      
   6.46080485048618605069486214102284871      
   6.46077383273759255192642113114640527      
   6.46074092461037688021712897244396015      
   6.46070603205044705804258017954472711      
   6.46066905188241675527668187128817351      
   6.46062987155245802702877454335894701      
   6.46058836889258324245897632291682309      
   6.46054441211726683432669419822312710      
   6.46049785967907882196956703916987714      
   6.46044856037493702839204859595003575      
   6.46039635354003710211764690964737862      
   6.46034106915407872205371676054995434      
   6.46028252806359494627744062164643708      
   6.46022054229009940642715402004507685      
   6.46015491535665998091242397072085182      
   6.46008544250171531084698889124531846      
   6.46001191106345434700004572661900311      
   6.45993410081404948445703857825902919      
   6.45985178420500047033076195077029429      
   6.45976472678167873525279504435394027      
   6.45967268737617952449183041038532517      
   6.45957541849921693900009533363967502      
   6.45947266643905002567889799468075295      
   6.45936417149971566740763537697734763      
   6.45924966815985648634876749247326630      
   6.45912888518931103362039004774559177      
   6.45900154572704990105450997200935304      
   6.45886736727535867986828822793685820      
   6.45872606145147213899370296895023358      
   6.45857733456254427205882573439729974      
   6.45842088667327208130539674277549002      
   6.45825641190353857867267331165730494      
   6.45808359806925612899675152631808540      
   6.45790212617531419081544987163591411      
   6.45771166966862493847711564694512303      
   6.45751189489587728011122249818432281      
   6.45730246045925655061191930159599198      
   6.45708301560440427291559299746799115      
   6.45685320042602882102989144017741244      
   6.45661264504857092854095610089727220      
   6.45636096866165637008214471514725794      
   6.45609777863753433138662088338679647      
   6.45582266936846419987956727715129523      
   6.45553522194085008584056770922326762      
   6.45523500190015505589658989400936670      
   6.45492155951589081541003354003229459      
   6.45459442712635020382401079381883341      
   6.45425311817763742918473924952526064      
   6.45389712632536625891359333601625133      
   6.45352592323138346123868674974458004      
   6.45313895711282198249326717197033919      
   6.45273565077322397558454314871540695      
   6.45231540003736843314080875538082138      
   6.45187757178018901208861411918767501      
   6.45142150142875264124711085646684016      
   6.45094649063378694442488385750692900      
   6.45045180547172131012533445384820832      
   6.44993667346313073990618948766027274      
   6.44940028060011557818999838357416817      
   6.44884176921268797930410300783875424      
   6.44826023413527421655140820712553802      
   6.44765471973902304815618811005785016      
   6.44702421665836562709310268548388369      
   6.44636765754818485319019488263448185      
   6.44568391374756122148546001052316213      
   6.44497179035478066177674606605175412      
   6.44423002243208194681277066168515270      
   6.44345726958363394137546903043073014      
   6.44265211101503407996645573175685252      
   6.44181304002746326595909567367079826      
   6.44093845799167125290299509895484329      
   6.44002666797684929563494008480181426      
   6.43907586786793460522441336556464341      
   6.43808414303074721697785802003054579      
   6.43704945832465405313031261402381948      
   6.43596964960560252674181728775303465      
   6.43484241433613335415731593224860719      
   6.43366530174974182672279293849526782      
   6.43243570197766054035335224272278887      
   6.43115083438668481168629445070646818      
   6.42980773492590024813675479114126142      
   6.42840324239477303199028516785530939      
   6.42693398375434256197020172153584428      
   6.42539635729442225228212590396704425      
   6.42378651602001745354406561063549393      
   6.42210034800264299942830288123186431      
   6.42033345579412771603502133333065020      
   6.41848113391889973385810107490298753      
   6.41653834439210366532392820445735048      
   6.41449969021099249269318563616010449      
   6.41235938659458705872794265658476317      
   6.41011122986800681877037043361489180      
   6.40774856393496901558504196112873912      
   6.40526424433506473774155973906170362      
   6.40265059946815050499158907245908729      
   6.39989939030403354221230660998739567      
   6.39700176707307745518656004551756016      
   6.39394822488820503947886436391650683      
   6.39072855871573092247925990442238916      
   6.38733181789011226435769996357845823      
   6.38374626353456280545357922695961457      
   6.37995932729693352798460246282925667      
   6.37595758037080991994189622430569163      
   6.37172670799361667608704016896157747      
   6.36725149904622983944979784672816819      
   6.36251585147589032137946041843503166      
   6.35750279846026185587518475669333858      
   6.35219455723407909330989153090626239      
   6.34657260505482160415932414872407374      
   6.34061777757255188712429331002299340      
   6.33431039257569513284626547610607734      
   6.32763039100450901448975028923015103      
   6.32055749076163488640377974351753308      
   6.31307134225718436229868647507066019      
   6.30515168156624878858988509902873887      
   6.29677846664000684567327159724111324      
   6.28793199753847315149917981799082630      
   6.27859300964706746986893145159360953      
   6.26874274232065452338914244091913149      
   6.25836298259960755399800542145670083      
   6.24743608416940660635396333140639301      
   6.23594496727560134909931643636953595      
   6.22387310351199193542866495297698244      
   6.21120448946827873195094567754137867      
   6.19792360882207836824634881432493549      
   6.18401539583560535530298496421980574      
   6.16946519161512593829142710298592430      
   6.15425870317383337941916161549734312      
   6.13838196440244022656535974564569504      
   6.12182129729190209281881260254949517      
   6.10456327859152347438039846810939546      
   6.08659470859390603917543082485249656      
   6.06790258411045646004844033918023874      
   6.04847407457335187818564298034295466      
   6.02829650077066318165778730097669737      
   6.00735731800628609220594928222010206      
   5.98564410026506637471380393394943581      
   5.96314452802883369720112401198486145      
   5.93984637762287136118908863526221964      
   5.91573751261797623637785299472504772      
   5.89080587613810574891919996893905562      
   5.86503948561390136252364542154991553      
   5.83842642648458903120862108522230838      
   5.81095484914770057321445384175081491      
   5.78261296347683353829631985386850215      
   5.75338903648399385604289669544137077      
   5.72327138707340299381995398561105920      
   5.69224838372928507669601349629021517      
   5.66030843952157532576221411153568259      
   5.62744000726467950320149324045245491      
   5.59363157641625173786590335977344781      
   5.55887166347062039499345886222360062      
   5.52314881297048927235380189013744773      
   5.48645158526635361295279001932122582      
   5.44876855205117751904406750135659622      
   5.41008828921922383481850356045609606      
   5.37039936969609252358917471541245173      
   5.32969035593837435410198763581482640      
   5.28794979250967815761704214381665977      
   5.24516619872660660976123755129205255      
   5.20132806140117684223163454626701898      
   5.15642382810939239982086537644024340      
   5.11044190024441171813905317402020568      
   5.06337062733914937823008439763265240      
   5.01519830062492145207017775622355197      
   4.96591314840170455362590629990585789      
   4.91550333092287768903249790955687035      
   4.86395693605748432951815938039190744      
   4.81126197584437150648208967347821469      
   4.75740638293777004393358184745542861      
   4.70237800808168534285845287400711208      
   4.64616461748334907953592754032546734      
   4.58875389120620300547620472515380359      
   4.53013342129578562982242367194819702      
   4.47029071072410128146746685232234320      
   4.40921317299300127887903555914881622      
   4.34688813049207956876762751600155467      
   4.28330281485768954528118993334535916      
   4.21844436662209211777723087483475126      
   4.15229983542403711797740871537919027      
   4.08485617952847733127254816371781842      
   4.01610026614323691997484024503282062      
   3.94601887361540634314680254324849093      
   3.87459868958975088943160810343462718      
   3.80182631236191756555562621404092812      
   3.72768825170338840622095100992242449      
   3.65217092917453056729618387973286444      
   3.57526067912168044349789745030277591      
   3.49694374840826184773859726784179469      
   3.41720629870763364996618440318741744      
   3.33603440557270729850735396959579843      
   3.25341405991459900113568128955954891      
   3.16933116836626866291589348048990799      
   3.08377155411939001373896590899363143      
   2.99672095715225858930051493464401023      
   2.90816503538935314399677040453734250      
   2.81808936480758002769092510615142780      
   2.72647944018419218982466913847432184      
   2.63332067546513553393598995169679316      
   2.53859840452420274223910031984241812      
   2.44229788149953634072317999922653012      
   2.34440428104542103159060382329980104      
   2.24490269927029129691134555353108409      
   2.14377815366843015766907979076705767      
   2.04101558382742273520262241639267122      
   1.93659985158291169435430219388276551      
   1.83051574146081584709857174960363295      
   1.72274796106249125406565856710380888      
   1.61328114135118130459408333048720043      
   1.50209983691250937077226489454739511      
   1.38918852621255396186126918616638809      
   1.27453161191194285696758981316559578      
   1.15811342119190876168026794195296306      
   1.03991820567692073356683968002093322      
  0.919930142406318794597154077062856000      
  0.798133332984302653572346997683266765      
  0.674511804451416516453911849710141454      
  0.549049509534092097350881802299723854      
  0.421730326476685992022043541215031479      
  0.292538059326767967163482913832997994      
  0.161456438165046506327467287374783916      
   2.84691193122903070654199763335683573E-0002
 -0.106440314694731867847652847687908913      
 -0.243288354918081262336065989834685741      
 -0.382091566067332181225238865243816988      
 -0.522866585755614746310387429261214456      
 -0.665630125190741916817952081984109342      
 -0.810398968470270191601424817466349069      
 -0.957189972867525561670578681536137449      
  -1.10602006854392279274553933833105899      
  -1.25690625834277637746046087861076538      
  -1.40986561813582739426637946746777097      
  -1.56491529604985351537506538685947127      
  -1.72207251302470529448761999112836252      
  -1.88135456268503597681089124893191603      
  -2.04277881053644365436540550323629647      
  -2.20636269492701114412773539328482540      
  -2.37212372627419010091312430350005682      
  -2.54007948713601321493804212373494337      
  -2.71024763240668578663915739006572502      
  -2.88264588885730763458785712313066155      
  -3.05729205535246576502146300190473161      
  -3.23420400296219174973067589230283177      
  -3.41339967415754841810819508667446967      
  -3.59489708366140411819539319364061965      
  -3.77871431788752219664515509212533793      
  -3.96486953493588597581353447555911706      
  -4.15338096450134860165086541332615222      
  -4.34426690810645251515857192383842275      
  -4.53754573891948374176435149830351266      
  -4.73323590115107055044757961668383456      
