   6.46114195192883683103959025933776710      
   6.46114195192883683103959028499496191      
   6.46114195192883683103958322865347716      
   6.46114195192883683078620411275093146      
   6.46114195192883663673802754752105610      
   6.46114195192881783250735586934992339      
   6.46114195192829036433698980074716597      
   6.46114195192168715241869724524910218      
   6.46114195187406754733425233161251065      
   6.46114195164174184608711572392653820      
   6.46114195078975205278371150066558139      
   6.46114194826775752901688174957056571      
   6.46114194193521790509804444190805241      
   6.46114192796037177269694189311162845      
   6.46114190009971534653733324276207492      
   6.46114184910851945501805108194217929      
   6.46114176200773579493123262955091761      
   6.46114162147483550415356840575959758      
   6.46114140539328281331550960513693466      
   6.46114108649328143062944213998200723      
   6.46114063214049043015328545711872121      
   6.46114000426800861418462529669301734      
   6.46113915943568564079858080189488333      
   6.46113804913307044889447946542800696      
   6.46113662013513820930216721697431610      
   6.46113481506702852385642510702462003      
   6.46113257310949447258551169417116008      
   6.46112983078988642853380858324648912      
   6.46112652295326378995395577526283472      
   6.46112258368753625004885096624624571      
   6.46111794724162406042353363389330645      
   6.46111254890968909265825733944762678      
   6.46110632587474729715760700714186845      
   6.46109921781801615187322729140212249      
   6.46109116729016517722080546078731602      
   6.46108212021385050255582812402880602      
   6.46107202574062858391900269772538644      
   6.46106083613218318091897397756838712      
   6.46104850644275568909025216186369853      
   6.46103499396684388869322974806635606      
   6.46102025761340656136965068069635438      
   6.46100425707139579518652748618246949      
   6.46098695182505060084340729870319196      
   6.46096830047028243285749226489981769      
   6.46094825943067388079551164281611280      
   6.46092678209522474217643318098032963      
   6.46090381784585186332137126115617533      
   6.46087931114159808598100346855923614      
   6.46085320065102954761300217077912718      
   6.46082541843089356527251289591303929      
   6.46079588937697145931273181262498461      
   6.46076453056364006262626946563561468      
   6.46073125066081252168879251282509618      
   6.46069594960206461969379569002906412      
   6.46065851827105956691661379798644913      
   6.46061883831213854728649825459008644      
   6.46057678197615933734974562286422159      
   6.46053221214823119152654700489220912      
   6.46048498233983893712579531700352416      
   6.46043493674734233932462564582365316      
   6.46038191043644869116743053132075823      
   6.46032572959704123003145699883720104      
   6.46026621173012835303129449565819674      
   6.46020316586481441426704934770799070      
   6.46013639297182441599729473725369752      
   6.46006568619314742531397698939856825      
   6.45999083111154765075357489425445635      
   6.45991160611101998977414654792824678      
   6.45982778264328715651501260661342931      
   6.45973912547717341178279803601641785      
   6.45964539297782858548393119797795569      
   6.45954633734065719798617780021294683      
   6.45944170483102011513164440109926640      
   6.45933123582637952586593613338774170      
   6.45921466497309520337035796222074686      
   6.45909172125711540503083251531025335      
   6.45896212802249985627906072968395543      
   6.45882560296834928720827788015663713      
   6.45868185798273539108557304724171919      
   6.45853059893369216561542318878419418      
   6.45837152599944016671898946836838841      
   6.45820433269487859116755384813875962      
   6.45802870597752337077220212751849171      
   6.45784432588260585269586968926907892      
   6.45765086521754891738729231954952909      
   6.45744798776606748707875815735048270      
   6.45723534914003298766225139005214874      
   6.45701259715028078877798965667434347      
   6.45677936819350122521151211782875649      
   6.45653528875445741429540720741842797      
   6.45627997310104140975729783498954669      
   6.45601302391514458538399379552774698      
   6.45573402980794822220081951179454471      
   6.45544256505526381901596464086241275      
   6.45513818817860704235437230272622044      
   6.45482044093297494571971898413666649      
   6.45448884695255747022811041350200808      
   6.45414290994619269197226275121955214      
   6.45378211216445440626910470643407297      
   6.45340591354429540880891632070135541      
   6.45301374927554321239616643098241389      
   6.45260502816846638483935222773162183      
   6.45217913056442899006038492527929047      
   6.45173540663333328639407505348128180      
   6.45127317392421697816882159971892006      
   6.45079171498068901114144726989308031      
   6.45029027465646082916802189443850946      
   6.44976805825115716732270615748728378      
   6.44922422789213543140371319889593217      
   6.44865789966071748742722618055242326      
   6.44806814094259703258289234279056790      
   6.44745396646856112644501455537007842      
   6.44681433483024881031220930662930237      
   6.44614814489245647342002850403504518      
   6.44545423115746842675916777697335376      
   6.44473136009720450962931632549910765      
   6.44397822470745054067991768533322882      
   6.44319343979693249314680122359555232      
   6.44237553672396843440805402652505348      
   6.44152295738810841476960381445225916      
   6.44063404825264694134733497319838138      
   6.43970705328869413460880998430267564      
   6.43874010723409654787534012741912144      
   6.43773122754734639738719767777029705      
   6.43667830622652943062832934983394226      
   6.43557910076650140088241531518934533      
   6.43443122450429879738834836078459194      
   6.43323213605581229901819935292081562      
   6.43197912793247175892708474423946369      
   6.43066931436076511547627534068297836      
   6.42929961778800776372455780026365549      
   6.42786675447711068270876827656178312      
   6.42636721893242657904353113223099087      
   6.42479726613482074246353344137083753      
   6.42315289393245501381680333630427181      
   6.42142982222280419343486460767471761      
   6.41962347113748034839555910056133953      
   6.41772893715750405456369270892634113      
   6.41574096717204846490040875387516470      
   6.41365393039720633430522961656322231      
   6.41146178778654608968355754544995602      
   6.40915805915298164611633593082690901      
   6.40673578767388269512087349063753953      
   6.40418750191279747758068463507022380      
   6.40150517533092185838899477172874790      
   6.39868018338409888415312575421610414      
   6.39570325921344316604766059195107365      
   6.39256444742446779657799686168006611      
   6.38925305824564981296933667041803190      
   6.38575762199007371576664736038004519      
   6.38206584758364453530356486293561916      
   6.37816458351776940201194652937258641      
   6.37403979169882766172439480033656160      
   6.36967652854023928801894817737168527      
   6.36505894355760448938034221085560686      
   6.36017029723936601908250269043138438      
   6.35499300136105001566483636557450605      
   6.34950868470831074319906248443499251      
   6.34369828607419100930295905571752109      
   6.33754217046161451695736217813665341      
   6.33102026806867248744145913050608666      
   6.32411222690847992725557423859677194      
   6.31679757435471838123100883440833639      
   6.30905587389518972143803068373503429      
   6.30086687370821341566981006031965979      
   6.29221063528156924644887709336357110      
   6.28306763885980677013389735306640265      
   6.27341886238262229137067659672276859      
   6.26324583418669139718171423363339216      
   6.25253066001621369756408518912468959      
   6.24125602815278275142364928393873982      
   6.22940519828942732107758359016659986      
   6.21696197516313887988855370179073400      
   6.20391067485687700928693223595790607      
   6.19023608353753865942469949762846482      
   6.17592341599391381175783396283576819      
   6.16095827138755708111113530789171547      
   6.14532659060562552388984368638482294      
   6.12901461847762699517883139882364597      
   6.11200886605605018577214357419384457      
   6.09429607739991798783890625572018756      
   6.07586320137585090991074136739842902      
   6.05669736491236562811523194265432467      
   6.03678585176300037280708061692569410      
   6.01611608151630819619945019323965242      
   5.99467559532317290539645502150728314      
   5.97245204048654212009126861743609284      
   5.94943315997585665633606319473770966      
   5.92560678226473970923233370290534267      
   5.90096081379644590282093187443362421      
   5.87548323211706010172524570218368637      
   5.84916208112003884343291669347897978      
   5.82198546536117330288945512389681406      
   5.79394154728059703078419691331854219      
   5.76501854234821309855108835380264531      
   5.73520471690341047076282672712658967      
   5.70448838329523143556962117186488809      
   5.67285789777858978056519787550203322      
   5.64030165570755307780808846868903542      
   5.60680808768008269550511329083324380      
   5.57236565492872611437099989797738180      
   5.53696284369688221412021361556003119      
   5.50058816154060049885482132511393288      
   5.46323012774199266523097011080857560      
   5.42487727288090820466287096329467828      
   5.38551812552652313585987915690842158      
   5.34514121024953710930306439779827791      
   5.30373503768447656522937725762745335      
   5.26128809910202345555399256987732550      
   5.21778885902305159113389695855498141      
   5.17322574808139775921394987580212607      
   5.12758715643467785598532578091570585      
   5.08086142746586372440833300825970220      
   5.03303685200678344660538370709777006      
   4.98410166243611486305797420674712082      
   4.93404402805788302875596591314094154      
   4.88285204992174910094168581408138756      
   4.83051375720964484200752302021156724      
   4.77701710319008611041566885703844333      
   4.72234996221087279033141302462279401      
   4.66650012704225892605319589117859637      
   4.60945530626472771168534181194740721      
   4.55120312272545959720058259077258070      
   4.49173111186727379137183053677950011      
   4.43102672025429850367999253450354971      
   4.36907730533021396995428179094956306      
   4.30587013417587986975354922259531522      
   4.24139238321424525000820324521610352      
   4.17563113825126245458568615273929583      
   4.10857339413706016400302928772806691      
   4.04020605532463121038282478768708411      
   3.97051593518981570735953580438166802      
   3.89948975801299042856551551891508050      
   3.82711415782384373884280938361520171      
   3.75337567992016775931871324596630771      
   3.67826078078420140462259712878584244      
   3.60175582879194549534325178774004026      
   3.52384710539187307903071177042280822      
   3.44452080493012221393561225624418521      
   3.36376303594836184854009119020792859      
   3.28155982129161722785687317711924857      
   3.19789709901493064536753909731064751      
   3.11276072304541332143348824074974572      
   3.02613646391154993186112850077699010      
   2.93801000906142508645466927988183516      
   2.84836696346552967748144498328157087      
   2.75719285030447843281955368855659857      
   2.66447311163122931401837438347884913      
   2.57019310851724466227360520410885538      
   2.47433812192156504544976381308252388      
   2.37689335299892721520032951989522812      
   2.27784392346889537223908546630336416      
   2.17717487630181339457191132919331863      
   2.07487117587402118570260791207067311      
   1.97091770852786318464459498319168652      
   1.86529928293460380491781662304619984      
   1.75800063015107406961733961476732268      
   1.64900640450129546611436109386788933      
   1.53830118331748839462588830816741770      
   1.42586946780513185062860594355263885      
   1.31169568259745480833577683774083876      
   1.19576417695820590182613201803143868      
   1.07805922402324615213800873524686682      
  0.958565021734090324091782054597693419      
  0.837265693179386976991672416468868007      
  0.714145286139799106344006559059885553      
  0.589187773538109685500826783442689558      
  0.462377053963726578453209125711109152      
  0.333696951596307330621863407580685015      
  0.203131216177083899989595438388799318      
   7.06635237762276076009283942447446105E-0002
  -6.37225239174846841013436427038105795E-0002
 -0.200043398554377782645466150449220536      
 -0.338315645801959461048620748262729597      
 -0.478555884488265830010779531645872002      
 -0.620780807094478347142493803489782704      
 -0.765007179258775706488127005787103891      
 -0.911251839711336695013557467395225000      
  -1.05953170051024624625506828401530970      
  -1.20986374626758236023812157025570433      
  -1.36226503478299027756139619818110525      
  -1.51675269656195239918193947458554002      
  -1.67334393456619654221296472699038357      
  -1.83205602479701238984259133898366666      
  -1.99290631534545273218733635317369462      
  -2.15591222691952135854197004052048518      
  -2.32109125287628705224969662378116494      
  -2.48846095823510512454086626516569366      
  -2.65803898078327604477989747193641878      
  -2.82984303045557747041209887351075696      
  -3.00389088888911425690239041392875375      
  -3.18020041001627519065098144876775642      
  -3.35878952001317027377385075411298947      
  -3.53967621643849247119235240335688286      
  -3.72287856892630678874407243037684013      
  -3.90841471927191905362017124782806976      
  -4.09630288036838107732440449606566543      
  -4.28656133714857362531079674397152837      
  -4.47920844640009548606272319222192263      
  -4.67426263600418502443695259994315154      
