   6.46114229515578832787994501293249882      
   6.46114229515578832787994503858969363      
   6.46114229515578832787994507460013469      
   6.46114229515578832786445253264715027      
   6.46114229515578830736877830827186915      
   6.46114229515578543430523330540439065      
   6.46114229515567986084553771007210943      
   6.46114229515405411085426356455387809      
   6.46114229514024780706460361890977321      
   6.46114229506340386795102912940153849      
   6.46114229474944116454469800240265758      
   6.46114229373255762115411140969057260      
   6.46114229097773987430424805939921097      
   6.46114228449084290521618988053772155      
   6.46114227083410622851202486227555348      
   6.46114224455776934421306792083023558      
   6.46114219769051490559431443079865271      
   6.46114211915224511947206532537629506      
   6.46114199424398482955549899283675733      
   6.46114180423515006062897144356606426      
   6.46114152603598642613361705275773665      
   6.46114113198128040963432504057562583      
   6.46114058973777470759442342756013377      
   6.46113986234533603768470575318867662      
   6.46113890839867026221130524748914056      
   6.46113768237129833049915648881812060      
   6.46113613507631678967363750447500572      
   6.46113421424969665817721547025787940      
   6.46113186523263543147138332181144686      
   6.46112903170845384268594890469675853      
   6.46112565648691242594996423748791387      
   6.46112168231877021295421477593444246      
   6.46111705253599997698645434633547408      
   6.46111171170071280408374380508124469      
   6.46110560609625611364595330996879859      
   6.46109868407044000060894916297868961      
   6.46109089620303722889678365307149251      
   6.46108219535619136132357245765142269      
   6.46107253644552384844055386550133142      
   6.46106187629494005756406342027673580      
   6.46105017295951171048781053877225258      
   6.46103738525060106595281428431734742      
   6.46102347204546104948466849234291363      
   6.46100839154118081273879452766908674      
   6.46099210045887695442280525349772731      
   6.46097455320711521241322888420314434      
   6.46095570104258785957414498068259142      
   6.46093549136922948089900429796616239      
   6.46091386693852210087262848323985825      
   6.46089076505169382992024252765619049      
   6.46086611698295208662268794092295750      
   6.46083984738191491400417354546887826      
   6.46081187379134389814788515698242901      
   6.46078210620630290124743904303285000      
   6.46075044673369461607826600684311297      
   6.46071678936786526551422655956810768      
   6.46068101976218913479965512232489007      
   6.46064301518595054546303358131278092      
   6.46060264436967826919401852462379491      
   6.46055976756194002725710580090133301      
   6.46051423658185849703743425596779953      
   6.46046589497250355641654920460160358      
   6.46041457805151406869341723579855823      
   6.46036011324767448584057631503761952      
   6.46030232016494524372096751271032436      
   6.46024101082902391898839498979981258      
   6.46017598988916434810200733534456158      
   6.46010705492822445481010354679348401      
   6.46003399666596942030623512141613198      
   6.45995659908446273079574093821809147      
   6.45987463972320319745299862172733955      
   6.45978788986472853103010796614183855      
   6.45969611461625775310269509501938471      
   6.45959907307920376998147744015508764      
   6.45949651846715356289966366650529384      
   6.45938819811135288350663311227996436      
   6.45927385346672092994807957476784520      
   6.45915322014832045340516851284279913      
   6.45902602791989672377578626175119175      
   6.45889200043160862727292649723391789      
   6.45875085511751041913015796788757959      
   6.45860230295878576290975779317627560      
   6.45844604822725711664589094068196126      
   6.45828178816362149231971796479520744      
   6.45810921258321609979803798400448993      
   6.45792800337551662844157485290990038      
   6.45773783408193552724288020512677953      
   6.45753836918516626910413188456238526      
   6.45732926396820468105929850065585791      
   6.45711016313625868023478327477099883      
   6.45688070048060909032131915844478972      
   6.45664049756517326316575470993791415      
   6.45638916387552488566137678684146835      
   6.45612629454453146765112351951416577      
   6.45585146935376848183283581054750049      
   6.45556425371033974974943908394650385      
   6.45526419482122626138792105811190871      
   6.45495082184329114776705622698990913      
   6.45462364300855503470216490567065140      
   6.45428214690416853181775190843345102      
   6.45392579802091113379657214634013220      
   6.45355403627262267941164724707859599      
   6.45316627566475677974111490321622622      
   6.45276190162150067116231106549275978      
   6.45234026928195542555351294175950927      
   6.45190070094351968030413601858344962      
   6.45144248433461224209991644854715883      
   6.45096487014367618429017847215922636      
   6.45046706885855707436099574388212229      
   6.44994824813652276507794417996921617      
   6.44940753055078014321311878399908744      
   6.44884398971597225309990369476971555      
   6.44825664668676713257540953843942424      
   6.44764446762869353542740872508009653      
   6.44700635854738553407297699656957064      
   6.44634116203571074876644767336981876      
   6.44564765301956086503905143015133745      
   6.44492453347925824618179132401667283      
   6.44417042762407155952052576655527312      
   6.44338387703466693542060605410573596      
   6.44256333413250450048332855579212880      
   6.44170715674475793832648391368370885      
   6.44081360048115964409444051652510062      
   6.43988081270871694694921456559338558      
   6.43890682394798231462524768993494276      
   6.43788953985708793116207680892875041      
   6.43682673219084957499812728262438338      
   6.43571602899388016168534869869359733      
   6.43455490411522496320868390340505502      
   6.43334066573721468957620130568293923      
   6.43207044403769158199977980442780492      
   6.43074117763296574572248698396861759      
   6.42934959906121897431833347227101093      
   6.42789221881883793761774967784059533      
   6.42636530826290933772354347061934305      
   6.42476488024603616732890507363564665      
   6.42308666943965845851367501326638436      
   6.42132610957190342106204771080211398      
   6.41947830930922040552084867629244494      
   6.41753802584572559310874850654699834      
   6.41549963642930302769986083311605436      
   6.41335710731802313953522072911945211      
   6.41110396002720715149217538019965820      
   6.40873323556423100954678587773228697      
   6.40623745533472250029545921433297589      
   6.40360858000670921229278143248966306      
   6.40083796576886965599232854775999849      
   6.39791631860851061242609402560714215      
   6.39483364744741033958181030652768682      
   6.39157921637160217105609829300162098      
   6.38814149811345758922430601553895052      
   6.38450813005004294027084461283343662      
   6.38066587556973054789267798394246948      
   6.37660059193360877540493199379228882      
   6.37229721241955702139380726916661657      
   6.36773974146283209308893984345928773      
   6.36291126988564537494704196477484387      
   6.35779401531391821283652563501095288      
   6.35236938606039794705740230211365854      
   6.34661807524852435148001249901069687      
   6.34052017955061837817502129921329921      
   6.33405534388720068655755158247271085      
   6.32720291996321985578511042906869373      
   6.31994213572690984314283567563324742      
   6.31225226273814461690057568818022494      
   6.30411277254431912900716709433191725      
   6.29550347463117625576842691594482331      
   6.28640462811090278588889123377492138      
   6.27679702517951753282535744028479764      
   6.26666204709163591439910987204009201      
   6.25598169027113623713555316001824741      
   6.24473856951341485886990502972815543      
   6.23291590505675578021010340501879057      
   6.22049749130212012682501674458756348      
   6.20746765834138465687532823191446130      
   6.19381122573028045590608711954541248      
   6.17951345903696822539120458925409826      
   6.16456001705413203620084147520940999      
   6.14893690917404025892584147182856454      
   6.13263045206375237926804372860080283      
   6.11562722937706787849021836486849106      
   6.09791405812148726101682271748225758      
   6.07947795474918086153182959267467095      
   6.06030610881316117681880279665466258      
   6.04038585904034253888389078323536735      
   6.01970467227210280995145154282057862      
   5.99825012715204771795423254030144696      
   5.97600989737422469178359430817566101      
   5.95297174076689623680580732946726761      
   5.92912348898059726991606351037393495      
   5.90445303791096697551825644386867923      
   5.87894834218899288233823707710566344      
   5.85259740823925408759282075025329061      
   5.82538829038304697573245433718716951      
   5.79730908636750211583266828117513007      
   5.76834793437230197858875137044431174      
   5.73849301002188677493300765577224613      
   5.70773252377513579805547198660415518      
   5.67605471830964407506129646958711401      
   5.64344786576311455343319761660575115      
   5.60990026521242709713766499216178858      
   5.57540023920669751893726895449951432      
   5.53993613083032379808286842130950831      
   5.50349629975711122110579031853845095      
   5.46606911785551180383806775351400673      
   5.42764296551201469967916698092835332      
   5.38820622553060612262865648916905037      
   5.34774727883829528969280064769078459      
   5.30625449853405687780994257948264562      
   5.26371624387784228071272758859529576      
   5.22012085536969484652442117046097618      
   5.17545664743316608177046921311433360      
   5.12971190324850822812999877602499591      
   5.08287486885143209524039075768972725      
   5.03493374704032735351918400430795020      
   4.98587669231048006664970421125517340      
   4.93569180467547057637460299970495139      
   4.88436712607898351850263572209768262      
   4.83189063496445835372691826942261307      
   4.77825024225468088194794953291806404      
   4.72343378755116199693285699504392678      
   4.66742903583636554362002797096016387      
   4.61022367454328874062542839296093607      
   4.55180531131539363827407970489420875      
   4.49216147074145158909013391365109989      
   4.43127959346400020983326643517519938      
   4.36914703487412106783054716622618910      
   4.30575106244709057740014952054568867      
   4.24107885646778907414599027283868972      
   4.17511750872578869536383846575946691      
   4.10785402090497125043694391894092905      
   4.03927530655914632212821075479197188      
   3.96936818870063581918834990927183642      
   3.89811940157936288403620744926258352      
   3.82551558971428255633287915640563595      
   3.75154330865044376443276528757914314      
   3.67618902528386483799213963634891669      
   3.59943911802241582451695929020635764      
   3.52127987760533854017292809427602360      
   3.44169750693334216518230521122082762      
   3.36067812291397144035590461449107685      
   3.27820775508560259641034856671853955      
   3.19427234844242711973231687902874061      
   3.10885776175770774062483007178455843      
   3.02194977018476130481594866904323070      
   2.93353406403058608701617903955680136      
   2.84359625108257484441299241917886657      
   2.75212185541602186328318115314686781      
   2.65909631955272901238661001106768627      
   2.56450500357792189486100521283186896      
   2.46833318678934157282916793772147679      
   2.37056606749078172319940145446590979      
   2.27118876364875754376850782948500875      
   2.17018631352676068586692770772846151      
   2.06754367578942457784380649480919329      
   1.96324573034873977105793925474385202      
   1.85727727820032178393911834144040867      
   1.74962304241193104561175049074205127      
   1.64026766807810012475544066979843945      
   1.52919572280915097429406586920763261      
   1.41639169691256974927430066823059638      
   1.30184000401084603731969775398867144      
   1.18552498084219552361371420459786968      
   1.06743088824467339414264748423120533      
  0.947541910590897803521239715690977857      
  0.825842156867005931348948240423004784      
  0.702315660214935404911516848578421735      
  0.576946378629252304426663223883969390      
  0.449718195060290927941481889631941017      
  0.320614916795478188696875128281743975      
  0.189620277918581449784913180535159179      
   5.67179361915167170025928740650771904E-0002
  -7.81085235149799782183657395746164225E-0002
 -0.214875591450748338097150593397740083      
 -0.353599831310246609062732109645780520      
 -0.494297881612196881200047115484184528      
 -0.636986453140690768480680522201154225      
 -0.781682332261754507434035477754630001      
 -0.928402376561775129139377851873348892      
  -1.07716351950837387836211165013157452      
  -1.22798276540542292485990626490399385      
  -1.38087719353439349503131408847059158      
  -1.53586395559067513291069728926372806      
  -1.69296027540314747686942118180097150      
  -1.85218345213507903574323810614680497      
  -2.01355085390358644741132712981929023      
  -2.17707992547468965188038980465396348      
  -2.34278818206204643396013847072233922      
  -2.51069321058110589777045356324697906      
  -2.68081267195767930868872638390019541      
  -2.85316430071933037927656196853732186      
  -3.02776589904114247800203285531006377      
  -3.20463534692053326635755867606277201      
  -3.38379059299818179471201832307821353      
  -3.56524965722615883231541874059135817      
  -3.74903063583592261633474929693916059      
  -3.93515169290816558449350317406679019      
  -4.12363106541369189892947836139292062      
  -4.31448706236387715933708779499313270      
  -4.50773806734533473659723693893080429      
