   6.46114229515578832787994501293249882      
   6.46114229515578832787994503858969363      
   6.46114229515578832787994507460013469      
   6.46114229515578832786445253264715027      
   6.46114229515578830736877830827187147      
   6.46114229515578543430523330540439142      
   6.46114229515567986084553771007273344      
   6.46114229515405411085426356464418341      
   6.46114229514024780706460362333292786      
   6.46114229506340386795102923060417815      
   6.46114229474944116454469933130586708      
   6.46114229373255762115412289935731574      
   6.46114229097773987430432000169869679      
   6.46114228449084290521653910314395052      
   6.46114227083410622851340655789227684      
   6.46114224455776934421769495273858594      
   6.46114219769051490560781711201680859      
   6.46114211915224511950719892324000827      
   6.46114199424398482963855133902431680      
   6.46114180423515006081032961524045674      
   6.46114152603598660727496060356395383      
   6.46114113198128111165790201644719977      
   6.46114058973777713785986209532483397      
   6.46113986234534365937597532371710670      
   6.46113890839869217467229841615695554      
   6.46113768237135666459509142492668249      
   6.46113613507646181551260455509411145      
   6.46113421425003583574091944370943075      
   6.46113186523338635278485616386204872      
   6.46112903171003621137458953742791919      
   6.46112565649010117555594985480784430      
   6.46112168232494082159063751203687511      
   6.46111705254750817094276295134819203      
   6.46111171172146426406960256528103327      
   6.46110560613253752127255620701298521      
   6.46109868413210072609985741137307131      
   6.46109089630513098294220714730223982      
   6.46108219552120908978214099187305875      
   6.46107253670637259752999940398689722      
   6.46106187669884731871004407703694512      
   6.46105017357306048028033581588823990      
   6.46103738616612713412903960835459104      
   6.46102347338907063092983533451822992      
   6.46100839348267313874837708079911537      
   6.46099210322388267420015772613993395      
   6.46097455709178720067210219199298695      
   6.46095570643120522698028942474920482      
   6.46093549875510127817928534848520660      
   6.46091387694859759104960409693802299      
   6.46089077847530986412614626236551180      
   6.46086613480396060505268740708210473      
   6.46083987082164879173167999405087090      
   6.46081190434601490490329982009248742      
   6.46078214570115950670873182164029080      
   6.46075049737857270699153194886306666      
   6.46071685382084688737520275952311784      
   6.46068110120090731119154458835165150      
   6.46064311738711645443462443479011667      
   6.46060277179738162707533368036114822      
   6.46055992546532619254578075950157706      
   6.46051443110276876932133361808403913      
   6.46046613326368892889515667644119360      
   6.46041486840602680981301394501190746      
   6.46036046524010517445246094799932657      
   6.46030274480507901065950956040099793      
   6.46024152072863201315978857776788684      
   6.46017659944252444891990060883441436      
   6.46010778050724719123960692566654215      
   6.46003485683026909112181733373004006      
   6.45995761480737570699216325644524977      
   6.45987583463453655685662669608168264      
   6.45978929051065071345186183399069910      
   6.45969775073744602827308937062127292      
   6.45960097790795155407199566338578211      
   6.45949872904419667508888140603264349      
   6.45939075562339331032055376384715444      
   6.45927680360536231754219566509841896      
   6.45915661349200792482699919176205797      
   6.45902992033896467855998783289502231      
   6.45889645351780342256934339062757210      
   6.45875593663940187304243655257133738      
   6.45860808734420829979901536149126936      
   6.45845261707352032878711115290979851      
   6.45828923077741479398889160894363880      
   6.45811762655072468925586214072416503      
   6.45793749516563898604253838418858584      
   6.45774851968467786726399749802348741      
   6.45755037478309672245731153157879128      
   6.45734272664441377642118158751060104      
   6.45712523162469588516640166147686267      
   6.45689753595854677429802625989077132      
   6.45665927448487377170866222822218092      
   6.45641007085130239764156077886855355      
   6.45614953525654838459855975526763244      
   6.45587726357910932406398155753838329      
   6.45559283830930760684442390898878991      
   6.45529582484930649905125977263403641      
   6.45498577170495191735557132192730536      
   6.45466220766784418079016860857159385      
   6.45432464318469665898466778655605168      
   6.45397256595615670623225012331772572      
   6.45360544055782794060004608868990292      
   6.45322270714858926781363840391700229      
   6.45282377894829202947719552509462631      
   6.45240804056841120533048847258173918      
   6.45197484560371302011346323945924333      
   6.45152351494215522235100443093239551      
   6.45105333462728381087862065198886459      
   6.45056355237702975259330976576470092      
   6.45005337556176675030357543110927884      
   6.44952196882995892640166773631239438      
   6.44896845045238910916755838329978681      
   6.44839188884725473239587925281973067      
   6.44779130056906187276123784755871625      
   6.44716564494767328597296656743809065      
   6.44651382130878440444978198430329317      
   6.44583466481194540513596722074344515      
   6.44512694143051721679119799549399411      
   6.44438934337145507135696574779270711      
   6.44362048452120667947643690329906719      
   6.44281889417470810850319843040352739      
   6.44198301186983097915640023476018704      
   6.44111118029286140620781185788374440      
   6.44020163941880347963065745003529873      
   6.43925251845090284291047509319652608      
   6.43826182817977093585208534178403868      
   6.43722745230046818878661906248641520      
   6.43614713841104163500006116328595571      
   6.43501848778177707826961906162788418      
   6.43383894458023042827634505152279360      
   6.43260578417701377166222964181089070      
   6.43131610024178243623203260331160754      
   6.42996679092868403445025964275560494      
   6.42855454370031848781681072447685541      
   6.42707581889478462775218392969740459      
   6.42552683193618051911730789654898061      
   6.42390353298994232585317848474249528      
   6.42220158670397183707730152167868042      
   6.42041634810014494359655759983971593      
   6.41854283740072062448914019297250832      
   6.41657571224344627447306487177087256      
   6.41450923734067272009545445629609256      
   6.41233725163095111282320583412153856      
   6.41005313240884784148084660029794064      
   6.40764975697997571252549838754683246      
   6.40511946067735973156724771040359569      
   6.40245399252991828309064385680796159      
   6.39964446792204280191706387728317685      
   6.39668131922938109938587024728106696      
   6.39355424448743420105770869968065730      
   6.39025215612910132772464838133297340      
   6.38676313025054626300228847065920460      
   6.38307436010638349395080250412226456      
   6.37917211584207280474601940038894261      
   6.37504171190841192441424764994847052      
   6.37066749269381544058234367211673096      
   6.36603283462261337362265519581487663      
   6.36112017198919093600332778307214516      
   6.35591105072570318032721040060030344      
   6.35038621296925391693986514582026444      
   6.34452571110367853035451269255867443      
   6.33830905139512341650048302308860955      
   6.33171535771303969868127786636639773      
   6.32472355091016091124990395682118220      
   6.31731252864438517055608095981014706      
   6.30946134098971114402378666032588879      
   6.30114934401885831513047411835823656      
   6.29235633117483472121275064793004845      
   6.28306263180510812949840378878750588      
   6.27324918034680670867103683445769914      
   6.26289755247905975517295878529950588      
   6.25198997692165747232312841155021988      
   6.24050932382984033836550094786514382      
   6.22843907657297197901401034199697390      
   6.21576329270226386207205927525532117      
   6.20246655652281932870536858841730938      
   6.18853392908255483031610998700136555      
   6.17395089689241992682233107656293771      
   6.15870332155812231154981823276917294      
   6.14277739663586772640802467561438755      
   6.12615959942112735249206836125770091      
   6.10883665792134150444614898404232028      
   6.09079551273962635141509223193893039      
   6.07202328739757501426565084985788350      
   6.05250726302074834286270500857581276      
   6.03223485527868825242715120069340079      
   6.01119359541015764996612487243373241      
   5.98937111363731484942885166077996770      
   5.96675512583417915764756805998775062      
   5.94333342311392688675287364903557563      
   5.91909386088676286579766939670334020      
   5.89402435290815778626124379651952146      
   5.86811286419458191034889081951405881      
   5.84134740654639435275817883438901751      
   5.81371603436495646056630549349031006      
   5.78520684124867023095534968345580828      
   5.75580795738926216922945927397866191      
   5.72550754692517933362757808845098386      
   5.69429380604864288335241018803495604      
   5.66215496036574575575122215333092425      
   5.62907926287482094356674294134130816      
   5.59505499088977351842713897278240104      
   5.56007044393645993577180788187789514      
   5.52411394041035064024081032434789092      
   5.48717381305970174256817228985508146      
   5.44923840668667085925501290650958618      
   5.41029607231565765132001003855567391      
   5.37033516290807566312225057959216385      
   5.32934402836298965019274868057403225      
   5.28731100952272212532841657048217179      
   5.24422443353759176382986455835211485      
   5.20007260706351018098234166846964602      
   5.15484381105291302404177873896532131      
   5.10852629414490371264395034006748283      
   5.06110826759752332480893827962910216      
   5.01257789909057296807948884575736589      
   4.96292330778864715623383668939832286      
   4.91213255847992083015037699830157177      
   4.86019365729865458431836572003282116      
   4.80709454719487349050800103815253804      
   4.75282310340642430417948172351023241      
   4.69736712994360211301362816994109598      
   4.64071435623181692990383285345345695      
   4.58285243413991284078905833219320696      
   4.52376893571944176408804164112189227      
   4.46345135008825913930107188085619258      
   4.40188708280665700648874444013760815      
   4.33906345307680481493762801519521098      
   4.27496769364940268427834280432922370      
   4.20958694917801989442297970972652677      
   4.14290827525088684455175922641524194      
   4.07491863879169354257696366175973558      
   4.00560491702388481666026149550574316      
   3.93495389727837609765971982323246405      
   3.86295227780724013391493129180269714      
   3.78958666667723107967769306795730473      
   3.71484358354615589071004689569023013      
   3.63870945817148456519091434697756353      
   3.56117063275329356548769267291905787      
   3.48221336028825761448722082160558721      
   3.40182380736686673153061893557650792      
   3.31998805239213667725695155647918249      
   3.23669208800041983217989671171260084      
   3.15192182066830467400386427977705751      
   3.06566307140123071395868311913211551      
   2.97790157628104897788387704167543908      
   2.88862298740958287142945598496519665      
   2.79781287323381061531914059115920049      
   2.70545671892999971535263871997943866      
   2.61153992698458201560956843564063749      
   2.51604781840329248243852698678660017      
   2.41896563199842638105370188689200283      
   2.32027852615573996236943465417955490      
   2.21997157824368796998636565867101762      
   2.11802978605781754375427966980781878      
   2.01443806735202374905618164100915511      
   1.90918126078911456794367276176083798      
   1.80224412633668657710108299072506468      
   1.69361134547210117294893887316633153      
   1.58326752158704599890825344833233825      
   1.47119718045115377975920811013378659      
   1.35738477032173836606670765711073212      
   1.24181466265076470680645793807133477      
   1.12447115188160711790568227424042634      
   1.00533845604275562832553706452130413      
  0.884400717299371631435569461368276826      
  0.761642001127983393241101503541443420      
  0.637046298344769870160154565304087342      
  0.510597523682851343305473281143651990      
  0.382279516175732964969769522365159120      
  0.252076041095311904093264305073815355      
  0.119970787297777076658904299211738057      
  -1.40526293127844702454548280132095704E-0002
 -0.150010668895406595330548837420449451      
 -0.287919864910582540793660109884358872      
 -0.427796825599393196594235630162182715      
 -0.569658232594571766642035677744349910      
 -0.713520841706419049387252496336576835      
 -0.859401482727503793525449184213460038      
  -1.00731705800185237732257809569904321      
  -1.15728454553053030157858134710161044      
  -1.30932099337972928474234562626484918      
  -1.46344352675876759283139793745826389      
  -1.61966933998885535464364294835235386      
  -1.77801570401762051644278627496454619      
  -1.93849995994802769174021211550002200      
  -2.10113952262254428408411697927422796      
  -2.26595188198403240412102815119133462      
  -2.43295459609998738571792932916289552      
  -2.60216529829752192650708445176864889      
  -2.77360169559904996077659408566360769      
  -2.94728156434231095284933989954441306      
  -3.12322275476820676850050871829754192      
  -3.30144319107988180412488046337016008      
  -3.48196086589740111480441286302832841      
  -3.66479384643339356023857710744653945      
  -3.84996027285281417467382432372206168      
  -4.03747835419574914201041663772881882      
  -4.22736637313292165086862385075731665      
  -4.41964268579146072364087913715523949      
