   6.46114229515578832787994501293249882      
   6.46114229515578832787994503858969363      
   6.46114229515578832787994507460013469      
   6.46114229515578832786445253264715027      
   6.46114229515578830736877830827187224      
   6.46114229515578543430523330540439528      
   6.46114229515567986084553771007303157      
   6.46114229515405411085426356469113912      
   6.46114229514024780706460362579403676      
   6.46114229506340386795102929005323748      
   6.46114229474944116454470014738575994      
   6.46114229373255762115413022157038095      
   6.46114229097773987430436731385053036      
   6.46114228449084290521677506331249406      
   6.46114227083410622851436240093927790      
   6.46114224455776934422096310015694607      
   6.46114219769051490561753236734693363      
   6.46114211915224511953290021864280171      
   6.46114199424398482970020930119909807      
   6.46114180423515006094665543612036013      
   6.46114152603598674458785227079474986      
   6.46114113198128164944877238649275854      
   6.46114058973777901752624149005260049      
   6.46113986234534960630541714870294490      
   6.46113890839870941071393692631002068      
   6.46113768237140289199871229226989562      
   6.46113613507657753558430380740855446      
   6.46113421425030820493056574622240018      
   6.46113186523399294419910447365504604      
   6.46112903171132150718467181150384135      
   6.46112565649270462300074348038902659      
   6.46112168233000307067823699223222039      
   6.46111705255699185143031528856408576      
   6.46111171173863746613719262346691902      
   6.46110560616268205362641132279072776      
   6.46109868418352319820527953699000179      
   6.46109089639057265853502895325679896      
   6.46108219565977016485369494235971961      
   6.46107253692608772883090458675452670      
   6.46106187704007169106407732013523512      
   6.46105017409284912500187160999614380      
   6.46103738694381425801677839925078951      
   6.46102347453328015500244161569349706      
   6.46100839514001611755601675958937252      
   6.46099210558962159118198999977400703      
   6.46097456042277109867855794241316653      
   6.46095571106140245646416337401361211      
   6.46093550511408037172524765991806185      
   6.46091388558332668647478241035472982      
   6.46089079007566706646158516077086917      
   6.46086615023236672663707575787184403      
   6.46083989114591170891012436571598213      
   6.46081193088372217671709123766399915      
   6.46078218005672450218680405889754100      
   6.46075054149876932721720322759389862      
   6.46071691005062893399654894176766527      
   6.46068117234737461466862509537119393      
   6.46064320679094990743943887768252961      
   6.46060288341226254164582815449284649      
   6.46056006394589663712547073689999504      
   6.46051460190168033991856584716914205      
   6.46046634273830769565437996922516544      
   6.46041512393536072814334850013278953      
   6.46036077535256981102812487788244179      
   6.46030311931765115676084895420579306      
   6.46024197089804882685606801208509972      
   6.46017713812909816458089333838458501      
   6.46010842235208019240660441437553493      
   6.46003561844625569307155013512274561      
   6.45995851498487619547458526397270098      
   6.45987689456245030332276594621023025      
   6.45979053401334014371057656829881828      
   6.45969920452849556364497047073312240      
   6.45960267186144250798814177123304985      
   6.45950069648422612194589860867922527      
   6.45939303363273670470574239975234336      
   6.45927943335398643815892515980559867      
   6.45915964058681529402818959158695018      
   6.45903339519502783020711363052726959      
   6.45890043175231334206527818759783384      
   6.45876047948960352764525202515068441      
   6.45861326211039939396213195424195810      
   6.45845849758789097377140250542531330      
   6.45829589790042653322666780998231783      
   6.45812516869598446755417723300525885      
   6.45794600885284510181465202481642610      
   6.45775811013303220229620723350548100      
   6.45756115652318786079265526042259139      
   6.45735482417523095044550076368940785      
   6.45713878010455699530203607479816416      
   6.45691268193603728875939419948755193      
   6.45667617666695886363653371791194676      
   6.45642890092154211093666725491447015      
   6.45617047871371162869768065332288533      
   6.45590052068267989670825600768984890      
   6.45561862499824188973744658370578339      
   6.45532437376781252847000655962828626      
   6.45501733326954696673114505178505012      
   6.45469705118862722696774135968550903      
   6.45436305806690233251109395548660891      
   6.45401486295151774468514946452706437      
   6.45365195310694089612206875893553317      
   6.45327379276692070498015425764315080      
   6.45287982074274907843147906096906885      
   6.45246944879462045939722006542688707      
   6.45204205935433761725544826655207083      
   6.45159700391026222620738739611986725      
   6.45113360099706709701232332133679436      
   6.45065113278071884836988633956328246      
   6.45014884323451130005000793743226252      
   6.44962593583872637275073743076028195      
   6.44908157008847220269878493250836119      
   6.44851485816640619002245580442646914      
   6.44792486308749886852982131322472233      
   6.44731059352985135561517901655768326      
   6.44667100122242057931831777789838747      
   6.44600497700271840788473410172458204      
   6.44531134601217369093682724535951665      
   6.44458886336189283199963810758904187      
   6.44383620976541032646530477910470748      
   6.44305198568848217786175140245800697      
   6.44223470629102840291303834932299735      
   6.44138279490022455806960027787613753      
   6.44049457714225573291437656980837620      
   6.43956827367666650303386096928869147      
   6.43860199261345228200047767604369691      
   6.43759372147148295165339912414499299      
   6.43654131855475210690032485958214607      
   6.43544250325940012568414477124884016      
   6.43429484589813166319004081590080639      
   6.43309575646017930694434032079167241      
   6.43184247248582103850340914419303617      
   6.43053204584547815828959421221869351      
   6.42916132831055874917309190089363885      
   6.42772695591443281854082720099202512      
   6.42622533181598431655730806694557924      
   6.42465260706358696880489937274725539      
   6.42300466084225739707347193340134399      
   6.42127707764977565961378957067050464      
   6.41946512261484442270656255650098105      
   6.41756371476038323719729344492962649      
   6.41556739734773253802862787162256353      
   6.41347030570941541890754337807122284      
   6.41126613182020823769473440732266784      
   6.40894808615282679426111937342474792      
   6.40650885555061726141516337227172760      
   6.40394055818946793968638807067458944      
   6.40123469511656595383311062694851206      
   6.39838209841195850163841947470261820      
   6.39537287709587694483653536419781453      
   6.39219636129392659146991443753650228      
   6.38884104588232208445262840329432610      
   6.38529453656213979304303745201218080      
   6.38154350063693486581165812623525180      
   6.37757362354498642170563285931883422      
   6.37336958385932367258322567431570199      
   6.36891504134796897184589133090344229      
   6.36419265105571831051752905069410586      
   6.35918410540591671167118492276592122      
   6.35387020936010692358332885574406566      
   6.34823098890332025812732234041557820      
   6.34224583276299859854639872347329562      
   6.33589366050363198302477987527285305      
   6.32915310959255646401067631950026988      
   6.32200272911626872958926384832702551      
   6.31442117021289448072829005140445947      
   6.30638735848454512757989623767960262      
   6.29788064078152279058268221189874261      
   6.28888090236080291355955176699625000      
   6.27936864654154905487427448463779258      
   6.26932504329029200018512512288466666      
   6.25873194674659003519533052846302985      
   6.24757188875089333806963838914882827      
   6.23582805190435232385042294571901638      
   6.22348422961174474879290607748744371      
   6.21052477801468493104728546697991027      
   6.19693456084290625136022959276541026      
   6.18269889974922855875432532441476933      
   6.16780351378284122912950276793569503      
   6.15223447782229359919034300910289927      
   6.13597817047188289827258569700973699      
   6.11902123390859322456227676035633228      
   6.10135053774625100379024474750586987      
   6.08295314443946898222739694960492577      
   6.06381628203325062379389988333841954      
   6.04392731942277306051602218409903783      
   6.02327374553603445894642089767288908      
   6.00184315165129106702011251865515397      
   5.97962321683000807818364117879201952      
   5.95660169610911615010638069356499504      
   5.93276640971815557516135527602483915      
   5.90810523587799758388588901569053389      
   5.88260610332228655724115621250244633      
   5.85625698703648164708575069491512922      
   5.82904590346220756244307226962066709      
   5.80096090717535323853652674391575711      
   5.77199008846215217057908536310833549      
   5.74212157083762714352242206853551955      
   5.71134350924497515093008370290208638      
   5.67964408801147991317947979555247820      
   5.64701151909420090580155209557408338      
   5.61343403953619359168252608912909118      
   5.57889990979504338872327648922979528      
   5.54339741069649892979287707102304115      
   5.50691483980102974625707723667845769      
   5.46944050964724966319749502549287713      
   5.43096274184010756526186755843772660      
   5.39146986387866675556394589466039649      
   5.35095020389126519586382765876361478      
   5.30939208599150352767358131688591008      
   5.26678382447131679910410449951626847      
   5.22311371835014784772435208293878712      
   5.17837004576801938435330863545654169      
   5.13254105786627317786586220731901623      
   5.08561497279483108020645296420165827      
   5.03757997058034548051817884307549461      
   4.98842418682013781440472870534634313      
   4.93813570773917094532815135254089360      
   4.88670256491764554888212364171527747      
   4.83411273048822987340425446099416011      
   4.78035411270175333224314868949376847      
   4.72541455198356559732545199733859734      
   4.66928181659992627060750833919912169      
   4.61194360015881953525198713666985668      
   4.55338751863383796160395788307122012      
   4.49360110678471808148128481663217033      
   4.43257181729239392868559840714722310      
   4.37028701809809253508988231785921554      
   4.30673399137354363413561539724149483      
   4.24189993166563570887053759465390952      
   4.17577194562735925448923631947233649      
   4.10833705051565315893119951058903756      
   4.03958217475082632168909445296889050      
   3.96949415657134651411405287817096151      
   3.89805974463358985568269928867843083      
   3.82526559735390954006903278827718318      
   3.75109828396480290260252811054181633      
   3.67554428373011750722563102995769017      
   3.59858998709995048480346038469620584      
   3.52022169552637091720849980060296573      
   3.44042562199238123896105333208955766      
   3.35918789221173758034198237199097368      
   3.27649454403325532254366666849386940      
   3.19233152888593514499039054024240921      
   3.10668471197311116509782072873426288      
   3.01953987293122342890135499466332757      
   2.93088270614602847017699146288686322      
   2.84069882208741676346337797483784494      
   2.74897374676784873793109012875363914      
   2.65569292338211988597278452787984352      
   2.56084171207480164933825633370793114      
   2.46440539108948068004358205266544171      
   2.36636915664381185344203171310718652      
   2.26671812385516272754404635976398341      
   2.16543732752309809840324190187174141      
   2.06251172164545672156688707089715750      
   1.95792618080747398907847627987428289      
   1.85166550006028886479142382346801951      
   1.74371439567042629851502950848970366      
   1.63405750520690514427066882795617641      
   1.52267938806539625301388054859347791      
   1.40956452578104837930683903540180357      
   1.29469732259442949367526950774274784      
   1.17806210516987205587726099611334168      
   1.05964312375769483799949209848857921      
  0.939424551634434167170877126858401584      
  0.817390485755430655680268150663837454      
  0.693524947947665649842685488065520804      
  0.567811882867348045944849828582011073      
  0.440235160616674711492957960851205947      
  0.310778575471658482495528624828012677      
  0.179425846460948503374297275465954105      
   4.61606184915513608836909334048078058E-0002
  -8.90335396535809621502580993573627880E-0002
 -0.226173132269820913669228581181717070      
 -0.365274738995382271610823295370750099      
 -0.506355013650355514208834539386660493      
 -0.649430683179425326218783998637868379      
 -0.794518550322799842747036633777119828      
 -0.941635489304613148936781944998675372      
  -1.09079845029593769733085469184542583      
  -1.24202445447842427712892363791042392      
  -1.39533059929950142920850721605720853      
  -1.55073405303231187025348990031658743      
  -1.70825205793865904253499085803020786      
  -1.86790193099925520725148152809569865      
  -2.02970105852001051081984957849968036      
  -2.19366690427524035392051128918503945      
  -2.35981700058945546439003840760961323      
  -2.52816895402714136471459263029968526      
  -2.69874044583282850910036568241365104      
  -2.87154922686782197547082299902275798      
  -3.04661312048585338864356440300897931      
  -3.22395002538983809476681169143682395      
  -3.40357790943664064532583640102577344      
  -3.58551481325365272491091637136377870      
  -3.76977885177539604030060466062674825      
  -3.95638820919436715040080965378610729      
  -4.14536114204761981805495993728524891      
  -4.33671598077759209337129424922783472      
