   6.46114229515578832787994501293249882      
   6.46114229515578832787994503858969363      
   6.46114229515578832787994507460013469      
   6.46114229515578832786445253264715027      
   6.46114229515578830736877830827187147      
   6.46114229515578543430523330540439142      
   6.46114229515567986084553771007311323      
   6.46114229515405411085426356470483787      
   6.46114229514024780706460362654920622      
   6.46114229506340386795102930904246608      
   6.46114229474944116454470041674977168      
   6.46114229373255762115413270535147578      
   6.46114229097773987430438373849174783      
   6.46114228449084290521685862520184228      
   6.46114227083410622851470682574218038      
   6.46114224455776934422215891128374980      
   6.46114219769051490562113608184680606      
   6.46114211915224511954255155687251011      
   6.46114199424398482972361997613297168      
   6.46114180423515006099891576405461587      
   6.46114152603598679743531525748686258      
   6.46114113198128162771392530842114354      
   6.46114058973777975154625558709753424      
   6.46113986234535194345117910839831534      
   6.46113890839871622412382494824184979      
   6.46113768237142126420779489268184023      
   6.46113613507662375541223858128232410      
   6.46113421425041749406724461779345046      
   6.46113186523423738431021353846780175      
   6.46112903171184151315748966244125479      
   6.46112565649376184731398820322031170      
   6.46112168233206593040998860965550297      
   6.46111705256086902441570393575304162      
   6.46111171174567976090333314129243823      
   6.46110560617507904050722390327823026      
   6.46109868420472788548904597768165541      
   6.46109089642589525622855664763429054      
   6.46108219571719054583470614413125363      
   6.46107253701734544010547334004496455      
   6.46106187718210220275552467527106088      
   6.46105017430964529454626487425199439      
   6.46103738726880258871617297484563623      
   6.46102347501231223471647810673107521      
   6.46100839583508648423175028630841954      
   6.46099210658343410040344399906775692      
   6.46097456182428656845456258159433465      
   6.46095571301251063963835959144547209      
   6.46093550779754986945458428959264830      
   6.46091388923219557292216163908708965      
   6.46089079498424682439881462112729662      
   6.46086615676904081801411224363267545      
   6.46083989976791855587660883416236408      
   6.46081194215409597512912969977687540      
   6.46078219466372488844230803199701068      
   6.46075056027775739635332886429742735      
   6.46071693400886465490393317983487972      
   6.46068120269183187328082993639021579      
   6.46064324495940969596447317839087992      
   6.46060293110791530786017172170134205      
   6.46056012317570119492020404409807820      
   6.46051467501872450484145928488713251      
   6.46046643248842444109949237692043733      
   6.46041523350825419108561069079653417      
   6.46036090843772509583460217809442920      
   6.46030328016527820869139796106763839      
   6.46024216438535219227071011336525683      
   6.46017736983213281290405444947413748      
   6.46010869862353558564171200604936353      
   6.46003594649936161293870612105213455      
   6.45995890298381300505726680473002704      
   6.45987735171958854150301215337193722      
   6.45979107069353162050535038997554001      
   6.45969983236084119763203527729265583      
   6.45960340385884955725208907401793744      
   6.45950154717108714114683878611046751      
   6.45939401918112995489356030963975333      
   6.45928057172872649522239503640563240      
   6.45916095169994240062756928962376869      
   6.45903490106989943234431410250477717      
   6.45890215669783207959288452686774966      
   6.45876245028513873881399765675238502      
   6.45861550820188795547214692396760102      
   6.45846105129549236983734981521269842      
   6.45829879463846457300002382285097389      
   6.45812844720562788453873115364240917      
   6.45794971144775056706927235836782433      
   6.45776228296102979461096046889432446      
   6.45756584984010569149897117705040580      
   6.45736009263527578447838443878217673      
   6.45714468306751671902835759238579021      
   6.45691928379198093693141445148343728      
   6.45668354717777112799047325756618569      
   6.45643711558442468527496313717717466      
   6.45617961913528821690599390892459060      
   6.45591067499736881722458529590497022      
   6.45562988827925532835136613049484512      
   6.45533684848291998835596633908799496      
   6.45503112975609163619992163850792700      
   6.45471228815318011399373258039985005      
   6.45437986311989783337043625456316443      
   6.45403337316513149887503958547757933      
   6.45367231561256581047909216501006588      
   6.45329616537416378901228475461412376      
   6.45290437261389837098506215880766953      
   6.45249636113999428353225671351938596      
   6.45207152618405489179889897015530359      
   6.45162923282089119638942655807561570      
   6.45116881401480668153808195733412072      
   6.45068956723439139167203097404444714      
   6.45019075271599910588482976542900856      
   6.44967159119774012253597320826306564      
   6.44913126049952758007918311849883379      
   6.44856889226203674363553001104318411      
   6.44798357016139134279153137741811274      
   6.44737432482476510789856686294857771      
   6.44674013129404530380281634417702656      
   6.44607990518057013260247690679554032      
   6.44539249795712717338699737659738684      
   6.44467669272606694574138582319976260      
   6.44393119997341423740167992757092434      
   6.44315465183099532034008174028486513      
   6.44234559714962017173645794479441697      
   6.44150249514289764509511147645218001      
   6.44062370963771726723099183246572226      
   6.43970750200641563512922117358238374      
   6.43875202372958359172245319773515680      
   6.43775530859966644721102719881817469      
   6.43671526426184185082250725684609717      
   6.43562966278189854717958053226989769      
   6.43449613068725212351262425345567593      
   6.43331213802568013063923612492475413      
   6.43207498649799784850064066568631323      
   6.43078179654830263663849276562066942      
   6.42942949326087509351734314053351551      
   6.42801479105773157853536132397869075      
   6.42653417696391922020318461246093320      
   6.42498389164441113476561247514322071      
   6.42335991018149097863081533546577429      
   6.42165791953932124464874499972165719      
   6.41987329433965960942382944611714890      
   6.41800107046946409765564709340236273      
   6.41603591580351292481681239099386281      
   6.41397209830600806656342831237994011      
   6.41180345098379378945924222190141189      
   6.40952333352327779354739752514773332      
   6.40712459045450715560781660930701847      
   6.40459950579030251963570658136667562      
   6.40193975378842756018181242418053826      
   6.39913634648431775820733095716621615      
   6.39617957820935661824823754496705858      
   6.39305896741598916277080969488569992      
   6.38976319872118024275575910980872277      
   6.38628006490371994819844590826997558      
   6.38259641359941063943693436062039891      
   6.37869810009298497574317382969347932      
   6.37456995624364942760792611555132990      
   6.37019577262469628719673049386158714      
   6.36555830747108998632498544070788396      
   6.36063932317605811342269689800552026      
   6.35541965690160787910927399994207482      
   6.34987932649292494449594472765999814      
   6.34399767111500917296514025078056084      
   6.33775352099129526362846658660861947      
   6.33112538782715156696452206921445032      
   6.32409166466777807873066875399505377      
   6.31663082320800818988141230757341516      
   6.30872159414566005311537691796654282      
   6.30034312268758729064890074095252507      
   6.29147509147955881960640516314453468      
   6.28209780823181711409001175261518379      
   6.27219225715966899532806756952097090      
   6.26174012265738871566110183796809871      
   6.25072378122242529361465000898162555      
   6.23912627873025520997248513485925036      
   6.22693128823243870107889491534718358      
   6.21412306135699830066563464035671722      
   6.20068637263680828264443985260827272      
   6.18660646826034548279531589176917256      
   6.17186900263671587199023106945529121      
   6.15645999718646534452517453923625021      
   6.14036578549512164692043234611451298      
   6.12357297160454043721687065431011885      
   6.10606839310411165247197555537992231      
   6.08783908530714742246310793335006530      
   6.06887225275432045541478929098609077      
   6.04915524375901324146104044204450317      
   6.02867552881234789273468005471590257      
   6.00742068225859288698381620365268516      
   5.98537836721828848419477356553753036      
   5.96253632338944325092775104950740072      
   5.93888235588054594077074336727019805      
   5.91440432764491513245357408781375876      
   5.88909015213126948914940077681498600      
   5.86292778844727523795824019701825911      
   5.83590523688975118196654705093416897      
   5.80801053537327346859743091271199298      
   5.77923175708705339555089062722573865      
   5.74955700812023948798263057272510717      
   5.71897442578971409382958851703108499      
   5.68747217648229429028144841552989541      
   5.65503845465750471124083628124641252      
   5.62166147977534952988641730457603286      
   5.58732949548403430492061082764843986      
   5.55203076622421613251068868602307312      
   5.51575357448900436850602584803971779      
   5.47848621849725750094356731435043544      
   5.44021700719454090857415893601896465      
   5.40093425685353146297903162332180221      
   5.36062628615558463662663060234182081      
   5.31928141174981208201710212977354587      
   5.27688794238695891780492626064684709      
   5.23343417375729828671427182440564944      
   5.18890838259536223657891297597276862      
   5.14329882127889187955792399406455414      
   5.09659371107404851866980807476470899      
   5.04878123730423794048181124527962401      
   4.99984954308828742823466209363756620      
   4.94978672413373495736421456766688158      
   4.89858082337389995827285996169148270      
   4.84621982578425849223763271846654732      
   4.79269165464150184229497250113210630      
   4.73798416639089733107582390194906357      
   4.68208514703795929742626541588996588      
   4.62498230869937693822112405390264020      
   4.56666328698029606009692634512213526      
   4.50711563743544155063372488030599890      
   4.44632683376255484598848723647599594      
   4.38428426575073488473228498634838453      
   4.32097523808875766263410648975643917      
   4.25638696766046767586624374384498230      
   4.19050658407817640546974937734619863      
   4.12332112751147014902321882614839644      
   4.05481754936979330788836665377797443      
   3.98498271099223306756608185077362315      
   3.91380338359540040547451727553501998      
   3.84126624861871496807061378641109448      
   3.76735789761526749381458824512059927      
   3.69206483225384081579791565412423956      
   3.61537346483052515520313984328097741      
   3.53727011860507283414821664940963034      
   3.45774102782745292296616996852801843      
   3.37677233942130297256245363680416644      
   3.29435011174206737115645074634805983      
   3.21046031669751949739675871502453460      
   3.12508883946339530465355139672576145      
   3.03822147931076872182950276732955174      
   2.94984394987104539381430650115687282      
   2.85994188068102691782380910693468264      
   2.76850081617779588522250087853795225      
   2.67550621802439716734946237223146640      
   2.58094346421987557959828606846694190      
   2.48479785070290965981216178412800967      
   2.38705459087282211491102270964387724      
   2.28769881715761145439673490118857909      
   2.18671558085959054144186913278829495      
   2.08408985257364463958961296683339920      
   1.97980652310869610900942653100642123      
   1.87385040345052978867278965108828369      
   1.76620622558075920436240100334738358      
   1.65685864257427183670944546824945629      
   1.54579222909549690331503522575510138      
   1.43299148179365117051966981883140578      
   1.31844081960469749842736798765729705      
   1.20212458404289188462123225878746025      
   1.08402703970949187589386843009101971      
  0.964132374428363459090081942241689327      
  0.842424698863411242656723517303293062      
  0.718888049226816813347342373539898948      
  0.593506383686142557274055835936800375      
  0.466263586285814616902023141716649679      
  0.337143464615915284182697231433366120      
  0.206129751401236491735459517871522873      
   7.32061045558879970535219780550653895E-0002
  -6.16438937742456828650197158368220840E-0002
 -0.198436734975544006677202985415398746      
 -0.337188985612717069155030948127505283      
 -0.477917286757689504090852478771576247      
 -0.620638352547959846563836535507648904      
 -0.765368973068762601282723015882715621      
 -0.912126009903488607609058823127472016      
  -1.06092640080273085223774164518554076      
  -1.21178715493644417126076180296274417      
  -1.36472535649089421625747258821675342      
  -1.51975816233387911934255736096963921      
  -1.67690280228182424634238283467317529      
  -1.83617658104519792218797167999790526      
  -1.99759687305203357011591113757509272      
  -2.16118112996921053416064053118899972      
  -2.32694687233629139239095485597649749      
  -2.49491169458856533600595503841524481      
  -2.66509326584305548555696225503320389      
  -2.83750932688959560188472990737505511      
  -3.01217768776559006711239163805141874      
  -3.18911623503347206441861424932589813      
  -3.36834292635769404177727871877646952      
  -3.54987578974483201358030710532074934      
  -3.73373292823407377277001052040602260      
  -3.91993251705558158386219818787237917      
  -4.10849279835984697533651623956567963      
  -4.29943209267487166948248764564207552      
