   6.46114229515578832787994501293249882      
   6.46114229515578832787994503858969363      
   6.46114229515578832787994507460013469      
   6.46114229515578832786445253264715027      
   6.46114229515578830736877830827186993      
   6.46114229515578543430523330540439219      
   6.46114229515567986084553771007325113      
   6.46114229515405411085426356473032101      
   6.46114229514024780706460362803664274      
   6.46114229506340386795102934821406770      
   6.46114229474944116454470099407252993      
   6.46114229373255762115413820333907275      
   6.46114229097773987430442111454787470      
   6.46114228449084290521705340542315910      
   6.46114227083410622851552685019033827      
   6.46114224455776934422506021644312139      
   6.46114219769051490563002948207372343      
   6.46114211915224511956674038219656386      
   6.46114199424398482978312410651173893      
   6.46114180423515006113342832829483924      
   6.46114152603598704104027107069832191      
   6.46114113198128240029425068281525233      
   6.46114058973778167660271250444871400      
   6.46113986234535812125806350766852643      
   6.46113890839873436524895422006580840      
   6.46113768237147051023313753233831024      
   6.46113613507674841714862189132175128      
   6.46113421425071396640172566049555103      
   6.46113186523490405073869869652318664      
   6.46112903171326684758669363996280696      
   6.46112565649667327491325021413372324      
   6.46112168233777164354105458469862341      
   6.46111705257163712630938486609195559      
   6.46111171176531401415316958920750749      
   6.46110560620976821890764930621983402      
   6.46109868426426625737872181857874418      
   6.46109089652539494049950631749707227      
   6.46108219587943222107054911792811876      
   6.46107253727594180188402780344698167      
   6.46106187758567838888873789173682471      
   6.46105017492727184025611314740438734      
   6.46103738819694891854289277170751735      
   6.46102347638362190653542748767796215      
   6.46100839782930893928452084244993098      
   6.46099210944088125442860785996262753      
   6.46097456586221590369400918895399792      
   6.46095571864486876817898865304278012      
   6.46093551555854342181704461647002673      
   6.46091389980418575049345112669241533      
   6.46089080923049480091416294801564232      
   6.46086617577185924663461149033742725      
   6.46083992487281162154630567853171855      
   6.46081197501889520168124355402868925      
   6.46078223732315832164569867260592967      
   6.46075061519920890293774656537745929      
   6.46071700417361544214928395256684467      
   6.46068129167701548909767126231058562      
   6.46064335703167778622319338366030674      
   6.46060307132781436787458456688694454      
   6.46056029751352823185106858979183214      
   6.46051489048262929050645024364641729      
   6.46046669726555183034001765814162189      
   6.46041555711972611250862219377735361      
   6.46036130190831447354856881959806332      
   6.46030375620857441310507052762267629      
   6.46024273760532382095192998464281459      
   6.46017805694192171614436642899755895      
   6.46010951868252235751006222202131074      
   6.46003692116918427877867187425924738      
   6.45996005680448995760386086357379333      
   6.45987871240676313656214006632257591      
   6.45979266945760902616677602039923325      
   6.45970170424929595133100229167919638      
   6.45960558812271372760052937187058417      
   6.45950408765668614446918233200189508      
   6.45939696474830924898545060681152028      
   6.45928397669664756888883283989982749      
   6.45916487632218318719635216025557171      
   6.45903941203955122208478782351176706      
   6.45890732768421841132078706612342724      
   6.45876836250385561096486242001335242      
   6.45862225101970409102357977536622816      
   6.45846872287138766759248622017296021      
   6.45830750260299766292829240921095309      
   6.45813830938014416791888139295534397      
   6.45796085660439009450165052453631470      
   6.45777485163018988363206497102973708      
   6.45757999516498569482932593498000679      
   6.45737598126259411696585589038525177      
   6.45716249610559634479194029097035983      
   6.45693921781588398682563553384847276      
   6.45670581528943017741911070937947823      
   6.45646194853980620917345344347495674      
   6.45620726651053229999355627060733330      
   6.45594140647964388379143525436186535      
   6.45566399495253431252723690330523691      
   6.45537464424152492422581062933546660      
   6.45507295278184313230479705564663872      
   6.45475850247109098070304574339284330      
   6.45443086025959084170846429911798915      
   6.45408957389898559066027431046408271      
   6.45373417181338448860518947839376881      
   6.45336416194793810154644882075423342      
   6.45297902959472684918138968270138067      
   6.45257823586095103397684164572832077      
   6.45216121561586894419252295446471057      
   6.45172737602511379670842848575319884      
   6.45127609467681130399061938904700683      
   6.45080671676587867317279317615054005      
   6.45031855267602946260957008143115551      
   6.44981087677698227503758237389041214      
   6.44928292375092723676817250420181286      
   6.44873388563442135669979694776857822      
   6.44816291025223268713615226399229595      
   6.44756909639753630841961402492670905      
   6.44695149153015012259289944039807805      
   6.44630908823757811096874102526873134      
   6.44564081982615880652708124696636342      
   6.44494555641088258782497081921138085      
   6.44422210111505308406466689584379839      
   6.44346918438707433927412324805494096      
   6.44268545982576804707581363618192225      
   6.44186949868502213330759700683983000      
   6.44101978328851597511513835036597277      
   6.44013470180895180244167382478399360      
   6.43921254073578741092980296531007648      
   6.43825147790800893079438176262634017      
   6.43724957460542151086759568837057563      
   6.43620476690179862110536955024236341      
   6.43511485642487357736513912674048569      
   6.43397750030183256885029122191938217      
   6.43279020012715814958522144151004756      
   6.43155029003082837590011273567251345      
   6.43025492358305730681466953335330606      
   6.42890105956058234120207610994150833      
   6.42748544614679356130467591936037309      
   6.42600460435314323306982063300972744      
   6.42445480748693163396337843368924002      
   6.42283206246292371924204418183696772      
   6.42113208562252045494252936806436730      
   6.41935027760384595254760729706376779      
   6.41748169540477062661004811455778002      
   6.41552102138000308264641707756896209      
   6.41346252896124067237835870265861164      
   6.41130004467594238027614466349641803      
   6.40902690636950665319237937437394454      
   6.40663591683981290035024624966695779      
   6.40411929324224726201961072219316421      
   6.40146861188241063108983781099072451      
   6.39867474816861514684400693131558380      
   6.39572781358286870319662814249060816      
   6.39261708883511354230575461732169080      
   6.38933095642872958643304884334332437      
   6.38585683501904451448735624884834278      
   6.38218111702005063999840053270479180      
   6.37828912128751903439908706944455165      
   6.37416505720029362639809201692901882      
   6.36979201500213400373051527702396145      
   6.36515198552305632821603231268302167      
   6.36022591645466124948000612418281677      
   6.35499380885269058581810643850809790      
   6.34943485436611203579229460265758763      
   6.34352760902230664881190643272446906      
   6.33725019469147082049009486637150529      
   6.33058051705257867942804669866589339      
   6.32349648514219939185308029335184873      
   6.31597621683544195514598765299125853      
   6.30799821991957016673997649420864181      
   6.29954153859318624174624490265525497      
   6.29058585962782100373148585328793178      
   6.28111158291864121358658914589607414      
   6.27109985069344515829408474553078979      
   6.26053255115926595507345794036008533      
   6.24939229447046488470129238708368154      
   6.23766237266273935107339371776057875      
   6.22532670688138293224755905995733018      
   6.21236979105757919419257494907828886      
   6.19877663050088928491210192681397170      
   6.18453267941861662622036749468642830      
   6.16962378827223525006233529362448768      
   6.15403615021082962325769174749953071      
   6.13775625064286408230877686773556144      
   6.12077082737752955857157598878183163      
   6.10306683150574234860556091823625626      
   6.08463139555443365932435561578324800      
   6.06545180487656581806519703868787831      
   6.04551547407120313274948397103407654      
   6.02480992647206598149716658558016349      
   6.00332277760538357743905052775205010      
   5.98104172142843441833134206327074070      
   5.95795451823963448664082309228589782      
   5.93404898593428953247123588485041474      
   5.90931299277188962064726037330375435      
   5.88373445129998452466225197697561898      
   5.85730131403158462281859133616533789      
   5.83000156982874520527548392880841200      
   5.80182324145546973342621524081328857      
   5.77275438350845518417637880222003409      
   5.74278308097289470915795415301582272      
   5.71189744777559200598382760712826353      
   5.68008562568407694952492152395393250      
   5.64733578260281721490712622497935900      
   5.61363611184723894333107016748978739      
   5.57897482961881220474235883359920010      
   5.54334017285594406103249898851294811      
   5.50672039801290010735328989482180895      
   5.46910377592835676303283051930198816      
   5.43047858970663171475866383293566751      
   5.39083313005935808286558849862011954      
   5.35015569147329761905845684811380426      
   5.30843456666792555595616146967252992      
   5.26565804209196931166565787590424399      
   5.22181439121871822353674595769569847      
   5.17689187029544821003395268726071183      
   5.13087871142902523545587205886645018      
   5.08376311690249446822834680950021537      
   5.03553325376102424413145476254082073      
   4.98617724753748880448478699244282497      
   4.93568317688527959350824201756822281      
   4.88403906836274261323015020295836808      
   4.83123289132339414677996769924967693      
   4.77725255318181764267316765436329227      
   4.72208589534150649444601163627928009      
   4.66572068856263351322689819743504958      
   4.60814463002559682152552697571150285      
   4.54934534054757040063555166877612847      
   4.48931036042274676131568304901195420      
   4.42802714840608196521686797571127245      
   4.36548307874302959310624138771718111      
   4.30166544020094945971332603980071592      
   4.23656143419905672421092384557363853      
   4.17015817346694039843359598527369575      
   4.10244268141436999379241890076903589      
   4.03340189232282730789329192987676981      
   3.96302264948221644609283417400285603      
   3.89129170618684164332327967792283584      
   3.81819572464053188731556994644139582      
   3.74372127717809655859578011769705601      
   3.66785484536931475671531456056789597      
   3.59058282115096620432149012484625625      
   3.51189150659898433471411061830702485      
   3.43176711445231057783554681802889347      
   3.35019576898970351458553773670267429      
   3.26716350641549051662689145751983193      
   3.18265627521286296860861673192121090      
   3.09665993629865931866201655774234403      
   3.00916026488919604625731548393491901      
   2.92014295004167745134219144095214332      
   2.82959359546268503474086840107771628      
   2.73749772031514878881711024141977295      
   2.64384075943089904596388276802433139      
   2.54860806450409585058222709991776255      
   2.45178490400811141555493869156603551      
   2.35335646414637113796222999786078514      
   2.25330784906710612922801557440527316      
   2.15162408180913140097001613147691750      
   2.04829010431157869928027870123614708      
   1.94329077814745945711345888171031262      
   1.83661088493676409813747650884780282      
   1.72823512697259706857268641500642749      
   1.61814812720102504738757743975942902      
   1.50633442992464898909665367944894892      
   1.39277850089439579871004790187399883      
   1.27746472836923544597115727242572219      
   1.16037742273145357178570266943496901      
   1.04150081680534024927163276991901168      
  0.920819066301286476349372150932754222      
  0.798316251640895721377334553330004566      
  0.673976374946166650397861967511637745      
  0.547783363285956757981139590124933431      
  0.419721066893428653162647130266746003      
  0.289773261879969122454656488423650880      
  0.157923646998646389063277714101908375      
   2.41558476166065329554818168941130118E-0002
 -0.111546587681157072591330735530738285      
 -0.249200183657472325683289298640486664      
 -0.388821541085616169609014263364434083      
 -0.530427333391735693478891289022875368      
 -0.674034310665620520126138181338938531      
 -0.819659294985067880169280830938624839      
 -0.967319183562791882244816284686406652      
  -1.11703094765579920280780020478244613      
  -1.26881163072799686376946748303265797      
  -1.42267835297834734645189125862020339      
  -1.57864830383135226328071447747392582      
  -1.73673874993022316615176668342058190      
  -1.89696702869454401656031966862018878      
  -2.05935055117719265629866608557509733      
  -2.22390680287412574448497670820885882      
  -2.39065333965955202585220691498889677      
  -2.55960779207691400948682424573802261      
  -2.73078786420912983170208917423767512      
  -2.90421132948192482641360598993895535      
  -3.07989603647728313032484281123351708      
  -3.25785990747425764625120627070565559      
  -3.43812093265041137125407776239526636      
  -3.62069717797725039562800490106415726      
  -3.80560678217243971895444563672401230      
  -3.99286795285391863435648290240436899      
  -4.18249897154962197623583315270826678      
