   6.46114229515578832787994501293249882      
   6.46114229515578832787994503858969363      
   6.46114229515578832787994507460013469      
   6.46114229515578832786445253264715027      
   6.46114229515578830736877830827186915      
   6.46114229515578543430523330540438526      
   6.46114229515567986084553771006657431      
   6.46114229515405411085426356387969938      
   6.46114229514024780706460359000152700      
   6.46114229506340386795102853403191148      
   6.46114229474944116454469082365475630      
   6.46114229373255762115405356987453621      
   6.46114229097773987430390676328313411      
   6.46114228449084290521461498991133401      
   6.46114227083410622850606081019173361      
   6.46114224455776934419384568606696823      
   6.46114219769051490554008232354744763      
   6.46114211915224511933510048896855834      
   6.46114199424398482923992010241002286      
   6.46114180423514977086648155137873611      
   6.46114152603598576693111792314551781      
   6.46114113198127790346221492252325047      
   6.46114058973776618220067013208647181      
   6.46113986234530972461270282588579371      
   6.46113890839859571188869199815251286      
   6.46113768237110252228303318695208774      
   6.46113613507583599567959062457644115      
   6.46113421424858504791029076063029160      
   6.46113186523020044587015250467205367      
   6.46112903170337324642329921136302539      
   6.46112565647676795723294867721983014      
   6.46112168229930729731954907268697482      
   6.46111705249999166710269350340796653      
   6.46111171163626874800132525184296877      
   6.46110560598437400087957421278954869      
   6.46109868388154784462252495892129977      
   6.46109089589222066582860234114971695      
   6.46108219485674105735630930540955657      
   6.46107253566037575827684675611325564      
   6.46106187508551574658600096618349772      
   6.46105017113139845457871205375395386      
   6.46103738253544314118933116391695167      
   6.46102346807836488270620990184468857      
   6.46100838583286885467942715475036089      
   6.46099209236175840521925070653204725      
   6.46097454187437663684128202144479380      
   6.46095568537934739584185341888341300      
   6.46093546997473136711982060608133018      
   6.46091383803954761523936717798378059      
   6.46089072642022859002174906158829039      
   6.46086606584670254441552899993136703      
   6.46083978032172323432506621442625441      
   6.46081178661852668149241364180397298      
   6.46078199382771817630164160832564049      
   6.46075030299843157737610049184828460      
   6.46071660689507800586342468173183361      
   6.46068078974869633786086982324209132      
   6.46064272719210444197823906444063743      
   6.46060228608212493688249948921335870      
   6.46055932453170652662246863508735175      
   6.46051369193628681512081487952273737      
   6.46046522909947679170952932767985266      
   6.46041376825445840037369404949655842      
   6.46035913336960010733156697111411020      
   6.46030114018015680891729018418400345      
   6.46023959640061603913829561948159338      
   6.46017430189089113559139420226172250      
   6.46010504892830888512104573916602865      
   6.46003162237241226423083993555236216      
   6.45995379974899217020348475370230045      
   6.45987135150185542593786233719227858      
   6.45978404113440034221046518693921942      
   6.45969162524406291549125626194437043      
   6.45959385364298636139976923035250315      
   6.45949046942533399286132133319362615      
   6.45938120891953524249818180930733163      
   6.45926580163946540819507046663758714      
   6.45914397026143653633663891933759974      
   6.45901543055389890486657137061538724      
   6.45887989105255728609706003807905715      
   6.45873705289138144499197177137372456      
   6.45858660949653612771384902819685180      
   6.45842824625895387072204477214980009      
   6.45826164013727450971694386578524691      
   6.45808645918388158874632415251314651      
   6.45790236196951536078471065802155286      
   6.45770899705032598226934389753586833      
   6.45750600219517319363472866158080456      
   6.45729300414186634801532615202930109      
   6.45706961711060338950073940299483269      
   6.45683544235966387354553947494036727      
   6.45659006677576112893790916454971999      
   6.45633306287426590675819988210157329      
   6.45606398650719713454776625756052984      
   6.45578237548010854221853991529813555      
   6.45548775071992119731012372190941826      
   6.45517961207981681940418990957039588      
   6.45485743839172468884725946449212135      
   6.45452068445505528953828683788529960      
   6.45416878207501442875868771217217781      
   6.45380113549627126344191737124313798      
   6.45341712064570247821486023775974599      
   6.45301608373512490400278314215105464      
   6.45259733815497260495460803058977921      
   6.45216016272566642771227241193920592      
   6.45170379873473311721810358184834561      
   6.45122744797485493714271427974389762      
   6.45073027013022837470121925955695333      
   6.45021137907737287627193183337059766      
   6.44966984012040031700538695219859192      
   6.44910466686910977074933016696098526      
   6.44851481800805941897083716282840969      
   6.44789919223317751037269742177452791      
   6.44725662589788785107198600454048331      
   6.44658588766616873019913958157639714      
   6.44588567376871943396328604474966292      
   6.44515460393754358404302796746718601      
   6.44439121560887201881019755967353973      
   6.44359395794910326740434847743825622      
   6.44276118656296764634178139249983572      
   6.44189115640292147370101544193026422      
   6.44098201481461464551591831492304046      
   6.44003179411321918650155397122501744      
   6.43903840379354483205986846940993765      
   6.43799962116469535016320482299128287      
   6.43691308214604750224942790555421000      
   6.43577627125582361803325046898806096      
   6.43458651044723318295870688653329164      
   6.43334094721008613720491368551191481      
   6.43203654153691946757986477998195239      
   6.43067005229217680446527446223806314      
   6.42923802180621804144691001488373553      
   6.42773675973861462053670042244854468      
   6.42616232493248724968203875435551863      
   6.42451050669523359401497658905266134      
   6.42277680351269047318403328177429985      
   6.42095640084705266051242282607104335      
   6.41904414663083522052471803926632162      
   6.41703452493536977753284559920933323      
   6.41492162773292197766685850167469119      
   6.41269912447062343774145441458066553      
   6.41036022959541225069876232304460232      
   6.40789766793117275592496920988259045      
   6.40530363825052526910093118528684285      
   6.40256977476517040938216647742034537      
   6.39968710772396184951633805770939169      
   6.39664602269488583194103559747646953      
   6.39343622003020710334452520705804488      
   6.39004667521027359597849072739557687      
   6.38646560155093027939585247760976732      
   6.38268041705059108313180882634165018      
   6.37867771758056592415920539152553628      
   6.37444325826475208292939727081927946      
   6.36996194768395729662136724809528546      
   6.36521785547396822968546634733459594      
   6.36019423824487381649911572150748019      
   6.35487358444528110830068430544355800      
   6.34923768273784596563141741100818695      
   6.34326771003436186432468689721170110      
   6.33694434136452615391201871174499708      
   6.33024787663643108857963322125369648      
   6.32315837866044389498121296598720887      
   6.31565581833495395351471333865132968      
   6.30772021567759136126388069876193684      
   6.29933177208882657456912578960709269      
   6.29047098784717174432174815297663269      
   6.28111875723958414596773469842884858      
   6.27125644148419565574332080526554894      
   6.26086591827944777662949858606855773      
   6.24992960702721982213208299610725819      
   6.23843047631759920924562027639718974      
   6.22635203378505230041767736218142187      
   6.21367830359575027980697343052052078      
   6.20039379543049271393845280543706146      
   6.18648346745696773526530918117781511      
   6.17193268568784563922326881863878915      
   6.15672718581922040673416448786932730      
   6.14085303013437778169382198604433961      
   6.12429657424633133457211424151745098      
   6.10704443061984608886072333404162357      
   6.08908343574860758962536967851303611      
   6.07040062309670648392745554477158989      
   6.05098319921547922643235173294551215      
   6.03081851944561097138427511863755720      
   6.00989407211878308166083523028336988      
   5.98819746009215390577393261841525436      
   5.96571638787203693486960525430021792      
   5.94243864949362856204587962360055276      
   5.91835211967355552889539949961195545      
   5.89344474459802310763193924447133908      
   5.86770453557659966030213550600083213      
   5.84111956316016647330129262134205296      
   5.81367795224067401868138122813682450      
   5.78536787742722147515647574610115596      
   5.75617755942085017003121319120967593      
   5.72609526157453368384605760487792733      
   5.69510928629194140810476704014200487      
   5.66320797171499134012401324207646461      
   5.63037968808742188186712763591748889      
   5.59661283392044335769913020377283919      
   5.56189583208823164058078866637359083      
   5.52621712491077848465631196083933411      
   5.48956517010891461804832586139726544      
   5.45192843508577500968783949844702537      
   5.41329539137560280608636029090616755      
   5.37365450904136016661948146163792918      
   5.33299425058350391561950627902779084      
   5.29130306443097344189077012573752174      
   5.24856937859365512258482531728488978      
   5.20478159439151213175531934164030867      
   5.15992807995037066891793095009185547      
   5.11399716401623365019396684229884566      
   5.06697712979786710591262549192591702      
   5.01885620959125860406195864031731755      
   4.96962257896755293525084742189801702      
   4.91926435209701120593706505296819099      
   4.86776957706277653641510963062698545      
   4.81512623170930231668956268973763019      
   4.76132221969422576337394296245400354      
   4.70634536787894693471282005385160664      
   4.65018342290891032464623354468344436      
   4.59282404929220081800737866020159516      
   4.53425482702790701828122144775052068      
   4.47446324996356012713362483155912953      
   4.41343672516656251932319092717579564      
   4.35116257108479627936740684533233154      
   4.28762801696168572841088264450776702      
   4.22282020357718239792954726513321445      
   4.15672618084999844149255044663242430      
   4.08933290977678065948466358350722356      
   4.02062726121297486285364678207585171      
   3.95059601662309068407780206534919633      
   3.87922586852303116801573464946211987      
   3.80650342006975038975434841694652326      
   3.73241518674395963729300573826907947      
   3.65694759554183699811071566671909741      
   3.58008698677814972763944546978473020      
   3.50181961369942555248611138557903880      
   3.42213164360448267046087188267210094      
   3.34100915831356347021207890685455203      
   3.25843815438997604595128936098713603      
   3.17440454484928931165186722167560041      
   3.08889415839164406445663542652011358      
   3.00189274102181328861227764520255554      
   2.91338595599582408793820763785928978      
   2.82335938468365942487640601923055943      
   2.73179852727584176849550819736936772      
   2.63868880245515848283133581238064400      
   2.54401554940643593471317226106479045      
   2.44776402634647785085678811979724819      
   2.34991941310305158833247035768510391      
   2.25046680957874283658556532931449017      
   2.14939123766994042166907689776319671      
   2.04667764070224725378351867554983891      
   1.94231088441915025612348326085098708      
   1.83627575685053396007864910977662221      
   1.72855696900782665074267229881846325      
   1.61913915501978792582408889962567894      
   1.50800687259528200602668811437613273      
   1.39514460305610615088890192556493315      
   1.28053675183375589932758003935313246      
   1.16416764864629709109411756056208855      
   1.04602154762692953279850768191100159      
  0.926082627745376469551530713117139779      
  0.804334993141606992807843196704839784      
  0.680762672680960051590540222458687995      
  0.555349621021963253151727983449772516      
  0.428079718202773376395773020094179415      
  0.298936769691198685483921657547219442      
  0.167904507693398698223000503448464728      
   3.49665893989928141614160768476828140E-0002
  -9.98934009714651770233883556102446140E-0002
 -0.236691953737573793909565527220523529      
 -0.375445631738606877921512306627521331      
 -0.516171072367495345222703933766671362      
 -0.658884984847657125988314870893994775      
 -0.803604153925688714981475007203286487      
 -0.950345434380060018199591020280712433      
  -1.09912575700822357204396923030105014      
  -1.24996212280740477746828279080851147      
  -1.40287160848460439733269787634481229      
  -1.55787136027189628898172560327077865      
  -1.71497859905955356476548377442957403      
  -1.87421061889255604539625428417040956      
  -2.03558478345968633453477776925371179      
  -2.19911853231683153374059482838279034      
  -2.36482937513784958250148470190946045      
  -2.53273489294549360007630044120614924      
  -2.70285274274464621043286539595881451      
  -2.87520065023763136979578344249099975      
  -3.04979641294303081252584361819194977      
  -3.22665790435749215339154962903654115      
  -3.40580306518460666627732896893903777      
  -3.58724991012002689262076774868371837      
  -3.77101652720359085792037044724335752      
  -3.95712107329351811999472238204182151      
  -4.14558177792572435286832861108568936      
  -4.33641694336817646689581260714440944      
  -4.52964494517349388845230195813700474      
  -4.72528422456029513308302833141164119      
