   6.46114229515578832787994501293249882      
   6.46114229515578832787994503858969363      
   6.46114229515578832787994507460013469      
   6.46114229515578832786445253264715027      
   6.46114229515578830736877830827186915      
   6.46114229515578543430523330540439297      
   6.46114229515567986084553771007160099      
   6.46114229515405411085426356448464399      
   6.46114229514024780706460361568005957      
   6.46114229506340386795102905835193057      
   6.46114229474944116454469709909885893      
   6.46114229373255762115410380814285695      
   6.46114229097773987430420154443496061      
   6.46114228449084290521596851693585994      
   6.46114227083410622851116404008789581      
   6.46114224455776934421022875186111314      
   6.46114219769051490558614053518779579      
   6.46114211915224511945105254099396540      
   6.46114199424398482950635175194274088      
   6.46114180423514989935493657160262107      
   6.46114152603598648858742002656017418      
   6.46114113198128000425585723980964671      
   6.46114058973777331429927210472807424      
   6.46113986234533169661332535985353338      
   6.46113890839865785648274944004381743      
   6.46113768237126548750178346760530204      
   6.46113613507623555590705275414028037      
   6.46113421424950757536826979116639328      
   6.46113186523221865843221186682479893      
   6.46112903170757921044522287037448902      
   6.46112565648515664318435081686857988      
   6.46112168231538473515476876755671737      
   6.46111705252970723190040589862295044      
   6.46111171168940147997454038097371134      
   6.46110560607653806584461214562731676      
   6.46109868403702205553449215910878226      
   6.46109089614785086816389900997100690      
   6.46108219526721200738769669838259702      
   6.46107253630519950386117586557155640      
   6.46106187607813643380708105239902939      
   6.46105017263086792903339571640116915      
   6.46103738476117673354516908774949244      
   6.46102347132854210049305914898697531      
   6.46100839050709820892728166160268901      
   6.46099209898867919871320909336958567      
   6.46097455114492278077127764125436270      
   6.46095569818644571186460061597663534      
   6.46093548746026086086688905129771217      
   6.46091386164817710061778945699947443      
   6.46089075796687430115865111935108361      
   6.46086610758892049528949056864768429      
   6.46083983504210696129108055069282852      
   6.46081185772506133922668121915206423      
   6.46078208546286673243035270029276058      
   6.46075042016335389447143017089974992      
   6.46071675558908467369912381968547262      
   6.46068097712504447844207702879615203      
   6.46064296173134155955657253148827873      
   6.46060257778408487010549352286232322      
   6.46055968512741799579434705206695732      
   6.46051413512098219296329797857723579      
   6.46046577078795039587095017131992435      
   6.46041442685999023628882857859382413      
   6.46035993010784529725228050021040304      
   6.46030209939909027271601073706947318      
   6.46024074593805433304809972146166266      
   6.46017567346071352507002649189530548      
   6.46010667853735801625936815120803972      
   6.46003355076837814285295139884374299      
   6.45995607290161365064676634246903769      
   6.45987402111905646471395006473637645      
   6.45978716521384459087312195773606197      
   6.45969526866271235421396070633846045      
   6.45959808878597069089199275043877953      
   6.45949537685558438746664478634491920      
   6.45938687809025874413160806701207821      
   6.45927233165071697624642112111860273      
   6.45915147066459080008509082774832337      
   6.45902402220339956860836274837112535      
   6.45888970700801548161872537090267229      
   6.45874823937315256583814992990072084      
   6.45859932689704333040458236492564128      
   6.45844267021105908286975151851709891      
   6.45827796264328988727087425090814816      
   6.45810488980768688798359052860889182      
   6.45792312909104895374633420993676643      
   6.45773234920726796794093501058878150      
   6.45753220947496292634877125238362635      
   6.45732235965631370709374601296601253      
   6.45710243855790946026574287378764565      
   6.45687207367347415825742967519321812      
   6.45663087985111723958425646792592767      
   6.45637845941402283231573884863103988      
   6.45611439987976456775714937028830651      
   6.45583827289313348228471984044939280      
   6.45554963523167582665949712665065735      
   6.45524802491305281440574675542353917      
   6.45493296132499210943104358550819482      
   6.45460394232277317774125426708778506      
   6.45426044546330310393762913996479676      
   6.45390192352962344588732061058973065      
   6.45352780399804120327329208095693040      
   6.45313748768966628116478459418779187      
   6.45273034601811162130088038131679176      
   6.45230571927205706061546515758826073      
   6.45186291398157129367872319968480999      
   6.45140120114876425459224659577631242      
   6.45091981373528181885500950668812572      
   6.45041794341133362778343377000634000      
   6.44989473787062452594218192461810641      
   6.44934929851427607986224684481364901      
   6.44878067648873638655876537423282017      
   6.44818786901129178937037637882444557      
   6.44756981695198057974666601803768397      
   6.44692539945730563243332461033497777      
   6.44625343061583024798777100548759801      
   6.44555265507769461825878654867571193      
   6.44482174266579448601936530030985481      
   6.44405928342283804487152035383443814      
   6.44326378260622977155948410489379298      
   6.44243365404057276667194885078878023      
   6.44156721448258396088206869476815819      
   6.44066267585079602917426083855996335      
   6.43971813898443359297098399026353072      
   6.43873158498183865907847769869251206      
   6.43770086664595450402228860379167814      
   6.43662369956497477617985189513933638      
   6.43549765186384874040383180942521061      
   6.43432013347215038419677418651882262      
   6.43308838440052991461656785123171312      
   6.43179946204136518869395369781061003      
   6.43045022732606483454370494949100550      
   6.42903732982574565110911968180548822      
   6.42755719142360752951808502183961857      
   6.42600598879537329240853027186574787      
   6.42437963367362779865291608896636062      
   6.42267375272615356238718986609772500      
   6.42088366434138237899170711673606584      
   6.41900435410493097866819972857163495      
   6.41703044791239595591239958810578473      
   6.41495618318650604933912715084703897      
   6.41277537740361215110485424469476765      
   6.41048139412540401107996807872296670      
   6.40806710705223804439736767606075980      
   6.40552486093268164098751902476820213      
   6.40284643066158506706351232760992957      
   6.40002297801605506358044764053092891      
   6.39704500687469412416655010308895430      
   6.39390231742902550172343603558797634      
   6.39058396071967071158436025331597036      
   6.38707819423681456326386278689945791      
   6.38337244134689293329962261207254791      
   6.37945325673952615087928217083413187      
   6.37530629905534523359210911500500924      
   6.37091631858140661079060318410362018      
   6.36626715834220858444140139927771485      
   6.36134177640658978050868011102581327      
   6.35612229090360537157268358397503650      
   6.35059005064705158252886475014641018      
   6.34472573265015012542664910249832598      
   6.33850946282403278765831219121884215      
   6.33192096079202511187894568936945787      
   6.32493969567145865540162312842730545      
   6.31754505008871079140946412339453357      
   6.30971648119114754517836058182708279      
   6.30143366820735867686102883336927215      
   6.29267664222616735960277425633251266      
   6.28342588917227442517215708300536433      
   6.27366242573731400936808780306345720      
   6.26336784894419179481970897308219311      
   6.25252435786425820418008943352685330      
   6.24111475381687400744132220814021040      
   6.22912242520372717243322568020784910      
   6.21653131583206695584566545941887463      
   6.20332588712206919584169219621472556      
   6.18949107314425073850233527662811031      
   6.17501223678937170876735187578676197      
   6.15987511994031559639759566455887268      
   6.14406580477379510840867748457593271      
   6.12757066734904998219682214684467072      
   6.11037634379210623382501772923889028      
   6.09246969446359640494934580733956028      
   6.07383777358987602922566416899842624      
   6.05446780367819414865093392437542229      
   6.03434715206389896337222763014051570      
   6.01346331260401294639797049337380678      
   5.99180388731805932561910729146467862      
   5.96935657266747813452361555782584636      
   5.94610914832872944698957385509655083      
   5.92204946708927314274061962293843174      
   5.89716544616487825329325990305709848      
   5.87144506155631123225259903590125849      
   5.84487634156032531485810787476733142      
   5.81744736272572027902676859985009052      
   5.78914624553810395493919855452928513      
   5.75996115147383814405566478829801800      
   5.72988027995339953667626797934742546      
   5.69889186549209523344665713386611542      
   5.66698417461903553257653602501009788      
   5.63414550376339380851198623230872429      
   5.60036417563343424256522027748930235      
   5.56562853581974735468071989093517163      
   5.52992694973930176321042645021873826      
   5.49324779805219949077022695989444920      
   5.45557947234507295227417209631967577      
   5.41691037084632745511417167819050639      
   5.37722889246632045529865027009055527      
   5.33652343185109234689524820062777844      
   5.29478237361343306297206192387561990      
   5.25199408583265493652911291843766355      
   5.20814691539206353421371856362958061      
   5.16322918019959648151682441483636286      
   5.11722916463596239348239918951985804      
   5.07013511252608812045612984423325314      
   5.02193522219684577804605427747573990      
   4.97261764111311613340588415849046714      
   4.92217045956082540749649173980797903      
   4.87058170763380144066359289394101229      
   4.81783934956872181840323272298600737      
   4.76393128015859572879266435423031204      
   4.70884532103113191484509122370999803      
   4.65256921763231563651582930194185123      
   4.59509063632560923536001682352087845      
   4.53639716236869469384757250662911390      
   4.47647629706380084837916277593935103      
   4.41531545715237246462525492619398945      
   4.35290197255856527636509043116844000      
   4.28922308547263566960391639395392797      
   4.22426595050269515675678791596943385      
   4.15801763258066390580887143648945386      
   4.09046510775745150194798365746992004      
   4.02159526254713700029232659127373169      
   3.95139489373887652418959824917974427      
   3.87985070927870023771208968837900188      
   3.80694932725969690549274228427145706      
   3.73267727763667492674457249457810784      
   3.65702100117619448757722594412732116      
   3.57996685129502422448690594333432408      
   3.50150109343017105481849677934566916      
   3.42160990618836161710718365421107860      
   3.34027938163556695704538260895055159      
   3.25749552599139698728933957645452837      
   3.17324426034677761026776031515318209      
   3.08751142071630387569809022112498039      
   3.00028275926963109910924568801318389      
   2.91154394441440393391023596605886497      
   2.82128056177261172056269739643285567      
   2.72947811438654161979769341630111245      
   2.63612202308400747688355994012563479      
   2.54119762781892337872267517209725134      
   2.44469018729988739809153218242510373      
   2.34658488001068684386649425781478300      
   2.24686680416091543673699026608048293      
   2.14552097887621783710343341229463264      
   2.04253234377250328437497087406017390      
   1.93788576009981247998587375038207023      
   1.83156601063596801956469710013622301      
   1.72355780027804986884800674834800993      
   1.61384575630370523377680928871671928      
   1.50241442882370697389092259995503057      
   1.38924829092043791529609981784528944      
   1.27433173900297188505569663928188524      
   1.15764909321285246777029398734425909      
   1.03918459762371247771638110776539485      
  0.918922420281576134480400683104725877      
  0.796846653944727432260500267931139720      
  0.672941315835266541260725856468879731      
  0.547190347944475819382823897362340554      
  0.419577617654399359375560488103406484      
  0.290086916959999103298798797374944241      
  0.158701964116422011907219236045922917      
   2.54064024261649674031195436870120107E-0002
 -0.109816199028042847924823856289762965      
 -0.246982345009872689032999381133811335      
 -0.386108614088837055191892275956737048      
 -0.527211659616998822261316723130631677      
 -0.670308206542254569033854138217201015      
 -0.815415056174998547477507275864946183      
 -0.962549079969027686385305419424993398      
  -1.11172722591779531443326751663283436      
  -1.26296651207079269765522950708571252      
  -1.41628403270982228260303439833023706      
  -1.57169695218891847917158459408303404      
  -1.72922250944426403236243349828320998      
  -1.88887801618184638659247525603283252      
  -2.05068085531877692164556991268131458      
  -2.21464848514498850214791642622162152      
  -2.38079843356797596019737161879423141      
  -2.54914830135936128416633283094540779      
  -2.71971576466505113099141507470237059      
  -2.89251856860079480696511437319840620      
  -3.06757453045631195214495463592455278      
  -3.24490154308817364504675648212514123      
  -3.42451756779095449625880772180853847      
  -3.60644063890453793797938628108777801      
  -3.79068886479222294815009818543326109      
  -3.97728042275577562503522654325645913      
  -4.16623356253939834532716850401214705      
  -4.35756660735933525667725971091816710      
  -4.55129795319606467099933485186853636      
