 0.42941814937961E-09
 0.42941814937824E-09
 0.42941814937447E-09
 0.42941894706718E-09
 0.43049635161172E-09
 0.48081041579682E-09
 0.46490196123342E-09
 0.12744042831364E-09
 0.24594953774580E-09
 0.43053352722650E-09
 0.46712779168556E-09
 0.42062735424937E-09
 0.37332143358486E-09
 0.53545700005429E-09
 0.34434057507983E-09
 0.32735570035293E-09
 0.30709545658889E-09
 0.54970191136012E-09
 0.38087227388309E-09
 0.44933424413090E-09
 0.32481787301632E-09
 0.46413749333377E-09
 0.46192577019854E-09
 0.41494254694184E-09
 0.35102588525538E-09
 0.36240959706525E-09
 0.24183575445163E-09
 0.45054963737786E-09
 0.47681648319297E-09
 0.38846464539098E-09
 0.53880340374238E-09
 0.80969958066151E-09
 0.87792527405605E-09
 0.15081292514523E-08
 0.22369251574672E-08
 0.29815780652695E-08
 0.46693819736766E-08
 0.65488003208412E-08
 0.96078650838341E-08
 0.13625289459710E-07
 0.19282811496237E-07
 0.26806598313067E-07
 0.36849426840599E-07
 0.50131493243024E-07
 0.67341704325698E-07
 0.89128811850504E-07
 0.11726940347188E-06
 0.15255538933496E-06
 0.19632095066030E-06
 0.25066804784380E-06
 0.31771242914407E-06
 0.39940294046305E-06
 0.49841577276939E-06
 0.67664330529533E-06
 0.65413421461098E-06
 0.10478933722696E-05
 0.11351077754319E-05
 0.13747231350224E-05
 0.16565503327417E-05
 0.19870661221689E-05
 0.23728306354556E-05
 0.28214085010252E-05
 0.33412136518024E-05
 0.39413032393615E-05
 0.46324547979646E-05
 0.54256777832353E-05
 0.63333064137065E-05
 0.73696873998790E-05
 0.85489877725930E-05
 0.98882110477874E-05
 0.11404744259121E-04
 0.13118442211984E-04
 0.15050175628384E-04
 0.17222797807464E-04
 0.19661464440366E-04
 0.22392937169641E-04
 0.25446009874840E-04
 0.28852210889110E-04
 0.32644870899847E-04
 0.36860402033476E-04
 0.41537660741582E-04
 0.46718227081404E-04
 0.52446841023727E-04
 0.58770955881539E-04
 0.65741813002127E-04
 0.73413532191016E-04
 0.81844272537806E-04
 0.91035647017467E-04
 0.10113670495354E-03
 0.11238185615349E-03
 0.12455562784675E-03
 0.13769544119272E-03
 0.15212678731178E-03
 0.16784265573628E-03
 0.18493775470875E-03
 0.20351076815378E-03
 0.22366863661745E-03
 0.24552434205309E-03
 0.26919600877466E-03
 0.29480821334635E-03
 0.32250172220018E-03
 0.35241067982075E-03
 0.38468356821713E-03
 0.41948771940905E-03
 0.45698114142555E-03
 0.49734373840729E-03
 0.54410363986830E-03
 0.58361862851370E-03
 0.64140679353819E-03
 0.68860036127934E-03
 0.75076994423702E-03
 0.81101720335984E-03
 0.88147842132230E-03
 0.94842280144272E-03
 0.10195780615180E-02
 0.11027543981843E-02
 0.11957672350364E-02
 0.12855036386310E-02
 0.13859633599759E-02
 0.14986818678408E-02
 0.15964254223160E-02
 0.17442054449899E-02
 0.18570170235238E-02
 0.19881971276606E-02
 0.21354188453556E-02
 0.22913543064825E-02
 0.24566860841920E-02
 0.26322972761005E-02
 0.28191464793132E-02
 0.30182066017460E-02
 0.32317661904856E-02
 0.34528756174442E-02
 0.36965377800946E-02
 0.39450496917081E-02
 0.41986016051348E-02
 0.45012858869195E-02
 0.47935210537307E-02
 0.51304040797902E-02
 0.54466736755366E-02
 0.58119084620590E-02
 0.61846122385243E-02
 0.65737931725352E-02
 0.69857999993407E-02
 0.74188605585072E-02
 0.78684649161354E-02
 0.83393279957594E-02
 0.88124329526482E-02
 0.93180125630994E-02
 0.98073359111336E-02
 0.10316439505982E-01
 0.10821561725128E-01
 0.11334299451605E-01
 0.11777029562823E-01
 0.12281349759169E-01
 0.12606013207055E-01
 0.13008944747121E-01
 0.13305036362882E-01
 0.13516645070753E-01
 0.13691381115110E-01
 0.13761833693600E-01
 0.13785887411703E-01
 0.13780999404340E-01
 0.13760103165058E-01
 0.13770915438426E-01
 0.13714299013725E-01
 0.13695607422426E-01
 0.13760051119990E-01
 0.13788635811301E-01
 0.13898234066931E-01
 0.14045891736746E-01
 0.14194183231392E-01
 0.14390635592423E-01
 0.14666228827256E-01
 0.14892141801510E-01
 0.15126740011177E-01
 0.15447062436160E-01
 0.15679054110146E-01
 0.15995096597252E-01
 0.16132139000189E-01
 0.16538780821726E-01
 0.16849143448001E-01
 0.16988707778535E-01
 0.17188457507345E-01
 0.17541054106070E-01
 0.17856777170692E-01
 0.18065531824360E-01
 0.18248856829749E-01
 0.18398465706092E-01
 0.18564660649297E-01
 0.18704545540846E-01
 0.18785360152635E-01
 0.18867805755862E-01
 0.18889629879219E-01
 0.18864515618344E-01
 0.18809001878165E-01
 0.18700769102879E-01
 0.18554073860980E-01
 0.18338467015930E-01
 0.18096784682624E-01
 0.17893016603513E-01
 0.17418453380204E-01
 0.17068330294862E-01
 0.16554266771634E-01
 0.16093889982417E-01
 0.15648978607954E-01
 0.15176324375907E-01
 0.14675767485545E-01
 0.14128512253474E-01
 0.13624137878312E-01
 0.13064589127359E-01
 0.12545739005578E-01
 0.12005031025790E-01
 0.11526351680692E-01
 0.11098628133162E-01
 0.10636641482743E-01
 0.10276174621919E-01
 0.99717024392211E-02
 0.96613212748516E-02
 0.93976545565653E-02
 0.91604154777055E-02
 0.90084295608021E-02
 0.88527266494138E-02
 0.86939512629736E-02
 0.85424482291239E-02
 0.84462499690761E-02
 0.83731429048238E-02
 0.82918194960643E-02
 0.82364397314879E-02
 0.82179555815100E-02
 0.82133213785214E-02
 0.82294050622562E-02
 0.82309102975389E-02
 0.81994699102105E-02
 0.82280660110140E-02
 0.82459633269637E-02
 0.82892151367330E-02
 0.83137176316374E-02
 0.83521536827508E-02
 0.83641072067125E-02
 0.83669421008667E-02
 0.83919322145243E-02
 0.84773523330839E-02
 0.84944454610940E-02
 0.85465513546790E-02
 0.85654883592573E-02
 0.86000146124082E-02
 0.86282760178444E-02
 0.86415019600284E-02
 0.86673729410512E-02
 0.87093874659265E-02
 0.87386320848110E-02
 0.87588965109140E-02
 0.87566021564169E-02
 0.87872984460289E-02
 0.87843859090831E-02
 0.87979578312851E-02
 0.88075977272572E-02
 0.88124302853162E-02
 0.88297747085544E-02
 0.88248878613320E-02
 0.88221859821670E-02
 0.88154117022321E-02
 0.88283228001305E-02
 0.88023711661092E-02
 0.88191783100001E-02
 0.87705252329602E-02
 0.87626867345289E-02
 0.87683623979528E-02
 0.87059867334439E-02
 0.86955522526983E-02
 0.87060908867839E-02
 0.86556226957457E-02
 0.86424121739591E-02
 0.86250513356532E-02
 0.86115432657534E-02
 0.85732714072866E-02
 0.85546754046552E-02
 0.85223506896202E-02
 0.84909535099662E-02
 0.84750135446070E-02
 0.84270604757686E-02
 0.84384041842959E-02
 0.84066262577351E-02
 0.83853989832498E-02
 0.83303489475480E-02
 0.82515802318343E-02
 0.83145427962571E-02
 0.81913338123949E-02
 0.82333938195052E-02
 0.82035671969213E-02
 0.81232906798283E-02
 0.81354007123015E-02
 0.81155253226390E-02
 0.80020636452212E-02
 0.80552585797318E-02
 0.80361322639033E-02
 0.78852494410585E-02
 0.79045699962995E-02
 0.79521032873272E-02
 0.77798388300237E-02
