 0.87750226278292E-10
 0.17550045255586E-09
 0.26325067883079E-09
 0.35100174957257E-09
 0.44017790869643E-09
 0.46818482667481E-09
 0.67256538116336E-09
 0.84413233563735E-09
 0.87071230111512E-09
 0.91792973622080E-09
 0.14397238792015E-08
 0.10664099800743E-08
 0.12250551616640E-08
 0.13561134945087E-08
 0.14986747346593E-08
 0.16863349837598E-08
 0.16887064651105E-08
 0.18544005421692E-08
 0.18623888971728E-08
 0.20018504223178E-08
 0.26907270252627E-08
 0.10678135356695E-08
 0.34376152696167E-08
 0.22013750398479E-08
 0.36237272214258E-08
 0.35801339113769E-08
 0.30541028447969E-08
 0.28990026156033E-08
 0.28275819070376E-08
 0.17158755649929E-08
 0.43682898493963E-08
 0.34868801665979E-08
 0.37088087278674E-08
 0.50122597525304E-08
 0.42521605473694E-08
 0.47055327891303E-08
 0.65448872175735E-08
 0.60894227586582E-08
 0.84719435095177E-08
 0.76898345499001E-08
 0.11099739871986E-07
 0.13808871709350E-07
 0.18706100776582E-07
 0.22660033612550E-07
 0.29683160696496E-07
 0.37468576098349E-07
 0.51549525864932E-07
 0.65063777386769E-07
 0.82694531296678E-07
 0.10806929883039E-06
 0.13933347685650E-06
 0.17692754646776E-06
 0.22256982054865E-06
 0.14090190140302E-05
 0.84106295930890E-06
-0.16344519140277E-05
 0.54391535164892E-06
 0.66892444976633E-06
 0.82237834654724E-06
 0.10071203727388E-05
 0.12234447993295E-05
 0.14811238168164E-05
 0.17863901265215E-05
 0.21478902328925E-05
 0.25711992638565E-05
 0.30640489571713E-05
 0.36413652183335E-05
 0.43045394505394E-05
 0.50808175532686E-05
 0.59660543121817E-05
 0.69951196561593E-05
 0.81690169255311E-05
 0.95059618214071E-05
 0.11037271350465E-04
 0.12774561998135E-04
 0.14745319892263E-04
 0.16970074226556E-04
 0.19483476749481E-04
 0.22313836401293E-04
 0.25488768274339E-04
 0.29044706355406E-04
 0.33022363402330E-04
 0.37457597803773E-04
 0.42403748277971E-04
 0.47894568009651E-04
 0.53984855878802E-04
 0.60733984262208E-04
 0.66775776831583E-04
 0.74489166317476E-04
 0.88450494931534E-04
 0.92636603059017E-04
 0.10640240598483E-03
 0.11840929418960E-03
 0.13156503268376E-03
 0.14594318854485E-03
 0.16165140497508E-03
 0.17878404478438E-03
 0.19744494403807E-03
 0.21775268114690E-03
 0.23981994970446E-03
 0.26378371943981E-03
 0.28977032496077E-03
 0.31747745229506E-03
 0.34838441405543E-03
 0.38132520596304E-03
 0.41690672558932E-03
 0.51283848965841E-03
 0.53074569134550E-03
 0.41094106180990E-03
 0.74475992119726E-03
 0.61658283508411E-03
 0.69640146689971E-03
 0.77758880664015E-03
 0.82155060592144E-03
 0.74271769575800E-03
 0.75385287371988E-03
 0.10978123735935E-02
 0.11251185750811E-02
 0.12085226043454E-02
 0.12590933289595E-02
 0.13228889935743E-02
 0.12510291293693E-02
 0.15850136986935E-02
 0.16997201543932E-02
 0.19409997526839E-02
 0.20919604171265E-02
 0.21978161402735E-02
 0.23430694435258E-02
 0.24565460458754E-02
 0.27521419259449E-02
 0.28227881694695E-02
 0.31492835829479E-02
 0.31920653798386E-02
 0.35641786093746E-02
 0.31901338536255E-02
 0.48286607438199E-02
 0.35423178320525E-02
 0.47933302088361E-02
 0.50786915000880E-02
 0.52345904985023E-02
 0.54422065117447E-02
 0.57746265694944E-02
 0.60449342715842E-02
 0.62162307015576E-02
 0.68559906240254E-02
 0.72706584081162E-02
 0.77057864452667E-02
 0.75172476553447E-02
 0.82602179212430E-02
 0.83017200590483E-02
 0.84589523298165E-02
 0.10080698079909E-01
 0.86916404080504E-02
 0.97545851357532E-02
 0.94385523261628E-02
 0.90695900003386E-02
 0.74460615267178E-02
 0.81781505227008E-02
 0.74691847512232E-02
 0.71828934336631E-02
 0.67698929260832E-02
 0.66680910236074E-02
 0.64151383510915E-02
 0.83911626833952E-02
 0.65394464716331E-02
 0.68232464488370E-02
 0.78800498623609E-02
 0.80880185819147E-02
 0.95435638184595E-02
 0.89683872209395E-02
 0.91605334154811E-02
 0.78695982074943E-02
 0.89747390529843E-02
 0.10144741383750E-01
 0.11002433263596E-01
 0.78956579567106E-02
 0.72853548197529E-02
 0.12929828094567E-01
 0.66195784664417E-02
 0.15645215920840E-01
 0.65823897815832E-02
 0.10920412778480E-01
 0.14009816183631E-01
 0.13251193531539E-01
 0.12053299066215E-01
 0.11224753318709E-01
 0.11974667917787E-01
 0.12875994009299E-01
 0.13246584687495E-01
 0.11377058024444E-01
 0.12196238341946E-01
 0.11327455716144E-01
 0.10559892784905E-01
 0.11479560961355E-01
 0.10750808708771E-01
 0.98141340569176E-02
 0.89116736820209E-02
 0.70096854173878E-02
 0.61682720965982E-02
 0.12382225089799E-02
 0.31216454393790E-02
 0.14436304852600E-02
-0.22282548324845E-02
-0.17593809918605E-02
-0.52820844090121E-03
 0.24318254967285E-02
-0.92516465979987E-03
 0.39970771380928E-03
-0.27363054485841E-02
-0.38829630683156E-02
-0.36004464511419E-02
-0.55030273632605E-02
-0.49167311919150E-02
-0.63521600246751E-02
-0.58722194172505E-02
-0.82872662514061E-02
-0.54821012913299E-02
-0.52354903328106E-02
-0.34175574253437E-02
-0.11630539281191E-02
-0.32190434872881E-02
-0.19626528848503E-02
-0.87326828683230E-03
 0.13525514708786E-02
 0.22019484315839E-02
 0.29239809856939E-02
 0.43431130937608E-02
 0.56363775982691E-02
 0.36714882411930E-02
 0.66412208155376E-02
 0.68019525398032E-02
 0.65166096020496E-02
 0.55743493044401E-02
 0.59117445828648E-02
 0.74345458359485E-02
 0.65109346593707E-02
 0.72920759252842E-02
 0.38171593910553E-02
 0.62221993836867E-02
 0.59590500737245E-02
 0.45005308271430E-02
 0.51785593976535E-02
 0.39906707054106E-02
 0.43178013485225E-02
 0.68032810851445E-02
 0.49096422869697E-02
 0.42014460348417E-02
 0.41460610123157E-02
 0.45139908665097E-02
 0.51095911404813E-02
 0.53042842711945E-02
 0.43781327792241E-02
 0.37579637415301E-02
 0.25904566452331E-02
 0.16611592685877E-02
 0.10497043821289E-02
 0.21453550160919E-02
 0.15835693411150E-02
 0.73826133083989E-03
 0.52198858035651E-04
 0.37144393734319E-04
-0.10150962107828E-02
-0.98114214313009E-03
-0.25750003214380E-02
-0.80683422433083E-03
-0.29302759627079E-02
-0.27321248777759E-03
-0.18716518891790E-02
-0.53908732901606E-03
-0.30403613294895E-02
-0.35357164940367E-02
-0.89457004524304E-03
-0.14944957258807E-02
-0.18379225306391E-02
-0.22578196393291E-02
-0.30346241474879E-02
-0.32200559415805E-02
-0.19213788197273E-02
-0.22404167857334E-02
-0.37542073433831E-02
-0.36781129103883E-02
-0.28160695546207E-02
-0.20881957600144E-02
-0.41853274899308E-02
-0.50653513863248E-02
-0.13990371486801E-02
-0.30273840485803E-02
-0.36011634624277E-02
-0.17214169163403E-02
-0.37509810615938E-02
-0.41071431989574E-02
-0.60737365706238E-03
-0.26125817119057E-02
-0.53212854564782E-02
-0.33886512259209E-02
-0.36374388566016E-02
-0.44127838289439E-02
-0.29952355477331E-02
-0.37689015658447E-02
-0.64728702240170E-02
