   6.46114229515578832787994501293249882      
   6.46114229515578832787994503858969363      
   6.46114229515578832787994507460013469      
   6.46114229515578832786445253264715027      
   6.46114229515578830736877830826947330      
   6.46114229515578543430523330377900747      
   6.46114229515567986084553752854424273      
   6.46114229515405411085425704243177016      
   6.46114229514024780706449413573985206      
   6.46114229506340386794995410983466899      
   6.46114229474944116453757087724380399      
   6.46114229373255762111899429184200478      
   6.46114229097773987416675248832450267      
   6.46114228449084290476655365138355517      
   6.46114227083410622838327290983668854      
   6.46114224455776934289583279461066412      
   6.46114219769051489485351394587800275      
   6.46114211915224504985119314937106597      
   6.46114199424398445659617212967743454      
   6.46114180423514835988324447980658113      
   6.46114152603598028081873808804259850      
   6.46114113198125895114523385423941741      
   6.46114058973770708032191047490225515      
   6.46113986234514114472294952564892861      
   6.46113890839815102238038451304759332      
   6.46113768237000764475880768439665524      
   6.46113613507330021703134628421205491      
   6.46113421424302401384792322872060612      
   6.46113186521858773740005195392073911      
   6.46112903168017016631182618974693855      
   6.46112565643222696141480972529826765      
   6.46112168221686485886083165513950824      
   6.46111705235239349220886343001077492      
   6.46111171137996832450222330933056063      
   6.46110560555164286948533942218657527      
   6.46109868316960969821150265056871064      
   6.46109089475138132347253388847317068      
   6.46108219306398067805120674748839025      
   6.46107253290069477618522312839873373      
   6.46106187091811733715963802052394200      
   6.46105016494957008608433138808754500      
   6.46103737351679973446326885413959964      
   6.46102345512384680499063129865484276      
   6.46100836749279727730897318836935453      
   6.46099206674706247954596807148189316      
   6.46097450655087405448265810545366654      
   6.46095563724335206278176343667759644      
   6.46093540510658735606567818551186378      
   6.46091375153237242413625943951011043      
   6.46089061218628647796503566266635556      
   6.46086591638749956768667314223832287      
   6.46083958646895313522197688063005588      
   6.46081153723738949653946959833116009      
   6.46078167547973418099216351106274633      
   6.46074989955967115289487501400473724      
   6.46071609912438427177831026505437514      
   6.46068015480398591069258536891688342      
   6.46064193808372582499287315830197766      
   6.46060131106586763194959995574981127      
   6.46055812642846129244619240624240075      
   6.46051222737536111665469612967533496      
   6.46046344767764944873435160150514960      
   6.46041161160705733523190359521773008      
   6.46035653413580496503072598131427321      
   6.46029802087190529364291207241413872      
   6.46023586815004445388485072050393834      
   6.46016986308461791630063559838067883      
   6.46009978367611840923079314463704736      
   6.46002539887860752007860332372690515      
   6.45994646851271603161128737402059531      
   6.45986274332736774490344108784447003      
   6.45977396500970179766349715404934196      
   6.45967986600828342115954118006068243      
   6.45958016945208384307927590797545391      
   6.45947458901789007317475443626114274      
   6.45936282864869997727714346932083446      
   6.45924458228954116724869377944316448      
   6.45911953353023860171279870123135875      
   6.45898735533694171600724696521763915      
   6.45884770944746549082779959549046542      
   6.45870024586222046873413285754312010      
   6.45854460221022473998780081172967680      
   6.45838040308262269005080600155899501      
   6.45820725927358535086284040170102799      
   6.45802476692625143403751006098882985      
   6.45783250658220505247748546217135101      
   6.45763004212019173107929778262722467      
   6.45741691944095878905249240021406613      
   6.45719266594996378683044444175299932      
   6.45695678849862402408874378955067797      
   6.45670877237418074888824393850490233      
   6.45644807967367118683318682183384542      
   6.45617414750834230814611697049010232      
   6.45588638583627086434019365799427225      
   6.45558417552421008567228656706394980      
   6.45526686973357109156645593540401200      
   6.45493378655592700301109033978461710      
   6.45458420932893106657151125562133160      
   6.45421738428152205962284454096122296      
   6.45383251761311292239417563008940041      
   6.45342877252793805938656665016252242      
   6.45300526667551009028415354602255207      
   6.45256106849121938261962551106349878      
   6.45209519432423368434999829878563729      
   6.45160660508459908038562213044432119      
   6.45109420181795671163917307513255550      
   6.45055682185219905726818995487101895      
   6.44999323498224860833074084093678564      
   6.44940213869564228555028723456987338      
   6.44878215346331966223562423740579646      
   6.44813181724939973215973071181654353      
   6.44744958053546178674256410759744785      
   6.44673380038314500316733087128272249      
   6.44598273410057694292257019960747171      
   6.44519453314683472824262046721803989      
   6.44436723538471813785695572341327408      
   6.44349875872496404290730084294211200      
   6.44258689195396381675439740257809156      
   6.44162928742402021017511629055143897      
   6.44062345133872329131411866576627284      
   6.43956673452524955275148323912169931      
   6.43845632211952165364336519631751595      
   6.43728922259850098740991738753396172      
   6.43606225618389207264145062858762869      
   6.43477204251188073603554237956292223      
   6.43341498746762273237746720238298991      
   6.43198726888368809399686478911312213      
   6.43048482201867847089198312264321046      
   6.42890332319987413252167143969011703      
   6.42723817317758420708485449881994216      
   6.42548447914541419140441643857453330      
   6.42363703581652083425840949514956240      
   6.42169030551599167226168431586486298      
   6.41963839682037343054857089936912289      
   6.41747504331794504564794543835179294      
   6.41519358017473358510244537902065946      
   6.41278692113437051818012355083115412      
   6.41024753339080030678890658484833774      
   6.40756741471170422792091570459150077      
   6.40473806843989974773339388518874006      
   6.40175048001527323081785705524542161      
   6.39859509497409993554928060076162345      
   6.39526179859827343457571349370850418      
   6.39173989865436014624517709988981688      
   6.38801811217865810055696286054600935      
   6.38408455676474990067551049851960019      
   6.37992674960586873539403475454471421      
   6.37553161288084789898245596674155673      
   6.37088548796096014428691267386428684      
   6.36597415982588660904121065671984049      
   6.36078289104695907071561918258962294      
   6.35529646657858397640413551251817639      
   6.34949924734326653971384033169757754      
   6.34337523380043945750103528089651324      
   6.33690813551505191767192086115135553      
   6.33008144529718351871312960236917092      
   6.32287851577671538441300190850820526      
   6.31528263460683984740847739510244943      
   6.30727709862083691087896951383539826      
   6.29884527839609482467684377372843612      
   6.28997067570552517396021783811316078      
   6.28063697870736634676002141936246438      
   6.27082809689678732650439916222939819      
   6.26052819385593269126570692606195048      
   6.24972170973392010334133588665804584      
   6.23839336583855350392568379115217564      
   6.22652818491609693819287310168958035      
   6.21411147653666476779952763093026460      
   6.20112883863404721703972680524606759      
   6.18756614589951302299972172255399592      
   6.17340953761449970434981933876341833      
   6.15864540539288607511255980356541158      
   6.14326037754485848438348456302842949      
   6.12724130438837787594694507185408500      
   6.11057524328893041016226093074672932      
   6.09324944541682020949212991522124875      
   6.07525134130335245186205645789028634      
   6.05656852856605449498786053500713742      
   6.03718876053358133677065472605670103      
   6.01709993431635728244296694136562437      
   5.99629008195801291986566561332231624      
   5.97474735980379473200758608816117998      
   5.95246004047581638494287067735274563      
   5.92941650384713363201371406429544650      
   5.90560522910636171549744007710330347      
   5.88101478657921616817530428530536080      
   5.85563383077581117777544347368294415      
   5.82945109071116618046748217966366707      
   5.80245536375300778892210477451840611      
   5.77463550638447725780807134113387037      
   5.74598042576551239271997121699989378      
   5.71647907239372006644203080952704156      
   5.68612043055576076081552404907717144      
   5.65489350989053485866684333584348377      
   5.62278733628992812513176227396498755      
   5.58979094491840744730347860954620452      
   5.55589336926447209445617190984660297      
   5.52108363435554729921016569271769019      
   5.48535074819693413923126726200576779      
   5.44868369411099546686685547238130189      
   5.41107142318994901736771743883547428      
   5.37250284737252608010862022786141437      
   5.33296683347007392357546010761355551      
   5.29245219654528354843226721870144822      
   5.25094769506009953080354673669692546      
   5.20844202535942319455932328076805243      
   5.16492381785513812678113581062379530      
   5.12038163375090791160128580390270050      
   5.07480396041273562730483875208713181      
   5.02817920940803852249721276055159060      
   4.98049571371345990037716196196472816      
   4.93174172602160326650425616847589031      
   4.88190541699703369009999761848729466      
   4.83097487344939816260151434354498963      
   4.77893809835153065162910214789117588      
   4.72578300950900584677917387529909396      
   4.67149743860358504593477856823996805      
   4.61606913187663460355760186621929188      
   4.55948574955093490151556284078111178      
   4.50173486482058753187554484496448049      
   4.44280396655048434297732483286532628      
   4.38268045610042459260114525246659997      
   4.32135165111875861206491643918344126      
   4.25880478337081863894526943132054406      
   4.19502699996824591802176071344856859      
   4.13000536461836455152775858038217863      
   4.06372685669527262953421506101244256      
   3.99617837330979397235453402032751087      
   3.92734672810322725491129824160531896      
   3.85721865385003307989621285352673904      
   3.78578080064598230976114988509530040      
   3.71301973900662947699056410652745775      
   3.63892195761876023652629119273096474      
   3.56347386638020845464327227111670503      
   3.48666179523951106287468273207580304      
   3.40847199529701049597237252261731875      
   3.32889063911137191271326988822415914      
   3.24790382114051132758482383632850547      
   3.16549755865695942957322983539328250      
   3.08165779059326294475965813778430304      
   2.99637038048874443224316582361928730      
   2.90962111380161474710445210831970312      
   2.82139570101540952025820111292506460      
   2.73167977600870778332839878296693047      
   2.64045889792464918285913764773995335      
   2.54771854933495344360968481918628036      
   2.45344413918961460655869511702723085      
   2.35762100048398894450160712379712853      
   2.26023439280759053029263926747910997      
   2.16126950027403744871745626579233677      
   2.06071143392269969395725692496304373      
   1.95854523016772535970260772434727598      
   1.85475585216820810094964195891661728      
   1.74932818929704750450265091957689122      
   1.64224705752332765325685478595711076      
   1.53349719985022749438765066180416410      
   1.42306328585423357050723294672497937      
   1.31092991238550015168942108427746656      
   1.19708160279213016461072745475698821      
   1.08150280879029679371160150246549887      
  0.964177908389943572359599152428967719      
  0.845091207593484132000469275847186870      
  0.724226940047951959826367015859456429      
  0.601569266758796048940309218443169950      
  0.477102276595116128718107288126823328      
  0.350809986172622473503796097570854697      
  0.222676340177556357017843564694370619      
   9.26852111411452404806991462344209395E-0002
  -3.91796014791112647835167022588582601E-0002
 -0.172934367843457509371636298465966600      
 -0.308595432156987566020434234883750397      
 -0.446179209306537972500904815531492972      
 -0.585702185995443135827454047570404811      
 -0.727180922254707620473782971530094959      
 -0.870632047362165339696717647596302897      
  -1.01607226343240437636127440532593282      
  -1.16351834552614565836240988409513572      
  -1.31298713777340269163152868507087148      
  -1.46449555708794669915803035464114324      
  -1.61806059184467012780645523443395986      
  -1.77369930319001876748940847991245883      
  -1.93142882080148353795097747232348731      
  -2.09126634826737686994020041294472917      
  -2.25322915969887173504074066485973543      
  -2.41733460006549640799950718075054342      
  -2.58360008597430192967716393542072205      
  -2.75204310758334198268716978123317988      
  -2.92268122203193245442516725510995141      
  -3.09553205968454267243041919583498954      
  -3.27061332465357874066952589756334011      
  -3.44794278868471453805661196846518830      
  -3.62753829488795961492474930576284285      
  -3.80941775928461779628809257191302740      
  -3.99359916944969642086889152328542517      
  -4.18010058102809524580697461595514033      
  -4.36894012551472286058981381540661619      
  -4.56013599855974595367744625615698788      
  -4.75370647185798124003476310959538061      
  -4.94966988866668852976414898276925469      
  -5.14804466020363626606735085388039660      
