   6.46114229515578832787994501293249882      
   6.46114229515578832787994503858969363      
   6.46114229515578832787994507460013469      
   6.46114229515578832786445253264715104      
   6.46114229515578830736877830827181446      
   6.46114229515578543430523330533277148      
   6.46114229515567986084553769757873824      
   6.46114229515405411085426293747698848      
   6.46114229514024780706458996977834970      
   6.46114229506340386795086420560419813      
   6.46114229474944116454340287429360767      
   6.46114229373255762114676709093413989      
   6.46114229097773987427189124836135049      
   6.46114228449084290509946035520508160      
   6.46114227083410622815328431250333712      
   6.46114224455776934417979496013335920      
   6.46114219769051490517246296311291929      
   6.46114211915224511595692922296431003      
   6.46114199424398480709155804119135437      
   6.46114180423514994248116155257302062      
   6.46114152603598650935979182375209537      
   6.46114113198128072784205691107610279      
   6.46114058973777578803080266061911337      
   6.46113986234533933679853792180253457      
   6.46113890839867941736740770673729029      
   6.46113768237132162224041104356510046      
   6.46113613507637151041306625357796387      
   6.46113421424981607750133484898664093      
   6.46113186523287863078966755168193510      
   6.46112903170891739144737463399482064      
   6.46112565648774109457902145796677419      
   6.46112168232015854286456465023685462      
   6.46111705253817176744019023995073610      
   6.46111171170385553817548720000565619      
   6.46110560610037550829450535542739699      
   6.46109868407508144278255945625967647      
   6.46109089620681607841135837229816319      
   6.46108219535601740784030738529582920      
   6.46107253643541247197397539342677409      
   6.46106187626425611294496046810827177      
   6.46105017289317505259912685050432026      
   6.46103738511830301472262867989880173      
   6.46102347180343723509957479271752844      
   6.46100839112376964643302130797269497      
   6.46099209977004552587717378960734550      
   6.46097455210943419975824438507001390      
   6.46095569934322361359955906604791065      
   6.46093548880198944438763344921415778      
   6.46091386314149691649119457803843435      
   6.46089075953941704531110210915247559      
   6.46086610911085408747989423246797638      
   6.46083983630753137450511383966751136      
   6.46081185842027765099868451089314390      
   6.46078208513143677291126956667492875      
   6.46075041816115391638583002841077847      
   6.46071675102831175573860510666160031      
   6.46068096880626263670344964477739428      
   6.46064294805926901100732262925835397      
   6.46060255666761277660376208694036195      
   6.46055965385856608511532645291513810      
   6.46051409023097370466694364327687105      
   6.46046570787663845707393018412692465      
   6.46041434039635954222440749076582898      
   6.46035981319357679904993582094224254      
   6.46030194349781229080079414582225791      
   6.46024054055906181372414886056547821      
   6.46017540579919414173844887560959809      
   6.46010633304783406136459603486036348      
   6.46003310869853824565539645944224614      
   6.45995551175336976889079146828278600      
   6.45987331402779494333568600393244984      
   6.45978628026828806661634162889500008      
   6.45969416812752974873600769173271888      
   6.45959672823333624469019771745734246      
   6.45949370419953056752093545502132087      
   6.45938483250897141457752192374215545      
   6.45926984240192050648220195195001512      
   6.45914845573855340617984167435855811      
   6.45902038686992848812945051218427897      
   6.45888534222064068871994608337059827      
   6.45874301999883585778277410219570656      
   6.45859310977235066635644160525812070      
   6.45843529201996488453195355062628109      
   6.45826923759810338852556946205663525      
   6.45809460712454746515094863981272448      
   6.45791105027527678806269623629931991      
   6.45771820482174519195812232843491032      
   6.45751569648754075390689546956449450      
   6.45730313712342730557469449946584979      
   6.45708012428017024377753971770677005      
   6.45684624003386444317422291138056375      
   6.45660104934172813870891123754917391      
   6.45634409963080769424160718559898309      
   6.45607491912410180694939965500589075      
   6.45579301275667236441418018796484793      
   6.45549786616468353011722329877866851      
   6.45518893966814998346861888556444668      
   6.45486566733440560921691804880339861      
   6.45452745491691335214701217509318023      
   6.45417367843568975886564050308088526      
   6.45380368219767378606793407491655601      
   6.45341677490789083078973852579702487      
   6.45301222920768184800306504532741880      
   6.45258927694512648129294448128986409      
   6.45214710831632305618492485481888127      
   6.45168486734767958585235304236512697      
   6.45120164915796385908739436492832151      
   6.45069649700137277433309493351035733      
   6.45016839822947911491598071989614304      
   6.44961628012594178414882354512490283      
   6.44903900647986388789404626986891947      
   6.44843537284545752097428065735196547      
   6.44780410192242977669770300897271215      
   6.44714383845436148240242009435881903      
   6.44645314444101405688232103839565867      
   6.44573049277784548036018529949348015      
   6.44497426202592269718241728705437903      
   6.44418272905100759220582078352420765      
   6.44335406344837050036284072897305185      
   6.44248631920151241005439550434170771      
   6.44157742667505333066713354810902174      
   6.44062518562429084166700284607804518      
   6.43962725496147067826786787509973715      
   6.43858114312128893718341230743832737      
   6.43748419872996220024214913409155822      
   6.43633359890142351821239762648997171      
   6.43512633755032132436655671558125885      
   6.43385921260202010687984992076312415      
   6.43252881255477253483438951907811398      
   6.43113150166412791184688905662369577      
   6.42966340437506030786787909054828800      
   6.42812038812280884319606542841732404      
   6.42649804559863563221370296204337698      
   6.42479167502615265000886401938622962      
   6.42299625937112684340477092049330907      
   6.42110644395333433953025868578664559      
   6.41911651280366782956226948979256725      
   6.41702036289582415009316762905742092      
   6.41481147750577181935093633965281764      
   6.41248289784573938508284289620644644      
   6.41002719287029065390543675032814405      
   6.40743642933924964544593211910370402      
   6.40470213835975110559365351842086556      
   6.40181528553790444911786504330158438      
   6.39876623838802632452076531890343608      
   6.39554473652297585183175065901969363      
   6.39213986426953256459231118482293212      
   6.38854002742671513796322649796478393      
   6.38473293581447345138602492893541758      
   6.38070559339638738260997641044802757      
   6.37644429925215165996342181668014459      
   6.37193465901813026479995437048700006      
   6.36716161114122683788550562884547179      
   6.36210946705756151478605162270728617      
   6.35676196738177653983373832228576907      
   6.35110235252593560947465336833426250      
   6.34511344570613893871396395411394247      
   6.33877774630189887436113154212892727      
   6.33207753145061381212311441211438521      
   6.32499495629380792876349740323044200      
   6.31751215490336262704499617719670905      
   6.30961133375388039721653252010623476      
   6.30127485391241317937368835461065386      
   6.29248530450758563524072027163949573      
   6.28322555579690164223843257405416181      
   6.27347880419389501391438835512312497      
   6.26322859960038206802498569907800236      
   6.25245886118381990640238227964470086      
   6.24115387982101409616857914137766404      
   6.22929831787429023769841168653538272      
   6.21687719387274007068870783018324611      
   6.20387586760712498124650207412909186      
   6.19028002093674413967412468254516149      
   6.17607563247062192790093453068758583      
   6.16124895803860186631269787110955880      
   6.14578650618266216505094173383858231      
   6.12967501597152359082795337829553746      
   6.11290143628756705781342227309923766      
   6.09545290650320054132596899961475028      
   6.07731673892143601726230195720713503      
   6.05848040175880152263997609928797500      
   6.03893150574394003947724805599695583      
   6.01865779090718296810409419622852446      
   5.99764711510216421046400602063368738      
   5.97588744454404957239409510022952034      
   5.95336684451721690588437650531409160      
   5.93007347148453320215917151959060453      
   5.90599556670630689930953982790976847      
   5.88112144865182907416018703813573797      
   5.85543950814983779014021599923074682      
   5.82893820131273430186699343165583493      
   5.80160604546287156806824552682159471      
   5.77343161252988937818357864392529688      
   5.74440352323644183900717568787242086      
   5.71451044219803835624290959630512997      
   5.68374107167309179630306453866850751      
   5.65208414483976982356462461516583920      
   5.61952842018559308597102707103657384      
   5.58606267426616560296332897386403544      
   5.55167569609182884318049613167154682      
   5.51635627866800952327521793114018528      
   5.48009321346758920459492818226712796      
   5.44287528267549082880974519664644676      
   5.40469125306293169462842190335302022      
   5.36552986879259980264373870981717810      
   5.32537984522310668694547278012990242      
   5.28422986219126456690937862412036036      
   5.24206855904810809018861102567862380      
   5.19888452736579131875553807757059364      
   5.15466630768636350098542700538492105      
   5.10940238334120908980458689690912056      
   5.06308117639499114113867331290981321      
   5.01569104340352183080044674177800991      
   4.96722027194022980178268060356696652      
   4.91765707800787329268009200535616998      
   4.86698960246349196763526058701831798      
   4.81520590807267004823755623219475479      
   4.76229397919811548062378093799827244      
   4.70824171851752472055386549832263268      
   4.65303694550243023694300246396317753      
   4.59666739725451428762065230967939240      
   4.53912072485920448532502028001956996      
   4.48038449400670218887163686451838108      
   4.42044618580394933923879654156165382      
   4.35929319332621663028201122859166438      
   4.29691282505633878604986494061729145      
   4.23329230174944796091546552236259904      
   4.16841875884902866540907800376198885      
   4.10227924509413085490148631834013736      
   4.03486072386507653586349150143696915      
   3.96615007263252422495827492413703404      
   3.89613408425413046878434430440340332      
   3.82479946613801619170836344888977345      
   3.75213284251237233521257421193980931      
   3.67812075313278878407277542015846159      
   3.60274965467766358005654770159268068      
   3.52600592114917072825354499118888044      
   3.44787584412406186108875591079812341      
   3.36834563379773526620178239912418233      
   3.28740141821597626890279962229124583      
   3.20502924586675306464381069269857048      
   3.12121508386835819770131223614731930      
   3.03594482010213875350844202628715108      
   2.94920426256942795641258528879405645      
   2.86097914079028217208186001112228435      
   2.77125510517583039898353789555000049      
   2.68001772849613081415650369833450787      
   2.58725250504763903769085627112267708      
   2.49294485229574072718270277480155143      
   2.39708011026195468639830116997537216      
   2.29964354240178875627425325684705215      
   2.20062033531003907015329512245992023      
   2.09999560005136670242292474675693483      
   1.99775437106603504175648297213542449      
   1.89388160784393805332250296017350607      
   1.78836219394294211533420867183215539      
   1.68118093811339144681250993062181608      
   1.57232257420636130604845255712160350      
   1.46177176079024857591416602925619368      
   1.34951308280019529350091551537490703      
   1.23553105044780461497809256599415158      
   1.11981009936048011210128252942889678      
   1.00233459204154322653434159092285923      
  0.883088816265969072907008471477379211      
  0.762056986898046930426310183543058664      
  0.639223244994936192118143620197772540      
  0.514571658014465738653418827056443299      
  0.388086220335828108817864502793373069      
  0.259750853268146211446090726660394704      
  0.129549404770526013836806052655305445      
  -2.53434964573902018049164671190367248E-0003
 -0.136516708279860706291458481154938049      
 -0.272414040586106707287738076046351099      
 -0.410242790537963891142569830260096204      
 -0.550019473209001052379149464487966443      
 -0.691760676531891160873007126529504800      
 -0.835483062169460679135599712305386637      
 -0.981203361794588420513571190602409935      
  -1.12893838052786695072473945560823853      
  -1.27870499742635887405017055633139164      
  -1.43052015978344452879965826551868475      
  -1.58440089117154214689259994328351041      
  -1.74036428422861544055233472635768132      
  -1.89842750398404073471661306402017467      
  -2.05860778952491288905232536841887852      
  -2.22092244953877754952502049687377242      
  -2.38538886420832142357678822677873256      
  -2.55202448814939311586284340938241764      
  -2.72084684634376513737292692011886454      
  -2.89187353325506880813902672589996318      
  -3.06512221729549180357124606696126670      
  -3.24061063984211938081342197317868336      
  -3.41835661066625056093417983961609507      
  -3.59837801187912680142972223178415907      
  -3.78069279785281551808370552873401130      
  -3.96531899465717818882141815563623815      
  -4.15227470013129273286284469566872624      
  -4.34157808069306219577978343513450470      
  -4.53324737581272460677873990409528977      
  -4.72730089579072430599482772819775423      
