   6.46114229515578832787994501293249882      
   6.46114229515578832787994503858969363      
   6.46114229515578832787994507460013469      
   6.46114229515578832786445253264715258      
   6.46114229515578830736877830827181600      
   6.46114229515578543430523330533706939      
   6.46114229515567986084553769822415819      
   6.46114229515405411085426296592233743      
   6.46114229514024780706459052179365971      
   6.46114229506340386795087022580307651      
   6.46114229474944116454344597873666664      
   6.46114229373255762114699187215825066      
   6.46114229097773987427280870077391309      
   6.46114228449084290510254736412155850      
   6.46114227083410622816220202666854338      
   6.46114224455776934418302942397725873      
   6.46114219769051490520126196019687251      
   6.46114211915224511616962401098265275      
   6.46114199424398480837019728474263215      
   6.46114180423514994893594535997007436      
   6.46114152603598653742311351491606545      
   6.46114113198128083512004051422177456      
   6.46114058973777615481622753589493317      
   6.46113986234534047442847314056410786      
   6.46113890839868265644753288618424055      
   6.46113768237133017285916942847420902      
   6.46113613507639261534527214869145509      
   6.46113421424986513331497550282082526      
   6.46113186523298666938179237995045782      
   6.46112903170914403903438403050911208      
   6.46112565648819605997798408814470717      
   6.46112168232103595575550191557688306      
   6.46111705253980312946570236799440595      
   6.46111171170678886914395036911273534      
   6.46110560610549030827504418015836013      
   6.46109868408375147298478426244286954      
   6.46109089622113402222752492382802542      
   6.46108219537909918874187209007697476      
   6.46107253647180071590515480092218469      
   6.46106187632044561884825571815113600      
   6.46105017297822273874611575170995390      
   6.46103738524484970441166091531617860      
   6.46102347198861003592944679169333693      
   6.46100839139053245974022380292695966      
   6.46099210014878275136303772866953607      
   6.46097455263985706267866991419774165      
   6.46095570007663931521290481363866910      
   6.46093548980398677416229888265659868      
   6.46091386449508965427922801554374968      
   6.46089076134870146313596819277728655      
   6.46086611150523456771809284499052898      
   6.46083983944657129731438124428126568      
   6.46081186249923565354726596273510020      
   6.46078209038755087804487103738492568      
   6.46075042488073831591762433859710936      
   6.46071675955474110489032422045762256      
   6.46068097954889286821575438745869058      
   6.46064296150341065957310778689598528      
   6.46060257338557208943542534946433753      
   6.46055967452188382753846518681121372      
   6.46051411562391721374810644674773953      
   6.46046573891103818781300190328052326      
   6.46041437812784944337474023565026104      
   6.46035985883940159798542542017936087      
   6.46030199845616220406753290595921414      
   6.46024060643014996554653839946491936      
   6.46017548440804355986911957077695271      
   6.46010642646919203631618727550492016      
   6.46003321928343054744092609599112652      
   6.45995564215788626122208807689982959      
   6.45987346724424779185956618274309905      
   6.45978645965835157462736535506554466      
   6.45969437745798484985476828608137796      
   6.45959697171433593342367016355093406      
   6.45949398652543927318929401126113735      
   6.45938515890203015322724336622218440      
   6.45927021865863425128662666635240084      
   6.45914888827969377950035910461974407      
   6.45902088279318893709912804713291173      
   6.45888590935656717570999817508150068      
   6.45874366697049344741427530762760164      
   6.45859384605868106002936578252032072      
   6.45843612802295840684525124780627593      
   6.45827018471394818657061683102047219      
   6.45809567781897412628837335687298627      
   6.45791225816278601668535344733864080      
   6.45771956475150027937918415912038030      
   6.45751722463238521447553685358104672      
   6.45730485107470560040118235021391256      
   6.45708204314628637720586161820017982      
   6.45684838454719317393053982603600843      
   6.45660344196926546551585618260017644      
   6.45634676469048454119662207125414965      
   6.45607788291570260791928489982881057      
   6.45579630369884622158337059331135291      
   6.45550151491497078729313407320454630      
   6.45519297928456720870079696727427091      
   6.45487013342845859538340610112712022      
   6.45453238581902265918002883952889136      
   6.45417911536412403210585667694710889      
   6.45380966945480615723762597461140572      
   6.45342336006032737074333398416589311      
   6.45301946330735776194994026779159735      
   6.45259721473030909211981934939825026      
   6.45215580845763139867469526206804952      
   6.45169439268221684219391906219684624      
   6.45121206695198855964542946522894595      
   6.45070787922445174438509883889918400      
   6.45018082184091022073963364397810870      
   6.44962982738302023113961978356451202      
   6.44905376526229431831259629895309722      
   6.44845143700274275105573937971150729      
   6.44782157163496675938239874999932463      
   6.44716282062368076580429266029907409      
   6.44647375309723504148254357730793268      
   6.44575284951976807493363130177894866      
   6.44499849647897916547786429337963752      
   6.44420897934870288711747926174366868      
   6.44338247678362992856570535421882156      
   6.44251705232648341787751478369451722      
   6.44161064653535734420389485929327714      
   6.44066106999450805535325660589635547      
   6.43966599294378908236430915293692154      
   6.43862293609686015668537653747131241      
   6.43752926096795503381866778616109175      
   6.43638215823771899302546346692089265      
   6.43517863642780379348210097266936455      
   6.43391550881732079087069734403617837      
   6.43258938021228070328114801337156529      
   6.43119663217926526817178708768753280      
   6.42973340747487494900528289290988275      
   6.42819559294491585779963108996959852      
   6.42657880182896795441742645017263252      
   6.42487835405597513168614430434031565      
   6.42308925561754199470902962482246970      
   6.42120617595192142637137178341152204      
   6.41922342478016758981654252800916755      
   6.41713492577617181305515594288519533      
   6.41493419047076543406249607833551023      
   6.41261428940048622134958615834118273      
   6.41016782239978081379462607417130126      
   6.40758688785061448944519321533636364      
   6.40486304987714421811469808654892970      
   6.40198730770367686211123253761274923      
   6.39895006303725632597026904514721023      
   6.39574108990182182887196937159089262      
   6.39234950680698564306152018974182226      
   6.38876375292858036063662578656347553      
   6.38497157012072329475925224100985556      
   6.38095999249020749121616278826174126      
   6.37671534607326713718027877967143969      
   6.37222326008050059871398976650747775      
   6.36746869206950937614844845834655492      
   6.36243596747913696129729637653932285      
   6.35710883525573713482789485624962090      
   6.35147053798411542651835595769235924      
   6.34550389480821070316876739286942174      
   6.33919139490729764710717966598553689      
   6.33251529932232204933906879112842079      
   6.32545774198637298132696477501516212      
   6.31800083125595279500919001067257132      
   6.31012674440868170736531430820135096      
   6.30181781169756022161603789138854862      
   6.29305658787700770808268945816394762      
   6.28382591094473681701663350834034134      
   6.27410894371263279604432083543561340      
   6.26388920402148800318554547715615413      
   6.25315057984565239736715551124889427      
   6.24187733464869067561669149479444041      
   6.23005410272032254111033401649689914      
   6.21766587881808051797488567460087363      
   6.20469800011479210620259819383982462      
   6.19113612824605600423248325574578556      
   6.17696622369312645314022480148095463      
   6.16217452553533798500585413190832625      
   6.14674752745365935641162104000176767      
   6.13067195498403498724264913842653476      
   6.11393474455249600896964509740972779      
   6.09652302412075375086666221372770853      
   6.07842409537869154144350683005248214      
   6.05962541657982836426283307042209470      
   6.04011458887698019965043742599305497      
   6.01987934321961582571982885744391734      
   5.99890752859971017396069415379725237      
   5.97718710251952204970264488349926857      
   5.95470612173744756580626664599471991      
   5.93145273428205332870665359433173406      
   5.90741517286672689380496778068847614      
   5.88258174768374432862854144222929200      
   5.85694084126811111046015657348470244      
   5.83048090148590336059584612841975590      
   5.80319043753467326788159397085690117      
   5.77505801351473813504073154273816556      
   5.74607224238558489961222515728411786      
   5.71622178138245437851643242793287613      
   5.68549532571024468044558102836312619      
   5.65388160185898122221516356568895031      
   5.62136936213875597993385344463641740      
   5.58794737743927040276044550710845413      
   5.55360443165540069393586010787683095      
   5.51832931330462213996258232592745586      
   5.48211080994815565752728411246759004      
   5.44493770057849159524937400234274149      
   5.40679874948918642667646627516901631      
   5.36768269877869680339115668975447559      
   5.32757826270215424341192107845194904      
   5.28647412065639214381608115548305800      
   5.24435891181727103930949590787501775      
   5.20122122868868772116310370069095644      
   5.15704961251029964888063990419641798      
   5.11183254884178762000953920415683625      
   5.06555846178719478673330277996786967      
   5.01821571049410012410985342035301199      
   4.96979258568696907752956636001341575      
   4.92027730663936278445148411512527715      
   4.86965801791516642948434191600574003      
   4.81792278632318044789078952230267094      
   4.76505960025919591533262251394624618      
   4.71105636683204512879013302661473380      
   4.65590091000153206798533889098521130      
   4.59958097142545076668851395940627395      
   4.54208420690850162166907238100419749      
   4.48339818700885196130797121953148167      
   4.42351039736129052514960276378373487      
   4.36240823622398652638898469239422628      
   4.30007901657200576052051605373290522      
   4.23650996405809381097634109458928928      
   4.17168821883586682956567145029543682      
   4.10560083437152503108432803794977802      
   4.03823477864659185632796727081198418      
   3.96957693381969242725710971025983174      
   3.89961409699030116143493228602668810      
   3.82833298050568858870632276826907123      
   3.75572021246561347865945218490841411      
   3.68176233734668572908725098958915715      
   3.60644581544462770830125284729930328      
   3.52975702545520821223650047384909150      
   3.45168226276885881841732132789102115      
   3.37220774147675418680901775228921389      
   3.29131959357862594310505700965963146      
   3.20900387143465974329764827605478870      
   3.12524654575138028690874374793246212      
   3.04003350823890463260687903685591816      
   2.95335057020367344422790719385696301      
   2.86518346486451405723802473924880440      
   2.77551784606855329502749775788917040      
   2.68433928985589708867775466247166220      
   2.59163329387806374495678962466137373      
   2.49738527888895042697701398168254048      
   2.40158058800807568816019084293348730      
   2.30420448783955662188531045721539491      
   2.20524216805329356541390749437088574      
   2.10467874270657190077496024983916190      
   2.00249924926338626485274322637860648      
   1.89868865006853644246052881224613023      
   1.79323183157483579325157041127719596      
   1.68611360535093849393795090593518466      
   1.57731870809604829099895654044225616      
   1.46683180101250767366378277260236540      
   1.35463747173803830565852041108806335      
   1.24072023319574177112648841516433069      
   1.12506452377873595473831338818161688      
   1.00765470846491922342024351443878432      
  0.888475077597192641603684641509263275      
  0.767509848525042305899236456069050531      
  0.644743165059330348705903645974467601      
  0.520159096693897567629585946275520296      
  0.393741640620639166931087607360241778      
  0.265474720587245473005949851220924730      
  0.135342186799966088738290870245053257      
   3.32781721210569539445459006033944915E-0003
 -0.130584684026172218918288330765121655      
 -0.266411684183808945608392364139753764      
 -0.404169624761155594410565881444011339      
 -0.543875018666337744795919915855891139      
 -0.685544451353358855367988167779231446      
 -0.829194582393567593444511767473341442      
 -0.974842141318938067281890839930911785      
  -1.12250393080322325948832359292290657      
  -1.27219682756003177944511948245110050      
  -1.42393777728237042107016917652928851      
  -1.57774380014636116307272705189459062      
  -1.73363198786080691489287875439140188      
  -1.89161950271563617227204259546895415      
  -2.05172358168849309234247221686959395      
  -2.21396153150729617946969391798589702      
  -2.37835072995075102211474607867143053      
  -2.54490862977388267715315613972891313      
  -2.71365275350811647756389556752497542      
  -2.88460069394866161501569697911158550      
  -3.05777011700119286644822759995358173      
  -3.23317876220803308603843952079468070      
  -3.41084443725881475402120981971314815      
  -3.59078502222704887196977071120981689      
  -3.77301846912506106586433905044549530      
  -3.95756280246949267627922545524212634      
  -4.14443611743750231279731632113559243      
  -4.33365657899311893606907621874825550      
  -4.52524242431081652521982381777499656      
  -4.71921196169160554205828124445382205      
