   6.46114229515578832787994501293249882      
   6.46114229515578832787994503858969363      
   6.46114229515578832787994507460013469      
   6.46114229515578832786445253264714873      
   6.46114229515578830736877830824570039      
   6.46114229515578543430523329349453849      
   6.46114229515567986084553670930968048      
   6.46114229515405411085423451689519346      
   6.46114229514024780706419056115094368      
   6.46114229506340386794747724039976440      
   6.46114229474944116452356981317369341      
   6.46114229373255762105896796669726548      
   6.46114229097773987395833792822103446      
   6.46114228449084290510275789672763844      
   6.46114227083410622718164259216519940      
   6.46114224455776933211589175167680464      
   6.46114219769051482025300820595153331      
   6.46114211915224463140039761243036176      
   6.46114199424398248962353147096186015      
   6.46114180423514040094889073655494636      
   6.46114152603595194804055766478537338      
   6.46114113198116861354781590641923255      
   6.46114058973744526057132429734131579      
   6.46113986234444289846385500456874306      
   6.46113890839641992501222803376744322      
   6.46113768236598365452819713307685613      
   6.46113613506446646964501780494667073      
   6.46113421422459774735410073776970179      
   6.46113186518187688917976338725270288      
   6.46112903160999756258001295909745320      
   6.46112565630304227654208520944718469      
   6.46112168198704076627801932934956835      
   6.46111705195611537071405561893056722      
   6.46111171071599128443605252356814390      
   6.46110560447132309360633899089285803      
   6.46109868144827658111081532574518372      
   6.46109089206704532141839156627118276      
   6.46108218896872034734478294546520646      
   6.46107252677235184915001094983517191      
   6.46106186191034750571969164568737659      
   6.46105015192847510148100132305022402      
   6.46103735498449587475289830849172471      
   6.46102342912722656820197485352478951      
   6.46100833151572535142010226575201469      
   6.46099201758410205631870839987862548      
   6.46097444016046477421267940198701053      
   6.46095554857894089742763638185303814      
   6.46093528792233008232728804632258252      
   6.46091359816248968415980410541842553      
   6.46089041329497579824822494373882767      
   6.46086566068707717365766784773539015      
   6.46083926040371070678894469989204703      
   6.46081112463050247804880603698419534      
   6.46078115714048824637353954590139711      
   6.46074925284820651580063554841751734      
   6.46071529747011226005841634610063023      
   6.46067916717732956908356173204116679      
   6.46064072841263202174566300640302684      
   6.46059983760129766585491054016034398      
   6.46055634104905075156969446185749786      
   6.46051007483087658255852484360885944      
   6.46046086476669385867634144512361912      
   6.46040852628821082735672206210458488      
   6.46035286456023120878535701729289687      
   6.46029367434771964388142478707007960      
   6.46023074002132299947854767469114435      
   6.46016383553333281595665129728017616      
   6.46009272441232411798756386845486250      
   6.46001715977454185463517895136836677      
   6.45993688412169429062663528836087795      
   6.45985162928703864066609160164045526      
   6.45976111637040790135135119172897030      
   6.45966505543399947474567879822613756      
   6.45956314530449712951899384105370857      
   6.45945507332982446605532893295865173      
   6.45934051496774823344627461686742944      
   6.45921913340809512265994737890074452      
   6.45909057902459278106717140154569000      
   6.45895448901530927906095684740034945      
   6.45881048666000178956788661322719913      
   6.45865818062395791066660182719988311      
   6.45849716416531079230653506589048998      
   6.45832701430877702693664896574800179      
   6.45814729089509749142737376277728892      
   6.45795753556053100450592229023127418      
   6.45775727058679079091179030764634846      
   6.45754599769287426262580124240842035      
   6.45732319639591657870816759080939602      
   6.45708832293097399457439217010179995      
   6.45684080872924249577065541451190216      
   6.45658005895366562202709808698777213      
   6.45630545036698643805935417984902774      
   6.45601632826502192341849559206019340      
   6.45571200703734190023409191273545700      
   6.45539176529130663397268957784844907      
   6.45505484585227560351753514555997202      
   6.45470045149937723675813698774199695      
   6.45432774298388264594565979170331058      
   6.45393583600506985236376642079474100      
   6.45352379919474262734388935153828618      
   6.45309064907123658984489189730723325      
   6.45263534845171185747934978415533750      
   6.45215680184671101997040212673536138      
   6.45165385162525831464570908157937150      
   6.45112527430977995436441605211432847      
   6.45056977663601118402763079173313866      
   6.44998598976575690241558821145550106      
   6.44937246536271130661646143993190116      
   6.44872767030775688667195912525674024      
   6.44804998099523101050959626303767506      
   6.44733767754368074158921245949980292      
   6.44658893751075528370186106248802542      
   6.44580182975234775552984992991305811      
   6.44497430658824835322384239942095138      
   6.44410419737400019590437668419117935      
   6.44318919982233811083210719840317131      
   6.44222687160519147925375686926459266      
   6.44121462215708500782380566745951168      
   6.44014970257106398214297957101545857      
   6.43902919530863905948908993632377125      
   6.43785000393421515141136542324054247      
   6.43660884189481357601379206048077732      
   6.43530221990337243829231097254403956      
   6.43392643330335738863159162069154016      
   6.43247754869824559646778449112301912      
   6.43095138936259880149900828540397672      
   6.42934352010520447518077755928863157      
   6.42764923128590869753878217734493356      
   6.42586352192440619042734595686406012      
   6.42398108194897954975551615608152329      
   6.42199627392731874052687423068280271      
   6.41990311356209402361647844118573832      
   6.41769525016236708835909115578319721      
   6.41536594538497365077862628393767920      
   6.41290805345900671786230205801903122      
   6.41031399967263695613298240578242828      
   6.40757575962875189979008703876499909      
   6.40468483902870140076819732963450452      
   6.40163225428979677108955697918920181      
   6.39840851498340304149293158095002528      
   6.39500360828565446229433435197431798      
   6.39140698645143203915527278496085668      
   6.38760755804740218158316278748623884      
   6.38359368421433500685668957816959771      
   6.37935318008187221133458708571840767      
   6.37487332316068328883655661322570095      
   6.37014086836424810738275593919727133      
   6.36514207196532655057891839031270064      
   6.35986272224307704193267032871036782      
   6.35428817964152186520476765509563650      
   6.34840342302834731098143749120798226      
   6.34219310461004941905573345441278784      
   6.33564160812001714578001362624986378      
   6.32873311026569753332006146711403282      
   6.32145164758165503852789389129144009      
   6.31378117886466450885985445815194493      
   6.30570564662817804673336301199141069      
   6.29720903403520791353549236225729587      
   6.28827541720965315998031906178515280      
   6.27888900953842684266186236639328051      
   6.26903420019140266173987825235257591      
   6.25869558323323567478763223923918949      
   6.24785797647768870632175972875672624      
   6.23650644380178548418939550705711287      
   6.22462629946762113377076075408617369      
   6.21220311376670876634434196589187851      
   6.19922271139305474585720815013052330      
   6.18567116988763295830145215136317719      
   6.17153481076112932950122736642596201      
   6.15680019171011597176554476811987141      
   6.14145409661208134812364329928237467      
   6.12548352550793126551522310084755351      
   6.10887568349699916822165887710579243      
   6.09161796956268147803309730429194337      
   6.07369796554932772797200630444546342      
   6.05510342671597051472997440439275627      
   6.03582226992742395412181810427671379      
   6.01584256543593750596534060526671355      
   5.99515252617041549522362672514436567      
   5.97374049858257855702210069833954997      
   5.95159495329356588100553306517712803      
   5.92870447666462754244041108421080388      
   5.90505776045929952456781317753520583      
   5.88064359323057622316329120749349771      
   5.85545084992596229034572738913126086      
   5.82946848382388171595291878542500677      
   5.80268551492075237130066839216785215      
   5.77509102020910520944218359923329179      
   5.74667412488432611805827225952157062      
   5.71742399021510487029410183194128510      
   5.68732980414869679136936998244371524      
   5.65638077127474529458320499352548140      
   5.62456610201730553744885280644150957      
   5.59187500409956874769193088555510083      
   5.55829667230529519256564932132371323      
   5.52382027957156909704824235987908319      
   5.48843496893339201583325200542058054      
   5.45212984550537792319096260828765179      
   5.41489396926099618823705138100938035      
   5.37671634853098195652895210711947341      
   5.33758593405266126125879193147442607      
   5.29749161376267176903830874285950188      
   5.25642220766734033699573001191920138      
   5.21436646480472077551284874829748291      
   5.17131305872414777335657754936127593      
   5.12725058596036610534135980129224767      
   5.08216756223557835865356118553120533      
   5.03605242082898462371136182907043897      
   4.98889351218865510540239105851206156      
   4.94067910168435231516490297193512894      
   4.89139736865702893438828402712720011      
   4.84103640688434658326135701542927286      
   4.78958422345765290962189575440406806      
   4.73702873843845741130655535288637511      
   4.68335778644311056036588706366421728      
   4.62855911459664296159614357028709445      
   4.57262038418231193275859619045778659      
   4.51552917223022613118895698959630395      
   4.45727296856779011166277740693256807      
   4.39783918036461272620622301539385627      
   4.33721512883121705338579755001983481      
   4.27538805364811707133438435968611936      
   4.21234510963580253315424685190754837      
   4.14807337120368288771968001350346652      
   4.08255982949264264259444796475602121      
   4.01579139592777996753466439241807580      
   3.94775489998803102136406912917564967      
   3.87843709263847149349658807028112256      
   3.80782464420339208775891770159101728      
   3.73590414708227211398983882740419652      
   3.66266211492347414684072426896775079      
   3.58808498284982828369981548266054121      
   3.51215911012740050590988208588569782      
   3.43487077704680314351436955084464131      
   3.35620618925118098555405987735247428      
   3.27615147430546450422073351447757006      
   3.19469268553899721321695010615865751      
   3.11181580000260431331695652568908250      
   3.02750671920661673570322532553376304      
   2.94175127099995725029940497405976971      
   2.85453520714339331563872644371145393      
   2.76584420649763759571178272578744001      
   2.67566387253087112137092287353123160      
   2.58397973610205263829190173453716712      
   2.49077725339918218355251542451397307      
   2.39604180787660133517997200343211792      
   2.29975870940796242394593541130122176      
   2.20191319462294455880709259547964336      
   2.10249042776175835199457503975644648      
   2.00147549969228057970793682075250232      
   1.89885342930730346088176267265551972      
   1.79460916207971359154312973498809064      
   1.68872757217058940424595568494707857      
   1.58119346060582794724334464543503873      
   1.47199155662881408180295868421407517      
   1.36110651736898348527822347730888834      
   1.24852292773533153449440935986199314      
   1.13422530088791202526651087259222645      
   1.01819807812368990501520178174604598      
  0.900425628803350864993204714326508219      
  0.780892250568006816877515669379069983      
  0.659582169561361327638772141701167933      
  0.536479540142483500267280907903439089      
  0.411568445237986916708787089350418006      
  0.284832896199850865851335583951314253      
  0.156256832434216954427149803807864040      
   2.58241231472236032012419468447641392E-0002
 -0.106481435738664179777506079003740059      
 -0.240676117579970245197926239900915983      
 -0.376776269104713432560366352923106454      
 -0.514798307150397500464180267926732858      
 -0.654758719277178798466047185426440960      
 -0.796674066719714580259648886147541206      
 -0.940560978840806487552154094869221396      
  -1.08643615839988492464538160671475577      
  -1.23431637980384912912561749251379658      
  -1.38421848599261675625674142818373055      
  -1.53615939298753460626723239258909803      
  -1.69015608879172471422850198476520770      
  -1.84622563038007243628686558694370829      
  -2.00438514690957601870108219378847958      
  -2.16465183846460318574278376854589837      
  -2.32704297739172549375296863470567610      
  -2.49157590541365395988353704346173194      
  -2.65826803524247420028308128391527982      
  -2.82713685161982191553529784872310503      
  -2.99819991039333861808745350063432611      
  -3.17147483923228707901589313598609252      
  -3.34697933220198498912915393260194977      
  -3.52473116100745277813251528240085954      
  -3.70474816362622001323134489757224738      
  -3.88704824926698261693992580338088518      
  -4.07164939957407937856934391949847771      
  -4.25856966802955653650222752645102860      
  -4.44782717687687634957438847859584639      
  -4.63944011911721610556435141787602319      
  -4.83342675888787661774351405609332383      
  -5.02980543130100067838215502904440263      
  -5.22859454480865301555791743822062932      
  -5.42981257471984011100872417976022779      
