   6.46114229515578832787994501293249882      
   6.46114229515578832787994503858969363      
   6.46114229515578832787994507460013469      
   6.46114229515578832786445253264714642      
   6.46114229515578830736877830826232887      
   6.46114229515578543430523330026714432      
   6.46114229515567986084553722330339091      
   6.46114229515405411085424810393860760      
   6.46114229514024780706436781443163682      
   6.46114229506340386794888459565847009      
   6.46114229474944116453134357297428423      
   6.46114229373255762109164727717645654      
   6.46114229097773987407002984647341495      
   6.46114228449084290447501660398705634      
   6.46114227083410622799500120052326978      
   6.46114224455776933947947998306735769      
   6.46114219769051487017169801820742138      
   6.46114211915224490607435615117324928      
   6.46114199424398375777896675954818002      
   6.46114180423514544675709450788935729      
   6.46114152603596962972211665940814412      
   6.46114113198122416299789909064634013      
   6.46114058973760403276867520470268804      
   6.46113986234486082039029000118515222      
   6.46113890839744333392031007281145920      
   6.46113768236833506385432165907080659      
   6.46113613506957199579229268557506189      
   6.46113421423513719244115952454970777      
   6.46113186520266916684541520370178770      
   6.46112903164937325220515480979615309      
   6.46112565637489353824041004802267910      
   6.46112168211379932836233546059816144      
   6.46111705217294693651113000074630284      
   6.46111171107655839061887267064348022      
   6.46110560505227033169555065194514013      
   6.46109868237101999959432972171071860      
   6.46109089349502525213597963848010228      
   6.46108219113368526969151298533815400      
   6.46107252999281481968993050845968019      
   6.46106186661700601365195273079748001      
   6.46105015869507409968719614282724160      
   6.46103736456483541899215516281194244      
   6.46102344249909676339665185223379010      
   6.46100834993254832364419825471952759      
   6.46099204263512675417109317776927122      
   6.46097447384044131834980005203080634      
   6.46095559336789163755150142430959540      
   6.46093534687700252778338266228006409      
   6.46091367501978850282818976303546740      
   6.46089051258879571504312334169743687      
   6.46086578787954845917609315074213567      
   6.46083942203195938780317493266642397      
   6.46081132847009619942708947807408758      
   6.46078141238676729135845898843444578      
   6.46074957031672695327080480568348052      
   6.46071568981794623256844538850626194      
   6.46067964914520510238238261188763567      
   6.46064131709200494811747503776074832      
   6.46060055272404583722622450261736607      
   6.46055720530449759179474980559384257      
   6.46051111421011597438926179701514120      
   6.46046210893627210136078262369108957      
   6.46041000899336681809224846598537429      
   6.46035462406339961560690267021060407      
   6.46029575389700077730356013020252955      
   6.46023318835704689591540665847013976      
   6.46016670742930853522350349250367324      
   6.46009608126579989585923356144778525      
   6.46002107022166638924803790075274104      
   6.45994142470408408813635335242933088      
   6.45985688516957791623849126889465932      
   6.45976718209153021858531287375951634      
   6.45967203571303942221760596542069263      
   6.45957115590040169071467980669880232      
   6.45946424194917938678571632160293233      
   6.45935098222952239840084260909122295      
   6.45923105385844791880246465611255203      
   6.45910412223714764267991009448941239      
   6.45896984073218244726921636287115752      
   6.45882784998901800498117192790849647      
   6.45867777732382365246844063189843190      
   6.45851923599799151375536548951528748      
   6.45835182446317643264134045111020215      
   6.45817512549351011764958727373003186      
   6.45798870524187483373922905225764166      
   6.45779211217299142354938833178856333      
   6.45758487592263756421513377885320401      
   6.45736650575917899933902820769151324      
   6.45713648991714359563326597195970129      
   6.45689429366143490480703348620098498      
   6.45663935795197297231519414423197371      
   6.45637109797629372613852753284327048      
   6.45608889955221253717610134214956129      
   6.45579212010950264067537275564204843      
   6.45548008444582262771629550391058753      
   6.45515208390567147068625945916099477      
   6.45480737325305089891372795858799056      
   6.45444516752173999851517347527932109      
   6.45406464095444784249726338499971251      
   6.45366492344443578255740281902033488      
   6.45324509656628027135556950847791238      
   6.45280419247000145427508667256213403      
   6.45234118825019117405915073879655793      
   6.45185500384776083867056292459426223      
   6.45134449780458404768135948565674095      
   6.45080846302249035122922805234833369      
   6.45024562223372990710486723004669156      
   6.44965462403732412216040157231945990      
   6.44903403750319001939844975253243117      
   6.44838234724117239712973018320620758      
   6.44769794757832110118087022428566099      
   6.44697913701163023809026148330962898      
   6.44622411194373809511133395874383972      
   6.44543095941588230583798336483653217      
   6.44459765152064775666130092301416487      
   6.44372203594861762739861975990926890      
   6.44280182930734310435678173171661845      
   6.44183460872005341278389059829760781      
   6.44081780180772221884135231681579909      
   6.43974867789101695487167712044547800      
   6.43862433736725436442580822558643776      
   6.43744170104121713506371530215325473      
   6.43619749807173041850067908192960095      
   6.43488825422208812187609508599370831      
   6.43351027852693536325956508190235525      
   6.43205964927188092660610029255600592      
   6.43053219926548432575544983195298945      
   6.42892350033473548782704781648810753      
   6.42722884661237706684083086632055110      
   6.42544323728164994277521776737454501      
   6.42356135811722124972191268297300836      
   6.42157756230881536001148744416341214      
   6.41948585016140019489015950714217046      
   6.41727984858816423143793282873664863      
   6.41495278955442287307243223091517116      
   6.41249748715356179951878901816232023      
   6.40990631704754398302812829663407719      
   6.40717119297202463376495041307144470      
   6.40428354530759383459033858252304340      
   6.40123430059722148208957244563743449      
   6.39801386178845936506220762128480234      
   6.39461209160344251387529932237451090      
   6.39101829854210537844418442280037371      
   6.38722122700546133980132578930813362      
   6.38320905248919817295492523057045073      
   6.37896938281896779618316695234754885      
   6.37448926690054533619737081226925980      
   6.36975521059434881222873875255113941      
   6.36475320064729509523194459751766716      
   6.35946874141783700793572972547749851      
   6.35388689488119140503740113138521123      
   6.34799233263909268131169258442562458      
   6.34176939422029240673636757294808823      
   6.33520215042879336768719029483370784      
   6.32827447254895894149465010140689988      
   6.32097010014045155399710361845021747      
   6.31327270911158848391685500729297779      
   6.30516597698402327629572948528505142      
   6.29663364575035539157920961527753510      
   6.28765957117864394074127439005593892      
   6.27822777113296104820350845568097738      
   6.26832246194798108143447384535379635      
   6.25792808856351831445450469331740525      
   6.24702934295616787821881066920999712      
   6.23561118011940767687117164721159943      
   6.22365882317979335324366345209713710      
   6.21115776780991097487368461534258227      
   6.19809377449906167840669591081628452      
   6.18445286548139319394492435207262198      
   6.17022131405825691068319219923640623      
   6.15538563449475893698945863238941822      
   6.13993257003354991404160662217473071      
   6.12384908054294871219780770005255149      
   6.10712232971391068471705120912356071      
   6.08973967329087141762521849322587654      
   6.07168864679687410452219410360195957      
   6.05295695478883281873920562114872638      
   6.03353245986563733415890435736074261      
   6.01340317194306900970027998186965187      
   5.99255723986704367623084580141704906      
   5.97098294015112733749094424834153764      
   5.94866867021339244780799150998540376      
   5.92560293763444432487029628354988556      
   5.90177435267113087167883112779762624      
   5.87717161881446666126211554026392753      
   5.85178352448573620151032655356621815      
   5.82559893384635732956306301583839436      
   5.79860677759764340329872268349429441      
   5.77079604440407212719520683970989219      
   5.74215577064412943815792248225078958      
   5.71267503084207200824791647120036073      
   5.68234292951636914350256652725920822      
   5.65114858971215998313565931573832755      
   5.61908114469729886111240208870313563      
   5.58612972866130247879749114181720264      
   5.55228346688304249900399879268895771      
   5.51753146776722336397272235575491123      
   5.48186281459521588196457605282873603      
   5.44526655663250006047699982482227490      
   5.40773170366864339767056048765745476      
   5.36924721809857371126756702699975031      
   5.32980200864563314181084686798389646      
   5.28938492558651638000484497295725239      
   5.24798475558452360816866485305893407      
   5.20559021713742600652554302238348876      
   5.16218995717272667624918936279253200      
   5.11777254702535305151771687510804621      
   5.07232648104333581379017008917398481      
   5.02584017333075377217969017567550642      
   4.97830195625947513353019270582167806      
   4.92970007815949007342161845165108241      
   4.88002270416523461908282113071635008      
   4.82925791350894501816094589230956432      
   4.77739369917228523705465514371293217      
   4.72441796914143652041979461172358162      
   4.67031854401637289431356599078826776      
   4.61508315848083276600469013011999789      
   4.55869946170645825093084394234035997      
   4.50115501619628968657759154242744297      
   4.44243729930123727963356544649926334      
   4.38253370292060628974684225595062525      
   4.32143153477941334011672640202520362      
   4.25911801872248052082134046854492807      
   4.19558029391103264721775595708090011      
   4.13080541795680640197008264778058650      
   4.06478036457922660402904599920281808      
   3.99749202702188251103527155042368851      
   3.92892721583027739872969843773351434      
   3.85907266212606561402285114727033687      
   3.78791501552407678556731335230345597      
   3.71544084717924070068075002315732573      
   3.64163664784514922524366372474486368      
   3.56648883089414369850289047518709513      
   3.48998372999711643872616874034695782      
   3.41210760265317125455893385256047815      
   3.33284662734972435634745241704729497      
   3.25218690702492047349664320085550615      
   3.17011446733053858543802563966467742      
   3.08661525796900802391277360824887443      
   3.00167515275561512669061680951555085      
   2.91527994974267969304370274903757609      
   2.82741537192821883015547500499251113      
   2.73806706761014104711070581615295054      
   2.64722061011799424813895212166152538      
   2.55486149828931598326922765298774691      
   2.46097515731437352714257644534231112      
   2.36554693744495536342049116647583247      
   2.26856211615593119017087859602503558      
   2.17000589695524609755589931912679169      
   2.06986340960760241195447450682045123      
   1.96811971135111182775674344730971054      
   1.86475978578582098710181717623041497      
   1.75976854381300093221941535106944624      
   1.65313082348728187745713310296680139      
   1.54483139028686945710860942956670024      
   1.43485493704667517140989399102599863      
   1.32318608415877504827591438235796418      
   1.20980937964065131308640015080931187      
   1.09470929909846550314844476776218881      
  0.977870246383599911597413532686860394      
  0.859276552635449339310280544880326644      
  0.738912477644040533799742490045993850      
  0.616762208510193166901792069451527594      
  0.492809861359050570041946706321622458      
  0.367039479484592484334107780985958638      
  0.239435035414242788735147196268426356      
  0.109980428707998370244180330149818213      
  -2.13405112501544270516191495979146184E-0002
 -0.154544027686381792771379173023067656      
 -0.289646435829165073548320410659902910      
 -0.426664120965919789436972493545040120      
 -0.565613541504512404327070710046787466      
 -0.706511226176754185440366845085976663      
 -0.849373775641551085543264834928122736      
 -0.994217862550007444419926115217183943      
  -1.14106022942070714862347098886783811      
  -1.28991769150983569700492509600822580      
  -1.44080713553352293414533252189125746      
  -1.59374551794621891623991565634200117      
  -1.74874986751495965983299479202878238      
  -1.90583728566519117245779514587457455      
  -2.06502494200542786773472741777964169      
  -2.22633007906612766377981047529594804      
  -2.38977001182475197526309068637275057      
  -2.55536212431625776470630044711040978      
  -2.72312387214038934869879243017476128      
  -2.89307278217623246434928563271794105      
  -3.06522645398761108211921659082577227      
  -3.23960255633448867771129181657597356      
  -3.41621882905043895188590087043687420      
  -3.59509308314219925674745548711522404      
  -3.77624320117251970066317467243284456      
  -3.95968713771385142353599168457148974      
  -4.14544291757225344329354503406856545      
  -4.33352863262538437702921370280240467      
  -4.52396245167220462811948192922530642      
  -4.71676261404354159485649084327610506      
  -4.91194742327628471971550052220565233      
  -5.10953526016970201536462520827556791      
  -5.30954457384835670656934369378462254      
