   6.46114229515578832787994501293249882      
   6.46114229515578832787994503858969363      
   6.46114229515578832787994507460013469      
   6.46114229515578832786445253264714950      
   6.46114229515578830736877830826567536      
   6.46114229515578543430523330181862572      
   6.46114229515567986084553735240364274      
   6.46114229515405411085425175825805831      
   6.46114229514024780706441807452836127      
   6.46114229506340386794930078186414743      
   6.46114229474944116453372245440999271      
   6.46114229373255762110193289157734236      
   6.46114229097773987410595122947426037      
   6.46114228449084290458252626001041017      
   6.46114227083410622817644094970521553      
   6.46114224455776934104084362402486082      
   6.46114219769051488123142211772445751      
   6.46114211915224496935068108618922968      
   6.46114199424398406030413740687764371      
   6.46114180423514668892827018231030618      
   6.46114152603597410841440001129875884      
   6.46114113198123860330535880359370298      
   6.46114058973764629734205664969301212      
   6.46113986234497451969947125994371240      
   6.46113890839772740487813467785495848      
   6.46113768236899996727933366301233836      
   6.46113613507104069259297545984698633      
   6.46113421423821782713897072360159157      
   6.46113186520883763860617040260539976      
   6.46112903166121797295721747008467012      
   6.46112565639678935128125887077757246      
   6.46112168215289947542981277036995713      
   6.46111705224059790457293273767667688      
   6.46111171119026669068560902486593005      
   6.46110560523837128071219581099902041      
   6.46109868266776892367604942227963348      
   6.46109089395840794829011374587269560      
   6.46108219184222980609701071820641747      
   6.46107253105533789945012491283386781      
   6.46106186818179676272181516716030295      
   6.46105016096112870546695764698456061      
   6.46103736779542530415615531007498657      
   6.46102344703798400744575230380712799      
   6.46100835622316554955978570563063897      
   6.46099205124306450741150016825371791      
   6.46097448547961705288043371668006579      
   6.46095560893067377137730412765409524      
   6.46093536746889210250361098974186224      
   6.46091370199883137484858294288207053      
   6.46089054761027928333092340866423806      
   6.46086583294640285815205330430812748      
   6.46083947955131642199792609835947352      
   6.46081140131648573902290257726530354      
   6.46078150397244355510776683915723630      
   6.46074968466962923074492257311424572      
   6.46071583166798303851408807591288629      
   6.46067982401893543518241751214625465      
   6.46064153141723533246741721497263533      
   6.46060081394361497890506000543184362      
   6.46055752200098966843595477490744410      
   6.46051149624158180023784967280544110      
   6.46046256758377350420046565251133889      
   6.46041055712050002897304248508813820      
   6.46035527628992602874690429127745232      
   6.46029652678477782122531550538007860      
   6.46023410061133749052901730161662000      
   6.46016778011377474353528142963163592      
   6.46009733803794941706964535481623825      
   6.46002253757807866621089171250013853      
   6.45994313224649881031666521842537903      
   6.45985886589175358724232505566780684      
   6.45976947267963555599236176853374628      
   6.45967467686890681116049782043462550      
   6.45957419268595689543594032385324891      
   6.45946772415051401073117941236301506      
   6.45935496474461710009240239380465096      
   6.45923559710513240512242821426849647      
   6.45910929259585683032047786216398556      
   6.45897571100407975355632888988977219      
   6.45883449988036041795952334371392941      
   6.45868529396293881898372387899412162      
   6.45852771448135782028627756326566860      
   6.45836136842975496731111054194639736      
   6.45818584773481607177104260047709348      
   6.45800072833992185751922137833565562      
   6.45780556917637645671722339082199570      
   6.45759991104454692829485597578028646      
   6.45738327515566880784227562480598379      
   6.45715516251175888836812200189847928      
   6.45691505191466952887210182951102648      
   6.45666239878862234994115691907963351      
   6.45639663369370508186457921687490118      
   6.45611715864524053585712008938188011      
   6.45582334860527471705841205517024465      
   6.45551454666073416545836822775239901      
   6.45519006397226862668485505900121173      
   6.45484917595692540671953060562999415      
   6.45449111983744078140873408800560054      
   6.45411509320347133935815015585284053      
   6.45372025076824427896488694591203749      
   6.45330570036877518887977811692678846      
   6.45287050206976215211507332843081474      
   6.45241366255802871497056005687963495      
   6.45193413292500542326268381722043222      
   6.45143080489061764685438313171101408      
   6.45090250633382820371249609831522001      
   6.45034799710523803104933255772436652      
   6.44976596511057535957191179372187146      
   6.44915502062812054592823420825808704      
   6.44851369246744442688073598975732721      
   6.44784042127527881256009831136494415      
   6.44713355463715392638669527733158160      
   6.44639134076787573724137428338584363      
   6.44561192183490583703036177245714466      
   6.44479332759252748828647059938870191      
   6.44393346721252666039164531695465390      
   6.44303012204089551681830537461580503      
   6.44208093741834368885619026059760765      
   6.44108341324196145391705571146143712      
   6.44003489529621875102240691322705382      
   6.43893256435971721787508343807717868      
   6.43777342616756123403369689647263405      
   6.43655429976355983485490751884146763      
   6.43527180537063574237483440045998963      
   6.43392235144826477546469692420035408      
   6.43250212148532867489654325422313898      
   6.43100705880460957934295826021945304      
   6.42943285132823970624061516259655364      
   6.42777491538809310046803559533588715      
   6.42602837833640974509159087752669325      
   6.42418806026574791449217264653540430      
   6.42224845486959017418972637776583591      
   6.42020370928649904326870788877805482      
   6.41804760322638746347830428486787806      
   6.41577352741539337355357881678321027      
   6.41337446050161872063110134422889638      
   6.41084294744241481748448899112729659      
   6.40817107579681034403717982842108172      
   6.40535045379112231036202373117514316      
   6.40237218746625034098770257722098248      
   6.39922686054066218807429592981804469      
   6.39590451580950258970061328990660787      
   6.39239463875580087621818920949582391      
   6.38868614541643608215286424454512009      
   6.38476737492690565783886012208723274      
   6.38062608807081156823815407122235872      
   6.37624947208057013989888628216984758      
   6.37162415301411442475379362177328827      
   6.36673621992793877067691358079950232      
   6.36157125357388922813037090501274457      
   6.35611436781581789678509179010709985      
   6.35035025879981192587835765675318853      
   6.34426326202614802880927201723219073      
   6.33783741687692856134469789017795423      
   6.33105653547740966558724725920726681      
   6.32390427276491332254217080447079951      
   6.31636419831615651360918879893238807      
   6.30841986475109877768820849572058958      
   6.30005487094806362050810200633093430      
   6.29125292139463263612933769374929476      
   6.28199787344161733438660254749974454      
   6.27227378023733602153228207920048988      
   6.26206492126292336901031490249571286      
   6.25135582689679730479063828960001521      
   6.24013129390813164608495332530901165      
   6.22837639314040812135705090803910817      
   6.21607647465635780652270313183676349      
   6.20321716053300302426438607845721191      
   6.18978434331872823185905337366890371      
   6.17576417338332121136088612690052134      
   6.16114304851021213137746071976433149      
   6.14590760269459261282894760225950125      
   6.13004469220993936767365884192130278      
   6.11354138201644651963240350422397453      
   6.09638493358188423933530404025033861      
   6.07856279201782123430455044766368499      
   6.06006257437682793056436897822793737      
   6.04087205790437346363719853269492157      
   6.02097917033913375560769540506299900      
   6.00037197929002401734162479668121940      
   5.97903868235068782058939519152144223      
   5.95696759929492451815684036510112669      
   5.93414716195997400984877313830252178      
   5.91056590694374564210763831651925597      
   5.88621246564356166866437365065281158      
   5.86107555725914080052517384519877337      
   5.83514397980253823069717497131362141      
   5.80840660041075432454458709259593458      
   5.78085234820812934355555242163488064      
   5.75247020405014887118239051214510046      
   5.72324919135990451790352005785145205      
   5.69317836763770779371690440206636131      
   5.66224681507937013616015752773317191      
   5.63044363052678599640388523835542669      
   5.59775791677087851173942618411500189      
   5.56417877421702313446665458214757912      
   5.52969529046134363013620785870866771      
   5.49429653433386086317927379328811637      
   5.45797154514080281254298231313601922      
   5.42070932788237114554958682544437294      
   5.38249884445221648019340834306167498      
   5.34332900828121523347218992084002949      
   5.30318867730656204230742715648357710      
   5.26206664983572253831415432046446036      
   5.21995166002337127654495187102199817      
   5.17683237248216857046119291040361818      
   5.13269737972128619008282032637146352      
   5.08753519869245536859168371971859641      
   5.04133426786131409389432213150860395      
   4.99408294639568024571890668285138988      
   4.94576951098037299567445101403641393      
   4.89638215430550929758301484395819105      
   4.84590898577466564244556453814437589      
   4.79433802898006305396747415790713831      
   4.74165722124055718708379135194205097      
   4.68785441503814839998334503173375343      
   4.63291737575700187242896771171975833      
   4.57683378260473439314096731980797977      
   4.51959122926267238090606731224420576      
   4.46117722313809600888544292781368214      
   4.40157918637771762105677290628397952      
   4.34078445625025522341977280676877779      
   4.27878028524143691749645164246733820      
   4.21555384220076327563153412608924597      
   4.15109221154156449031271812140053526      
   4.08538239591960301750272933812027403      
   4.01841131429005971437941820087201957      
   3.95016580501433666305405260554680264      
   3.88063262385202992481946473806025054      
   3.80979844669093067375259789747896766      
   3.73764986894038236122308695093403411      
   3.66417340618831204262237734483875877      
   3.58935549450985602173426745436376323      
   3.51318249167961787913962067509183279      
   3.43564067726721049864425631145015659      
   3.35671625276818689565521387495210494      
   3.27639534147451772202363967407109388      
   3.19466399136708388149649310066387946      
   3.11150817255731607430970220393242335      
   3.02691377863653516078859588969094273      
   2.94086662846258487299418054126134827      
   2.85335246416201362677133633483102925      
   2.76435695322932069586494982079736286      
   2.67386568736881684890196028906153232      
   2.58186418461966214949148647360847947      
   2.48833788745555941222983362832417839      
   2.39327216464017624406421449859502628      
   2.29665231050684295459017937338203947      
   2.19846354598030606434065887185357574      
   2.09869101790655834138557170570783541      
   1.99731979982070596955872693288421095      
   1.89433489190343632900602195043649820      
   1.78972122118809910762142084598501546      
   1.68346364156997218519675425864920810      
   1.57554693432734535543712043989718540      
   1.46595580769405601942957978123977869      
   1.35467489735001640631486730049718976      
   1.24168876638586892452622358961908145      
   1.12698190552778019600761599345521247      
   1.01053873309589630268723733185738906      
  0.892343594992281312525206479629731882      
  0.772380765354897945146297249297117147      
  0.650634445612810046101321904700376134      
  0.527088765943046148722893100046522517      
  0.401727783954321925459032356286561457      
  0.274535485568983487930487620311644564      
  0.145495784838347023152887849901914336      
   1.45925236653594410373499373447409692E-0002
 -0.118190526956359643814025340150769767      
 -0.252869668839472285888515008820704316      
 -0.389461274205581023569994626273861861      
 -0.527981787566178864703473452649262693      
 -0.668447725862734484967027035841369184      
 -0.810875675579780556710019565993018908      
 -0.955282296164092724559605905887181816      
  -1.10168431901505658997196143944031725      
  -1.25009854508318443864052934012806017      
  -1.40054184802948865670945033268819202      
  -1.55303117324749638782467421436782181      
  -1.70758353569773204953913334930260245      
  -1.86421602413318498249994872404828368      
  -2.02294579788605424149710458501958024      
  -2.18379008496187227041173095304451881      
  -2.34676618744301658657770225599089096      
  -2.51189147916130839422563883647534686      
  -2.67918340263912685865962475340721445      
  -2.84865947224415824838841726355984288      
  -3.02033727524426828653380683080778597      
  -3.19423446976903435108111947913373161      
  -3.37036878246276927457251948232010261      
  -3.54875801270691093313337467856525925      
  -3.72942003034786197745299892955508425      
  -3.91237277943756812511351032411217962      
  -4.09763427176828102945541060024983076      
  -4.28522258910275510466743729540457940      
  -4.47515588642301033434295164533603568      
  -4.66745238941336863582329464154800399      
  -4.86213039644661789570398336873606742      
  -5.05920827148417669003730698691799437      
  -5.25870445279960689647064444627960650      
