 0.13548723707728E+03
 0.13548723707728E+03
 0.13548723707728E+03
 0.13548723707728E+03
 0.13548723707728E+03
 0.13548723707730E+03
 0.13548723707789E+03
 0.13548723708563E+03
 0.13548723714262E+03
 0.13548723742166E+03
 0.13548723843664E+03
 0.13548724139174E+03
 0.13548724864569E+03
 0.13548726422668E+03
 0.13548729431876E+03
 0.13548734765104E+03
 0.13548743574655E+03
 0.13548757301310E+03
 0.13548777668914E+03
 0.13548806666456E+03
 0.13548846521137E+03
 0.13548899665944E+03
 0.13548968705049E+03
 0.13549056381884E+03
 0.13549165542050E+03
 0.13549299116107E+03
 0.13549460094389E+03
 0.13549651514346E+03
 0.13549876452624E+03
 0.13550138022398E+03
 0.13550439374874E+03
 0.13550783703652E+03
 0.13551174250910E+03
 0.13551614313826E+03
 0.13552107250352E+03
 0.13552656483390E+03
 0.13553265502747E+03
 0.13553937864404E+03
 0.13554677187294E+03
 0.13555487146932E+03
 0.13556371467196E+03
 0.13557333909780E+03
 0.13558378262160E+03
 0.13559508324540E+03
 0.13560727896298E+03
 0.13562040762514E+03
 0.13563450680905E+03
 0.13564961369999E+03
 0.13566576497903E+03
 0.13568299673544E+03
 0.13570134439169E+03
 0.13572084265282E+03
 0.13574152546078E+03
 0.13576342599897E+03
 0.13578657669033E+03
 0.13581100923185E+03
 0.13583675463632E+03
 0.13586384330643E+03
 0.13589230511656E+03
 0.13592216951540E+03
 0.13595346564166E+03
 0.13598622245251E+03
 0.13602046886862E+03
 0.13605623392406E+03
 0.13609354692667E+03
 0.13613243763072E+03
 0.13617293644695E+03
 0.13621507450972E+03
 0.13625888403056E+03
 0.13630439839446E+03
 0.13635165237505E+03
 0.13640068235654E+03
 0.13645152653126E+03
 0.13650422511591E+03
 0.13655882056413E+03
 0.13661535779395E+03
 0.13667388441385E+03
 0.13673445095221E+03
 0.13679711110108E+03
 0.13686192194162E+03
 0.13692894423434E+03
 0.13699824260954E+03
 0.13706988587283E+03
 0.13714394731080E+03
 0.13722050491999E+03
 0.13729964171373E+03
 0.13738144607093E+03
 0.13746601202919E+03
 0.13755343967439E+03
 0.13764383531627E+03
 0.13773731213508E+03
 0.13783399040886E+03
 0.13793399799263E+03
 0.13803747070786E+03
 0.13814455286705E+03
 0.13825539779784E+03
 0.13837016833261E+03
 0.13848903734901E+03
 0.13861218849773E+03
 0.13873981673701E+03
 0.13887212907773E+03
 0.13900934534038E+03
 0.13915169891361E+03
 0.13929943762575E+03
 0.13945282465623E+03
 0.13961213947546E+03
 0.13977767890105E+03
 0.13994975831877E+03
 0.14012871239306E+03
 0.14031489695253E+03
 0.14050868991089E+03
 0.14071049274686E+03
 0.14092073199103E+03
 0.14113986075131E+03
 0.14136836037494E+03
 0.14160674208126E+03
 0.14185554873430E+03
 0.14211535664512E+03
 0.14238677740487E+03
 0.14267045972638E+03
 0.14296709135831E+03
 0.14327740082095E+03
 0.14360215927358E+03
 0.14394218233265E+03
 0.14429833101834E+03
 0.14467151399455E+03
 0.14506268814360E+03
 0.14547285954296E+03
 0.14590308391743E+03
 0.14635446660513E+03
 0.14682816204428E+03
 0.14732537253885E+03
 0.14784734636251E+03
 0.14839537488362E+03
 0.14897078877332E+03
 0.14957495316239E+03
 0.15020926134826E+03
 0.15087512753426E+03
 0.15157397791692E+03
 0.15230723870774E+03
 0.15307633051854E+03
 0.15388264595661E+03
 0.15472754115966E+03
 0.15561231863180E+03
 0.15653821022952E+03
 0.15750636025395E+03
 0.15851780760113E+03
 0.15957346794169E+03
 0.16067411653279E+03
 0.16182037136277E+03
 0.16301267777451E+03
 0.16425129460346E+03
 0.16553628238314E+03
 0.16686749431025E+03
 0.16824457057281E+03
 0.16966693617322E+03
 0.17113380301471E+03
 0.17264417599922E+03
 0.17419686328802E+03
 0.17579048997777E+03
 0.17742351657948E+03
 0.17909425679529E+03
 0.18080090046659E+03
 0.18254153573451E+03
 0.18431417186941E+03
 0.18611676162851E+03
 0.18794722267079E+03
 0.18980345736360E+03
 0.19168337112171E+03
 0.19358488844675E+03
 0.19550596724627E+03
 0.19744461067859E+03
 0.19939887727932E+03
 0.20136688860161E+03
 0.20334683679706E+03
 0.20533698741150E+03
 0.20733568375099E+03
 0.20934134889016E+03
 0.21135248569647E+03
 0.21336767747274E+03
 0.21538558722083E+03
 0.21740495527627E+03
 0.21942459830584E+03
 0.22144340673144E+03
 0.22346034197875E+03
 0.22547443370957E+03
 0.22748477701454E+03
 0.22949052936118E+03
 0.23149090769781E+03
 0.23348518518937E+03
 0.23547268851507E+03
 0.23745279489733E+03
 0.23942492908119E+03
 0.24138856082186E+03
 0.24334320246326E+03
 0.24528840576524E+03
 0.24722376024327E+03
 0.24914889026109E+03
 0.25106345324048E+03
 0.25296713762988E+03
 0.25485966049987E+03
 0.25674076617911E+03
 0.25861022438724E+03
 0.26046782839154E+03
 0.26231339358002E+03
 0.26414675615294E+03
 0.26596777144700E+03
 0.26777631297011E+03
 0.26957227088532E+03
 0.27135555112724E+03
 0.27312607415053E+03
 0.27488377408855E+03
 0.27662859765240E+03
 0.27836050339852E+03
 0.28007946083425E+03
 0.28178544961482E+03
 0.28347845885798E+03
 0.28515848660588E+03
 0.28682553894377E+03
 0.28847962948663E+03
 0.29012077899803E+03
 0.29174901456216E+03
 0.29336436956199E+03
 0.29496688260948E+03
 0.29655659760928E+03
 0.29813356325844E+03
 0.29969783249004E+03
 0.30124946235479E+03
 0.30278851351658E+03
 0.30431505014233E+03
 0.30582913937328E+03
 0.30733085114164E+03
 0.30882025836412E+03
 0.31029743583784E+03
 0.31176246076561E+03
 0.31321541219456E+03
 0.31465637091890E+03
 0.31608541943040E+03
 0.31750264146172E+03
 0.31890812206941E+03
 0.32030194750524E+03
 0.32168420489034E+03
 0.32305498217772E+03
 0.32441436817774E+03
 0.32576245222028E+03
 0.32709932415839E+03
 0.32842507435096E+03
 0.32973979342736E+03
 0.33104357227969E+03
 0.33233650199425E+03
 0.33361867379150E+03
 0.33489017884799E+03
 0.33615110842179E+03
 0.33740155365288E+03
 0.33864160551425E+03
 0.33987135481134E+03
 0.34109089218848E+03
 0.34230030792793E+03
 0.34349969205158E+03
 0.34468913424781E+03
 0.34586872380505E+03
 0.34703854958502E+03
 0.34819870005050E+03
 0.34934926317110E+03
 0.35049032643868E+03
 0.35162197682079E+03
 0.35274430077895E+03
 0.35385738419917E+03
 0.35496131242874E+03
 0.35605617019962E+03
 0.35714204166800E+03
 0.35821901038842E+03
 0.35928715928635E+03
 0.36034657065510E+03
 0.36139732614286E+03
 0.36243950677798E+03
 0.36347319292754E+03
 0.36449846429149E+03
 0.36551539990502E+03
 0.36652407813038E+03
 0.36752457666977E+03
 0.36851697258793E+03
 0.36950134220143E+03
 0.37047776117405E+03
 0.37144630451266E+03
 0.37240704652072E+03
 0.37336006082092E+03
 0.37430542043275E+03
 0.37524319757785E+03
 0.37617346387117E+03
 0.37709629021034E+03
 0.37801174688404E+03
 0.37891990344170E+03
 0.37982082884147E+03
 0.38071459129479E+03
 0.38160125845133E+03
 0.38248089716781E+03
 0.38335357373186E+03
 0.38421935376618E+03
 0.38507830225344E+03
