   503.353983595366473674394243594379533      
   503.353983595366473674394243594379533      
   503.353983595366473674385217183349157      
   503.353983595366470859832146178872362      
   503.353983595360807657392591664739946      
   503.353983594448522217829987684281307      
   503.353983560217597714290563040312040      
   503.353983049901627259064664749568110      
   503.353978964533815820439504346699532      
   503.353957841283366656604394974188778      
   503.353878353562003002103772612539371      
   503.353642428758017899034543117183823      
   503.353058365250334778780556497474230      
   503.351803194272636086565426712265996      
   503.349392244332801829836755423592993      
   503.345161753586669837145283559705294      
   503.338267004429330955607429154762241      
   503.327695293057936047329355649487689      
   503.312290883766403274286679262341107      
   503.290788076056428434446424964801974      
   503.261848482422983782669254436376658      
   503.224098995192729629858997361810105      
   503.176167869012177345962490032128808      
   503.116717149003369883144987628557453      
   503.044470337461040661359153752134208      
   502.958234928597311503567662998418642      
   502.856919826526006177863406451742132      
   502.739547965043894197853912445220572      
   502.605264614533872169564682517787759      
   502.453341934036347369170369820253398      
   502.283180334996671612931160150375946      
   502.094307192306397442538036820437608      
   501.886373386985019047758218761125639      
   501.659148106508739770140388855636172      
   501.412512015450581714731185288281225      
   501.146450557696862885002561814472063      
   500.861044247896815947731791934209788      
   500.556460512951016512055583172798415      
   500.232944181517679321826739811207443      
   499.890808009526650150019457993884364      
   499.530423185844747869786908564648638      
   499.152209961841492841943397450559044      
   498.756628522727407596590911428662871      
   498.344170229517108351047339379704452      
   497.915349135478128389763255936432948      
   497.470694285623018511174235040105282      
   497.010742301813115323085639152852570      
   496.536030656884132886317547734216949      
   496.047091546550212108576067676687051      
   495.544446402086480181487911711812423      
   495.028600999659313351435725626223204      
   494.500041208784449271070723633494862      
   493.959229385873504246100764364944977      
   493.406601104085270986330352904564461      
   492.842562850568230333299682731347860      
   492.267489907882767839481167928023540      
   491.681724805975141807069591087170591      
   491.085576211765967748597277712321949      
   490.479318212353313583771768388517651      
   489.863189962423210647365563661763147      
   489.237395717276319346750390867997224      
   488.602104772020140334604985220551270      
   487.957452205470614056139078645743451      
   487.303539507854813956589567667416160      
   486.640435273374800057362572470493353      
   485.968176235182423108913726210689402      
   485.286768255999408966227348118193835      
   484.596187487409147069435997722641519      
   483.896381573887360398562085991331547      
   483.187270604502468600960630017058275      
   482.468748597132324544058831142312875      
   481.740684732616362502085558565463130      
   481.002924324120550959051362877363247      
   480.255290022013410070589481406668111      
   479.497582923035067443274148804009707      
   478.729583689171669399965715655192018      
   477.951053228145145381866053254663762      
   477.161733898091397879593478059343951      
   476.361350190500920415090924243076694      
   475.549609650513744595919439634937012      
   474.726203441772805491874797191363510      
   473.890807063090688495645591475407036      
   473.043080469841389829016442466705840      
   472.182669003165187005177517027130535      
   471.309203579042087987019133019599863      
   470.422300999555171901135671110435700      
   469.521564103555237391472191286038955      
   468.606581699980464336050673602192077      
   467.676930083687714305215372476539026      
   466.732170614627665434081880867641661      
   465.771851444481801409260971358917793      
   464.795506892425840259734845315973091      
   463.802657274649635879548348284322083      
   462.792808712808724788768759588344989      
   461.765452859579183562837802970631085      
   460.720066348661233118983910294631325      
   459.656110298853170179957787206947618      
   458.573030961849444723505455261398865      
   457.470258026331956202616401713928655      
   456.347204341713488874492337102197331      
   455.203265224910981051091128621309463      
   454.037819184432428136262855220150678      
   452.850224321406247273623417260598456      
   451.639821088966342695072029887675172      
   450.405929369869375113995107504540160      
   449.147848520354380710763977387394554      
   447.864856568973477105435859689661514      
   446.556208850988469858884149880983148      
   445.221137528880625647768092913235539      
   443.858851018923015942233827060409641      
   442.468533286244956377684463780226517      
   441.049342060308141715239658444964216      
   439.600409082608225630050383937784845      
   438.120837897866788540511110653627686      
   436.609706572342529660886616319664566      
   435.066061693758905838877374640208724      
   433.488922315665041794376471527902777      
   431.877277057057692384154255449578009      
   430.230084309910386756352238823548357      
   428.546272848539508995083362441615170      
   426.824740603842624976627294957905273      
   425.064356067647202795992907390165666      
   423.263958789943118277277339488302207      
   421.422360120228919620172928229866258      
   419.538345508868126784200646865695589      
   417.610676748695254582848756615326876      
   415.638094875566934898151844143220458      
   413.619325111558631374919500581354580      
   411.553081466673990868135829910981669      
   409.438073629629162639494806399727934      
   407.273015213430683868439418425413537      
   405.056634239610693156583056883404000      
   402.787683192436976233253061485559622      
   400.464957979178135727470131401660967      
   398.087309110720930965419619688756114      
   395.653664832868814900095035177359885      
   393.163052593658624530195223542705767      
   390.614625118143668322359548207950069      
   388.007687984540373851165537223233893      
   385.341731738621375935831025860007152      
   382.616464808479818926326525392647218      
   379.831849467275210014043445649562859      
   376.988137263159228430792050695683616      
   374.085905233407042813405574241371342      
   371.126090379930708092429718442482349      
   368.110020363350516492390740536235562      
   365.039439825734139431865197072631791      
   361.916528829608423308681124431554475      
   358.743914950737203894555437774738271      
   355.524675170812361248987649975142982      
   352.262326443684842767098360200902163      
   348.960808125332049250284253801533140      
   345.624454247632843471851231214190688      
   342.257957105704609625336840651227046      
   338.866324058189763971531997837491248      
   335.454837449288982183573731968916978      
   332.028997410342161625528870406081084      
   328.594484199872300590887197873053977      
   325.157109290189664986566597758734487      
   321.722778966118903217616705739636877      
   318.297458692324831019149416715402286      
   314.887145945791689361646882830131498      
   311.497847540915223367588411142269067      
   308.135555910249613322468782464317996      
   304.806252998731503420280257766146808      
   301.515869072351160114915751370654419      
   298.270294470624943725834898870503620      
   295.075359606872338005779309895269022      
   291.936824178359517513249673760017534      
   288.860363097686912155240428301587978      
   285.851550423855214137272827908900974      
   282.915840436740039487511560053599278      
   280.058545975663561460881890890257909      
   277.284814077711347417762637480399825      
   274.599599675655351251989976674568384      
   272.007637218027909884200129119422355      
   269.513411168053905077985614882683189      
   267.121125537009188770628123093834877      
   264.834673782684390698051126147694490      
   262.657609623016960612750541049213777      
   260.593118640345936216116434047854271      
   258.643993028886053454094953875648080      
   256.812609279251575710539534072317817      
   255.100908978817556056212242571650054      
   253.510385147441747204726176000529436      
   252.042072264936389315998804703859243      
   250.696542630905873438726033372867728      
   249.473907842393389679753946526028957      
   248.373825778451664187041810378826849      
   247.395513104843054841534473484487679      
   246.537761867647735816521921249863451      
   245.798962341747330801240347874299571      
   245.177129309937932012567582779117761      
   244.669931222230650159992975452453055      
   244.274722220395761102850296938346648      
   243.988576358554018264617143943003324      
   243.808322786579976427154797721050348      
   243.730581242288252447257150319977661      
   243.751797522487079579925487228771960      
   243.868278172094906882352873777963361      
   244.076223695719574020057919626671011      
   244.371760173605572389571107997310775      
   244.750968782957623431605575839069273      
   245.209913045529333663318252886318808      
   245.744663576118260340568229079161373      
   246.351320324033418326559811618038355      
   247.026032225907163092303024129755589      
   247.765014323814623625191457463190974      
   248.564562434145630480721600739199074      
   249.421065473803328683581895749605946      
   250.331015583110415934914484588070503      
   251.291016227594384452753944169412523      
   252.297788420671754366461199818441150      
   253.348175186703424863295386375735590      
   254.439144946954873881185566976417413      
   255.567792701325244629225156173402053      
   256.731340950523422474292237201275931      
   257.927139149501123003910579094460557      
   259.152662416396315462748967836361579      
   260.405509509584650156367184750050401      
   261.683400234027074044153307381790948      
   262.984172343420098218122304598232831      
   264.305778108070910767781824247517474      
   265.646280530307226099860301945979627      
   267.003849419053024332267152859026687      
   268.376757243040509479772953489276542      
   269.763374955568375471379517637353807      
   271.162167765741004418427714202592560      
   272.571690869157871083558645949912605      
   273.990585279854301128770393921986327      
   275.417573680703677062983897794699166      
   276.851456367273022253786536336317556      
   278.291107321925818555606636895187284      
   279.735470359945988938200035525000849      
   281.183555453559079045415523567457437      
   282.634435155835626143557967325355897      
   284.087241190249748475830675709766464      
   285.541161164707269324006472581802632      
   286.995435447806908259160341987878736      
   288.449354174100793207479977236564704      
   289.902254408573849394682805760606282      
   291.353517431282114680492033056870180      
   292.802566192842233527016844033035052      
   294.248862852734292279689987221715790      
   295.691906495742161384426538633692039      
   297.131230951480181143143173969471657      
   298.566402717757148423119740852361996      
   299.997019037804248576415376966483391      
   301.422706042809340799657449271171599      
   302.843117033528191002796032213752425      
   304.257930836365948483697330716518906      
   305.666850273899301786430482074471591      
   307.069600706838430257465710550816401      
   308.465928561129298394769490288647043      
   309.855600511456549899959094150244535      
   311.238401541802491127347365099643294      
   312.614134311500570237053881587660412      
   313.982617957578395204378915223708672      
   315.343687083619734426406838344805609      
   316.697190817380408612619748128433806      
   318.042991918147912346390329311270195      
   319.380965944446693844419572507878327      
   320.711000463827739490784595955082231      
   322.032994313716489948397925001441956      
   323.346856913290748755588432766459783      
   324.652507599611138913234184063393755      
   325.949875019581854551096046144272880      
   327.238896552538641703657069505802611      
   328.519517767359721107056102617545834      
   329.791691910803667740001586469129867      
   331.055379429555876253384130085140302      
   332.310547518855616851521079374925651      
   333.557169697534248184999263749135867      
   334.795225406180915405148177195714797      
   336.024699641214107887062166071509761      
   337.245582591400336258485090456879660      
   338.457869314324565155901507380129670      
   339.661559419791253385255397613039674      
   340.856656776918096393875147839713639      
   342.043169238341878327032336998157735      
   343.221108380842964849215710334132978      
   344.390489258443551344884155284871605      
   345.551330175258932307169854599012252      
   346.703652467969329187800423543500783      
   347.847480298291655268048785946066789      
   348.982840466604918793280519826521233      
   350.109762228061962776564556476395121      
   351.228277121779245576985385945284355      
   352.338418812990398097915263385294330      
   353.440222940518216474862571861794833      
   354.533726975082927986961605994625443      
   355.618970085905512128000875652142879      
   356.695993014408227546792653308587904      
   357.764837954796448472964916326116238      
   358.825548443990936375590232228533310      
   359.878169255211049926248680743013344      
   360.922746299384124575869201209556033      
   361.959326531450979547673271951570162      
   362.987957861730733782144304110444632      
   364.008689074870252162183887494258185      
