   6.46114229515578832787994501293249882      
   6.46114229515578832787994503858969363      
   6.46114229515578832787994507460013469      
   6.46114229515578832786445253264715027      
   6.46114229515578830736877830827186761      
   6.46114229515578543430523330540027302      
   6.46114229515567986084553770899222280      
   6.46114229515405411085426349105019631      
   6.46114229514024780706460159335545562      
   6.46114229506340386795099960513126954      
   6.46114229474944116454442802523361344      
   6.46114229373255762115237544991785431      
   6.46114229097773987429575192438652367      
   6.46114228449084290518269037906435808      
   6.46114227083410622840105315793209330      
   6.46114224455776934389411337273004329      
   6.46114219769051490477713003065236908      
   6.46114211915224510868677488964164303      
   6.46114199424398476374137701469115701      
   6.46114180423514972447860123079649024      
   6.46114152603598556371973398647431112      
   6.46114113198127711805072201657085475      
   6.46114058973776345969769130640812070      
   6.46113986234530114526832687197509282      
   6.46113890839857085223823400920588637      
   6.46113768237103564775792545272505839      
   6.46113613507566761553281345471796085      
   6.46113421424818546505301793998800325      
   6.46113186522930136065345152613480745      
   6.46112903170144521804815294771090101      
   6.46112565647280997884827218807171516      
   6.46112168229149867250923579795280827      
   6.46111705248513584196618032060393840      
   6.46111171160893219190487328059303380      
   6.46110560593559078899510158087918214      
   6.46109868379692105854411679907474591      
   6.46109089574920961640518639333466450      
   6.46108219462086403716925347568618429      
   6.46107253528000770047459350805972261      
   6.46106187448489355922134102851674972      
   6.46105017020137545670152188714200943      
   6.46103738112146364174522644928663282      
   6.46102346596675898731661124078438876      
   6.46100838272680967755000124827405204      
   6.46099208786103944841712018572500845      
   6.46097453544408254383841882650209666      
   6.46095567631314446253740677226599704      
   6.46093545735038257643907446601227072      
   6.46091382066435761531460817866930756      
   6.46089070277095157285678539823133744      
   6.46086603399159619124812719939234954      
   6.46083973783367415557369012343492337      
   6.46081173047276256144553764682402950      
   6.46078192028337017411074234858626989      
   6.46075020746216342953256224910761895      
   6.46071648376475021763628478563321005      
   6.46068063223538869095565296868723840      
   6.46064252711759106441465425019882957      
   6.46060203365054495106663028007188737      
   6.46055900807209165919795530337328182      
   6.46051329761379862734759353555803200      
   6.46046474059247642532453410711235336      
   6.46041316639505946710818062296333355      
   6.46035839574316258763155434427184472      
   6.46030024068316879342310857387098438      
   6.46023850475115197179581420777535096      
   6.46017298309086209761456961714131785      
   6.46010346266684012727569453223633617      
   6.46002972237934670099133493320627775      
   6.45995153308400935874149436352516634      
   6.45986865777383709272821928153126589      
   6.45978085165814691657429452441871299      
   6.45968786211852590887441053018380392      
   6.45958942874992725235080419580920670      
   6.45948528334589078359459165724681539      
   6.45937514975992757583856934131527393      
   6.45925874376697685628630210452189717      
   6.45913577292458043712840701063134813      
   6.45900593640910939644006665832592389      
   6.45886892458013041096457159799805744      
   6.45872441868491284500752442655037452      
   6.45857209042399034091268944192026590      
   6.45841160149247490623286311089216540      
   6.45824260303826051969113931325008495      
   6.45806473504065879205165878499631284      
   6.45787762558819318249921620037268969      
   6.45768088998285614880188347281590998      
   6.45747413054216844801478208722742282      
   6.45725693475811252203792196556293139      
   6.45702887500053853028272361068506476      
   6.45678950708038875333878086318619564      
   6.45653836914514647777101029732509229      
   6.45627498141752972493225259071125009      
   6.45599884075732819647758042179033824      
   6.45570942559154893905269653799027809      
   6.45540619031228360292517598281870489      
   6.45508856395163400192885336282661464      
   6.45475594905069371329292015105631725      
   6.45440771899036450865464998212905854      
   6.45404321657607301035845798382004119      
   6.45366175298860257121067695536168533      
   6.45326260239135563169149163818726249      
   6.45284500309127365045540344732266919      
   6.45240815218398416351763167075744165      
   6.45195120437454944975360859910023358      
   6.45147326791949219039380666257010463      
   6.45097340222416437035933442388568581      
   6.45045061463862282494957774955023973      
   6.44990385633973261436596310287390191      
   6.44933201827277244844832647758296997      
   6.44873392822405658738673707222079417      
   6.44810834558087148990643890867980776      
   6.44745395692085748712520555428788388      
   6.44676937126484012878864317496442795      
   6.44605311480002899318391484315498996      
   6.44530362502790272320063543777586438      
   6.44451924493741902252656953398632331      
   6.44369821679408057457199421531319639      
   6.44283867494239472736085870655337510      
   6.44193863836475921388752711942135666      
   6.44099600298749466960254717195557804      
   6.44000853377912611776721260499497697      
   6.43897385422692714170546723346919983      
   6.43788943791835477934046853172935889      
   6.43675259741678182875315144834624567      
   6.43556047306737275957621832290734929      
   6.43431002091961283099255277818855757      
   6.43299799952125120159494381344678381      
   6.43162095608240763532328236494171003      
   6.43017521123388570953480492678577037      
   6.42865684278598961927829573330853702      
   6.42706166828002556372238123095626366      
   6.42538522617358090328596555634862213      
   6.42362275574179280707583040285313702      
   6.42176917539188872897212261291985801      
   6.41981905970143007763346792228383940      
   6.41776661473450829955222407197465978      
   6.41560565187209323910448517647650121      
   6.41332956013966505493892961135794162      
   6.41093127705617919940794582904405733      
   6.40840325821196846082924385690014804      
   6.40573744574342969587891569015808665      
   6.40292523608134626285640344469833902      
   6.39995744745971658024991847041677011      
   6.39682428779186562575622713330956426      
   6.39351532398990515200436780310527212      
   6.39001945273546114082639203432602619      
   6.38632487649171746748181081633933899      
   6.38241908320389433696645261919182954      
   6.37828883364549191056043633022623852      
   6.37392015766440250065028096862100112      
   6.36929836135287809211732181961663812      
   6.36440804694666322379133284541875919      
   6.35923314736430541752412409901066432      
   6.35375697626718035698678754918723166      
   6.34796229349983713344123478453801296      
   6.34183138545218974473852785061130364      
   6.33534615946607782058484282625171654      
   6.32848824605625959587704111899275966      
   6.32123910800342575802746990893556552      
   6.31358015033001139028221757661972539      
   6.30549282701838504690306324419933058      
   6.29695873578264032181731953331425090      
   6.28795970687997385452201732195705815      
   6.27847787014456089595740683862760552      
   6.26849571130748198174934040980864796      
   6.25799610753831607223985827547103589      
   6.24696235303442370533353668573871714      
   6.23537816397929238834744059602314500      
   6.22322767812095566026571448408579145      
   6.21049544191274674727442815934004751      
   6.19716639287354910176492776844767298      
   6.18322583284737034149875347080776768      
   6.16865940593202076440189091963561740      
   6.15345306793164879347556744837782437      
   6.13759306139578518689706381363201467      
   6.12106588700404986213327159961875661      
   6.10385827855090465618126873062867920      
   6.08595718095881897490467514520114290      
   6.06734972799404622178848914316857324      
   6.04802322310891986851787224513076537      
   6.02796512259091569599569770553518786      
   6.00716302100391136899411388725150813      
   5.98560463686158267970699494796419763      
   5.96327780277670869893335724907365819      
   5.94017045384343410117331214267826594      
   5.91627061980471403568881341869597040      
   5.89156641711503658504131823882586715      
   5.86604604237907117685052136624401189      
   5.83969776562453655863975755287684331      
   5.81250992529573539992331881635523659      
   5.78447092218620670814300396297908718      
   5.75556921470157796930945637940113958      
   5.72579331269883190797244439321412768      
   5.69513177354246094395518660940704635      
   5.66357319458279626701374763063208140      
   5.63110620910106642480608459793812107      
   5.59771947924833230353963087772019979      
   5.56340168923824879227419181775201903      
   5.52814153945965815022768407001240393      
   5.49192773900059546298723279554026592      
   5.45474899872393335121648739811309193      
   5.41659402335114226358036111240401439      
   5.37745150462840415964128032936959750      
   5.33731011385392890759660570775985826      
   5.29615849475274943705814431581789015      
   5.25398525632755099050019853654995034      
   5.21077896618971995305525948680120074      
   5.16652814423989891261253244356101316      
   5.12122125668732307009809593230628296      
   5.07484671063558200749231776679219647      
   5.02739284889084796696716610414400474      
   4.97884794587479830683014978396310619      
   4.92920020310109958392176514670038660      
   4.87843774605337996660605962977675360      
   4.82654862088057788575245006608392782      
   4.77352079205774957081236155809322436      
   4.71934214041557003697321468983810643      
   4.66400046123737683167740440933845148      
   4.60748346275521730123871661971918633      
   4.54977876509479965819073282437738211      
   4.49087390030737799157476968543601683      
   4.43075631059111454241375247032841541      
   4.36941334954832091551073667059701382      
   4.30683228091145252479352142136284282      
   4.24300027876764566830232994956739702      
   4.17790442882399880533324916700877032      
   4.11153172721097135621314912518567346      
   4.04386908237087596731878640878130628      
   3.97490331464986337517094719814404176      
   3.90462115648957887491607369342863062      
   3.83300925485911834507930625920017755      
   3.76005416917124495185371800381408133      
   3.68574237453925757373920635313828869      
   3.61006026020886574151462873489859738      
   3.53299413206190467934325596840075516      
   3.45453021158259720717716862716472074      
   3.37465463788964073148685996419027532      
   3.29335346686057263993845985265059562      
   3.21061267357022526467962150368869665      
   3.12641815112863741632631666174903016      
   3.04075571206632226879208272666559983      
   2.95361108877422906130239607380768045      
   2.86496993401762562244605104040273114      
   2.77481782096788711536930070055113997      
   2.68314024460830638381892981578168256      
   2.58992262089084286062793900087022188      
   2.49515028847974314888605009063836151      
   2.39880850809053765267421981120811563      
   2.30088246352091031231413408417777721      
   2.20135726128782470861602226376347161      
   2.10021793189348212293791490745022513      
   1.99744942940506713044698985307193205      
   1.89303663211121610502667610115243463      
   1.78696434257046836415695609454465582      
   1.67921728780734765337729164562244922      
   1.56978012009317188239477788303211916      
   1.45863741648553895897970001689825570      
   1.34577367946776411545373852030831881      
   1.23117333697924001890039937957427339      
   1.11482074271126883262335392178327863      
  0.996700176107772857402449009980610246      
  0.876795842865124022854969503002405276      
  0.755091874810985751771263313025243391      
  0.631572329885526017001163940468093847      
  0.506221193120494752604827422696879352      
  0.379022375369354972971550520717477077      
  0.249959714992159382042145001730805935      
  0.119016976293371258846633256933870614      
  -1.38221479410762256914275546734713190E-0002
 -0.148574039932080019399941826791719204      
 -0.285255152394025102433552425726183216      
 -0.423882013008442414962831053606371764      
 -0.564471220341632189614108999806501046      
 -0.707039446583729221527743175391926346      
 -0.851603436059888033919944058097740497      
 -0.998180005081942244960422297697913569      
  -1.14678604393430288696284563507798088      
  -1.29743851209482389661300224516048049      
  -1.45015444450509511931665846646664404      
  -1.60495094723273474662094176611038885      
  -1.76184519629530278609085250107971280      
  -1.92085444277134597843987535459485439      
  -2.08199600912945717654655392480210669      
  -2.24528728720213541489585811883749041      
  -2.41074574283532468605569638224558307      
  -2.57838891577554438112292828785342741      
  -2.74823441160542941570490566354855142      
  -2.92029991401743793263366593945278155      
  -3.09460317462201119449793224972380028      
  -3.27116201770414556213395609132615001      
  -3.44999433732065812070871977104936648      
  -3.63111810393202018432680474465999426      
  -3.81455135351383693228633472782180971      
  -4.00031219703039797475253185280197012      
  -4.18841881673843142344168861705376211      
  -4.37888946663258400068758527082722560      
  -4.57174246867891410258851823832542251      
  -4.76699621895699511948739776651676482      
  -4.96466918590082489384641899188966864      
