   6.46114229515578832787994501293249882      
   6.46114229515578832787994503858969363      
   6.46114229515578832787994507460013469      
   6.46114229515578832786445253264715027      
   6.46114229515578830736877830827187224      
   6.46114229515578543430523330540400239      
   6.46114229515567986084553770992984022      
   6.46114229515405411085426355215808838      
   6.46114229514024780706460320604760327      
   6.46114229506340386795102214294828431      
   6.46114229474944116454462596955243461      
   6.46114229373255762115360044043139957      
   6.46114229097773987430153481741676327      
   6.46114228449084290520473289981220224      
   6.46114227083410622847180028800850514      
   6.46114224455776934409161638808733855      
   6.46114219769051490527046853184138275      
   6.46114211915224511532585380166551044      
   6.46114199424398480322753760621609835      
   6.46114180423514992258297562679965945      
   6.46114152603598642128413706676754500      
   6.46114113198128038624511035063036967      
   6.46114058973777460874022723809112081      
   6.46113986234533566504778981779950978      
   6.46113890839866899184114544509236240      
   6.46113768237129436763303310534269662      
   6.46113613507630536564595816654918715      
   6.46113421424966596707365576052909213      
   6.46113186523255803643313554349605419      
   6.46112903170826950177976611108180589      
   6.46112565648649551598177165483432383      
   6.46112168231787068263210375515732762      
   6.46111705253414079847591276663228520      
   6.46111171169701854647598720959457062      
   6.46110560608917622883905643974180698      
   6.46109868405731601282606701975371726      
   6.46109089617944627983107690112034582      
   6.46108219531497477313690082787361688      
   6.46107253637538601682139417256292402      
   6.46106187617847247195489306148884640      
   6.46105017277046216677199991163447181      
   6.46103738495017112855040469065980470      
   6.46102347157737147285393741509847191      
   6.46100839082519961416546403474201781      
   6.46099209938245392238808574965537121      
   6.46097455161649591981092350220026399      
   6.46095569872460493104391667484185109      
   6.46093548803891277971132053748520232      
   6.46091386221714518399671427467423919      
   6.46089075844159966348024694661559174      
   6.46086610783588531240857236274465688      
   6.46083983486570115736391265397297324      
   6.46081185684339781628762382534459309      
   6.46078208348304080716773551641374154      
   6.46075041655003288627842604185885880      
   6.46071674962650743993427646474927767      
   6.46068096787162015116089918569466264      
   6.46064294796545606416601397789875380      
   6.46060255794041963682268621918723779      
   6.46055965722211592589134048232756657      
   6.46051409666448456373845074661270765      
   6.46046571868395611679591293647370630      
   6.46041435728919465087065032640381103      
   6.46035983839402805275364006657454625      
   6.46030197985697881160620157629548817      
   6.46024059169983600700039765394565311      
   6.46017547628044600486353762316980062      
   6.46010642856762010296887544111293681      
   6.46003323631317127738205596751599880      
   6.45995568013790030155645635775316663      
   6.45987353378366718158658236766801318      
   6.45978656425883427697777947166569262      
   6.45969453187061282947686701534045074      
   6.45959719034375031962948050281583839      
   6.45949428688542981989238928189312476      
   6.45938556213208720396156520322029193      
   6.45927075009603833094738171463799701      
   6.45914957812819690434987814410021232      
   6.45902176684216814675696895843238195      
   6.45888702977947692608620669235575848      
   6.45874507322294047659092119970335371      
   6.45859559587263915775569929044348486      
   6.45843828850330303271450214411184169      
   6.45827283354256572190911025226449711      
   6.45809890457645314146035910372189822      
   6.45791616575322243109491192256662172      
   6.45772427120570569480110595791005870      
   6.45752286422235021769582471988685614      
   6.45731157706679714863510105519018469      
   6.45709002934392484969202763491912623      
   6.45685782752123718984104981559981707      
   6.45661456368882365461816147972240704      
   6.45635981501098616291363547011704556      
   6.45609314213646581334192609486443587      
   6.45581408674308690845520382225176236      
   6.45552217370760113114674146252283213      
   6.45521690620879798858428439604536495      
   6.45489776581359801368938607314473419      
   6.45456420951219198035116282476239661      
   6.45421567045807148660715970394643011      
   6.45385155364151697755786313979710067      
   6.45347123451646511941382608169292169      
   6.45307405832604804579144153108883818      
   6.45265933591667546598406204978114499      
   6.45222634260034374310659913695415686      
   6.45177431494852951845039132922765267      
   6.45130244824575608185633461795614822      
   6.45080989428321759200916251348558495      
   6.45029575725275420432853129192989504      
   6.44975909088861339090441680369583542      
   6.44919889530178723282401380356968654      
   6.44861411309377033029210527210832417      
   6.44800362509837077962098666907660063      
   6.44736624652766615064289115182265498      
   6.44670072246746855376917319982983178      
   6.44600572275057387684340047568404046      
   6.44527983709900619580047784198957019      
   6.44452156979225209182689759624229977      
   6.44372933291924830171959713319420929      
   6.44290144142595422108315310317502951      
   6.44203610502602611709188358503878400      
   6.44113142175818502545434725539564146      
   6.44018537007418712950967156963095884      
   6.43919579986185863575900430887930557      
   6.43816042405020144360817315682350157      
   6.43707680890919945706470212289090383      
   6.43594236300398850247065781496213510      
   6.43475432643325375219956563650727500      
   6.43350975815952992652832572183843020      
   6.43220552338960110020134379133424410      
   6.43083827862016497261978316661375488      
   6.42940445688676452813143370383631415      
   6.42790025084896300269539465947565114      
   6.42632159478075949110797021121415224      
   6.42466414512353798400916805648368722      
   6.42292325956929613659552192979645533      
   6.42109397421471195087186938729227317      
   6.41917097914227382303628807228165316      
   6.41714859217017194350044264233385886      
   6.41502073041151729045972623883843442      
   6.41278087992514113298597798482763565      
   6.41042206374779711573778985610511905      
   6.40793680733637086128002372710397168      
   6.40531710273790618981228746016304925      
   6.40255437106976877770651336474613282      
   6.39963942399950552500315171818902933      
   6.39656242473068106981674048744789764      
   6.39331284963234156541474273749209073      
   6.38987945181601343222004382411828672      
   6.38625022630713855776468300333283318      
   6.38241238377824224680240847528302420      
   6.37835232929384856336829141196057041      
   6.37405565191967728812829594720145721      
   6.36950712754129850243143245243639343      
   6.36469073921385160830230263108066515      
   6.35958971369352985186452527920044546      
   6.35418657963702928287257215031006226      
   6.34846324626089687347687550072050415      
   6.34240110160525968218248507198192948      
   6.33598112691630778280854627246822134      
   6.32918402499955411698668357481570360      
   6.32199035292275352432662814728365541      
   6.31438065384944647807585763546873653      
   6.30633558686000503914281550305171020      
   6.29783603505727100495756271174636379      
   6.28886320449561123834021603691090112      
   6.27939869776953509951073398210215599      
   6.26942456713736295500040650180349097      
   6.25892334892281402227322221809272725      
   6.24787807683788696771476580619733728      
   6.23627228060127777238431959796122044      
   6.22408997467612536773010857540758613      
   6.21131563178199931199188258898654931      
   6.19793415414450322177066529469400101      
   6.18393084181474142824721755828050499      
   6.16929135527891605153380468774495123      
   6.15400168411096048603225552387056224      
   6.13804810911943233994857205415486925      
   6.12141717184398390230958758059164430      
   6.10409564511013823641909596621649430      
   6.08607050728587561614016260031949540      
   6.06732891675893278638823802223157571      
   6.04785819130695781696434860916374459      
   6.02764578969272597438551929751898982      
   6.00667929533206778762694767006147493      
   5.98494640284132464742051770734069295      
   5.96243490592631917803042513344893526      
   5.93913268723375253737415946300667363      
   5.91502771029702842267056972851721082      
   5.89010801158287615871027256883553843      
   5.86436169451717414979616375604693868      
   5.83777692427593589273088486587378246      
   5.81034192279760317996026403079656505      
   5.78204496446126146309839393195960307      
   5.75287437203393349055558241945639211      
   5.72281851273054924890323766221771871      
   5.69186579410885588144325643040258758      
   5.66000466002504423748932302512507333      
   5.62722358611342751289997648325082111      
   5.59351107546239802557627566686792845      
   5.55885565369693325629299244124099318      
   5.52324586315260345065050886866948247      
   5.48667025807149690740443299915742174      
   5.44911739828857244072428001691371923      
   5.41057584296895492154574755960741191      
   5.37103414479834809438770658972376836      
   5.33048084245244792939890979811614175      
   5.28890445606269181369152869661277662      
   5.24629347855025373134666324214767784      
   5.20263637091337199192098988885000923      
   5.15792155562277528874940080169581579      
   5.11213741001992277549511760178657872      
   5.06527226148213020989639218776021802      
   5.01731438230891948049119337719517493      
   4.96825198407687105491558230492455299      
   4.91807321385240633951720921423893568      
   4.86676614972904096644845738319755207      
   4.81431879756905696972773738817269512      
   4.76071908726068151359676103277586620      
   4.70595487086704162160568469671249941      
   4.65001391936228382371896454193297763      
   4.59288392082186766714353489789152707      
   4.53455247918631851356767561992134281      
   4.47500711257889809348289712441905716      
   4.41423525182398369445409075934950953      
   4.35222424103217917101353216466061788      
   4.28896133534716019459118545419829850      
   4.22443370157809386075207878833914895      
   4.15862841798803728790379551003753321      
   4.09153247361702642719813542939607378      
   4.02313276968237668144242157318618228      
   3.95341611807329466113272744117332344      
   3.88236924330892164352234880333586889      
   3.80997878147682460521936844394841513      
   3.73623128219679547052487140759954108      
   3.66111320720213498518960199804358503      
   3.58461093298105909201760428592508328      
   3.50671074965755673723886835253798155      
   3.42739886238905454431882407140533067      
   3.34666139122289185541426359780147237      
   3.26448437292482783864067549365116378      
   3.18085376035781877980064959866727606      
   3.09575542321417273107693321014785640      
   3.00917514919753052554761910674056973      
   2.92109864402775418920756959758060675      
   2.83151153199423173667898664738862483      
   2.74039935646188320474271472068221434      
   2.64774758089386252172278203829791366      
   2.55354158846146916373829874089808939      
   2.45776668311103914912368247524640346      
   2.36040808965211736153803533161328901      
   2.26145095446899093606141320113109576      
   2.16088034568736684864941145319606186      
   2.05868125352643317883564678911443484      
   1.95483859096494259342347390943135330      
   1.84933719356118120960692128678768730      
   1.74216182026460938023247622277040226      
   1.63329715346999994578499516834419056      
   1.52272779939330347687657787637188632      
   1.41043828819304389234705442192920143      
   1.29641307425431357119195926610552632      
   1.18063653685869681354964768743457993      
   1.06309297953761079709734206734584360      
  0.943766631239954426817356813623259359      
  0.822641646198547942807356449146897904      
  0.699702103620028107846623708296919259      
  0.574932008513385917228307168579881865      
  0.448315291839409258423029295823870159      
  0.319835809641664075867146634312691727      
  0.189477345606614153390567394364912512      
   5.72236072328970656202204085561827947E-0002
  -7.69417688116143642464432152134764517E-0002
 -0.213035221442494564701081612592889925      
 -0.351073262303614933743631360503969157      
 -0.491072476180971441451267672735509069      
 -0.633049521632249550914755356562388602      
 -0.777021128944617552773606535380126314      
 -0.923004103415932034366735751863021161      
  -1.07101532117340115077595966999320143      
  -1.22107173191291730134827095122165206      
  -1.37319035910888058926172079584941020      
  -1.52738829657339563442410939012318327      
  -1.68368271269186885654128181957179575      
  -1.84209084714109724630158939236187045      
  -2.00263001192027719988216337686345370      
  -2.16531759359056347906450135393284239      
  -2.33017104696424971132218724686513667      
  -2.49720790136588959131081114609133727      
  -2.66644575974085660780873285742903274      
  -2.83790229345224813841746831193842354      
  -3.01159524790676052727103734937771702      
  -3.18754244166275113368049786635583287      
  -3.36576176281657667928571641495766462      
  -3.54627117159565868443323383209657442      
  -3.72908870085784091895736014994990673      
  -3.91423245528552923331626340398781326      
  -4.10172061181195351484678122099409855      
  -4.29157141580348570655722477184549913      
  -4.48380318653254795239165130177302781      
  -4.67843431610107694027876169046280917      
