   6.46114229515578832787994501293249882      
   6.46114229515578832787994503858969363      
   6.46114229515578832787994507460013469      
   6.46114229515578832786445253264715027      
   6.46114229515578830736877830827186993      
   6.46114229515578543430523330540427972      
   6.46114229515567986084553771002345505      
   6.46114229515405411085426355975427578      
   6.46114229514024780706460344325330347      
   6.46114229506340386795102593017865648      
   6.46114229474944116454466302470477394      
   6.46114229373255762115385117810285917      
   6.46114229097773987430281075965167575      
   6.46114228449084290520991757784037732      
   6.46114227083410622848938179011679637      
   6.46114224455776934414306288835998243      
   6.46114219769051490540388357318368691      
   6.46114211915224511900607587235266828      
   6.46114199424398481452752764409588113      
   6.46114180423514998085281929525497058      
   6.46114152603598667970190313235203147      
   6.46114113198128139270452645485503326      
   6.46114058973777811011414024967319116      
   6.46113986234534670041085902843991568      
   6.46113890839870087708378487387273166      
   6.46113768237137967731766571365747285      
   6.46113613507651852895123101310647835      
   6.46113421425016703649196455966904084      
   6.46113186523367304669734874053919977      
   6.46112903171063113523230932246594166      
   6.46112565649127902664558814229532037      
   6.46112168232717473297550842928255818      
   6.46111705255158131087734574876720398      
   6.46111171172862624439405362604075144      
   6.46110560614471527314298425886876879      
   6.46109868415217211255004711348400210      
   6.46109089633726698735427881156213606      
   6.46108219557128420274729310053682556      
   6.46107253678243667823512577808259593      
   6.46106187681164149400593337379451553      
   6.46105017373654575599519354362446563      
   6.46103738639797820125789427754759536      
   6.46102347371106636776603388664100729      
   6.46100839392089195151938103765851926      
   6.46099210380858252816651650930230775      
   6.46097455785681686387160222382661041      
   6.46095570741433736321598568535882841      
   6.46093549999170824987459757523734535      
   6.46091387847220812873592128422159193      
   6.46089078031169999220553659580037899      
   6.46086613696457733624116920841294525      
   6.46083987329342818759465133327198369      
   6.46081190708337167274834129020652150      
   6.46078214860782009876967237969734686      
   6.46075050028975656327811303040049723      
   6.46071685647979526937907563668703142      
   6.46068110323009658509510833853596063      
   6.46064311825308186295679638023214292      
   6.46060277076852329600227732659458609      
   6.46055992156139619928068712927444311      
   6.46051442303504275015365694658240560      
   6.46046611936455048879655008887482449      
   6.46041484654681214468416387825492897      
   6.46036043273527453341791389681030528      
   6.46030269830205023758433794314115334      
   6.46024145608080721304508119779754247      
   6.46017651156468032546833248761634649      
   6.46010766320895496309600943928489593      
   6.46003470262985174096244641134256919      
   6.45995741472063967576948751972255343      
   6.45987557793552477606445281063597375      
   6.45978896446623955337967958320079883      
   6.45969734030921273006454248146059946      
   6.45960046541999065940404816950212062      
   6.45949809381506250548266589748809983      
   6.45938997355797899693472708788390539      
   6.45927584674594845645029607451718505      
   6.45915544951783709962679972429314583      
   6.45902851202138540583797829870976939      
   6.45889475812412687667724756800727629      
   6.45875390527579506850349881543036446      
   6.45860566423871105722643425347048711      
   6.45844973879614220236176238574771053      
   6.45828582538817343654879446724555591      
   6.45811361267566099136147863919496047      
   6.45793278100385085542210890767794879      
   6.45774300189426619182372661065471531      
   6.45754393730006474047024128056875117      
   6.45733523944945893610342492473451757      
   6.45711654933778402610065303545116571      
   6.45688749634889215045602875564530978      
   6.45664769688696272289076119257876995      
   6.45639675437183273261141818696930327      
   6.45613425718067357477823955897946291      
   6.45585977684000163521150814362026348      
   6.45557286983865957821926497777958067      
   6.45527307308862607073412659433679827      
   6.45495990410575472887658242831994883      
   6.45463285811019265783800204816420991      
   6.45429140898915413822479632016018843      
   6.45393500497374972681703171819219638      
   6.45356306765019569757750974885422397      
   6.45317499105278522290353400753302523      
   6.45277013820254018687809556837870157      
   6.45234783953011344553149068067057722      
   6.45190739034601663609555491962986457      
   6.45144804831450604741416870180515450      
   6.45096903147289721966952214164258954      
   6.45046951432363202946140910604076756      
   6.44994862536821279853690187379551361      
   6.44940544400120654710514974056981220      
   6.44883899726389184781883868909918521      
   6.44824825515525285143351217751303149      
   6.44763212828172868833843507529712418      
   6.44698946269565347294554810829287818      
   6.44631903529879382032119224854715539      
   6.44561955006730207687331535571470143      
   6.44488963231939952583450666765588279      
   6.44412782309877452800771684465187048      
   6.44333257405634579251606546200311815      
   6.44250224083232840714356351388428812      
   6.44163507606571584834565708651604225      
   6.44072922297374450967907027594114480      
   6.43978270681639598876917488403038141      
   6.43879342736377251487378144223512241      
   6.43775914924053263442795352565653166      
   6.43667749264480943679388735705615975      
   6.43554592298086113624995612900600408      
   6.43436173936595352988026392952789236      
   6.43312206248677490363271273621998377      
   6.43182382172892306589187186756520839      
   6.43046374015886126090449401705304331      
   6.42903831996159492171259337869885036      
   6.42754382504922943301880822055688919      
   6.42597626308015222128079557874781710      
   6.42433136561079037169996278682365734      
   6.42260456669160317835869403854443447      
   6.42079097958853384403212577952420198      
   6.41888537159017683357953718907125334      
   6.41688213667255325131257925365444687      
   6.41477526606826281305362178345730747      
   6.41255831611928522431973127428350928      
   6.41022437471095924200442161597112677      
   6.40776602415024407400130513667281849      
   6.40517530242175344699664877042956240      
   6.40244366262050607541654911419627631      
   6.39956193021599313237100330205092017      
   6.39652025957638869315873106436068148      
   6.39330809035902574999443315496024116      
   6.38991410558990915968118764116155191      
   6.38632619107782557881891162471069380      
   6.38253140330826179523366684538883645      
   6.37851594265136020950906489671625875      
   6.37426513926640597546091908222333964      
   6.36976345366392804784939406599626419      
   6.36499449588554428669435521732920251      
   6.35994106604987276790723783712636637      
   6.35458521883392279335620910163510147      
   6.34890835116073017018565281747831595      
   6.34289131476052796982031009757987365      
   6.33651454517844758156258203272632050      
   6.32975820585639698436050775763567738      
   6.32260233679745815852283050655733327      
   6.31502700404346799126787738058607748      
   6.30701243346594684450074375530724569      
   6.29853913550690057757265080907406808      
   6.28958800109028819149300344363777133      
   6.28014037840404158664099580184818990      
   6.27017812427633685570884483273676812      
   6.25968363058448650255209641345439514      
   6.24863983433335613138022062216487816      
   6.23703020750734123693300007048939254      
   6.22483873688424088749701534648635986      
   6.21204989311516281168756727654473336      
   6.19864859624744362937796820791503065      
   6.18462017392262898185997989703404080      
   6.16995032581440426478201715568495199      
   6.15462508138462352146330567240834206      
   6.13863076410058055312460332208514827      
   6.12195395688435265521151838318253622      
   6.10458147031527857059126765814407795      
   6.08650031470854632061368720201522562      
   6.06769767483616838613431337360447932      
   6.04816088832033687929658615220636424      
   6.02787742636511768189933957177647858      
   6.00683487722109412990876305685129683      
   5.98502093284080764940407736483300018      
   5.96242337612902893222783791754597385      
   5.93903007204553507740346661284560724      
   5.91482895861914478825367105951684002      
   5.88980803998838579760840283605612189      
   5.86395538067012617268985506215782353      
   5.83725910065857887916691695608051465      
   5.80970737112853716656911253954162914      
   5.78128841051908133172039874253632474      
   5.75199048141600981144302443280311034      
   5.72180188670112832962984565639081866      
   5.69071096678799344567486277409148399      
   5.65870609563930724342721638616953386      
   5.62577567778889342509823926530037230      
   5.59190814402262300106690495111581318      
   5.55709194712087933327209166988359652      
   5.52131555749507418306269729620191663      
   5.48456745878320006765395602411287274      
   5.44683614142886619543064033746266458      
   5.40811009790669933004834136747992587      
   5.36837781675808792074996841826612364      
   5.32762777654732172547959111360064827      
   5.28584844007187470442924039222800002      
   5.24302824760510876893500199418099411      
   5.19915561090952450998568120506196361      
   5.15421890773930056035279433718051037      
   5.10820647499133294999986870962793695      
   5.06110660397571715356100149303689634      
   5.01290753452341824789009579654446349      
   4.96359745023917770031426156122325484      
   4.91316447334716551351777006402289328      
   4.86159666129683123159254920337414940      
   4.80888200180022814240391686954281434      
   4.75500841019409195270716367933625978      
   4.69996372568577747557357967505866963      
   4.64373570942171882874880211543058422      
   4.58631204152608686945097968018617346      
   4.52768031910237610521517822797143013      
   4.46782805535683391093329461970983989      
   4.40674267718557404753930835103139378      
   4.34441152511905658746315431943742155      
   4.28082185208979036683401662146619940      
   4.21596082217889588085632395794225822      
   4.14981551187398223470081794547076587      
   4.08237290790246605785347491060312252      
   4.01361990916046627295907912715164034      
   3.94354332526663386035672450973189089      
   3.87212987696860342610542911549696722      
   3.79936619775374448131326067805559812      
   3.72523883210297046870255394023785870      
   3.64973423795450839798970727529691636      
   3.57283878557593273558117478069674018      
   3.49453875909914766248721610313232373      
   3.41482035618259248222820929387798046      
   3.33366968998154174088684058234537312      
   3.25107278726732121683894894489202823      
   3.16701559220156563977182675306695617      
   3.08148396362393704856611364172738873      
   2.99446367831852113214031148072246273      
   2.90594042975401252203133413295751973      
   2.81589982941002148413641265330408423      
   2.72432740697264039578035841221283219      
   2.63120861143782437210445397616769888      
   2.53652881076552689558022262648764454      
   2.44027329286411988301186012925235822      
   2.34242726589556084634662111412813820      
   2.24297585894760018635146295773679768      
   2.14190412193468126543585675194331522      
   2.03919702653337642992233595859493824      
   1.93483946614319340663288088372890746      
   1.82881625655589031076909681657727166      
   1.72111213611664932070092122746294995      
   1.61171176621806094774100565369497738      
   1.50059973117049386773717155514475227      
   1.38776053914595675457463102814232382      
   1.27317862197166519136476488338968909      
   1.15683833549020628943757570087194841      
   1.03872395996010948094911757988680935      
  0.918819700049333607015601980435731915      
  0.797109685818258252522932831420070898      
  0.673577971265517500650387898367586796      
  0.548208536745228683999199831390970803      
  0.420985286461451975542957395203267620      
  0.291892052002413418352544928607418576      
  0.160912589385627766457668943881348756      
   2.80305808037046258899989307871245496E-0002
 -0.106770365087918937309081126343520583      
 -0.243506713982089644351822293107481385      
 -0.382195005006945191594483461121829648      
 -0.522851850769531529702712761578337936      
 -0.665493937924151069240623725751028289      
 -0.810138024864920716679173642878979479      
 -0.956800945534279796478277513477414921      
  -1.10549960484607853195320642299995053      
  -1.25625098109023062494927701754880132      
  -1.40907212727940188471639518548906903      
  -1.56398016652100938120289976882502379      
  -1.72099229602746175771722889790115358      
  -1.88012578692027118135123205952027223      
  -2.04139797919196349885947171255306094      
  -2.20482629007223910284441610016755622      
  -2.37042820487263036717726551113488164      
  -2.53822128294521534486279148726456615      
  -2.70822315763269317656048909817717192      
  -2.88045153144662555108058242934056805      
  -3.05492417981081262186798208429200248      
  -3.23165895266182322534679855915683607      
  -3.41067376846310786733000141681314830      
  -3.59198661919553391109358826451083467      
  -3.77561556857436027386532871570239023      
  -3.96157875201821956475410195313709677      
  -4.14989437944312521625766393300228914      
  -4.34058072599986364571781511218204035      
  -4.53365614300211921038783280621932105      
