   6.46114229515578832787994501293249882      
   6.46114229515578832787994503858969363      
   6.46114229515578832787994507460013469      
   6.46114229515578832786445253264715027      
   6.46114229515578830736877830827186993      
   6.46114229515578543430523330540433904      
   6.46114229515567986084553771004702073      
   6.46114229515405411085426356189462490      
   6.46114229514024780706460351617279678      
   6.46114229506340386795102717795814917      
   6.46114229474944116454467594222688166      
   6.46114229373255762115394277959468647      
   6.46114229097773987430329569195018507      
   6.46114228449084290521195577783883779      
   6.46114227083410622849649822066938977      
   6.46114224455776934416442182812698538      
   6.46114219769051490546048741702886767      
   6.46114211915224511914157709707809675      
   6.46114199424398481949550059663959850      
   6.46114180423515000684345924943381073      
   6.46114152603598679654418255785531281      
   6.46114113198128185336815478045202094      
   6.46114058973777973051204174284158525      
   6.46113986234535185884059485503603390      
   6.46113890839871591807627060458020002      
   6.46113768237142025586879407712014196      
   6.46113613507662069770900862260277189      
   6.46113421425040888417521117184829995      
   6.46113186523421470128200084873669833      
   6.46112903171178523403538394738647114      
   6.46112565649362960712059125001821628      
   6.46112168233177019870804539309158662      
   6.46111705256023686948623924501769258      
   6.46111171174438320135294705294553685      
   6.46110560617251886188007442306318143      
   6.46109868419984619967512705341932950      
   6.46109089641688268601804526468238621      
   6.46108219570104079420470198575251936      
   6.46107253698919567960059730200261353      
   6.46106187713427928853334635408957673      
   6.46105017423031607481108496608482637      
   6.46103738714010224868248604276954215      
   6.46102347480779592712929465859420809      
   6.46100839551631826965746577281305286      
   6.46099210609549163819144098715835520      
   6.46097456108991997806582048821734024      
   6.46095571192466046655312492554237284      
   6.46093550621149348064319474752816380      
   6.46091388694930027815487256549546289      
   6.46089079174124787951355875475475941      
   6.46086615221875485925880107308335762      
   6.46083989345726572146485954945869870      
   6.46081193349597389427421911525176195      
   6.46078218290949190152228780634080936      
   6.46075054447557836829020420380305166      
   6.46071691296021831116498064191807140      
   6.46068117489910968916729196574779608      
   6.46064320856460570140817569911242211      
   6.46060288382156461887449357574168811      
   6.46056006219466542040126038595346545      
   6.46051459693164940189474909059637987      
   6.46046633316745427282785113786862055      
   6.46041510798566751250612726215813774      
   6.46036075076549451474199398000074633      
   6.46030308325658476097159361205820585      
   6.46024191983557645289284995428699280      
   6.46017706771818315656411877631204730      
   6.46010832727742782491485433712684136      
   6.46003549225766246231119109815963385      
   6.45995834990763122752183747121335267      
   6.45987668128226217582186541471730711      
   6.45979026143701241287619968837030121      
   6.45969885951467458667753147968690583      
   6.45960223892003912598916847771679652      
   6.45950015744269612630912444953400469      
   6.45939236726543091384609200426868909      
   6.45927861497359762553401396839010311      
   6.45915864158871830421597094099069732      
   6.45903218255998224477657770424332853      
   6.45889896750103652246819195930117680      
   6.45875872008347912138973236687462182      
   6.45861115779152736687550417230944634      
   6.45845599166562870845283475325765126      
   6.45829292596840377416461785255406642      
   6.45812165778240319641769587731523799      
   6.45794187650806369222851742861393032      
   6.45775326339479981773753106272927257      
   6.45755549084329738606527847078540638      
   6.45734822226645174072240392404139934      
   6.45713111064940362944219689928212204      
   6.45690379820556595672895356664536435      
   6.45666591505591719361289519610150269      
   6.45641707929170345429696194657280269      
   6.45615689489822158466871972771775904      
   6.45588495017750516820925635166717303      
   6.45560081939840812739511446401409156      
   6.45530405846262149532121312588108147      
   6.45499420512681602565368584632361649      
   6.45467077614968409927805810987824462      
   6.45433326837717557167070138466260213      
   6.45398115442939545275107599799817380      
   6.45361388191043961806925884482613263      
   6.45323087242468481732308254827466368      
   6.45283151839539571482034787909514651      
   6.45241518152591656877745965070305429      
   6.45198119009328563804425252765084862      
   6.45152883724956948164058040594882645      
   6.45105737843574788006811642123360676      
   6.45056602795757299127356310317177630      
   6.45005395663821403718271268384900445      
   6.44952028878933047354191234418121572      
   6.44896409923854250307562823152997185      
   6.44838440871706032601644573622180096      
   6.44778018175259203753142892804206331      
   6.44715032170235158302787482950823266      
   6.44649366640071457792090218275847770      
   6.44580898451034633409747442694179772      
   6.44509497025000241219746320940115600      
   6.44435023785535335478477100425558853      
   6.44357331685120703599548450572662086      
   6.44276264563922244479228669118663298      
   6.44191656523011606156285287792009517      
   6.44103331239545515753939963262604731      
   6.44011101253261366365021198654420388      
   6.43914767176993820526566256298000071      
   6.43814116791249990981796626450804448      
   6.43708924200915564267172817750019346      
   6.43598948832997437827997748876594021      
   6.43483934293735499890635596654440010      
   6.43363607309788256520337955201200271      
   6.43237676401074950567663892239703995      
   6.43105830569905440625499102843088184      
   6.42967737742338092423448348834035370      
   6.42823043273228554849969384010853007      
   6.42671368131297336342278397266207391      
   6.42512307021227800144135498975846595      
   6.42345426318050267697110959384038479      
   6.42170261823115121753809872028739721      
   6.41986316324212971749166021918456526      
   6.41793056917790641919113424777477606      
   6.41589912144830614264120885155408256      
   6.41376268862414236552376998803140774      
   6.41151468802957278137223618735215986      
   6.40914804975208943016386588610728761      
   6.40665517710921282704428208175999612      
   6.40402790485472802552328666441345017      
   6.40125745509722735865190094583331813      
   6.39833439129591822023372934722363653      
   6.39524857118318059740852419420139382      
   6.39198909976324064258195910943710951      
   6.38854428445579638673111686177469811      
   6.38490159182042490309701619931472143      
   6.38104761529833862791465814507004000      
   6.37696804879029899429560913439328976      
   6.37264767618779835813455840036172015      
   6.36807037847101072265377547886445763      
   6.36321916250846498715303748995404151      
   6.35807621489693992575595771991350117      
   6.35262298263728446470931778852443972      
   6.34684027935111171182988740666463034      
   6.34070841529725249854876846971763421      
   6.33420734493457143281357506011059002      
   6.32731682464159358811185205794120139      
   6.32001657370029748885899694609437489      
   6.31228642501441895049361713622802059      
   6.30410646317862362668760848065099569      
   6.29545713844071727537044988269401781      
   6.28631935875187136159473717096726770      
   6.27667455102658206874760111186677987      
   6.26650470071383434881570290440791426      
   6.25579236504256892526798782518661208      
   6.24452067011243213187677561541306420      
   6.23267329148516898587513643365754180      
   6.22023442448823585102756324115563684      
   6.20718874542923363766091218704701523      
   6.19352137265190670855561881467992297      
   6.17921782068578615602697340060720946      
   6.16426396271386168555611253106950846      
   6.14864598603761727249406877484887863      
   6.13235035604081484176658823781411830      
   6.11536378319002899748822956608430242      
   6.09767318910474559354895455124854896      
   6.07926568088980060388889327447789791      
   6.06012852595711360781088364766507709      
   6.04024913263464416816093988139815559      
   6.01961502955457711807171440887633821      
   5.99821385330690468093084398900637194      
   5.97603333285517687518515829314187534      
   5.95306128011184945244661345572587697      
   5.92928558023180627823767839625851573      
   5.90469418441785223520810495223556341      
   5.87927510339449153103998898795035347      
   5.85301640231575452818177022401998424      
   5.82590619652721243830041842661264755      
   5.79793264754619725901509583231733635      
   5.76908396046202908467692980841267196      
   5.73934838012334503336332725179578708      
   5.70871418891979670066723592595634030      
   5.67716970308729104306219381176940612      
   5.64470327053683615670640869966908450      
   5.61130326709923022418490121949820835      
   5.57695809254058763716008454614422532      
   5.54165616753031941228130810257443222      
   5.50538592848468845052001437704330737      
   5.46813582383929156547357405496833710      
   5.42989430759770679216816934572929819      
   5.39064983515416305502599007714279905      
   5.35039085752126653993780467751932744      
   5.30910581466990713962123103410801077      
   5.26678313070728807363353388588450894      
   5.22341120691073397677138438973819429      
   5.17897841603930184571125860494865427      
   5.13347309653218471248227083224272336      
   5.08688354644208389359680248108875298      
   5.03919801788959302456860603407568458      
   4.99040471203990494439670046553134752      
   4.94049177365729198330979977737144039      
   4.88944728677945437680447794813271061      
   4.83725927062682088906740393006991161      
   4.78391567501716012441387915882568881      
   4.72940437758002800983875250975011983      
   4.67371318003030155916849253305796577      
   4.61682980623931747745961311390010025      
   4.55874189915360056457469857314470269      
   4.49943701881360759543449771691524982      
   4.43890264130970117177276130404506093      
   4.37712615719480930001828319157437551      
   4.31409486949992992658539282396787690      
   4.24979599434521787539695979553328199      
   4.18421665914710309415708795199110093      
   4.11734390293516277354745378658849152      
   4.04916467553325014571233133053887675      
   3.97966583840761591202454494855515327      
   3.90883416342109647705025317523779842      
   3.83665633411751573023727692974093259      
   3.76311894560056209999785238830279097      
   3.68820850477867859806531471122983401      
   3.61191143085317730057700811911273748      
   3.53421405539476011411206909947378504      
   3.45510262383089896022719326749212724      
   3.37456329496672131413588779973247603      
   3.29258214203611559529887369582283066      
   3.20914515297048751810046811578279573      
   3.12423823102033071374008990547815034      
   3.03784719567993946274204667122849397      
   2.94995778301563330652414203800246782      
   2.86055564543449127779762353581681863      
   2.76962635387670023493834834748541189      
   2.67715539677538609859310827968208512      
   2.58312818139103705187391401180888725      
   2.48753003421746405734812093805660563      
   2.39034620091546946411884529140138278      
   2.29156184772270248134177695445270724      
   2.19116206106044494068849276828616698      
   2.08913184836410689816454912755968232      
   1.98545613820624391646380223596366868      
   1.88011978098627946095965733598357441      
   1.77310754923409256654901297612767415      
   1.66440413772318793598689445760081079      
   1.55399416408529744805518469647811179      
   1.44186216887101742221240510616763159      
   1.32799261613950501284210154672884669      
   1.21236989325432766886991507257533106      
   1.09497831193150086636754797240932384      
  0.975802107663487872986660452886382019      
  0.854825440488322890866021056954960927      
  0.732032395644673685620174897133224498      
  0.607406981840884810651079445402847312      
  0.480933134396816397743151795038068032      
  0.352594712384543365386457917088785437      
  0.222375501407907694088527731732146856      
   9.02592126755587331076475522793003216E-0002
  -4.37705179681525711424813292201654231E-0002
 -0.179730127476130102417549195444123991      
 -0.317636127292358116529793138596187043      
 -0.457505102494449541475573203152221097      
 -0.599353712527883425296519510630508802      
 -0.743198689193414254921819516686820307      
 -0.889056837939095852761659473179242920      
  -1.03694503902558398769060308694380607      
  -1.18688024328456230517535743683943093      
  -1.33887947656719367898848685874369557      
  -1.49295983744661755528772390340889210      
  -1.64913849626234884021554361238278910      
  -1.80743269782221561683563885582656800      
  -1.96785975848610341025908224155004384      
  -2.13043706614015774968697481804290184      
  -2.29518208485012082080847463241295755      
  -2.46211234607455412274798174525829056      
  -2.63124545868013725431409660221503582      
  -2.80259910099149101953032640559794025      
  -2.97619102257260321073531393542686654      
  -3.15203904720408555347951710099450297      
  -3.33016107197720000440339473901387599      
  -3.51057506161266239167948724197694229      
  -3.69329905599955322714233799668492633      
  -3.87835116668678931262696226389534620      
  -4.06574957792929675702072907578278926      
  -4.25551254239675458312721973977834296      
  -4.44765838587650082425021591500462225      
