   6.46114229515578832787994501293249882      
   6.46114229515578832787994503858969363      
   6.46114229515578832787994507460013469      
   6.46114229515578832786445253264715027      
   6.46114229515578830736877830827187147      
   6.46114229515578543430523330540437217      
   6.46114229515567986084553771006236808      
   6.46114229515405411085426356342180800      
   6.46114229514024780706460357204568076      
   6.46114229506340386795102819033162919      
   6.46114229474944116454468692639395336      
   6.46114229373255762115402378571081649      
   6.46114229097773987430373902843171466      
   6.46114228449084290521387310582378455      
   6.46114227083410622850336055610784205      
   6.46114224455776934418546922583139515      
   6.46114219769051490551732823754668559      
   6.46114211915224511927978595381834943      
   6.46114199424398482911719865830818387      
   6.46114180423515003411587981043049633      
   6.46114152603598692065195688439619592      
   6.46114113198128234798666499895555765      
   6.46114058973778148744425336366083305      
   6.46113986234535750186633507138168523      
   6.46113890839873250602974277446274072      
   6.46113768237146534114325822010694587      
   6.46113613507673498871795375846633763      
   6.46113421425068112598369791533857059      
   6.46113186523482795882045992407179033      
   6.46112903171309889085684931595940661      
   6.46112565649631843666571491683355359      
   6.46112168233705118407233200307450959      
   6.46111705257022631423556389964296522      
   6.46111171176264134806729072548750030      
   6.46110560620485683634908567867033358      
   6.46109868425549070654677824596311566      
   6.46109089651011721244508241907664135      
   6.46108219585346866607640975408697852      
   6.46107253723279870156503073624933695      
   6.46106187751547673361419252640731036      
   6.46105017481526164968851969850400072      
   6.46103738802149063035854205105680927      
   6.46102347611348581157268312947481981      
   6.46100839742011445085599189083636585      
   6.46099210883046478789418995898901871      
   6.46097456496467917812737355090018128      
   6.46095571734302577669808612696426950      
   6.46093551369442609858434683816778784      
   6.46091389716882052669840885441964444      
   6.46089080554514573868150583585621204      
   6.46086617067413050895388946885693145      
   6.46083991789397173889608145556265169      
   6.46081196555803984779702791642899881      
   6.46078222461402214826522794807031415      
   6.46075059827982208335721548390697300      
   6.46071698183754718515039873685718972      
   6.46068126242462526526191032751038101      
   6.46064331901121176864823110296143555      
   6.46060302226721841417034904717593193      
   6.46056023464170334015188465970830373      
   6.46051481043899666579188026840747861      
   6.46046659599659882134469916713990973      
   6.46041542976124141190435555014222553      
   6.46036114265151012432793101937284042      
   6.46030355814902763768506783517326690      
   6.46024249257253424404933399239317547      
   6.46017775530824736247346628720522186      
   6.46010914914802894041427784604513524      
   6.46003647052318654643879177835081743      
   6.45995950965935255747987805113860486      
   6.45987805090132361315706231467805690      
   6.45979187293049008640896716617331960      
   6.45970074887697227854537119982109329      
   6.45960444652048264937051576806677208      
   6.45950272844034415979258885278414248      
   6.45939535205274558978557680309760665      
   6.45928206964974862154144620717437926      
   6.45916262846586693146654357340450752      
   6.45903677070133857213422372529472027      
   6.45890423329325414567260350905791009      
   6.45876474784521709213079055339584461      
   6.45861804042414321476875679939332191      
   6.45846383133548475392817564795638082      
   6.45830183483918791645409687200238683      
   6.45813175878712033143003850002313964      
   6.45795330416672376730332139779518508      
   6.45776616468277032414989802703372383      
   6.45757002611959401269642695469405228      
   6.45736456622892076487555528977067226      
   6.45714945337440260786072617837306013      
   6.45692434623457140368561262914534788      
   6.45668889254433943902808002589393443      
   6.45644272924302785832898078631828541      
   6.45618548038593162189497899736993364      
   6.45591675584070035574467658115347459      
   6.45563615275861580960573670814011297      
   6.45534325149116530765612699733393733      
   6.45503761586425333068226168168258454      
   6.45471879039263522004980615230483359      
   6.45438630152153457064324941610780426      
   6.45403965332561356557739150759582211      
   6.45367832697853855930372495349974736      
   6.45330177968228449940350816701410829      
   6.45290944177232915081109851783256235      
   6.45250071541844857912285673283382172      
   6.45207497166961805474194494821779548      
   6.45163154926684957865945928060403771      
   6.45116975214386399735153419725064346      
   6.45068884619762063431180016520050255      
   6.45018805693997951899465750940676891      
   6.44966656688702591154075830020931758      
   6.44912351276935992775414398562847491      
   6.44855798106783456743295977503145151      
   6.44796900621656065054050258408350394      
   6.44735556589314070920474621377018461      
   6.44671657695666033293878907906431538      
   6.44605089211978799695245978355126323      
   6.44535729496820010481568389110548631      
   6.44463449483370145861135615772068744      
   6.44388112244531582214829736993846669      
   6.44309572394739251263320787153963620      
   6.44227675472215158796561608258858570      
   6.44142257385901069575486446593631575      
   6.44053143679592481207266546675856138      
   6.43960148813508708642339613438623250      
   6.43863075334421021505158018907881877      
   6.43761713103288860202521942393966157      
   6.43655838309936487659010427704022472      
   6.43545212491166517166879605020759002      
   6.43429581469919286671547651590965963      
   6.43308674162011517277604057549232459      
   6.43182201324429591141350991643066177      
   6.43049854175321704566761707729872151      
   6.42911302824884465798017840095434052      
   6.42766194760848462071930131247640894      
   6.42614152986913786091406035030115485      
   6.42454774052228106056343879447405351      
   6.42287625983891045165424289734734714      
   6.42112245911700699532879531151079751      
   6.41928137536475236414011345890135401      
   6.41734768339304885763652580602353918      
   6.41531566531996144697892879504327028      
   6.41317917728634229782166676898292100      
   6.41093161317440067956894796242032190      
   6.40856586515950702428232761784402681      
   6.40607428108005223697018486342172559      
   6.40344861864900444557627049810376018      
   6.40067999675939565596472174136803803      
   6.39775884424656016452420027670681231      
   6.39467484735871492751832549981820282      
   6.39141689734318972405431135415853005      
   6.38797303753446738353394807255409179      
   6.38433041916525517847377172109502051      
   6.38047526111996911799498611823852008      
   6.37639282356150705407171830884765033      
   6.37206739831036033617077063057856825      
   6.36748231969076095889033634386260613      
   6.36262000369524276451309855966116508      
   6.35746201419673880473746331916376565      
   6.35198916066423928959594029910692688      
   6.34618162522038723893457630646378826      
   6.34001911219346196918096465536012464      
   6.33348101838787804293166549899013392      
   6.32654660720075967550795413518802003      
   6.31919518089557698217104536957212731      
   6.31140624169647862427489707007841147      
   6.30315962953471350826943518946036923      
   6.29443563395533461804018704823694498      
   6.28521507647299906267432010196561436      
   6.27547936413063101681936324609208735      
   6.26521051516169505897115657265355500      
   6.25439116133816474320807839213170903      
   6.24300453327878038012188036099659476      
   6.23103443061068219995171971690607489      
   6.21846518501801940698181233207116261      
   6.20528161316758386741810670161036246      
   6.19146897071411511813751858211059916      
   6.17701290741750942465175873772848942      
   6.16189942168565761290017866774845743      
   6.14611481696922175850397362100444077      
   6.12964566341793637760172471354010051      
   6.11247876282610789509153256000514036      
   6.09460111898950448991717784552349572      
   6.07599990768005746105033184897864250      
   6.05666245370408179750813159104442688      
   6.03657621192294272827522436775338622      
   6.01572874792492088740666040153986627      
   5.99410772372525143219363331979121311      
   5.97170088575731625512251230563992837      
   5.94849605471556011975762446232728356      
   5.92448111678894239579499672214268761      
   5.89964401689381229622440818680761665      
   5.87397275296962769849410193009240286      
   5.84745537145658799703859778301667799      
   5.82007996359502194947614546953884126      
   5.79183466265165220421915348422730032      
   5.76270764040092676226525281576044786      
   5.73268710584020056403267652977939713      
   5.70176130145525123939873174282470430      
   5.66991850228038931922690524721899104      
   5.63714701229047161341251429571785193      
   5.60343516170820494644140571674694224      
   5.56877130469125389503263434933467670      
   5.53314381481416609821002651021236173      
   5.49654108227278295433800979367647104      
   5.45895150815822489134056615771404070      
   5.42036350113292903990031446478754142      
   5.38076547134613647302962103498015613      
   5.34014582591194429042159696957813230      
   5.29849296262841067048819208480053578      
   5.25579526450902153644599113877286705      
   5.21204109375956962821977117178007930      
   5.16721878586576637949708424320842486      
   5.12131664368250905505468620905650833      
   5.07432293173151087542198457851102514      
   5.02622587027436536529151848101637535      
   4.97701363045130210745397675743405142      
   4.92667432882864001028752566165011233      
   4.87519602262591812964131580244545889      
   4.82256670546667840766851993143879288      
   4.76877430361219324610978253701430965      
   4.71380667163017379217889486483766200      
   4.65765158946791129608598254096579156      
   4.60029675999333420737585180054380402      
   4.54172980584870815409573976638973173      
   4.48193826759978047994031767009702712      
   4.42090960179801889664202922358057845      
   4.35863118014456300485408789399704350      
   4.29509028675771812614114691910863518      
   4.23027411911346021225928885499229255      
   4.16416978554632391768411826517500871      
   4.09676430631304065110788917055742329      
   4.02804461226471334175625703345239133      
   3.95799754462467891593184493647027581      
   3.88660985625514927110403924096340104      
   3.81386821002373340229781951595871037      
   3.73975918072583143147663226066674423      
   3.66426925361291766546394740019931035      
   3.58738482659357306405307796674715109      
   3.50909220898573944079053397581830124      
   3.42937762389085089846480773123167771      
   3.34822720609249720101625811625711903      
   3.26562700559300584120785309517566913      
   3.18156298579125183741432318349687824      
   3.09602102523506592442617196908567058      
   3.00898691781417398352020415350741838      
   2.92044637343832847079240195246729698      
   2.83038501850912655253528242075675605      
   2.73878839644817671166414437037749489      
   2.64564196835409601015800439456871888      
   2.55093111351708917951520985826693546      
   2.45464112964269944406199156737195024      
   2.35675723364874760320885227123950347      
   2.25726456224810123910873645329881504      
   2.15614817198114489702502504312192390      
   2.05339303991861611343624891152401059      
   1.94898406398387740815841257617784836      
   1.84290606341657975194941193030047968      
   1.73514377928622471527956351308164881      
   1.62568187451775017417284058337725798      
   1.51450493439631862860031463572964387      
   1.40159746701183744400639702611737873      
   1.28694390330074474292186816283870362      
   1.17052859787799035725302096939952628      
   1.05233582863393059205448420733174043      
  0.932349797264306613067011720793625308      
  0.810554630274986673524224966098542519      
  0.686934377580771754222781379356303750      
  0.561473014240208409899146346370448912      
  0.434154440031070517123422438773211680      
  0.304962479917868699597826256952392058      
  0.173880883086872091955066374336373561      
   4.08933257856916167834898244744976688E-0002
  -9.40165915480837082283358040864155594E-0002
 -0.230865341941739612613028454763398704      
 -0.369669473535266780296618757337267368      
 -0.510445607155733881476857808343424364      
 -0.653210438297795163061455494398425860      
 -0.797980735737317598039556902601025719      
 -0.944773342107662874245012980083312064      
  -1.09360517357089411788582177235502880      
  -1.24449321847158083004100957459292847      
  -1.39745454062349034912972550218805207      
  -1.55250627463852326216806436890952223      
  -1.70966562886156109487911939075188494      
  -1.86894988588954695968879114962684752      
  -2.03037639894780804628870389998266793      
  -2.19396259443164060065296587896737537      
  -2.35972597387390782304415248630420351      
  -2.52768410692618284359414358300834050      
  -2.69785464002368832134030968675227202      
  -2.87025529028772170805492822351976679      
  -3.04490384496039060419342889372379141      
  -3.22181816608975275672590653995267675      
  -3.40101618978715853083403064477007866      
  -3.58251591845196531392654676394650185      
  -3.76633543066439129062362975950109062      
  -3.95249287646207850646683494375266419      
  -4.14100647939019826070175065859897793      
  -4.33189452962471369858108655375924685      
