   6.46114229515578832787994501293249882      
   6.46114229515578832787994503858969363      
   6.46114229515578832787994507460013469      
   6.46114229515578832786445253264714950      
   6.46114229515578830736877830827186915      
   6.46114229515578543430523330540315806      
   6.46114229515567986084553770968854970      
   6.46114229515405411085426353490273753      
   6.46114229514024780706460271769951742      
   6.46114229506340386795101493662346748      
   6.46114229474944116454455986572713198      
   6.46114229373255762115317656630747803      
   6.46114229097773987429947385303653257      
   6.46114228449084290519667905544435455      
   6.46114227083410622844539696356884022      
   6.46114224455776934401658208844948344      
   6.46114219769051490508053229035593245      
   6.46114211915224511275154331982760632      
   6.46114199424398478773117607566673820      
   6.46114180423514984406496705720704320      
   6.46114152603598607839112521695372844      
   6.46114113198127906914845918139904728      
   6.46114058973777008365989590633775643      
   6.46113986234532156420235332280410617      
   6.46113890839862866827641782017327369      
   6.46113768237118749566027541479534741      
   6.46113613507604062929736538207683596      
   6.46113421424904861320255140215062033      
   6.46113186523119434771439995352029228      
   6.46112903170540080888153461283209919      
   6.46112565648072171836844297977914185      
   6.46112168230670680203369538956101455      
   6.46111705251332968617566318525064000      
   6.46111171165949806323159959587953407      
   6.46110560602357012815280481877310098      
   6.46109868394578428482128640962427022      
   6.46109089599469431671221495161579356      
   6.46108219501617812300351844383657639      
   6.46107253590274578226724507583951728      
   6.46106187544606973094815456689458552      
   6.46105017165703158600603682065098731      
   6.46103738328736615719232556157768420      
   6.46102346913504361235908097861627356      
   6.46100838729316623300125979509237141      
   6.46099209435017698582135294514646780      
   6.46097454453892631395993926392961570      
   6.46095568889943873295122481669189227      
   6.46093547456225517048388122064244865      
   6.46091384393952495294593070026889169      
   6.46089073391501162646703770139917037      
   6.46086607525236413292011020193153699      
   6.46083979198655684890405682955571949      
   6.46081180091820705548899727359906830      
   6.46078201115745557607540022937192099      
   6.46075032376143740644672960695419899      
   6.46071663148649229973282045350282219      
   6.46068081853433163713923755075148070      
   6.46064276048057867801413820337897094      
   6.46060232408996177664929628868159012      
   6.46055936733966210317671380497618350      
   6.46051373943587955182168472104522099      
   6.46046528092821563154351584502853646      
   6.46041382371857610936253075804084777      
   6.46035919135166959595663516549034607      
   6.46030119903149821942217448714494364      
   6.46023965381500825527446823367635735      
   6.46017435475931118725151994499614432      
   6.46010509316798703797100247432062742      
   6.46003165273625079405607144784264025      
   6.45995380960611179850592680741545151      
   6.45987133258589104278386005775320570      
   6.45978398326438205612050179736124564      
   6.45969151600765664129636700282363061      
   6.45959367804150759399371535113961617      
   6.45949020947903997744147965192839755      
   6.45938084322764436107233632800082115      
   6.45926530489545242314698655195567002      
   6.45914331270701736687541883840822851      
   6.45901457738633425785882784239884050      
   6.45887880177409747411060952070301996      
   6.45873568059070190870674140534537348      
   6.45858490006037545100117563231548292      
   6.45842613751420650000506802658193816      
   6.45825906091207918331124162268594795      
   6.45808332828868567497612155396501600      
   6.45789858709788554732761907982195864      
   6.45770447340754641928905015291645935      
   6.45750061176428391387333294903970303      
   6.45728661343592960112380716445764018      
   6.45706207620385101374221458579217568      
   6.45682658305017092231170719408317589      
   6.45657970098417746213689831037971975      
   6.45632098038068177759111528548823453      
   6.45604995344465204099503611419991936      
   6.45576613127303588551709347190756854      
   6.45546900639137746718211249184858158      
   6.45515804749458344310599596134272887      
   6.45483269940289406507351900777162259      
   6.45449238042549554092037990058704526      
   6.45413648102769290676008073817579827      
   6.45376436321687346475154864604510675      
   6.45337535497841538074572025186919277      
   6.45296875180494632982733172445217341      
   6.45254381155810091555424191506211009      
   6.45209975329832752872903922838716868      
   6.45163575387236430595031445393917248      
   6.45115094511964176722308086079568538      
   6.45064441147119086125582128833525618      
   6.45011518578060773953370802328229731      
   6.44956224576694080069240434135558894      
   6.44898451111172419043702768368400386      
   6.44838083886008723123018264282550353      
   6.44775001914730552495852417783237471      
   6.44709077082554016832958692847932117      
   6.44640173668025522041580445080004069      
   6.44568147795473703937703680079208477      
   6.44492846896906395727852695785625096      
   6.44414109139467967228663522143514176      
   6.44331762756245556138745624970925999      
   6.44245625358035953918992724152202268      
   6.44155503250448269431919989574383788      
   6.44061190638434074354235918347367079      
   6.43962468688848292242726887255865861      
   6.43859104781611143003294453623002031      
   6.43750851435778794077328806283111051      
   6.43637445275821839081684128537982463      
   6.43518605918189307230848094561675251      
   6.43394034733537867809649489275706282      
   6.43263413592696879841161126534677089      
   6.43126403353846496434968405560551135      
   6.42982642443138759917410573691434731      
   6.42831745157337862013341690920805977      
   6.42673299897495050503609590641682694      
   6.42506867275786143982678956747040785      
   6.42331978039716534142508589674391414      
   6.42148130881376664240037520680737053      
   6.41954790053199622260063680308095425      
   6.41751382826233903521509272510328551      
   6.41537296775802269246121304161585663      
   6.41311876881105575598061096915916830      
   6.41074422479794239914554055934672273      
   6.40824184027987063789004445188780855      
   6.40560359743432071985345802725575939      
   6.40282092139887345429414799688665398      
   6.39988464466076669268239538306930261      
   6.39678497206701511945671312712919074      
   6.39351144614659731767462725520084570      
   6.39005291397865294949403071528580820      
   6.38639749928341717108027183693332399      
   6.38253257781622250455188405261345207      
   6.37844476079059493231098858884801950      
   6.37411988782839313345062645944496831      
   6.36954303169384137418125620184911274      
   6.36469851711097931295555779426174605      
   6.35956995589466110310499604024621853      
   6.35414030027735033268449521339057992      
   6.34839191331624303993464277712740532      
   6.34230665687619020224454682571764600      
   6.33586599517954334856306965321164887      
   6.32905110774823226556613089838231908      
   6.32184301100645827584608777510893660      
   6.31422267934054140157426591748198373      
   6.30617115888530985718764454783551547      
   6.29766967767189516560177253433505347      
   6.28869973222466074447395630025181520      
   6.27924316438997860491113588102800122      
   6.26928221512020586980015649585459661      
   6.25879956232643664593241238057507034      
   6.24777833786002948999815837894365878      
   6.23620213630740519499303826998230166      
   6.22405500339430893914888004678925064      
   6.21132142255845400881809265464594971      
   6.19798628803803190938285781872099245      
   6.18403487685475964112560841703586918      
   6.16945282124730141339483622243477394      
   6.15422607521966326199290894457758605      
   6.13834088163751575193221233589935250      
   6.12178374817203070104533009904558699      
   6.10454141471926470408641121238864289      
   6.08660083052757348505806177198341498      
   6.06794913004157754091018332862158280      
   6.04857361454515876040537831608454091      
   6.02846173229355736329455126066371986      
   6.00760106366413973011502364876509828      
   5.98597930713618567101826033446777079      
   5.96358426808827102434331915506190029      
   5.94040384803622495264330250643041255      
   5.91642603610755528271707012687276956      
   5.89163890157521561810283461987117084      
   5.86603058720608234926705514523767748      
   5.83958930351252996537025411794083570      
   5.81230332345287152128085537042014479      
   5.78416097764620328210527634510895825      
   5.75515064924143151742888709913070767      
   5.72526077037514724124954352479378835      
   5.69447981595142910236387609685041509      
   5.66279630015051996489513977898326809      
   5.63019877119403410394543836759633004      
   5.59667580496722709851489432784967335      
   5.56221600058061126296522498857406023      
   5.52680797409302949759048063133117801      
   5.49044035169923638455380446892713066      
   5.45310176407285197877182388554198053      
   5.41478083891200566463016557771653473      
   5.37546619481594269703823704956743712      
   5.33514643378547114131682675552858583      
   5.29381013480643869389722650573213874      
   5.25144584692698945830359301260955030      
   5.20804208286370511372796272053524349      
   5.16358731256833789104613880058878934      
   5.11806995741965279837657101097180554      
   5.07147838458805220377083918514864726      
   5.02380090186081519542012858408628568      
   4.97502575289268581307808171560524592      
   4.92514111307489962761364116822231911      
   4.87413508555382587745402230745639069      
   4.82199569805711672901059217395712304      
   4.76871089979699889317379136463804605      
   4.71426855927916511273037557832950101      
   4.65865646159077186647295738015587587      
   4.60186230769799021672704152810546772      
   4.54387371225175211398693925521093124      
   4.48467820260163164635627251223243684      
   4.42426321839730486427678363141091032      
   4.36261611118848343522729473298638305      
   4.29972414266332020252963376941292840      
   4.23557448685284662834066715162688422      
   4.17015422792439267747710959358358909      
   4.10345036191442010020215185666213357      
   4.03544979561723634566071043710411590      
   3.96613934867663187657455371876307136      
   3.89550575175125743724214698219216438      
   3.82353564931868412711539413499183969      
   3.75021559830823600182159453720091280      
   3.67553206991438468060733136571925277      
   3.59947144956603518152567997764216153      
   3.52202003745919913326494812916451661      
   3.44316404954374914298928238647763417      
   3.36288961769929772611939747042519879      
   3.28118279094039398492923764144253314      
   3.19802953470815005391591596335091851      
   3.11341573334661042756817313715478863      
   3.02732718870513096512233527210883632      
   2.93974962215680880138924980905055625      
   2.85066867402722450921939383361746079      
   2.76006990521273362448184736470094279      
   2.66793879600397608993554089682719064      
   2.57426074862493540621176206202791772      
   2.47902108588369516975950957224622066      
   2.38220505265039519653379026925804999      
   2.28379781531490886389994639722219229      
   2.18378446349657520011088372464578235      
   2.08215000893065898604551412759574616      
   1.97887938701954164339980948010073628      
   1.87395745622013452823103250797722296      
   1.76736899882152777319327862892734246      
   1.65909872133060748870755190190871786      
   1.54913125432058965004865448448563190      
   1.43745115308077527267346652536262442      
   1.32404289748731908251421698417432481      
   1.20889089258156532548741214382036487      
   1.09197946851704333010319902542883368      
  0.973292880748101023823203582713678464      
  0.852815310662436433571628539287082017      
  0.730530865221134889586537511486629736      
  0.606423577184992421532100795752343397      
  0.480477406090905007945119416480546041      
  0.352676236359594911415714136272598001      
  0.223003880206449830930281031229233716      
   9.14440755519780594410827465430612855E-0002
  -4.20195123178300136281285740403701925E-0002
 -0.177403292644842231415194649601498065      
 -0.314723746220516932706809206089709927      
 -0.453997428079877438784187219404914931      
 -0.595240965679820882590266613202053766      
 -0.738471058971684579117430291345918499      
 -0.883704481851886379584297560030522400      
  -1.03095807878822333468537365398101560      
  -1.18024876972512526919701265474930265      
  -1.33159354407039633891849687538888187      
  -1.48500946504984003663051137451275786      
  -1.64051366942965802253089644339393903      
  -1.79812336320422929017062145357042830      
  -1.95785582776964601760971989223323170      
  -2.11972841588841129294965496958822567      
  -2.28375854998587749449835087120386691      
  -2.44996372654852705229953424985813311      
  -2.61836151561496305179782166369075597      
  -2.78896955545917885161821102230873081      
  -2.96180555846971571323044676187009324      
  -3.13688730972962910473442659271393463      
  -3.31423266358077685390111833314692287      
  -3.49385954697537671293556815265818845      
  -3.67578595910808819377613645424837493      
  -3.86002997085604535116972786897944024      
  -4.04660972583478034897987001625421584      
  -4.23554343393885968858140972729368331      
  -4.42684938391483736663881717755563243      
  -4.62054593007334924522065858635444273      
  -4.81665149936965399489283441474926091      
