   6.46114229515578832787994501293249882      
   6.46114229515578832787994503858969363      
   6.46114229515578832787994507460013469      
   6.46114229515578832786445253264714950      
   6.46114229515578830736877830827186993      
   6.46114229515578543430523330540353092      
   6.46114229515567986084553770979060165      
   6.46114229515405411085426354195723326      
   6.46114229514024780706460291200103590      
   6.46114229506340386795101774086128298      
   6.46114229474944116454458511776391652      
   6.46114229373255762115333597715748047      
   6.46114229097773987430023863669286931      
   6.46114228449084290519963325750601718      
   6.46114227083410622845498455553195988      
   6.46114224455776934404359144944638480      
   6.46114219769051490514842326481893340      
   6.46114211915224511366743089160295376      
   6.46114199424398479321116376040304016      
   6.46114180423514987168874760624616499      
   6.46114152603598619846991543929140384      
   6.46114113198127952846919468410548755      
   6.46114058973777165577839852165149385      
   6.46113986234532644636408496551481247      
   6.46113890839864258582312437790331555      
   6.46113768237122427613166084028258959      
   6.46113613507613149838759380847226036      
   6.46113421424925999798841732161829494      
   6.46113186523166022272611948065375619      
   6.46112903170637877039173433976854967      
   6.46112565648268618065173854391143119      
   6.46112168231049816968577329749744324      
   6.46111705252038510326282024223194064      
   6.46111171167219752457481538851211956      
   6.46110560604574130407519235600651720      
   6.46109868398342039372830453529819408      
   6.46109089605695123453058106898138222      
   6.46108219511673089265187087719529218      
   6.46107253606159812865647485016811352      
   6.46106187569192533989059971304529179      
   6.46105017203035148801237067690392561      
   6.46103738384425188287945952076203206      
   6.46102346995210182696514386587635210      
   6.46100838847352586961236968505031142      
   6.46099209603060977191510506256540135      
   6.46097454689938237077804782550406652      
   6.46095569217311268579138305814501881      
   6.46093547904840908089508916100533400      
   6.46091385001835755227650551291607873      
   6.46089074206501517462786548330816957      
   6.46086608607043679300040820708860270      
   6.46083980621115051189876938057001202      
   6.46081181945580195459681849736028466      
   6.46078203511266323757237732439855805      
   6.46075035447104302934949588031235412      
   6.46071667055776838923338512777287733      
   6.46068086788792205771119191171482774      
   6.46064282239835718327138568454814769      
   6.46060240126812259409789409380939286      
   6.46055946294747789336499846229638149      
   6.46051385718045449296395472258952470      
   6.46046542512562059573642713808604182      
   6.46041399937170344373836627784283936      
   6.46035940423532745375078815447586004      
   6.46030145578492040531513350481354045      
   6.46023996204239867611687294000021132      
   6.46017472313861168394061706281869807      
   6.46010553156888449294865376968084257      
   6.46003217234678475129755843974385276      
   6.45995442306921709144412361623948304      
   6.45987205414643211798385572359354551      
   6.45978482892620116815725822343672187      
   6.45969250370206707795140760121672912      
   6.45959482780743258069562896026589724      
   6.45949154365512253937618480591920434      
   6.45938238665715829156915778749585694      
   6.45926708514405207173478169468947647      
   6.45914536029583347034220806283484465      
   6.45901692603781821264625181087289803      
   6.45888148867362081134577594300016932      
   6.45873874666415754467350852069208179      
   6.45858839026843995160380124373421948      
   6.45843010116403873276714706232955393      
   6.45826355198706644352960923618064092      
   6.45808840579725518842198867490735236      
   6.45790431544131416492047577232775296      
   6.45771092292701185361443575588089498      
   6.45750785853503761997983969546434675      
   6.45729474062756198876506800455418231      
   6.45707117392282229474202366095004758      
   6.45683674898005901241405761037268861      
   6.45659104089854132845193243699702140      
   6.45633360869250859023092010791960338      
   6.45606399373617131589047581699955846      
   6.45578171698606010842780136821568198      
   6.45548628139421578292101917818421799      
   6.45517716676478876445376915378048210      
   6.45485382975662745684581067175992836      
   6.45451570126623886937763052246659172      
   6.45416218511960873639890546846640138      
   6.45379265753693137438453470990335374      
   6.45340646170067592072956392880003524      
   6.45300290905327672696229694279641258      
   6.45258127454445213611613423067325140      
   6.45214079532412213805255849835358625      
   6.45168066745123622820027801322497091      
   6.45120004317169338257998356240676536      
   6.45069802859733071753362226248332602      
   6.45017367945749027963629098142154473      
   6.44962599796905554577031828998039174      
   6.44905392964337339365151317844214332      
   6.44845635902040212616236780195151070      
   6.44783210537674150064360449257276498      
   6.44717991851405257086112619579185922      
   6.44649847409400962710572067940295502      
   6.44578636821791034779910432129779096      
   6.44504211225060740938684005000454353      
   6.44426412719995136839899685386394800      
   6.44345073716078241677954904916093950      
   6.44260016270310678295563323269743304      
   6.44171051380856643947155367003338551      
   6.44077978280193561326885972233521483      
   6.43980583470289985103511485943867647      
   6.43878639969327969690329094301796548      
   6.43771906331015171441033006422598873      
   6.43660125579811416539447734422612250      
   6.43543024128494079936141520782742438      
   6.43420310607875857135999319866843421      
   6.43291674571002736719362629772034513      
   6.43156785085708982111870000114993297      
   6.43015289289454198253283667533464934      
   6.42866810746182399058118429420582169      
   6.42710947727214901375433122287807347      
   6.42547271305355122667758192604995513      
   6.42375323370410796172015803943564244      
   6.42194614430166615147258002739843664      
   6.42004621270384511708522290188529249      
   6.41804784447028860022779997001721194      
   6.41594505579692023859919243860698491      
   6.41373144482652079506572748558785175      
   6.41140016108107791590871157079178779      
   6.40894387313377931293833060759819145      
   6.40635473474621510103947856436896013      
   6.40362434958139746794490919673047824      
   6.40074373527864855507341512631044199      
   6.39770328670333683332950524516736361      
   6.39449274004944551611591371613241103      
   6.39110113874009576341675587158078453      
   6.38751680033765903566896556358811386      
   6.38372729189462439362544858356310653      
   6.37971940775027098928691931640362692      
   6.37547915887267398124098039742314194      
   6.37099177279587881734140416598713008      
   6.36624170797307670693505194407815337      
   6.36121268337979185028675576966063425      
   6.35588772786762607182171348674219182      
   6.35024924667488421039958056059310186      
   6.34427910712364121609761180696418629      
   6.33795874090358842227797326508385820      
   6.33126925717537480387172349436284805      
   6.32419156862187914087765172419943250      
   6.31670651430694890574980440192943536      
   6.30879498025064977941934052654603154      
   6.30043801569535293310624220822221245      
   6.29161692614592128634483168702473633      
   6.28231335633345054540190393913969719      
   6.27250935096151083886250335558204341      
   6.26218739572255205913303150891684985      
   6.25133044159033395627837143939056903      
   6.23992191099759411092622552528979376      
   6.22794569395109861291661691736217798      
   6.21538612944475654851781176417210544      
   6.20222798298236730779924125902313654      
   6.18845642011966553138283827939828748      
   6.17405696860984664028943282137546002      
   6.15901549441136628172053889829425695      
   6.14331816288055045745603074622291643      
   6.12695140979780763545856193508331098      
   6.10990191513824872570948206709222704      
   6.09215657245774882361836411287868672      
   6.07370246765676073412715507678601310      
   6.05452685645197073321279791669223796      
   6.03461714564033365594722449119252021      
   6.01396087671521936078352322944978310      
   5.99254571082609773159733072074195478      
   5.97035941731134015313283619926075868      
   5.94738986273716969588054021346188026      
   5.92362500165647873971743764027077328      
   5.89905286851399486347683638708975754      
   5.87366157131326299771034347815422390      
   5.84743928554409896183299754105398227      
   5.82037424908354806978495912291812667      
   5.79245475709531677057623066666162753      
   5.76366915757604428478626927286687054      
   5.73400584715481187343927953145190132      
   5.70345326610864826493223799961562412      
   5.67199989463939648496963550696372936      
   5.63963424745109167747993302509864618      
   5.60634486880096549173176687185813762      
   5.57212032766582754678380972050010858      
   5.53694921165240720017038459845518440      
   5.50082012082192118932534080170418694      
   5.46372166256833992175906893793071861      
   5.42564244393020586785644296106152419      
   5.38657106555061995621553098001963714      
   5.34649611486323533122790264343468850      
   5.30540615944776424218822967129315034      
   5.26328974019635943321310743564106825      
   5.22013536492998350097092830860421968      
   5.17593150201660493578612120572553782      
   5.13066657424758037517309666337128988      
   5.08432895338170035067173794163799745      
   5.03690695450903792018590252322779553      
   4.98838883141404686147258539488837454      
   4.93876277188110513185298703540773690      
   4.88801689390037724520963402734587859      
   4.83613924188558442666162439188013448      
   4.78311778371727255284897291867714183      
   4.72894040786925449457752906014791387      
   4.67359492144745788051256544821976469      
   4.61706904725656069068530379802057494      
   4.55935042409871833878173986523375541      
   4.50042660365491583777719457463078308      
   4.44028505030960471326901998490247788      
   4.37891314105891368511003239046755603      
   4.31629816348667092210246203717524556      
   4.25242731724925244390201656962212856      
   4.18728771266853375517834367589728062      
   4.12086637118500649924804768959505576      
   4.05315022599655366022466631555140208      
   3.98412612181725897940275957622310360      
   3.91378081521260820124086283496368095      
   3.84210097497937975546524729825242879      
   3.76907318366944230162462283996444346      
   3.69468393602282392650091567742446994      
   3.61891964203562966965077901327459673      
   3.54176662511013077990965245594532535      
   3.46321112484166528023731247737432347      
   3.38323929528076699215559037494852526      
   3.30183720808725517954253753864021066      
   3.21899085078532655354854630164928110      
   3.13468612883965668019935037627113925      
   3.04890886546316677518097466142379153      
   2.96164480216914458946886353048706471      
   2.87287960025515979679880069753447721      
   2.78259883980553934172429818022920130      
   2.69078802122487779460415168106544438      
   2.59743256529863613860714420862804760      
   2.50251781394363052637083730947784428      
   2.40602903002464911159452372641625050      
   2.30795139859833667992705237740704716      
   2.20827002653561963676458705201348565      
   2.10696994333048749372415540826612841      
   2.00403610131990633844007904774953655      
   1.89945337593699915491322811793987715      
   1.79320656617711202435782568926908489      
   1.68528039466722508942796868312774656      
   1.57565950821615499168369864709312058      
   1.46432847801826150117821596326314704      
   1.35127179952480774812894671603762895      
   1.23647389312066691241295652498009208      
   1.11991910424155325545726991689312465      
   1.00159170341737400194483954967651718      
  0.881475887032965823438766169332571219      
  0.759555776176847450974049893850564233      
  0.635815418735459051738191626058881708      
  0.510238787875617524785597179751750344      
  0.382809783079360422081351210937185535      
  0.253512229805029138479901386957429899      
  0.122329880392376850284175955188116140      
  -1.07535867827298269192839088411724579E-0002
 -0.145754566219450163545193594982513748      
 -0.282689526547256642654933732850859977      
 -0.421575008485260203891900218654286980      
 -0.562427626711399915207807622727439413      
 -0.705264067862268139849326154668961474      
 -0.850101092107794496385454405657073497      
 -0.996955532495218556385975885295006699      
  -1.14584429374103101217582793375393300      
  -1.29678435500630712744174560466053359      
  -1.44979276516475798393512343883033181      
  -1.60488664869044719584709925639458583      
  -1.76208319988530045441680242657436650      
  -1.92139968569019384230201857834015454      
  -2.08285344841615585472164837339790578      
  -2.24646189750072354271435354312638575      
  -2.41224251687994706282850288884449593      
  -2.58021286427872610856937841033680261      
  -2.75039056696238095446099182174291122      
  -2.92279332336193892757544403711555542      
  -3.09743890758438367960999680792786438      
  -3.27434516236188714326863332634503547      
  -3.45353000200551105036708830410365787      
  -3.63501141446233373163418709555501538      
  -3.81880745778002626901925441860886522      
  -4.00493626387939154050672379773346465      
  -4.19341603250490006721435303745479622      
  -4.38426503735577831864977906883233891      
  -4.57750162480414647854660870136627222      
  -4.77314420911875280903312782435194013      
