 0.88891645661208E-10
 0.17778329132169E-09
 0.26667493698100E-09
 0.35556746114470E-09
 0.43803193152066E-09
 0.61398657078934E-09
 0.84453784698674E-09
 0.63047426460096E-09
 0.94720883264806E-09
 0.13011571108294E-08
 0.14230820168693E-08
 0.13017371740120E-08
 0.13704236217456E-08
 0.17286433147640E-08
 0.13598161252270E-08
 0.19204197167994E-08
 0.18057600109787E-08
 0.15545201853310E-08
 0.28537545071887E-08
 0.24737656876733E-08
 0.26192151326007E-08
 0.19324964103484E-08
 0.24537373254099E-08
 0.22194021402578E-08
 0.27449093559446E-08
 0.25268359931913E-08
 0.28862290610886E-08
 0.32156877895100E-08
 0.33076343219256E-08
 0.34225633536464E-08
 0.36740415297578E-08
 0.28924987386751E-08
 0.33692480476118E-08
 0.44062934688056E-08
 0.38799929848640E-08
 0.32029091523567E-08
 0.46813903864767E-08
 0.43063423177917E-08
 0.27682754088323E-08
 0.53571499212760E-08
 0.43123105644583E-08
 0.34789487074399E-08
 0.51545951046547E-08
 0.33576307950634E-08
 0.51875292649189E-08
 0.44008758596089E-08
 0.63144144415251E-08
 0.65827675077939E-08
 0.65986933930743E-08
 0.59317697658281E-08
 0.67306025468185E-08
 0.51079225952538E-08
 0.57937776537870E-08
 0.63345881387219E-08
 0.64377872399303E-08
 0.51906689230570E-08
 0.81760969630366E-08
 0.68084213353003E-08
 0.52582991075164E-08
 0.71747569428662E-08
 0.48623681238629E-08
 0.74785114974137E-08
 0.63350268228610E-08
 0.42354118408454E-08
 0.59411060871063E-08
 0.54664735469489E-08
 0.70230424724495E-08
 0.58284994155156E-08
 0.61821148102048E-08
 0.72844225976104E-08
 0.74809897966969E-08
 0.90563221115747E-08
 0.93818236028452E-08
 0.54405035938293E-08
 0.96469461811261E-08
 0.76561930989330E-08
 0.73190412956699E-08
 0.86114739262443E-08
 0.92713606965210E-08
 0.56370975545658E-08
 0.72827790952720E-08
 0.93858736283898E-08
 0.86202692694327E-08
 0.10095729572961E-07
 0.10310547847791E-07
 0.80559887946622E-08
 0.92925759846728E-08
 0.10002563265388E-07
 0.10727736218460E-07
 0.10963782263119E-07
 0.97534191175329E-08
 0.82804220816498E-08
 0.96387234326420E-08
 0.88164362065864E-08
 0.10127515846530E-07
 0.70280728142018E-08
 0.74112954776104E-08
 0.92948184546017E-08
 0.77715615082943E-08
 0.11440927038502E-07
 0.94942405352779E-08
 0.13243692412439E-07
 0.91688018071419E-08
 0.12678638002616E-07
 0.94879385312829E-08
 0.11922660451666E-07
 0.15042718767940E-07
 0.10407538341309E-07
 0.13420438481725E-07
 0.14758082548306E-07
 0.12467310062981E-07
 0.85006064860100E-08
 0.10223443708798E-07
 0.11220808534573E-07
 0.14932532012217E-07
 0.14920850872300E-07
 0.11185028487717E-07
 0.13743091239088E-07
 0.16820080078585E-07
 0.13241106461746E-07
 0.12190526242929E-07
 0.85563027612280E-08
 0.12358461002857E-07
 0.12766767342174E-07
 0.17342840448923E-07
 0.13043866639969E-07
 0.14987631030651E-07
 0.11762347251381E-07
 0.15880565264306E-07
 0.14910378655819E-07
 0.14520252590183E-07
 0.14311065774724E-07
 0.19890552560328E-07
 0.89570635265888E-08
 0.16694812036625E-07
 0.12637210643409E-07
 0.14880702814834E-07
 0.15170442346253E-07
 0.13040890614511E-07
 0.18993852215497E-07
 0.13111548939359E-07
 0.15644773594927E-07
 0.10006778635291E-07
 0.15921000824488E-07
 0.13720720441746E-07
 0.15181970853701E-07
 0.19592178958067E-07
 0.14285655524750E-07
 0.14170130764678E-07
 0.15311617761318E-07
 0.12880438295018E-07
 0.20849675889664E-07
 0.18975472482812E-07
 0.18514542941799E-07
 0.16790155251906E-07
 0.14077702525006E-07
 0.16685219267625E-07
 0.11400016744022E-07
 0.19612969738231E-07
 0.15202798113543E-07
 0.14235088684928E-07
 0.14437471162021E-07
 0.17411974222211E-07
 0.15112365506980E-07
 0.17332829308695E-07
 0.14891129285180E-07
 0.20897904513373E-07
 0.17759058224156E-07
 0.16817957815835E-07
 0.16247359466338E-07
 0.17635228076622E-07
 0.20953875875523E-07
 0.14474169976796E-07
 0.15563184076143E-07
 0.17321794890260E-07
 0.17284330590292E-07
 0.22239961771657E-07
 0.18297125666650E-07
 0.19986668342355E-07
 0.13067646266519E-07
 0.17167951504746E-07
 0.18249816455091E-07
 0.19492361928013E-07
 0.18993485171476E-07
 0.16062033033416E-07
 0.18014895280173E-07
 0.22165491549398E-07
 0.17274230472442E-07
 0.12595587742315E-07
 0.22794140678566E-07
 0.14125014991205E-07
 0.18565725430816E-07
 0.17984430932951E-07
 0.20750014749747E-07
 0.13762851273438E-07
 0.23319982515285E-07
 0.22211195544384E-07
 0.22576311532485E-07
 0.21995999061577E-07
 0.19025874821064E-07
 0.18155890276430E-07
 0.19039937678171E-07
 0.19421211123002E-07
 0.18531994852062E-07
 0.22482261504454E-07
 0.21745258391361E-07
 0.16619684791348E-07
 0.16523331195639E-07
 0.17053048736986E-07
 0.16375475949016E-07
 0.17091517041972E-07
 0.13256029307837E-07
 0.15385156214630E-07
 0.12334095542897E-07
 0.20296933232809E-07
 0.19048950513729E-07
 0.18770427871485E-07
 0.19299650652202E-07
 0.20862693208408E-07
 0.16539403541696E-07
 0.16608300383574E-07
 0.17205784280538E-07
 0.18520014246036E-07
 0.18405096556086E-07
 0.16719070951804E-07
 0.19979572849331E-07
 0.16775498198550E-07
 0.17611770262521E-07
 0.16606044261634E-07
 0.12352404043368E-07
 0.13265480395159E-07
 0.14727673170819E-07
 0.11589945678827E-07
 0.13344751413224E-07
 0.12760923786284E-07
 0.13254855391960E-07
 0.16579418503968E-07
 0.14002263106211E-07
 0.14984928981817E-07
 0.94671539085921E-08
 0.15584473204415E-07
 0.12333546214436E-07
 0.97273434761306E-08
 0.12653075453867E-07
 0.79422790080658E-08
 0.14219188404282E-07
 0.13248227499652E-07
 0.11814437840007E-07
 0.13046526454377E-07
 0.14422325031289E-07
 0.10878939447604E-07
 0.88550752856847E-08
 0.82734781257108E-08
 0.86718108762233E-08
 0.67072993043305E-08
 0.78000313558468E-08
 0.83722735513998E-08
 0.12203495538257E-07
 0.67986048070263E-08
 0.63247369141420E-08
 0.51495479654392E-08
 0.59346910521261E-08
 0.69986133697556E-08
 0.47689390659515E-08
 0.41811127745653E-08
 0.47097538198249E-08
 0.39398197727130E-08
 0.29630991195709E-08
 0.13244414677915E-08
 0.18615103282523E-08
 0.11336196236734E-08
 0.60822681088502E-09
-0.65516089306946E-10
-0.62842248322754E-09
-0.10032215116656E-08
-0.20037208537502E-08
-0.30225436754540E-08
-0.41337978678096E-08
-0.40566007388037E-08
-0.51196375154711E-08
-0.50517647891122E-08
-0.65671857759069E-08
-0.56213360229632E-08
-0.10516333888559E-07
-0.10293591728877E-07
-0.77395496921633E-08
-0.89640318334372E-08
-0.10122258876111E-07
-0.13194966429407E-07
-0.13484867010600E-07
-0.15735860307223E-07
-0.12147563009425E-07
-0.14662080477701E-07
-0.13225262909224E-07
-0.17669586979050E-07
-0.14269033987405E-07
-0.19425753917130E-07
-0.19715971438080E-07
-0.21587503614219E-07
-0.21788535487218E-07
