   503.353983595366473674394243594379533      
   503.353983595366473674394243594379533      
   503.353983595366473673271516425147768      
   503.353983595366369793408749357133350      
   503.353983595264853940454767898678623      
   503.353983585190643146242959322690955      
   503.353983319046950696591273110482936      
   503.353980281542872744856607594322003      
   503.353960572508662755580801959592864      
   503.353874527613739350834159999604941      
   503.353592707148076591655881643753249      
   503.352847687549384054705153922589378      
   503.351175282679030487628115937849436      
   503.347870051838639567025004889524894      
   503.341965039413120244517710215512735      
   503.332238566128067575749729079445347      
   503.317244876517060391205597891803099      
   503.295362075881047949443498182565828      
   503.264849500526569463901232227181252      
   503.223907881619558583955038009172706      
   503.170736645252175976133192262312417      
   503.103584855681069986887598223898352      
   503.020793786173754103886220479879008      
   502.920830417367313381831896274741563      
   502.802312072667774520034882101559663      
   502.664022971240653626986303272966717      
   502.504923779674670019879635429447684      
   502.324155339720890474924542881997761      
   502.121037715902711423265866773541568      
   501.895065596177521012117764601565718      
   501.645900932739146171661419002720526      
   501.373363556899010143193783272559251      
   501.077420357340595288582484624001603      
   500.758173503279792120697582071242026      
   500.415848053523186810850677075320567      
   500.050779269026162095112974425899537      
   499.663399845527569547092286382386035      
   499.254227252082452104003851328947060      
   498.823851362775753411766725861757902      
   498.372922319162561516347034335456114      
   497.902139188716825319106721530509472      
   497.412238931463759508653831743645384      
   496.903986135887503446536346295144320      
   496.378163465716249110904997366611124      
   495.835562871904829627779955505260369      
   495.276977583006034106872516457182895      
   494.703194971628476692470319241139288      
   494.114990005440021699792031918186644      
   493.513119899010891591413155470510797      
   492.898319256943819169906361242650901      
   492.271296052486842303909751191375129      
   491.632728353612255338570098264271950      
   490.983261733829495980000413906192279      
   490.323507361881227328924186649565228      
   489.654040482179832646597496599741864      
   488.975399762924778965057179383459200      
   488.288086873276925508239043281428669      
   487.592566548941059280644499056262346      
   486.889267029881673057496398851304994      
   486.178580822754507374834406146894195      
   485.460865769954547041883742037813830      
   484.736446169416477384057999352541311      
   484.005614188549693644415170016110631      
   483.268631620629815835141567067335547      
   482.525731414398233483685126407220670      
   481.777119322960173098756426689545112      
   481.022975683700893008715135586932023      
   480.263457287244990090146739288428479      
   479.498698671796613356501153014107464      
   478.728814244965754016480163189525881      
   477.953899755863349995852525807005310      
   477.174033958023119532924915545515147      
   476.389279890794742797374548220208983      
   475.599686523860146025179825897879403      
   474.805289547829645203642740580694619      
   474.006113085420010366530590493190278      
   473.202170575228253839899869936206885      
   472.393465657968561193160081660562554      
   471.579993316310174185145588098387345      
   470.761740540249930907205305171760635      
   469.938686637953879503153127085460001      
   469.110804321147600481710017664805901      
   468.278059942771366794618816692311866      
   467.440413936717337288735768726210209      
   466.597821118768020919559187534323531      
   465.750230985758166027797202935355821      
   464.897587605276377941462362580434979      
   464.039829681296702235922727434493735      
   463.176891435357757066965467715045066      
   462.308701571174571951046886141141505      
   461.435183200644453918117249761226139      
   460.556253838330325183586596922849001      
   459.671826404438756483656999977448347      
   458.781805617684641894562572528159665      
   457.886092455072369987521032611253359      
   456.984579548514387715639548425894486      
   456.077152956177604315096740427461286      
   455.163691591482510659290137131538462      
   454.244065560348972540396190561020190      
   453.318137412099777826320786260963926      
   452.385760048882642422234630897511213      
   451.446776889270560735238831740198830      
   450.501021147337957247747899247226790      
   449.548315205380214405270034287221837      
   448.588469539166349303952862451926626      
   447.621282543986410356979786421787509      
   446.646539296417890213645525049100269      
   445.664010907532045670160272623184286      
   444.673453136838015945829536577078770      
   443.674607116734512127581311219559692      
   442.667195868485092514252777233337077      
   441.650925077592344151869710508847575      
   440.625481142242197635329638494113813      
   439.590530263499844675195646331700422      
   438.545716979562415491057184249281318      
   437.490662906377686323894059847648913      
   436.424965205599169834874865480186131      
   435.348194666980743316104275652784354      
   434.259894572208543691381407805397350      
   433.159578329260799537229018087799397      
   432.046727557535300699174875469390540      
   430.920789993717952373663514808634143      
   429.781177589710298877578307672996962      
   428.627262964860494458337106870181178      
   427.458377821774081612215532817513589      
   426.273809185315818779676467086142718      
   425.072796767343992685103531006227617      
   423.854529348569807225057440137486321      
   422.618141256870189509633115193392064      
   421.362708441341658207511326764221592      
   420.087244097293054986107573206901371      
   418.790694668871714023290680716175575      
   417.471934875856789061849344864537677      
   416.129762890802942633554819202782045      
   414.762895133983488307142235864689773      
   413.369961373186228876339806754527307      
   411.949498049894567459415534397310896      
   410.499946230668961716446026906376287      
   409.019642592610676687850107997588019      
   407.506817039557998863734506736372041      
   405.959588512889407353346743093554097      
   404.375962068235228908713807105425194      
   402.753827739059513308943869777555777      
   401.090961507294795362773680668633319      
   399.385029906579552721707930609277060      
   397.633597493107826263999699997345671      
   395.834140653208178069191928662853496      
   393.984067310989378261174238061604715      
   392.080744384921630599356916756511416      
   390.121535520823881510749918369736696      
   388.103848887832212663835624945360339      
   386.025197359267463491107765091312777      
   383.883271969468524812366121418622818      
   381.676026683801318282666864001901595      
   379.401773272316184959400184424153653      
   377.059288046843226122732583690678046      
   374.647909553017678555763992160218193      
   372.167639569867815070757208526291708      
   369.619223251962192346597461597437658      
   367.004204123442580319015288693197401      
   364.324944448455347827189275766424050      
   361.584604453839783265459575240354948      
   358.787079180622084185234504083205253      
   355.936895518662403340619572152226702      
   353.039079788492942810834784006882790      
   350.099007209179429396536311113970134      
   347.122248061380820082109511014261260      
   344.114423786893075791723525127425472      
   341.081084297590464666246083288558493      
   338.027613248634549701939295285885246      
   334.959163448670408892539562185574909      
   331.880621853995056379430841990665070      
   328.796600797089460369024796887985199      
   325.711449778033613561989954359300952      
   322.629283158103768100964917185256013      
   319.554017206571439619875016094740452      
   316.489414782853603380432960258929039      
   313.439125420638666623618284701536327      
   310.406747840277018298646062829549737      
   307.395845643071857974649364377031001      
   304.410004010336127341150799661584360      
   301.452856607200152980905307259665618      
   298.528113241964143420001012856889924      
   295.639581125411152052589629368030781      
   292.791180017976798442795617533265776      
   289.986950462473173528680041194140698      
   287.231056152963297977636112852317315      
   284.527780077318628763435691215723803      
   281.881514325021613286600826815504835      
   279.296744125267704526149921410188244      
   276.778025224101040745024521551851141      
   274.329957397848821641024837662132880      
   271.957151637265217515084726768007621      
   269.664193395592647034276410364589605      
   267.455601974002843924320698510641863      
   265.335786866763103723017605503019611      
   263.309001879035897614851048807054122      
   261.379298211750061711870522802322997      
   259.550477684867757596916071391956700      
   257.826046720182961167123551609854618      
   256.209172938175140418677710837157466      
   254.702645435515616914541491799293728      
   253.308839233436452117784225954063133      
   252.029685962020132456466155338289663      
   250.866650813751053219620372674766260      
   249.820716072519019169286040498118404      
   248.892373515271436547731887266053894      
   248.081623106740162785462025578876870      
   247.387979975668086758565906092130981      
   246.810488239026429453280197859125008      
   246.347741801895506926638357068845215      
   245.997910521999492574389495759792556      
   245.758771826458095766710312992575956      
   245.627745732205495020452545154069339      
   245.601933153812857939408429110615665      
   245.678156038679241498407719007922234      
   245.852998159151127419410949302675903      
   246.122846164053627170970044751014376      
   246.483929609910532711266643678998926      
   246.932359574566985039252208474121724      
   247.464165181824116259659654774320094      
   248.075327491856415179316896893905860      
   248.761810709960891014167901341599417      
   249.519590310888012454251366197842046      
   250.344677960173698414630978382761517      
   251.233143398204037361140344345260433      
   252.181133243135139872796881344801193      
   253.184886764201460934028987166483647      
   254.240748880738314123255042602335947      
   255.345181000011803224222758464066506      
   256.494768542779147136333728291168184      
   257.686227323482881475196535315705572      
   258.916407555322021149306152515220760      
   260.182296209425573846598558498766216      
   261.481018028155311871139614015842067      
   262.809835214668558154762462200618147      
   264.166146111010699148722050389347426      
   265.547482971619226900888990503600743      
   266.951509042012682554000734487459569      
   268.376015067374669889240372797782084      
   269.818915323369347912559864532481906      
   271.278243353490238674073237745251382      
   272.752147391493237189421116842154874      
   274.238885720786941346622604682174112      
   275.736821834487690090984683715856173      
   277.244419694277181297455152470934546      
   278.760238834800120434069987141238928      
   280.282929706108893346554281430064624      
   281.811228960445499661133128000656944      
   283.343954943760329310938659220819591      
   284.880003269604433164298434938144382      
   286.418342566115105655313875613287413      
   287.958010382137142294065989703083985      
   289.498109242003704674794354742101410      
   291.037802906625647650308254900386718      
   292.576312745939201415123958348696635      
   294.112914365817226875047511619223696      
   295.646934329158163749571473354554584      
   297.177747091213742370411972907003065      
   298.704772089330982981966935634867765      
   300.227470978384024173017855631312419      
   301.745345029132016217743310144599411      
   303.257932680467324848654623293138392      
   304.764807202708686077811541818509454      
   306.265574553394368646971618042926678      
   307.759871294814090276090538578191567      
   309.247362672217407727777031654273153      
   310.727740657289168776222490322734530      
   312.200722882105943294152397100768087      
   313.666050010989725579665420907744377      
   315.123485011804457796709408112227851      
   316.572811459989713596463446590162616      
   318.013832327535843401484174992161612      
   319.446368610880513832133237646629714      
   320.870258343710969045722380081906327      
   322.285355299042028509332867687581921      
   323.691528193904595284415256613366347      
   325.088659511829721265210265783124816      
   326.476644781967226257706931888085642      
   327.855391637914807990809185609838187      
   329.224819043846645620434554967034342      
   330.584856642431090080303208336902398      
   331.935443862405861156204295930496417      
   333.276529543536547072780162076436867      
   334.608071037312436054303678961551400      
   335.930033926909551974938168138778416      
   337.242391250244624314093639767863940      
   338.545123088425563164426531626668176      
   339.838216210529250784778806401074328      
   341.121663397728415116008525655143373      
   342.395463231188234461333330454894010      
   343.659619668410228994375942233073545      
   344.914141558556791418755324895265865      
   346.159042412354109156158948679011756      
   347.394340158372989748155573262059381      
   348.620056601297555061175535342156906      
   349.836217333121199881393227075279375      
   351.042851529906113391997068016998620      
   352.239991409776278339521748736146296      
   353.427672286716455039958573587468691      
