 0.13548723707728E+03
 0.13548723707728E+03
 0.13548723707728E+03
 0.13548723707728E+03
 0.13548723707728E+03
 0.13548723707730E+03
 0.13548723707789E+03
 0.13548723708563E+03
 0.13548723714262E+03
 0.13548723742167E+03
 0.13548723843671E+03
 0.13548724139227E+03
 0.13548724864865E+03
 0.13548726423968E+03
 0.13548729436578E+03
 0.13548734779629E+03
 0.13548743614079E+03
 0.13548757397386E+03
 0.13548777885214E+03
 0.13548807111085E+03
 0.13548847377057E+03
 0.13548901222521E+03
 0.13548971398822E+03
 0.13549060843113E+03
 0.13549172654787E+03
 0.13549310075813E+03
 0.13549476475778E+03
 0.13549675341840E+03
 0.13549910273350E+03
 0.13550184980525E+03
 0.13550503286192E+03
 0.13550869129571E+03
 0.13551286571103E+03
 0.13551759797033E+03
 0.13552293123020E+03
 0.13552890996001E+03
 0.13553557993675E+03
 0.13554298821642E+03
 0.13555118307949E+03
 0.13556021394921E+03
 0.13557013129165E+03
 0.13558098649742E+03
 0.13559283175005E+03
 0.13560571988696E+03
 0.13561970425828E+03
 0.13563483858761E+03
 0.13565117685076E+03
 0.13566877311881E+03
 0.13568768150230E+03
 0.13570795603218E+03
 0.13572965059784E+03
 0.13575281889939E+03
 0.13577751442178E+03
 0.13580379043136E+03
 0.13583169999459E+03
 0.13586129602337E+03
 0.13589263137977E+03
 0.13592575879295E+03
 0.13596073120129E+03
 0.13599760172852E+03
 0.13603642386070E+03
 0.13607725160544E+03
 0.13612013966649E+03
 0.13616514363818E+03
 0.13621232020697E+03
 0.13626172737159E+03
 0.13631342467549E+03
 0.13636747344970E+03
 0.13642393706432E+03
 0.13648288121541E+03
 0.13654437418513E+03
 0.13660848714091E+03
 0.13667529446750E+03
 0.13674487402369E+03
 0.13681730756058E+03
 0.13689268088552E+03
 0.13697108448958E+03
 0.13705261377832E+03
 0.13713736924447E+03
 0.13722545732574E+03
 0.13731699053447E+03
 0.13741208797204E+03
 0.13751087582407E+03
 0.13761348783257E+03
 0.13772006583804E+03
 0.13783076037234E+03
 0.13794573121194E+03
 0.13806514805869E+03
 0.13818919115281E+03
 0.13831805205140E+03
 0.13845193440989E+03
 0.13859105475969E+03
 0.13873564344151E+03
 0.13888594554029E+03
 0.13904222207085E+03
 0.13920475059234E+03
 0.13937382705276E+03
 0.13954976669930E+03
 0.13973290552516E+03
 0.13992360182702E+03
 0.14012223777376E+03
 0.14032922116726E+03
 0.14054498733840E+03
 0.14077000119109E+03
 0.14100475933937E+03
 0.14124979250861E+03
 0.14150566802784E+03
 0.14177299254497E+03
 0.14205241487741E+03
 0.14234462907949E+03
 0.14265037788498E+03
 0.14297045535386E+03
 0.14330571144841E+03
 0.14365705507990E+03
 0.14402545792433E+03
 0.14441195829092E+03
 0.14481766464453E+03
 0.14524375926634E+03
 0.14569150136593E+03
 0.14616222969707E+03
 0.14665736458658E+03
 0.14717840874871E+03
 0.14772694684431E+03
 0.14830464305529E+03
 0.14891323662611E+03
 0.14955453447686E+03
 0.15023040075823E+03
 0.15094274276424E+03
 0.15169349004725E+03
 0.15248457962072E+03
 0.15331791965652E+03
 0.15419536566252E+03
 0.15511868652969E+03
 0.15608953019606E+03
 0.15710938888462E+03
 0.15817956509543E+03
 0.15930113910966E+03
 0.16047493879346E+03
 0.16170151413571E+03
 0.16298111218760E+03
 0.16431366049453E+03
 0.16569875497126E+03
 0.16713565522133E+03
 0.16862328858804E+03
 0.17016026308075E+03
 0.17174488933769E+03
 0.17337521057126E+03
 0.17504903897004E+03
 0.17676399647808E+03
 0.17851755770646E+03
 0.18030709344478E+03
 0.18212991100724E+03
 0.18398329435783E+03
 0.18586453538738E+03
 0.18777096474966E+03
 0.18969997614044E+03
 0.19164904571839E+03
 0.19361574712776E+03
 0.19559776298409E+03
 0.19759289209521E+03
 0.19959905412244E+03
 0.20161429157872E+03
 0.20363676937797E+03
 0.20566477300657E+03
 0.20769670613333E+03
 0.20973108478249E+03
 0.21176653354653E+03
 0.21380177991748E+03
 0.21583564847754E+03
 0.21786705519876E+03
 0.21989500146183E+03
 0.22191856868979E+03
 0.22393691248722E+03
 0.22594925754296E+03
 0.22795489282307E+03
 0.22995316647998E+03
 0.23194348178519E+03
 0.23392529303856E+03
 0.23589810158894E+03
 0.23786145240439E+03
 0.23981493091684E+03
 0.24175816009759E+03
 0.24369079715559E+03
 0.24561253208494E+03
 0.24752308409251E+03
 0.24942220027037E+03
 0.25130965323634E+03
 0.25318523960291E+03
 0.25504877789973E+03
 0.25690010737468E+03
 0.25873908612917E+03
 0.26056559046104E+03
 0.26237951262477E+03
 0.26418076080173E+03
 0.26596925709031E+03
 0.26774493680822E+03
 0.26950774840712E+03
 0.27125765070409E+03
 0.27299461397982E+03
 0.27471861816958E+03
 0.27642965311975E+03
 0.27812771617999E+03
 0.27981281336087E+03
 0.28148495821725E+03
 0.28314417122371E+03
 0.28479047814526E+03
 0.28642391230945E+03
 0.28804451172887E+03
 0.28965231924674E+03
 0.29124738274853E+03
 0.29282975461442E+03
 0.29439949104965E+03
 0.29595665190461E+03
 0.29750130074015E+03
 0.29903350327841E+03
 0.30055332938309E+03
 0.30206085089191E+03
 0.30355614220825E+03
 0.30503927975900E+03
 0.30651034193819E+03
 0.30796940899966E+03
 0.30941656268703E+03
 0.31085188684687E+03
 0.31227546604583E+03
 0.31368738594916E+03
 0.31508773343363E+03
 0.31647659607656E+03
 0.31785406246843E+03
 0.31922022161123E+03
 0.32057516420957E+03
 0.32191897930307E+03
 0.32325175789314E+03
 0.32457359086653E+03
 0.32588456928494E+03
 0.32718478438727E+03
 0.32847432748700E+03
 0.32975329010058E+03
 0.33102176305226E+03
 0.33227983777797E+03
 0.33352760513910E+03
 0.33476515588829E+03
 0.33599258058466E+03
 0.33720996943864E+03
 0.33841741227445E+03
 0.33961499859971E+03
 0.34080281754198E+03
 0.34198095771655E+03
 0.34314950738532E+03
 0.34430855419677E+03
 0.34545818537697E+03
 0.34659848760355E+03
 0.34772954696054E+03
 0.34885144897653E+03
 0.34996427863248E+03
 0.35106812025187E+03
 0.35216305754513E+03
 0.35324917361338E+03
 0.35432655097465E+03
 0.35539527135231E+03
 0.35645541591199E+03
 0.35750706514752E+03
 0.35855029888830E+03
 0.35958519621205E+03
 0.36061183557690E+03
 0.36163029476535E+03
 0.36264065084021E+03
 0.36364298014319E+03
 0.36463735836439E+03
 0.36562386049712E+03
 0.36660256083459E+03
 0.36757353294430E+03
 0.36853684971105E+03
 0.36949258336478E+03
 0.37044080537912E+03
 0.37138158656679E+03
 0.37231499704242E+03
 0.37324110623202E+03
 0.37415998291153E+03
 0.37507169512172E+03
 0.37597631024260E+03
 0.37687389498779E+03
 0.37776451539060E+03
 0.37864823682168E+03
 0.37952512401315E+03
 0.38039524097731E+03
 0.38125865111970E+03
 0.38211541718705E+03
 0.38296560128028E+03
 0.38380926485280E+03
 0.38464646876277E+03
 0.38547727317313E+03
 0.38630173767651E+03
 0.38711992122748E+03
 0.38793188216727E+03
 0.38873767822973E+03
 0.38953736655493E+03
 0.39033100367891E+03
 0.39111864555089E+03
 0.39190034758969E+03
 0.39267616450962E+03
