   6.46114229515578832787994501293249882      
   6.46114229515578832787994503858969363      
   6.46114229515578832787994507460013546      
   6.46114229515578832786445253264664953      
   6.46114229515578830736877830672720092      
   6.46114229515578543430523294913070708      
   6.46114229515567986084551928669534145      
   6.46114229515405411085389201062175481      
   6.46114229514024780706062309834042345      
   6.46114229506340386792373676062250839      
   6.46114229474944116440968671946254101      
   6.46114229373255762062876130048929160      
   6.46114229097773987360518423934027524      
   6.46114228449084289672642314736862851      
   6.46114227083410615064865521623187678      
   6.46114224455776879828307884389218301      
   6.46114219769051184329023193068533625      
   6.46114211915223084414384086537322503      
   6.46114199424392788298188418680242780      
   6.46114180423495102040699011655969002      
   6.46114152603536567252183599068744980      
   6.46114113197952271803188658363622257      
   6.46114058973320002471088040308170561      
   6.46113986233427327208038165380255122      
   6.46113890837358827622721385342903128      
   6.46113768231757875569688623293664319      
   6.46113613496693760490681961381153245      
   6.46113421403683188409951720517709485      
   6.46113186483486835010724337601279930      
   6.46112903099193552082887567146039749      
   6.46112565524217155145424292475942480      
   6.46112168021411334514019575079288459      
   6.46111704907504410056820679622180392      
   6.46111170615299006537800500638371087      
   6.46110559741029088660261077623036514      
   6.46109867076285682312219028424158684      
   6.46109087622044639722018894143939566      
   6.46108216590384439121957692032345522      
   6.46107249377930765470187101636089872      
   6.46106181547170731960964358142813383      
   6.46105008754019649118988485579783328      
   6.46103726695113503074012812501078758      
   6.46102331032960718954941495500167148      
   6.46100817314971299458181673250506682      
   6.46099180886881246678069016490958992      
   6.46097416801380130203642860292967555      
   6.46095519726177055870236615011973343      
   6.46093483864326406741973458864779153      
   6.46091302864842507353921578289408683      
   6.46088969732155568197509234432835516      
   6.46086476756767121625426914744615626      
   6.46083815443484179937349611003422523      
   6.46080976449122023167983844773715291      
   6.46077949524313465279203903343996488      
   6.46074723463794156386709695399568230      
   6.46071286066635009382789219591984020      
   6.46067624096534026187950439502945007      
   6.46063723255892210942124378893359950      
   6.46059568152047272883114613558409216      
   6.46055142279094533034642641476516738      
   6.46050427999713282838965371308549327      
   6.46045406534600293954081569806075163      
   6.46040057942061081668170372580100085      
   6.46034361118952967275543639978056531      
   6.46028293781359776034631185575591338      
   6.46021832453270041757762505248128031      
   6.46014952456698464824221760567010605      
   6.46007627892069789445885792023945858      
   6.45999831639668001029323627031788209      
   6.45991535322158231149144964325413414      
   6.45982709280411696178478660359076092      
   6.45973322564941772155344081629836708      
   6.45963342884640156232084070492063849      
   6.45952736573149715799032838758541483      
   6.45941468549039241791840427037824521      
   6.45929502259996842551531972981885286      
   6.45916799625445909830789297050460928      
   6.45903320973718702727991169818883445      
   6.45889024957793582089660908199911806      
   6.45873868496208004833525605373177917      
   6.45857806667920045612109052988525388      
   6.45840792611800287633149013816186977      
   6.45822777411939316274899627986635332      
   6.45803709992167698235148419112304574      
   6.45783536980763129986206662195113664      
   6.45762202512319210593562166250247681      
   6.45739648257983392739827441679816050      
   6.45715813012388906084287593429616016      
   6.45690632729047343018030667239036105      
   6.45664040192355697655838975036762210      
   6.45635964788995516193444689470709210      
   6.45606332500907123158185681307918873      
   6.45575065470656044691232189919055302      
   6.45542081895107807004031317310155701      
   6.45507295595841680519200372735529830      
   6.45470615870891446603263244582726574      
   6.45431947144684167834365127219470438      
   6.45391188669363064484107167245053846      
   6.45348234239698457517201535477940740      
   6.45302971676758811394930229583940396      
   6.45255282650333386794650365727273921      
   6.45205042123632934438589961127477726      
   6.45152118042479342491407441432545764      
   6.45096370770914756789113319309805787      
   6.45037652720021898499632028612565810      
   6.44975807775624048963693130054987033      
   6.44910670773785531527833151910174529      
   6.44842066976033241285385066997303741      
   6.44769811408645251749477054704007383      
   6.44693708295902384449215718341919175      
   6.44613550289928410547768141175536118      
   6.44529117904200928588667112352102410      
   6.44440178614696093594023646039272327      
   6.44346486167994196253068035721816130      
   6.44247779694303810548558386318807866      
   6.44143782841216027864653282799007063      
   6.44034202793869609916439469737296726      
   6.43918729367709037225373458940819547      
   6.43797033888565273394644633228767653      
   6.43668768112970874712146867626390995      
   6.43533563083522986664355761488313376      
   6.43391027881658098531924921245652448      
   6.43240748377249262078309035581186231      
   6.43082285867120673985742892715759413      
   6.42915175653278576715730654364381379      
   6.42738925648072641629471404240280324      
   6.42553014705247364627795859140479896      
   6.42356891201142300418460803363622902      
   6.42149971323924750607268076859624821      
   6.41931637388264560516094548312115442      
   6.41701236247167198759340190238195763      
   6.41458077493486528173056921536427822      
   6.41201431823303111575559929178887020      
   6.40930529378083322896591918696779481      
   6.40644558180399399755357536279939609      
   6.40342662657427295336009135301229217      
   6.40023942340191810783499347526930805      
   6.39687450754060615943233689832138803      
   6.39332194570685904124477817845875454      
   6.38957133156932345518631191501997930      
   6.38561178363485540979829906081021438      
   6.38143194902630247777625420570637239      
   6.37702001175960785313067810633880396      
   6.37236370697127572254659047340725056      
   6.36745033862148942766276834210152832      
   6.36226680830231150085246750568556540      
   6.35679964441396096117986410171636827      
   6.35103503962393301285047716670051964      
   6.34495889302215978385075543080272322      
   6.33855685391095030186011281311782741      
   6.33181437212903392193848712639665533      
   6.32471674629238453688924031742847972      
   6.31724917218181589149225007535690229      
   6.30939679345622566896044698403385529      
   6.30114474644193196607035880101417808      
   6.29247820351553265962970437424312221      
   6.28338240702699910461534592851266605      
   6.27384270939074282169862396045516307      
   6.26384459765961551063283292547144230      
   6.25337371405453819754007641098416849      
   6.24241588367978384323951138646357596      
   6.23095711869395613643694588945699262      
   6.21898363273347946688330720484988028      
   6.20648184634926136851614264624711843      
   6.19343839039770028690890581898416460      
   6.17984010594912880283528679317082489      
   6.16567404226084921185916047645039562      
   6.15092745488561528729229141783783247      
   6.13558779885009222772877074277686051      
   6.11964272335559132475747190748265090      
   6.10308006561238799614656861207141541      
   6.08588784153629565060970347775109999      
   6.06805423982457881098569723028878949      
   6.04956761020073010997789442983816695      
   6.03041645685355549483106441426666113      
   6.01058942556079476393225009267180687      
   5.99007529647826120634323246301599550      
   5.96886297085358347818520858202701558      
   5.94694146051332506663438992498378371      
   5.92429987671939307312069683885010834      
   5.90092741868920438272588096887272416      
   5.87681335995207990940066109758469060      
   5.85194703833603522032638380537042701      
   5.82631784255060719234972613391196861      
   5.79991520090878914092061528592634511      
   5.77272856898816417933152649662729092      
   5.74474741961561662867165050080659568      
   5.71596123082137072586761158776175737      
   5.68635947659476045137368801983943467      
   5.65593161620690130626676840281413524      
   5.62466708586193868220625161693417253      
   5.59255529028976813933360158617278311      
   5.55958559491612940082344924020026190      
   5.52574732008585171702965935268362672      
   5.49102973287916247360442990665388457      
   5.45542204392099294987683389591491611      
   5.41891340102088881585718865664349491      
   5.38149288604729376488420983622456947      
   5.34314951090855144415861824538125935      
   5.30387221444412925887998348560557900      
   5.26364986023555299092549829661791537      
   5.22247123504258381131857906411771977      
   5.18032504624739741378718788951671519      
   5.13719992062797118717299321502413774      
   5.09308440433738098767930653283880162      
   5.04796696151832441108969042447928143      
   5.00183597374954552224061547025517238      
   4.95467973998480628291995320466761515      
   4.90648647697287700669820897864279940      
   4.85724431763098765911150930414502312      
   4.80694131402902107604554119120206342      
   4.75556543404626146056310025851142568      
   4.70310456568461713410274296945223635      
   4.64954651334117786978867479457441284      
   4.59487900212659469483688711728741139      
   4.53908967513756377624048060689767160      
   4.48216609637010572446900168885368652      
   4.42409574864974822753308233513795088      
   4.36486603720333976876290566229908189      
   4.30446428789920885776666866468602948      
   4.24287774738447042378206011327951671      
   4.18009358658525333643737916061512986      
   4.11609889673649921671856404342153440      
   4.05088069463950346628742359068105310      
   3.98442591842033600082575688715084373      
   3.91672143164063049324806644256877945      
   3.84775402216869469574067768729841510      
   3.77751040133834460536937668056947078      
   3.70597720732050290148868842348054893      
   3.63314100202204180068985781293514556      
   3.55898827456742794303207696554171469      
   3.48350543912352436568931877792549526      
   3.40667883629906915892326430417262383      
   3.32849473377685873830020687688669502      
   3.24893932498049049388060638763432505      
   3.16799873146933506783696048338517868      
   3.08565900168517285997483127574284980      
   3.00190611081988167348778570899104844      
   2.91672596262840656963999392007704014      
   2.83010438762142975796033820117011538      
   2.74202714516292780156189144475253622      
   2.65247992182739745304825892495239623      
   2.56144833328246603677903612659796234      
   2.46891792213349261646045530734581322      
   2.37487416077692368266997040073938333      
   2.27930244935909617384071592267510795      
   2.18218811608196917723364687774148826      
   2.08351641895340713460821656950280725      
   1.98327254435603909368113902880453506      
   1.88144160652815281533479581828536023      
   1.77800864994899457193390935982837860      
   1.67295864669087506309873577719973019      
   1.56627649892207515818019414588142708      
   1.45794703689805430778144484386240041      
   1.34795502047212872877414762996979469      
   1.23628513811554425685338525368572553      
   1.12292200792619509919700689194124175      
   1.00785017676719781214591694633300073      
  0.891054120467086625616880163461375281      
  0.772518244656671762590750193147934326      
  0.652226883110906517655642954151694291      
  0.530164299884163065909381092645386238      
  0.406314687206454861106828442723461466      
  0.280662167377561672530899695069219358      
  0.153190791644640194386951734260908039      
   2.38845398722137050678131521899967769E-0002
 -0.107272677565048067298118495714107116      
 -0.240297022148094581625356785717667722      
 -0.375204726067707808614742284421878679      
 -0.512012091133345874513922003983663446      
 -0.650735491583252391649874760191171721      
 -0.791391371379672914144985420612641054      
 -0.933996245043434367618346981136450511      
  -1.07856669784061115643960980998482828      
  -1.22511938774597047424680320530369421      
  -1.37367104048861732476228789947519301      
  -1.52423845357298985628808669300407417      
  -1.67683849753927052562904755262569124      
  -1.83148811000640003954128039610837717      
  -1.98820430105778615218092556209546607      
  -2.14700415279519289595868956384693468      
  -2.30790481619997988634144621208248048      
  -2.47092351348900764259731194822080894      
  -2.63607753699413186559742969916737012      
  -2.80338425060748890209358583249612203      
  -2.97286109017754786813812659686233391      
  -3.14452555993368540699570204232914893      
  -3.31839523572629538195400497393972975      
  -3.49448776364634870328508886171006783      
  -3.67282086080353844930121800700201317      
  -3.85341231734626180224097327539487798      
  -4.03627998973762270649720321393304994      
  -4.22144180757108558645203878017378709      
  -4.40891576983368554487823903706771536      
  -4.59871994952070652492791505759629823      
  -4.79087248691766162182823731234678935      
  -4.98539159363509477963612912654417034      
  -5.18229555078242123003700845469548274      
  -5.38160271200357336612655523705759771      
  -5.58333150106158820772579018332154677      
