   6.46114229515578832787994501293249882      
   6.46114229515578832787994503858969363      
   6.46114229515578832787994507460013623      
   6.46114229515578832786445253264680438      
   6.46114229515578830736877830712535613      
   6.46114229515578543430523302749491450      
   6.46114229515567986084552281987929449      
   6.46114229515405411085395516657895340      
   6.46114229514024780706123059733856473      
   6.46114229506340386792751629304949864      
   6.46114229474944116442682284517312979      
   6.46114229373255762069109443511073941      
   6.46114229097773987380868881052459717      
   6.46114228449084289904567789511485348      
   6.46114227083410617070091842575616774      
   6.46114224455776893125548886207956479      
   6.46114219769051255079378403825987837      
   6.46114211915223398072034539398606621      
   6.46114199424393981055350330131307214      
   6.46114180423499084684852919919028541      
   6.46114152603548468031562169622472918      
   6.46114113197984596770656162324304358      
   6.46114058973400846854038722342580173      
   6.46113986233615496114827782392544779      
   6.46113890837770068813638269291482839      
   6.46113768232608095472163704343264165      
   6.46113613498367058428299553421099320      
   6.46113421406834738264141713640105172      
   6.46113186489192970564991719594751079      
   6.46112903109164039230792678672090811      
   6.46112565540721369193309848361123971      
   6.46112168049063449664814727509803598      
   6.46111704951743640392080098135180060      
   6.46111170684352402959076413633291444      
   6.46110559846400629301770776474995520      
   6.46109867233755963953773049321659054      
   6.46109087852872975582916577548103660      
   6.46108216922756300935530390321142299      
   6.46107249848659761019582015056602886      
   6.46106182203680969522131881786637601      
   6.46105009656637572001141434213379062      
   6.46103727919689778253089208944144163      
   6.46102332673850405873190222305336047      
   6.46100819488395298996795058932892113      
   6.46099183734697567136524995190529025      
   6.46097420495299990997265433922956126      
   6.46095524472418739034233756975769529      
   6.46093489908818722375407670681859908      
   6.46091310498923407643147538920322840      
   6.46088979298851341553961203798794792      
   6.46086488657681161893565748445252164      
   6.46083830146333141259156283681002274      
   6.46080994495962302154702001812814068      
   6.46077971540501324693427056696337715      
   6.46074750167723406380991031903164161      
   6.46071318280344575867267640577275888      
   6.46067662757101095443471890725088134      
   6.46063769427928903006835762732274888      
   6.46059623040989644459678303032849080      
   6.46055207245653996903785551945716432      
   6.46050504575353264700279483843413725      
   6.46045496438419194091761946358127538      
   6.46040163098335929285387467285149041      
   6.46034483676662600676091902948616085      
   6.46028436134471549133716579071010837      
   6.46021997262705592666154426001497892      
   6.46015142673452770458886145133671739      
   6.46007846782781739986377862390146426      
   6.46000082812469319017708198400768793      
   6.45991822754670650357636946327095464      
   6.45983037350374224251867185258013864      
   6.45973696081156263823653907579786390      
   6.45963767120657407224642523940558616      
   6.45953217302784785412489642868054374      
   6.45942012083901409410016228177452860      
   6.45930115488947497618680727590540012      
   6.45917490056518117541033980948699695      
   6.45904096778101401210011466833162721      
   6.45889895015001477355699396258870782      
   6.45874842446804694562765831569588604      
   6.45858894961289594675750855918134613      
   6.45842006561141463901123854114054586      
   6.45824129252216248939493977424687103      
   6.45805212939357512266015448801610189      
   6.45785205292329310938925524273307641      
   6.45764051568706259511056113438678119      
   6.45741694605957779143488739596196866      
   6.45718074456676671100951590542707276      
   6.45693128391337421947333921736115036      
   6.45666790638417367061730445563694602      
   6.45638992060169593023158478644845257      
   6.45609660214153863763151736460145731      
   6.45578718946091281685562563393481549      
   6.45546088209311813982833731650132549      
   6.45511683710624130256967589898688889      
   6.45475416736469739547011940689150192      
   6.45437193805377922915872998635815234      
   6.45396916410071850265824923646982403      
   6.45354480660444576612802741264838897      
   6.45309776901829562623072550266910832      
   6.45262689383561828067293664418703339      
   6.45213095832121692744050088386309268      
   6.45160867113776151848321086588063224      
   6.45105866666000876355533533261486984      
   6.45047950137915369578094898263120788      
   6.44986964809621309270945168407011186      
   6.44922749156877925685116700294747257      
   6.44855132212289527517205947833529886      
   6.44783932967537209212292090918093948      
   6.44708959888143840512284198969472233      
   6.44630010041518524182029165888311985      
   6.44546868605763403464732537008461525      
   6.44459307942662316556981735229965258      
   6.44367086962406635642108684469999781      
   6.44269950199310010655273144781329974      
   6.44167626998765947850138269548303609      
   6.44059830557336390367775861348246129      
   6.43946256928129846111541030570701509      
   6.43826584041716012374502229820404529      
   6.43700470564435461069841949306231793      
   6.43567554773425420221405159613586675      
   6.43427453346977604723745820540796367      
   6.43279760065562896534439947960254249      
   6.43124044518249901049873592409121039      
   6.42959850675226755987593418815419154      
   6.42786695434346008543774573944248954      
   6.42604067057731583799115131525620295      
   6.42411423659591012321849809976833827      
   6.42208191525773519746134734142831859      
   6.41993763456805117240737859503123683      
   6.41767496998993062346947086406479608      
   6.41528712830603761361597702606151771      
   6.41276692946665302860853606618497752      
   6.41010678994462337735226542080257139      
   6.40729870629239576793759309598925645      
   6.40433423991764713918633530175527592      
   6.40120450274343840164783576664362527      
   6.39790014544772970712497002325608916      
   6.39441134762714102275667971124468196      
   6.39072781127669939824240166815041096      
   6.38683875832518386418933886501073392      
   6.38273293183104918959590020223258460      
   6.37839860306571358389682099006817283      
   6.37382358384592528415191885543533364      
   6.36899524385898608072792332958272433      
   6.36390053497527357453434756218946484      
   6.35852602294988869280730869376520509      
   6.35285792175034772716388653300028634      
   6.34688213560821675360440819350403624      
   6.34058430373877486639035190799958473      
   6.33394984923031411801829495314646301      
   6.32696402969887358378590280801592709      
   6.31961198573287958266859558714657042      
   6.31187879480799948416720193974454235      
   6.30374951512685640682417582786277850      
   6.29520923100620494435797583961550850      
   6.28624309268859442545628449363760964      
   6.27683635272206097698788579974989970      
   6.26697439518600318733567759041894094      
   6.25664275867566721197741892127757528      
   6.24582716119737172975708287075587384      
   6.23451350839254243631506240305570298      
   6.22268790931395840828746603363136724      
   6.21033668023244824005192505602606657      
   6.19744634934687634686086242858093171      
   6.18400365716677940878305891105047075      
   6.16999555396192656716254011710698094      
   6.15540919882294979004689806898095513      
   6.14023195154658308254153785448666510      
   6.12445136840024211505354204089390236      
   6.10805519544127679391142666872916407      
   6.09103135993010727708199627556306757      
   6.07336796221409394879755050202109478      
   6.05505326806934601311783494011556176      
   6.03607569773590763247023333784840169      
   6.01642381809607991084140855855179631      
   5.99608633066628602375365275961597163      
   5.97505206317583526303616502160076111      
   5.95330995670128475779005940310218368      
   5.93084905616793813817577362338762885      
   5.90765849798991049999758910005033345      
   5.88372749792903945804717065719134481      
   5.85904534104190597662943635709220355      
   5.83360136816081877060568521475384740      
   5.80738496494116790891033521413303058      
   5.78038554973969845312224141355260581      
   5.75259256329313880515955915563594571      
   5.72399545748801813903554864130820804      
   5.69458368415615050361112072127407367      
   5.66434668663311718174750111159596588      
   5.63327388927792861917199805013473872      
   5.60135468960684990893946946695920433      
   5.56857845022710548439421466048096448      
   5.53493449173798784862645135969376111      
   5.50041208636239478603046921437699595      
   5.46500045198413032072164926824444105      
   5.42868874706421385291862640325914557      
   5.39146606568744101969696312136462740      
   5.35332143569222838322523328468308931      
   5.31424381303617736933354306353737816      
   5.27422207980697036509150586108426737      
   5.23324504214302004295549047452813612      
   5.19130142894189873075052184469240981      
   5.14837988915624596935922363787076454      
   5.10446899082051471009809353681283799      
   5.05955722137929806672086010768972532      
   5.01363298567161108044501797319849889      
   4.96668460630564862197093907692024602      
   4.91870032254902342947670246196122688      
   4.86966829226017680337595026553479634      
   4.81957658940446377326208566062244337      
   4.76841320634070977092705889615659317      
   4.71616605214626450033621236157532447      
   4.66282295557549913937649951755808803      
   4.60837166194835977416043709447729572      
   4.55279983742074293040382792784521598      
   4.49609506648314568884252463761826582      
   4.43824485358890255820633685729972524      
   4.37923662322177937785466043292163817      
   4.31905772209702607681889960748690080      
   4.25769541622009556648110537910690017      
   4.19513689434418595331360571377603564      
   4.13136926822751267214229766941465187      
   4.06637957123332155652727674952315057      
   4.00015476038930704292490589707406640      
   3.93268171544431145180991995691496167      
   3.86394724161134444623417850789850028      
   3.79393806711895412466902458874035317      
   3.72264084474612049450301743827267241      
   3.65004215412610678195592058604079764      
   3.57612849800912307030072805873653443      
   3.50088630677582193600372690999532032      
   3.42430193485271433046563814155094045      
   3.34636166479853259125241650893562404      
   3.26705170429755215778125305363624237      
   3.18635818792629217758367454093415892      
   3.10426717783906914623601061279327612      
   3.02076466340109963690086331852311665      
   2.93583655958660054820308499193607608      
   2.84946871143049643936053653449146282      
   2.76164688960525249871804030527362296      
   2.67235679372888615215408497714137096      
   2.58158405041928603216032402795490082      
   2.48931421557715760409103148013292496      
   2.39553277235891133431687994828972966      
   2.30022513257067239944390467598745402      
   2.20337663617074618221158221921248206      
   2.10497255185435272314732537517803936      
   2.00499807703952894150582743143807249      
   1.90343833711449943905605644024006114      
   1.80027838689055033053793932990033005      
   1.69550320962975914659607011982478475      
   1.58909771722404849133895227643306479      
   1.48104675093786156812737070272749948      
   1.37133508011249901906536747410455162      
   1.25994740403644816517073346267868406      
   1.14686835033465788229856269416136308      
   1.03208247583178456609579779882283285      
  0.915574266415246475714963061498931197      
  0.797328137028865995845322053762859207      
  0.677328431506349881388409148109369994      
  0.555559423084651710750819993088455045      
  0.432005313697355247075811873050155318      
  0.306650234705917569807389837141331764      
  0.179478246835744998284795416561109692      
   5.04733393748950061558587692561772309E-0002
  -8.03805684004889005165167727551689331E-0002
 -0.213099628851869146879587252285078768      
 -0.347700064998389637096559616505059662      
 -0.484198169909947837523802396166248908      
 -0.622610307998662770194753934016872843      
 -0.762952915877185033021688198282505435      
 -0.905242498292822250947538178914431529      
  -1.04949563187600481361164625187890892      
  -1.19572896502003367398596727954962304      
  -1.34395921734512707566425970882952651      
  -1.49420317555929536754555046686216611      
  -1.64647770039863038328776038784638454      
  -1.80079972455599431088668514933796793      
  -1.95718624728919232529304099027016184      
  -2.11565434133959023652467021269308694      
  -2.27622115143774879086563422691362359      
  -2.43890389026385820486722174324526788      
  -2.60371984225000333226297760988230955      
  -2.77068636268255936711873881152844755      
  -2.93982087791925470394510828750724578      
  -3.11114088598700455249918414540640094      
  -3.28466395346613940063865592746716309      
  -3.46040771828332552204209195537863871      
  -3.63838988989845208532897920774710111      
  -3.81862824730518271884094510280473028      
  -4.00114064338669556685507281715112268      
  -4.18594499758983968841291125841049014      
  -4.37305929985475670682661868628049860      
  -4.56250161625938422795356695293770973      
  -4.75429007794956226612000517512506794      
  -4.94844288997268326964137935847954108      
  -5.14497832511721391423580752967073363      
  -5.34391472796510746126459640947088866      
  -5.54527051434227549531728962189569517      
