   6.46114229515578832787994501293249882      
   6.46114229515578832787994503858969363      
   6.46114229515578832787994507460013546      
   6.46114229515578832786445253264691377      
   6.46114229515578830736877830742088391      
   6.46114229515578543430523308862251576      
   6.46114229515567986084552567547910243      
   6.46114229515405411085400758742386264      
   6.46114229514024780706174538077601831      
   6.46114229506340386793077234109332152      
   6.46114229474944116444177830455906489      
   6.46114229373255762074584571953833358      
   6.46114229097773987395296732964639040      
   6.46114228449084290073143483529904096      
   6.46114227083410618558933798558907009      
   6.46114224455776903183977694082287068      
   6.46114219769051309483268824217165306      
   6.46114211915223642808138726876146832      
   6.46114199424394923961768034275241100      
   6.46114180423502270323374948669799614      
   6.46114152603558089121051094721915982      
   6.46114113198010983945312316163534139      
   6.46114058973467427463634136295301897      
   6.46113986233771728829894028544314756      
   6.46113890838114076810065222795082121      
   6.46113768233324247408264124763415013      
   6.46113613499785563810395702800008304      
   6.46113421409522378890143582656752140      
   6.46113186494086297554246902066892077      
   6.46112903117758864923209346345223266      
   6.46112565555333296362484061993910956      
   6.46112168073125635419817325737202805      
   6.46111704990406149870963906705814821      
   6.46111170744947411301740076384111142      
   6.46110559939221827336117773885771032      
   6.46109867372977136027820037200510200      
   6.46109088057657288272985769558835468      
   6.46108217218596496591175810020451471      
   6.46107250268959871225802891164263492      
   6.46106182791604878430350776030616465      
   6.46105010467252783505978863565726599      
   6.46103729022427267007833986670513711      
   6.46102334155308318666410071490987401      
   6.46100821455509663233188476572316828      
   6.46099186318308195456312521712362353      
   6.46097423854145738053544509483484361      
   6.46095528797558152764891860025321345      
   6.46093495428580056930755470439102405      
   6.46091317484337307995571246799749103      
   6.46088988069646365585674340638083133      
   6.46086499588871347661609591392049850      
   6.46083843675434895992137414637498812      
   6.46081011130882682818247309845594885      
   6.46077991868140246283937362869482477      
   6.46074774863332967048982845770785291      
   6.46071348117733450849506037162712188      
   6.46067698619609293701840732191373093      
   6.46063812320469034435795360984196908      
   6.46059674102870741550389258182359231      
   6.46055267764533951766239454314473224      
   6.46050576002237095333559934012550260      
   6.46045580403798669233604509579546837      
   6.46040261429443287951003070906644147      
   6.46034598416180835731768886531828960      
   6.46028569560240550669611548607553282      
   6.46022151909011330838972211941033880      
   6.46015321353460814715350801061207077      
   6.46008052613317746793579226916177239      
   6.46000319239139720492147048088990720      
   6.45992093579092085525164786301755377      
   6.45983346759861889943376420545167259      
   6.45974048678872433776014326031549513      
   6.45964167958365309644412671717422151      
   6.45953671915407930117224876657352924      
   6.45942526526061343069842330287327180      
   6.45930696373401810556549886234710317      
   6.45918144595000517748256613106967130      
   6.45904832823715172778260080471499559      
   6.45890721108270182097361760678324806      
   6.45875767863972938078890435131059693      
   6.45859929763098428427949845906074246      
   6.45843161644289226715727976093019303      
   6.45825416412821448587640995254660823      
   6.45806644920372565733860518130715803      
   6.45786795851859385502346450349536224      
   6.45765815549798006430512785507766642      
   6.45743647988555831459008697661700278      
   6.45720234444653135305525071892658316      
   6.45695513481557549240310631691330036      
   6.45669420692965074832360038303172480      
   6.45641888414992339531792853276157258      
   6.45612845729257897753311167651316791      
   6.45582218133663926739775164518915930      
   6.45549927297950342930693396838921142      
   6.45515890764936762323233125714182661      
   6.45480021758824093305126180072876336      
   6.45442228843180477066673343902305650      
   6.45402415685715115961983322819242617      
   6.45360480679815214112593839316595071      
   6.45316316588863484573221430965457170      
   6.45269810222743605286021613265556655      
   6.45220841991297655672334974056410655      
   6.45169285617111792481297026347846961      
   6.45115007535330476906551187233194875      
   6.45057866561396816517847824121871483      
   6.44997713312902664564054810131787231      
   6.44934389782466780743474867083956941      
   6.44867728720745199289496884354327318      
   6.44797553036631112209371322472708036      
   6.44723675289150811557152691543433979      
   6.44645896893783148573738720256157683      
   6.44564007595053510631002052434824331      
   6.44477784548903110634816771734364493      
   6.44386991723608900940209795934646409      
   6.44291378976683845563485127090193581      
   6.44190681239813151496534592010601855      
   6.44084617564389948544428494611587599      
   6.43972890202215261227544661365897350      
   6.43855183522470790748663641160945634      
   6.43731163012513158669970446943162163      
   6.43600474066907206274080134739527318      
   6.43462740823247327775043483646724934      
   6.43317564890745577893141228997864398      
   6.43164524020627022241711532717551120      
   6.43003170715461853040018021156907845      
   6.42833030774473913922804229250145586      
   6.42653601781030790225887853866234747      
   6.42464351450332089868231151239741052      
   6.42264716089208757756273827933575267      
   6.42054098850078841237916835229236824      
   6.41831868029138659007723728692590006      
   6.41597355229864246672736504522855557      
   6.41349853756030113334837327639432824      
   6.41088616745202145306375296108599664      
   6.40812855515596616798069707409020270      
   6.40521737949346866664950330902082789      
   6.40214387012742053954520068355493947      
   6.39889879424822659419197246502066971      
   6.39547244583482390097089028861892020      
   6.39185463769038420430707446596180816      
   6.38803469744922461859432637320294284      
   6.38400146725825476051397691776153501      
   6.37974330935454593842719950735103691      
   6.37524811508535927396730299719582982      
   6.37050332431332531024808437341605616      
   6.36549594408951437432891365325557936      
   6.36021258142615150797501111269218294      
   6.35463947600819463343064314675506368      
   6.34876254185053178039701037759432684      
   6.34256741105788139623449340776888299      
   6.33603948484377003871028595452833978      
   6.32916398209578136097581646424189156      
   6.32192599252575434526134239366038930      
   6.31431052725533520758196073649192268      
   6.30630256820347358688264352699330756      
   6.29788711508419176867582481767348593      
   6.28904922608668924735225693973532761      
   6.27977405257496653015086944204864685      
   6.27004687772950635928590484964125149      
   6.25985313518276919238038680538778271      
   6.24917843614486091450286929568626887      
   6.23800858127366287380782685038153718      
   6.22632957324017020096351045645654824      
   6.21412762495846019040472650465241239      
   6.20138916262279838109707948516838546      
   6.18810082640276250852552293453618802      
   6.17424946865704797593831340182555923      
   6.15982215285547279067330111639838379      
   6.14480614493666466200809928531873259      
   6.12918890968419782439568225707031392      
   6.11295810313046848837770563197880462      
   6.09610156484908189206476952140887595      
   6.07860730943857395826603181351209398      
   6.06046351869803550708219790530133445      
   6.04165853150660158165934360037007135      
   6.02218083523684183799623911323585783      
   6.00201905440131871749691359943671240      
   5.98116194344057565162938633768874856      
   5.95959837252544152246423142727004255      
   5.93731731957112634788434371601543963      
   5.91430785833090092415583750830550278      
   5.89055914555313370480688032413482962      
   5.86606041215669017648615426781310992      
   5.84080094957435351244453374786464414      
   5.81477009902805691968421075561544342      
   5.78795723979351042717781355998409654      
   5.76035177830431410948878253242277221      
   5.73194313736987512336560983224564783      
   5.70272074553886755180636095726608751      
   5.67267402680448585680559964592993101      
   5.64179239157383473941652897565532027      
   5.61006522781860959554148977377430365      
   5.57748189295881108885608891315382628      
   5.54403170633884607410618263339001005      
   5.50970394235383576624061076515752759      
   5.47448782465572405180164989737896921      
   5.43837252059723961177100865156603456      
   5.40134713575923921606234508969192234      
   5.36340071131671918947626953023005159      
   5.32452221891157986278724067167512499      
   5.28470055849519344407567265827237684      
   5.24392455530614328625177233004553421      
   5.20218295784943237090196648972599397      
   5.15946443640618210372308515932074494      
   5.11575758146065881768104493731714569      
   5.07105090203276302465913638599327541      
   5.02533282646259673389476876561218533      
   4.97859170034051980173102625103443248      
   4.93081578624863326508784782943332815      
   4.88199326508072577359801455489216113      
   4.83211223438917441849652951214555318      
   4.78116070934428284326776440411139247      
   4.72912662186434333667342883885332303      
   4.67599782250006410582649976022830822      
   4.62176208024320078389692033763210014      
   4.56640708168046831775179026820766113      
   4.50992043325721633720080398873514478      
   4.45228966048855746610625628004586585      
   4.39350220790311964029364515842931809      
   4.33354544269332378858313921334575474      
   4.27240665022606741137249352265502106      
   4.21007303959725309044963252430455141      
   4.14653173917080747825540213893996193      
   4.08176980252540615739031036983107593      
   4.01577420326556808269144191466876117      
   3.94853183953736218282867025951134749      
   3.88002953307707004747472029710262095      
   3.81025402873278529544934863981634019      
   3.73919199674679635862623692679013996      
   3.66683003024453105325980782956256774      
   3.59315464992264675745545534046906073      
   3.51815229929420033793216902955696217      
   3.44180934934078075322847736494177947      
   3.36411209586462620475497729023189014      
   3.28504676124128869418692155347019694      
   3.20459949478607030692237146443120483      
   3.12275637047229558736605871374766089      
   3.03950339216758109090781789333163388      
   2.95482648816616238932128749372577201      
   2.86871151561693610993974821509148862      
   2.78114425838508571836474111313724992      
   2.69211042801270863896634233999499905      
   2.60159566405404365213921974560199073      
   2.50958553323878627404311391418919987      
   2.41606553138960357176061066426030518      
   2.32102108145722020626246820256454733      
   2.22443753499815552179047613067746656      
   2.12630017232093972214180579043029609      
   2.02659420108428670875556913165794823      
   1.92530475840330201888158644450745278      
   1.82241690933334262014718248825076222      
   1.71791564815672273168310742337933480      
   1.61178589696887141936459792604643729      
   1.50401250756352060162609459802548588      
   1.39458025977435297505766513211870111      
   1.28347386274728136247519374479989176      
   1.17067795430914935528117232872269248      
   1.05617710120243467572333230484180197      
  0.939955799069646241831674247476361709      
  0.821998472564800680785450029444562438      
  0.702289475494111703052022794637033052      
  0.580813090113810719613430934440198804      
  0.457553528630773461130897118144742049      
  0.332494931172366917968693706146078483      
  0.205621368081648532111798463836426653      
   7.69168380134580742807286007708868640E-0002
  -5.36347312291662264194287605554903930E-0002
 -0.186049482116934054957777454043199268      
 -0.320343628637046037673866030051399181      
 -0.456533455446283721443801864451133373      
 -0.594635317915645958124275604048302930      
 -0.734665642082150825656634197507504759      
 -0.876640926401310034228022059404361937      
  -1.02057773750661782940041535241390694      
  -1.16649271458457346188675296028018939      
  -1.31440256896548185402644857476451572      
  -1.46432407937539590298327703532664365      
  -1.61627409743154660984102585429509150      
  -1.77026954561064074986737854723845941      
  -1.92632741798210498838510134115391375      
  -2.08446477687701570368471831560049951      
  -2.24469875707716252820333866007542024      
  -2.40704656580522591743868364353660582      
  -2.57152547748467649234532701861201925      
  -2.73815283959493521143760207350019226      
  -2.90694606932110762754576904315699943      
  -3.07792265640587598317752577639115910      
  -3.25110016103357233321771300131584191      
  -3.42649621117812250272255240346616039      
  -3.60412850826963893179613688475094820      
  -3.78401482412530934312580299819056241      
  -3.96617299999170282783804035818307103      
  -4.15062095227163332672768979818046989      
  -4.33737666158712386852120778832470807      
  -4.52645818100478703292899120530796534      
  -4.71788363923764510186760589133906403      
  -4.91167122998297228460032634471479015      
  -5.10783922155981080617020305904578892      
  -5.30640594774168396526386966692046063      
  -5.50738981711539293205513188131552644      
