   6.46114229515578832787994501293249882      
   6.46114229515578832787994503858969363      
   6.46114229515578832787994507460013623      
   6.46114229515578832786445253264703472      
   6.46114229515578830736877830779046216      
   6.46114229515578543430523317055536197      
   6.46114229515567986084552969864579516      
   6.46114229515405411085408426893822743      
   6.46114229514024780706252081932864840      
   6.46114229506340386793579362316018875      
   6.46114229474944116446527734514820141      
   6.46114229373255762083282479695439552      
   6.46114229097773987412229396673320070      
   6.46114228449084290277920104829281545      
   6.46114227083410620421695257602859713      
   6.46114224455776916098952651718767137      
   6.46114219769051380957893890242302071      
   6.46114211915223970974894025381138301      
   6.46114199424396211690931898416498699      
   6.46114180423506693479455635700527384      
   6.46114152603571649462801168470338119      
   6.46114113198048686549149844409005683      
   6.46114058973563755994362797880868845      
   6.46113986234000376787359263931698711      
   6.46113890838622897045786369386716411      
   6.46113768234393938957037231436668048      
   6.46113613501923708655820354579363256      
   6.46113421413607998242802109482812542      
   6.46113186501583987110945652112327430      
   6.46112903131025997316380206339344638      
   6.46112565578045836427028279412570020      
   6.46112168110770187018693436140443233      
   6.46111705051266646145237872924592088      
   6.46111170840889819034079724487779415      
   6.46110560087000545945904551711289846      
   6.46109867595787264418818574294263255      
   6.46109088387020663226858560163600760      
   6.46108217696651475242124454001481048      
   6.46107250951178165259110224331799998      
   6.46106183749982333396161163297956234      
   6.46105011794026287233782761739883230      
   6.46103730834358164186429247728096046      
   6.46102336598584085261327398504241216      
   6.46100824711308293211173390098603005      
   6.46099190609078169018973846928969723      
   6.46097429450664584565906561153597292      
   6.46095536026769580979942241240068717      
   6.46093504682388873449621203443369283      
   6.46091329229291789804153430398383479      
   6.46089002857648275158819477481905163      
   6.46086518068969768495425278749644495      
   6.46083866606773665203915401436169696      
   6.46081039396879515985928630402219291      
   6.46078026491976758974223948743756839      
   6.46074817024836167380394252244526809      
   6.46071399171805676680105707536675644      
   6.46067760116087647976658826063784452      
   6.46063886025925622296355089738277687      
   6.46059762023879588761105411729631047      
   6.46055372173001596967440250044678404      
   6.46050699462665023091571464898485040      
   6.46045725802608979870436337398669139      
   6.46040432006575636500348493790417212      
   6.46034797798939306108969522254932610      
   6.46028801799436126472157443750007371      
   6.46022421517794516249516122729548274      
   6.46015633348353070755999607719639096      
   6.46008412559462222708096858065824084      
   6.46000733296330587432554167080301251      
   6.45992568551803730149958222648285310      
   6.45983890151394192586547927481607070      
   6.45974668746868611212289956095550323      
   6.45964873774889205463621221849484832      
   6.45954473430418745424704192347138336      
   6.45943434634569122836420241772325027      
   6.45931722986176137375319972710058930      
   6.45919302713711163356258306183651660      
   6.45906136618756044415348199691232901      
   6.45892186004713798175018546231110727      
   6.45877410628646578751045136820164780      
   6.45861768596042305373476871068820579      
   6.45845216276954908454849499203458394      
   6.45827708208716358391134220143226506      
   6.45809196991997060473346419747529018      
   6.45789633161333531456883508991219506      
   6.45768965050565140496844563628180946      
   6.45747138709550962540055224663494243      
   6.45724097669091148231129408254992161      
   6.45699782862764407044239267190264924      
   6.45674132390207205386585552894099418      
   6.45647081291838275396929922910974303      
   6.45618561457299994603501185462602081      
   6.45588501409273287173096641030692634      
   6.45556825986361865173787665499393927      
   6.45523456108047844896541582986948398      
   6.45488308567073571366469605714314258      
   6.45451295688174083719074963423386643      
   6.45412325159894148128934421348571844      
   6.45371299576746620359592103545126439      
   6.45328116150373919263952666826585279      
   6.45282666418732174493712916365846949      
   6.45234835795531707351795769869104032      
   6.45184503221054006426889604668172138      
   6.45131540689238977684460185666320496      
   6.45075812865740602767788145080446759      
   6.45017176553557510917617870884914319      
   6.44955480254239668445391169514491643      
   6.44890563571228497045353380667280284      
   6.44822256695789335288849926373105262      
   6.44750379766207172645913316815412239      
   6.44674742267229281048649618212984688      
   6.44595142397535225168465312480251392      
   6.44511366236473189913388717876776921      
   6.44423187154276538027298443288478162      
   6.44330364858757609181270452289900265      
   6.44232644660734976237164758137828495      
   6.44129756584066463752949308656093122      
   6.44021414323157025799316893666613232      
   6.43907314350049433860189704968674614      
   6.43787134777022742653909808854477484      
   6.43660534324799364440359299786920585      
   6.43527151064917031987959303098599938      
   6.43386601218170583676467828503462109      
   6.43238477835655965285379245958430735      
   6.43082349415993958584083132531662703      
   6.42917758468851772235762181933737831      
   6.42744219973762294649788674384612781      
   6.42561219866531454069128965228789784      
   6.42368213259507548697098541304965993      
   6.42164622876799230702487817656117456      
   6.41949837236117292617144628443720832      
   6.41723208847826821951012244994805462      
   6.41484052417192403871686996252613376      
   6.41231642990228027241435425209588630      
   6.40965214205251330008368048984464927      
   6.40683956490629732398846552066845824      
   6.40387015473528975402462207200792381      
   6.40073490478595284659478604932178668      
   6.39742433166033669080099865852896230      
   6.39392846545314106261720014665340281      
   6.39023684266053842069870642565243656      
   6.38633850211784525319868228123841646      
   6.38222198868180834921856635520046109      
   6.37787535873072971179374014354751503      
   6.37328619380535569239795758473601514      
   6.36844162047645349832933875418479462      
   6.36332833675262725403322895307103550      
   6.35793264305184779621979038720963246      
   6.35224048420451098544668536980047616      
   6.34623749182929450174461779313204794      
   6.33990903386667101988365485219152348      
   6.33324026635629648797281421209973332      
   6.32621618708398409653303134887426311      
   6.31882168950305624084043662854074820      
   6.31104161529353406649517519214723260      
   6.30286080373435717837994814855125354      
   6.29426413654410560317077791876948620      
   6.28523658090677126374136117535972985      
   6.27576322150021364045759763852434468      
   6.26582929293496489080326579683418206      
   6.25542020147290462280603944945044010      
   6.24452154551503373675628864379663781      
   6.23311912634057514147548518183327856      
   6.22119895795545975179594236353405541      
   6.20874727205657110702891839446075634      
   6.19575051876448138203151234908385000      
   6.18219536516589354687090227205544938      
   6.16806869350471099995420568679251303      
   6.15335759335463392652736192510033856      
   6.13804935783598577474224856976333516      
   6.12213147477194929620661742041887112      
   6.10559161993262363880040037391123540      
   6.08841764774601226715218517664980539      
   6.07059758330694150046972855830372860      
   6.05211961249835735193710950201228847      
   6.03297207433093263309569574769032107      
   6.01314344924350884488967408693102416      
   5.99262235178989141978935758703353656      
   5.97139751864794058651215245705153757      
   5.94945779964409901908276084690376468      
   5.92679214665483642800393814287118893      
   5.90338960300815153110222095945654245      
   5.87923929294894940112324837588585160      
   5.85433041000265488947765540772983042      
   5.82865220624821181984801825888748574      
   5.80219398120671739505071307652114253      
   5.77494507085862837049259013270611449      
   5.74689483666972345078011346200202749      
   5.71803265527375804385411122195528029      
   5.68834790898964344158356688483385820      
   5.65782997441772987140461444010942135      
   5.62646821527069078279825425243336349      
   5.59425197267115829133215563547386064      
   5.56117055744615411789997808307194646      
   5.52721324311458720619014383936343339      
   5.49236925880781939645997538993263935      
   5.45662778335734839787941990189550196      
   5.41997793994369947584993704091806462      
   5.38240879137910713013018058602091321      
   5.34390933598345576054391939263061058      
   5.30446850300558166539717148639714356      
   5.26407515169340494393117675328585159      
   5.22271806640988055283124227338669218      
   5.18038595558936423132810718039229724      
   5.13706744920509940557818615522206060      
   5.09275109849902239142267863750652800      
   5.04742537381328452952435230517318784      
   5.00107866352209253971617519862331887      
   4.95369927490045537522028549358763838      
   4.90527543204968769713822309953824562      
   4.85579527599983596265557926687945469      
   4.80524686633469883112748857680408336      
   4.75361817887516191946965270032521078      
   4.70089710604874294927028441149407544      
   4.64707146000593283087827788221742732      
   4.59212896892195040264915708258024322      
   4.53605728057892994397543839749376248      
   4.47884396051201768864695276394759510      
   4.42047649368315078009648694815525008      
   4.36094228496965970079347348532739816      
   4.30022865916671421035284042731666251      
   4.23832286062284069679025138184491860      
   4.17521205587735511281049038022656173      
   4.11088333293667240080206767648482289      
   4.04532370007810102861824924688446472      
   3.97852008998993862079108268309246800      
   3.91045935637946304259678021236753308      
   3.84112827769705312635457305262047080      
   3.77051355400025540956097438891606336      
   3.69860181149933502066916403830958876      
   3.62537959862952783709747471669548361      
   3.55083339040571953466122518452296182      
   3.47494958491208806742670819622612775      
   3.39771450708176336472269681794070601      
   3.31911440687240650056943196014401653      
   3.23913545923690987230471220488770815      
   3.15776376704284045752971962597926101      
   3.07498535729892599462873803712842601      
   2.99078618572278306445147199210663648      
   2.90515213310847415405027486339776832      
   2.81806900815410750036524072291279351      
   2.72952254661439761124788055912637374      
   2.63949841125700671433454395379023086      
   2.54798219248748492364554913265880281      
   2.45495940794640110577438623041455769      
   2.36041550407649784661703503952706910      
   2.26433585372466681873292080317895800      
   2.16670575877249158990259722992803498      
   2.06751044910883926483758482880844587      
   1.96673508218211967537136075378392642      
   1.86436474459293305773430579658485974      
   1.76038445026546429176854536891674434      
   1.65477914256035330740763912214306434      
   1.54753369240073625004480231036633590      
   1.43863290000637309685785707817491657      
   1.32806149375797688449440471791840438      
   1.21580413107216169623575998363716355      
   1.10184539770736711047111685418181739      
  0.986169808258204712977812140362489248      
  0.868761806447126307504061659972607072      
  0.749605763866722109736096081725719749      
  0.628685982076608849756220869827360312      
  0.505986690624867364812206679547104650      
  0.381492048713770455333096677720048163      
  0.255186143997919948003813518752751793      
  0.127052993082248413390930510662028324      
  -2.92345776305286701280517286150922265E-0003
 -0.134759335415694371223651005360524156      
 -0.268470834600868516173670816882349173      
 -0.404074223426412128115825656233395207      
 -0.541585840091727472037618943788432678      
 -0.681022093836280658114307259441234252      
 -0.822399464119416320758413168900975002      
 -0.965734504631052710700920732704801387      
  -1.11104383457314123936965648531452155      
  -1.25834414821790032211198665057447332      
  -1.40765221048508884106183815130977870      
  -1.55898485478518459956111605959954218      
  -1.71235898745930996769093114187704430      
  -1.86779158485352860367103784823658928      
  -2.02529969551236019421141647494250676      
  -2.18490043746045541705320154354255065      
  -2.34661099915352404574499501287111742      
  -2.51044864066379197589345998003216328      
  -2.67643069576429466755039937943517240      
  -2.84457456294980522688716608058958454      
  -3.01489771599229360766845410705442736      
  -3.18741769907128212908676209706163057      
  -3.36215212696997779651407786621227382      
  -3.53911868347062135504917697133859625      
  -3.71833512442298904415350571736367248      
  -3.89981927623205075472057039915547815      
  -4.08358903833968460146298878403178616      
  -4.26966237789669526583811953211572671      
  -4.45805733294325822806741479352306241      
  -4.64879201334012503047327647217289631      
  -4.84188459920905669481524024255052192      
  -5.03735334189927180790772925720887714      
  -5.23521656458567884805070207095789405      
  -5.43549265731062745987693746690461728      
