   6.46114229515578832787994501293249882      
   6.46114229515578832787994503858969363      
   6.46114229515578832787994507460013546      
   6.46114229515578832786445253264321675      
   6.46114229515578830736877830021455249      
   6.46114229515578543430523189423317845      
   6.46114229515567986084547776330101133      
   6.46114229515405411085322036091118181      
   6.46114229514024780705463863531599995      
   6.46114229506340386788867852082228049      
   6.46114229474944116425765543007106811      
   6.46114229373255762087061458457517353      
   6.46114229097773986983935386046527566      
   6.46114228449084285547603378744811757      
   6.46114227083410582307472636107463098      
   6.46114224455776678019051448522527498      
   6.46114219769050177451854707474537767      
   6.46114211915218866543819854550885898      
   6.46114199424377535705345698229104239      
   6.46114180423446411759088777118168637      
   6.46114152603396834634099547820258188      
   6.46114113197586340911745122128781347      
   6.46114058972434677441074373405425937      
   6.46113986231428141810626586904575378      
   6.46113890833109169959315538543757231      
   6.46113768223193298998318268564975241      
   6.46113613480230467806820548714581836      
   6.46113421373344880375208901610202098      
   6.46113186429659177950404727103580140      
   6.46112903007388087293073304229242695      
   6.46112565371157941682867985695120513      
   6.46112167773996537040527704775490566      
   6.46111704517777124098347018605153747      
   6.46111170015789761056588826913137870      
   6.46110558838715531680676756018457093      
   6.46109865745248880550222588174601542      
   6.46109085694769641178087950453463453      
   6.46108213847404082535157461575521274      
   6.46107245535803730906029050149459358      
   6.46106176244641953799290401178267566      
   6.46105001536188019468081149240122377      
   6.46103716995503692477041569000720943      
   6.46102318153334545123795714715292806      
   6.46100800402757543110412817937653705      
   6.46099158910059664123663068414298751      
   6.46097388520607300661742936552045890      
   6.46095483664268605697326252590261340      
   6.46093438272292298037434410904789171      
   6.46091245684961643360289269087589213      
   6.46088898557494575802878606748198292      
   6.46086388786990209056324323901024121      
   6.46083707436734463733942949926395444      
   6.46080844669718673476963774677153825      
   6.46077789686009397940136823097827538      
   6.46074530668336914653172690494843840      
   6.46071054737023635051061072222098707      
   6.46067347905657895049023178834133716      
   6.46063395048302459783032801159944844      
   6.46059179861261596421483160291533976      
   6.46054684837558694544158291703632400      
   6.46049891242582091755663247397410001      
   6.46044779096466615490577887821479876      
   6.46039327146907253039501509272814194      
   6.46033512860779461288136288305073458      
   6.46027312399331803005379575976334025      
   6.46020700596813214062023279198885541      
   6.46013650942487179469605321063685305      
   6.46006135553155691493357257951473682      
   6.45998125159375842624578495117433357      
   6.45989589067580826459273632835226687      
   6.45980495119681781973374815066026925      
   6.45970809671752910548157215215737631      
   6.45960497538990957798535527460530644      
   6.45949521944821780410023489112434809      
   6.45937844470421804302917814438530437      
   6.45925424987683086741800447169778725      
   6.45912221588121489965523218123498539      
   6.45898190505787042804144650079661790      
   6.45883286031377174982513853316665639      
   6.45867460396442950246928268183763893      
   6.45850663711604313590631751635308966      
   6.45832843814693106141707553185084019      
   6.45813946150437315247352188778330719      
   6.45793913639796208697220379309327518      
   6.45772686483608836020291955498376226      
   6.45750202148273255988110280204222844      
   6.45726395019608006330788075755353721      
   6.45701196319975822416945397393397443      
   6.45674533883972700699774411772688845      
   6.45646331961071907164727165927648926      
   6.45616510770686549726374721967702250      
   6.45584986833370308707338574290572006      
   6.45551672124800585852031826789409616      
   6.45516474063194650369581940134322709      
   6.45479295100431275147352785932164141      
   6.45440032590721757258072668541220797      
   6.45398578322002009491941269992208306      
   6.45354818151887940327328262627646694      
   6.45308631762818693747278118559134981      
   6.45259892191659424220592565040811486      
   6.45208465340169725924385919571617643      
   6.45154209679667633774024492265965889      
   6.45096975724592466745068752644430161      
   6.45036605486072637197539279751168250      
   6.44972932049421621118767809052865006      
   6.44905778926991464604599519269310000      
   6.44834959537152075847499543978518460      
   6.44760276598025943950526569081147247      
   6.44681521390441223707132496997450351      
   6.44598473193017169569314588493868051      
   6.44510898450860007835005179114681789      
   6.44418550071291556929986416284141664      
   6.44321166582102498213557034819997052      
   6.44218471316202375446686737573765129      
   6.44110171461424942749310921590116925      
   6.43995957161822415955757414720234843      
   6.43875500474972176718202647852561579      
   6.43748454373662178626312723520722210      
   6.43614451615590733166058778568695134      
   6.43473103599406819046343367138966825      
   6.43323999132770534509094626781727853      
   6.43166703237363873245733037202673201      
   6.43000755682129036708103741389538616      
   6.42825669824043309245025535565212730      
   6.42640931047299710185961979672535664      
   6.42445995340174220777889261704395532      
   6.42240287807333309783218214484491925      
   6.42023201156231153646630671669889381      
   6.41794094084325017460115616601419292      
   6.41552289859842678963656623733224398      
   6.41297074737783907040303005506369744      
   6.41027696462682001110108308800079375      
   6.40743362905774513816468116210788487      
   6.40443240713945305281937025009086149      
   6.40126454218970856300181834078656182      
   6.39792084406698308114924620355801629      
   6.39439168189404396542795083001716789      
   6.39066698016605525840975150137407825      
   6.38673621651283428263203940941411442      
   6.38258842604871418318656466540096023      
   6.37821220601492586198630921576167130      
   6.37359573017272577052838599035050983      
   6.36872676394116497257705910504284606      
   6.36359268771503550194273931601398980      
   6.35818052214943107559084457617667079      
   6.35247696115518128088595365978237942      
   6.34646840658339779998162084153383262      
   6.34014101109258209061786343196670830      
   6.33348071468133671403094214845404465      
   6.32647329539015055199011034292614778      
   6.31910440770818610542675729341386587      
   6.31135963125693244671769410992645173      
   6.30322451237490272113637039928867297      
   6.29468460021844648413321166601696590      
   6.28572549150359128741220251097605147      
   6.27633285901789175904566183325156469      
   6.26649247958185843779637206040620790      
   6.25619026528376545922986333719345007      
   6.24541227989402763647992259256785127      
   6.23414475596430410458780086329589749      
   6.22237410989246572833152933566323924      
   6.21008695077729034295154163163679363      
   6.19727008614923709995946757922101469      
   6.18391052765775953126810444819904469      
   6.16999549001151374930782639191192890      
   6.15551239265364116959163304514073342      
   6.14044885452106138581734242837249263      
   6.12479269356892861052852183754500616      
   6.10853191680015819525162396054277147      
   6.09165471737744940908579749206252241      
   6.07414946332938815306204034352265910      
   6.05600469229059808063986375841725836      
   6.03720909800990292505537246317857296      
   6.01775152196622962540738930505104697      
   5.99762094150216406132361914000373899      
   5.97680645632065847152103759470272848      
   5.95529727807643982544280818019230060      
   5.93308271542356001438961777247372493      
   5.91015216102395551679489411578004088      
   5.88649507920908207631643893216262476      
   5.86210099124039613841859396961758526      
   5.83695946218339539044471235920028431      
   5.81106008890553424804664082833036216      
   5.78439248677841774609427862593097704      
   5.75694627790551481734329197566600835      
   5.72871108058585004828998219075388627      
   5.69967649772822798531256250401446395      
   5.66983210802694515746297929692845368      
   5.63916745695718655640529620470595906      
   5.60767204876435920495398312335773842      
   5.57533533947674325287985627432257885      
   5.54214673047226853071180253923804491      
   5.50809556322183400460859960684348403      
   5.47317111423811832428406371988452647      
   5.43736259133832307583630255187217049      
   5.40065913052856065299349397531341568      
   5.36304979201831250069611374628212350      
   5.32452356022847583636337595201549709      
   5.28506933907896544056129535162197103      
   5.24467595310455293432712769830461817      
   5.20333214526726240090167799966845356      
   5.16102657659384150031866466268435683      
   5.11774782530648991089834879396578576      
   5.07348438639073997432677707666787610      
   5.02822467369556180697610260109936315      
   4.98195701660274955860717371028337124      
   4.93466966335254923289054627674599481      
   4.88635077956773427327564328627039036      
   4.83698844853588379383308680675661622      
   4.78657067348786438942729086219708723      
   4.73508537644570034027222079200241421      
   4.68252039808748761504417636736917387      
   4.62886350138112870290359370792689695      
   4.57410236855127959661912725345570271      
   4.51822460430283869353728383337976761      
   4.46121773388654513261205118364565048      
   4.40306920659138226980361134639175858      
   4.34376639405599417620208710744568637      
   4.28329658985051766073257393197586509      
   4.22164701481081495186733093786773307      
   4.15880480986660067900094462641878563      
   4.09475704514110894722352445755559995      
   4.02949071208625186827168278448563314      
   3.96299273074786278414898174227110006      
   3.89524994469712815983516496063331235      
   3.82624912580378064534429243804668957      
   3.75597697057604286443883663745496390      
   3.68442010357396678908551572753236869      
   3.61156507683105535550638663647736022      
   3.53739836820616789606079319108998406      
   3.46190638478365865435692190254147820      
   3.38507546058791022484420654746794067      
   3.30689185765097026837832061611532717      
   3.22734176694669081410122918323175208      
   3.14641130617629647189977206070687559      
   3.06408652376226714684994311194036281      
   2.98035339524458987565348997210873766      
   2.89519782482914763447538599725938338      
   2.80860564686397747728976959252611735      
   2.72056262349420869322559754403886169      
   2.63105444639866685424866513789229501      
   2.54006673636385179632181088355903283      
   2.44758504365145487827289206061556798      
   2.35359484740507241089674531625084704      
   2.25808155580610327224563379747463821      
   2.16103050817895012395337593907854532      
   2.06242697057772895398172505830089630      
   1.96225614110525547452076879697102365      
   1.86050314631654806569094677609001932      
   1.75715304125727014853044812422684732      
   1.65219081267689625996816044393963687      
   1.54560137511160098236789824203382329      
   1.43736957373229564627500122012297917      
   1.32748018295074932855707386007373185      
   1.21591790672688240834194161992264730      
   1.10266737895630225087139433575450538      
  0.987713162775878343522538666524386991      
  0.871039751238676861036148371965056856      
  0.752631566973900070381715485694802647      
  0.632472962263648894691994858070490942      
  0.510548218857294185778340109906934132      
  0.386841548447114885880965120076718630      
  0.261337091807109638760803806936325895      
  0.134018919701551511023970525098769976      
   4.87103223668652561469730409588324779E-0003
 -0.126122640537128045543320460316364912      
 -0.258978238973047728388607180002960327      
 -0.393711975162926581017959117627656583      
 -0.530340129201002177584813494355219767      
 -0.668879053529625265934054002428820181      
 -0.809345171117241676531649134659907412      
 -0.951754973988416918750608090624160231      
  -1.09612502526221147905369330898286061      
  -1.24247195935782005955842424406249181      
  -1.39081248112068908861100675902136542      
  -1.54116336438797938977949913722533115      
  -1.69354145486574400377344663834967415      
  -1.84796366813652159474022531791690244      
  -2.00444699154531267053904013788170517      
  -2.16300848072239050086683190658462375      
  -2.32366526403470862823149391998054403      
  -2.48643454001356331184978108894306868      
  -2.65133357658139531955377439537651842      
  -2.81837971259662887992546746129405890      
  -2.98759035789263338429366412290645619      
  -3.15898299252963210851828076597524300      
  -3.33257516923700618346970277351738853      
  -3.50838450769906672363550366487982716      
  -3.68642869972590845646501150515087030      
  -3.86672550790997028767780639712448557      
  -4.04929276515316654709325579807239530      
  -4.23414837574490024052143343090286132      
  -4.42131031572087844073418238435721137      
  -4.61079662613951623838835181507032982      
  -4.80262542322284259526577635978420647      
  -4.99681489251517717882681747441612926      
  -5.19338329127515366270753276337150840      
  -5.39234894724676785164443845145757990      
  -5.59373025521662039264324569523895746      
  -5.79754568273425613725317992524074539      
