   6.46114229515578832787994501293249882      
   6.46114229515578832787994503858969363      
   6.46114229515578832787994507460013392      
   6.46114229515578832786445253264711946      
   6.46114229515578830736877830810872671      
   6.46114229515578543430523325067419711      
   6.46114229515567986084553401149424164      
   6.46114229515405411085417239421142630      
   6.46114229514024780706346188490258687      
   6.46114229506340386794216015821882792      
   6.46114229474944116449614502342993788      
   6.46114229373255762094988024337143463      
   6.46114229097773987359862697948242506      
   6.46114228449084290440731158356189453      
   6.46114227083410622027168989361453222      
   6.46114224455776927770591865378459258      
   6.46114219769051448326128768150849938      
   6.46114211915224292126932422752217369      
   6.46114199424397515159241434568334559      
   6.46114180423511309381428228590090723      
   6.46114152603586198321961610652573262      
   6.46114113198090173518476708643403275      
   6.46114058973672238684074228438938263      
   6.46113986234263424248001918554200867      
   6.46113890839219910167393332329632908      
   6.46113768235672151393187764281471241      
   6.46113613504522358512544573448742522      
   6.46113421418652694683843334759574113      
   6.46113186510979540850437415293411863      
   6.46112903147883189076591850266905488      
   6.46112565607282046420987400743912752      
   6.46112168159602119509490253132998061      
   6.46111705131484339797000462601900628      
   6.46111170968735846135106482210689543      
   6.46110560285965218836359810289158755      
   6.46109867898724486662227977879201931      
   6.46109088839013285465240460441538399      
   6.46108218358522590991563602875284716      
   6.46107251903699077871091912110163632      
   6.46106185098860448472102684854615633      
   6.46105013675764889738803416781559956      
   6.46103733423064719289620877590728025      
   6.46102340113820388994684917745703141      
   6.46100829427066356200147785815055296      
   6.46099196863978359094969456470411727      
   6.46097437659488167938742406841728398      
   6.46095546693346851839204642911141100      
   6.46093518414125388857063432776163645      
   6.46091346753253626840223585751680311      
   6.46089025038433655648125144253838785      
   6.46086545928473857293236565890780323      
   6.46083901345973871591428180651972673      
   6.46081082419781891096724837781180527      
   6.46078079431866775723124808821166103      
   6.46074881772980113302517442897623688      
   6.46071477908866162064469596168877966      
   6.46067855346098511156167716563917010      
   6.46064000613630669295564465425436410      
   6.46059899234741331548965660090300820      
   6.46055535716817309385497375598250222      
   6.46050893540619517767489068274992740      
   6.46045955158072754786498845981009284      
   6.46040701979491166290276718007829527      
   6.46035114385193443142589763755832139      
   6.46029171713187005727543993586929549      
   6.46022852259328730685736558469152768      
   6.46016133275704302154938962594442874      
   6.46008990967244633210090172522722278      
   6.46001400496502167820195604771805548      
   6.45993335961318390972571927138134501      
   6.45984770387025692445348752041929592      
   6.45975675722923765222041653955152120      
   6.45966022808844923035166904537239940      
   6.45955781354688530666671034712761386      
   6.45944919914903328541391710551281825      
   6.45933405846522610662924866630840321      
   6.45921205268958307270003129073045723      
   6.45908283012331137003082467675768591      
   6.45894602561586293360569232323521258      
   6.45880126007766163703619083158163278      
   6.45864813954455106520099479575235024      
   6.45848625443468382307064693927426510      
   6.45831517867194347491556581646771090      
   6.45813446871001199663000687834295955      
   6.45794366245114707288146539437167568      
   6.45774227813000697067050735113641572      
   6.45752981238004856174329587540028177      
   6.45730574037551034428043708070642597      
   6.45706951383188611407643772045094574      
   6.45682055555141178222865755823402608      
   6.45655826575696680178030195914299840      
   6.45628201235788601220262378093224782      
   6.45599113356765159933912230798386628      
   6.45568493399924192454917167314470832      
   6.45536268250143473335281041427246161      
   6.45502360965536740756413121104322194      
   6.45466690666963379416570855299198017      
   6.45429172029232324491534107767243169      
   6.45389715134538636599748263352071783      
   6.45348225162858374726690719493489426      
   6.45304601987081783275516029837245284      
   6.45258739882039148243414626984865752      
   6.45210527154842829981329058058114077      
   6.45159845660434935996223317853916058      
   6.45106570503835528295150222132038761      
   6.45050569526009181190588941271402574      
   6.44991702849791339686890542210053359      
   6.44929822343662373557418284537468200      
   6.44864771140298446088355813680784727      
   6.44796383083759453427276778904233271      
   6.44724482056709696246972407800719298      
   6.44648881403080273431367972839684767      
   6.44569383269187250133209222327493670      
   6.44485777860227054251577179853020375      
   6.44397842679459149667196238658765002      
   6.44305341755823410965895103716368632      
   6.44208024794227557836626135000598173      
   6.44105626242915311182066217127220260      
   6.43997864390006798871303342525970492      
   6.43884440311372956946209204395872900      
   6.43765036805270788915564295477048609      
   6.43639317271659494413008111067027424      
   6.43506924515364565842620748592652408      
   6.43367479462933348534349729488776009      
   6.43220579831013752443807429824616156      
   6.43065798707276288111597879173550728      
   6.42902683061219294389880358668815648      
   6.42730752179995170790207193303225874      
   6.42549496023132194544287672776599743      
   6.42358373541756813572505637508956807      
   6.42156810771806538125457761096691958      
   6.41944199147937794022119713961276953      
   6.41719893512165248774661905073670405      
   6.41483210211546415297676425459426963      
   6.41233425120687187257316864158056109      
   6.40969771698875821267530415092336339      
   6.40691439101259382727540582591672865      
   6.40397570358295415063448067584824428      
   6.40087260694060510058415366049476024      
   6.39759556015088382222077356627847919      
   6.39413451756650366900804230740447236      
   6.39047891910490645808960336870818959      
   6.38661768659387962737817357688300435      
   6.38253922377484216551238286112744639      
   6.37823142283985243425830024242928362      
   6.37368167686800982516868559681007282      
   6.36887690168447545031812578942676248      
   6.36380356011866114595898960330554574      
   6.35844770166531225977527819256780328      
   6.35279499896141443761361818240854685      
   6.34683079758831694680703830044182371      
   6.34054017177841335156688632487777202      
   6.33390797656230135443781713196698745      
   6.32691890764759844937589130496746868      
   6.31955755921385588439544800086758836      
   6.31180848224162708020909435516831994      
   6.30365623492496970785379920113352349      
   6.29508543190672219309531109538924018      
   6.28608078793158174833445515889234805      
   6.27662715376188878601404001494472224      
   6.26670954676650809082340036808060718      
   6.25631317361208575151396509244103315      
   6.24542344915015612627912023420744195      
   6.23402600688907716148383900073944907      
   6.22210670641491146775738925360872904      
   6.20965163736109277838195772774246827      
   6.19664711643705380197751138802810108      
   6.18307968717697805361728813436524407      
   6.16893611090782937968273822302127842      
   6.15420336294909567119601093908419366      
   6.13886862293740246160084940897670974      
   6.12291926652230914951652417380948607      
   6.10634285654526181850650068814140154      
   6.08912713351026270309608777073543343      
   6.07126000630750533835279340943044624      
   6.05272954300145300041530147751921723      
   6.03352396087884707381959830347803447      
   6.01363161796156829490453814599035059      
   5.99304100318595892527544768467405417      
   5.97174072666298306471101840828595905      
   5.94971951090184974473982835688159644      
   5.92696618047678500490002342809608838      
   5.90346965215990122676762169156325118      
   5.87921892614819913825765534201296004      
   5.85420307405374436904541763108546546      
   5.82841123005864774755172474291296986      
   5.80183258085152828720247726456742215      
   5.77445635434794716974431431769838440      
   5.74627180984384508105137623674337215      
   5.71726822901940602320811323687935291      
   5.68743490470922583426852782268804696      
   5.65676113313835857685004240270821244      
   5.62523620321225458958648542147852353      
   5.59284938914033774271174480784263083      
   5.55958994188491695066310850890391933      
   5.52544708176450771743064500118433307      
   5.49040999143617757721711884757656485      
   5.45446780966970670681205922398571501      
   5.41760962462972862102571716335579200      
   5.37982447037452034156983071912894536      
   5.34110132059493970206647853843881049      
   5.30142908523256476605482243792107646      
   5.26079660658983372680315676829288703      
   5.21919265645674856929987882150663303      
   5.17660593258460929630173162521666451      
   5.13302505832915658920651772953910352      
   5.08843857868978715945435192218078616      
   5.04283495980250952671804382898795197      
   4.99620258691126363690264310364256163      
   4.94852976576755259586104669789287800      
   4.89980471783360569412390266814852741      
   4.85001558439174332872038784425251599      
   4.79915042265204624893961698651017853      
   4.74719720664474707224752314148808260      
   4.69414382848986347090775335706326882      
   4.63997809616006089307732220383149137      
   4.58468773629950692575458908278010885      
   4.52826039235373857406911592151755019      
   4.47068362496242438560649144481123509      
   4.41194491456694367867837089380580078      
   4.35203165855210008233942928560675123      
   4.29093117482423364077284338292691626      
   4.22863069905926021781046790110846357      
   4.16511738854479828389599082847224233      
   4.10037831988152380030568923246808582      
   4.03440049095069227477212637787306575      
   3.96717082014897494732996741758057812      
   3.89867614833941545025717113797251744      
   3.82890323863453484879096691628330248      
   3.75783877555375534485221019561470362      
   3.68546936811438477575438913632277693      
   3.61178154697208141616318171706505840      
   3.53676176822051574193056910052225870      
   3.46039641017945986230294814718904089      
   3.38267177710183556129454995686225664      
   3.30357409727130702568893101994629391      
   3.22308952352499362216602528603328772      
   3.14120413505956980727480004205534450      
   3.05790393539173014339037072650413504      
   2.97317485489879323098380950713483641      
   2.88700274909047448589276107004421213      
   2.79937340086104025915489427897176838      
   2.71027251812161703519354794431023078      
   2.61968573681192512493243849473321609      
   2.52759861892130017750644062143678754      
   2.43399665337307828255777278439455208      
   2.33886525704762418809246712749278617      
   2.24218977294947869651463785218826011      
   2.14395547276635641470196563766964724      
   2.04414755454497483015863978884542212      
   1.94275114531156512135143634999795047      
   1.83975129890697133536171564239022641      
   1.73513299741523206090833683492889627      
   1.62888115080372358815518122431355860      
   1.52098059730543109754656504051076152      
   1.41141610305153912194315903302982648      
   1.30017236265636118202630842014080086      
   1.18723399878657221347756015852595391      
   1.07258556267818240637871461196313075      
  0.956211533623832620558845979575626522      
  0.838096319664280541442456719792278041      
  0.718224257205329576330452802355511153      
  0.596579611292101510907456181161335094      
  0.473146575718192709214233326406352431      
  0.347909272135145875601922434380720395      
  0.220851752017192234695262778708973258      
   9.19579945524456026684238442896510575E-0002
  -3.87880918074148608666505965906725464E-0002
 -0.171402669854371358731251672548243353      
 -0.305901974324539470451745826257742436      
 -0.442302310368702014380739337731535383      
 -0.580620053814676636193478978885471524      
 -0.720871654093800392640630003428081596      
 -0.863073628591228541027562608629063918      
  -1.00724256762104432898709818660147480      
  -1.15339513358876546812652256712243474      
  -1.30154805702812771651587891020677734      
  -1.45171814176496128125654572132811246      
  -1.60392226303418603912934050754438791      
  -1.75817736557834021787687983897388228      
  -1.91450046499885999309183370030488829      
  -2.07290865091891825795113249588691605      
  -2.23341908056033300317635381560248913      
  -2.39604898309429033545776858211821456      
  -2.56081565908031955598324717707995393      
  -2.72773648001533541019796615766291950      
  -2.89682888825450076753718732038668856      
  -3.06811039928874836376844947051021692      
  -3.24159859410973575513126107735852188      
  -3.41731112888127782287957289565735412      
  -3.59526572857002584728832853463435435      
  -3.77548019412633089354188234335750889      
  -3.95797238851111636949340119953567681      
  -4.14276025154177679021951744412578264      
  -4.32986179441648856041123005569722878      
  -4.51929509647529336932305284682085581      
  -4.71107830806959465507642982489264029      
  -4.90522965003752770550494145835136398      
  -5.10176741550133872374903011307120963      
  -5.30070996838776026709353072628159555      
