   6.46114229515578832787994501293249882      
   6.46114229515578832787994503858969363      
   6.46114229515578832787994507460013469      
   6.46114229515578832786445253264712100      
   6.46114229515578830736877830811583801      
   6.46114229515578543430523325266887967      
   6.46114229515567986084553412733994777      
   6.46114229515405411085417489782383487      
   6.46114229514024780706348979735558574      
   6.46114229506340386794235554650337725      
   6.46114229474944116449711868785655670      
   6.46114229373255762095364783476572640      
   6.46114229097773987361088680563252287      
   6.46114228449084290444506657444203877      
   6.46114227083410622063055534560639613      
   6.46114224455776928042394873773798938      
   6.46114219769051449952242452356549926      
   6.46114211915224300128046245729997749      
   6.46114199424397548560307090038414321      
   6.46114180423511430679573361174675449      
   6.46114152603586589410919527123551450      
   6.46114113198091311867917471880421138      
   6.46114058973675271445940854597832080      
   6.46113986234270904715275411708555606      
   6.46113890839237156083441971066131103      
   6.46113768235709612293445517425513478      
   6.46113613504599541775545812673964725      
   6.46113421418804396582836232553606993      
   6.46113186511265355614994980355689023      
   6.46112903148401533435335267347592422      
   6.46112565608190124775368206397200120      
   6.46112168161143689295707069944818684      
   6.46111705134021698759724703862154780      
   6.46111170972813674187610939080783681      
   6.46110560292361709822512898286680457      
   6.46109867908536413976135875456035709      
   6.46109088853756636457475070041592207      
   6.46108218380256738578795620028873065      
   6.46107251935176672711252634099398219      
   6.46106185143706289440392265993396259      
   6.46105013738687359300224517249324084      
   6.46103733510102901541339829205756277      
   6.46102340232630567282355212713085730      
   6.46100829587251301452376914428704548      
   6.46099197077463266691055565269679753      
   6.46097437940947659820588256512512360      
   6.46095547060684387059716577142311965      
   6.46093518889015345819554390798659727      
   6.46091347361744045267712423384517274      
   6.46089025811618072352239289839860970      
   6.46086546903236610839516109544260365      
   6.46083902565813973346536533456951773      
   6.46081083935721045787923004971009652      
   6.46078081303447258088044105253488503      
   6.46074884069358336211544214364304674      
   6.46071480710011929504221067492062882      
   6.46067858744095269265212109191716261      
   6.46064004714105849427198861617895215      
   6.46059904158403151146721699217554453      
   6.46055541601131877509991897850391705      
   6.46050900541623104975657466667001367      
   6.46045963452331010470320905658345932      
   6.46040711766202440347039740006140759      
   6.46035125888475315556536996104516383      
   6.46029185184503425666198914274713416      
   6.46022867980112003183359618965709994      
   6.46016151560138582927171765000850018      
   6.46009012165323376709595083202154468      
   6.46001424997174634425599133670580236      
   6.45993364195901937058797255803357998      
   6.45984802832896572889973783611400578      
   6.45975712907332732150308816907398786      
   6.45966065313040127246533204241025293      
   6.45955829818281891637859941010682321      
   6.45944975040500149662325104387367484      
   6.45933468404609011091042887577671835      
   6.45921276103098983243585922989379023      
   6.45908363044515093668641655070089715      
   6.45894692798427828105680358927133226      
   6.45880227546171581853049751818277182      
   6.45864927988289573794994527877672062      
   6.45848753270326397330351533698628780      
   6.45831660895601608443447991232634155      
   6.45813606627963864856957056159080958      
   6.45794544384125687811065102358011076      
   6.45774426122292828605551945829696875      
   6.45753201650649156151290755223207182      
   6.45730818637748770245632194519314497      
   6.45707222417901918081703909637917806      
   6.45682355448184861649468081166713734      
   6.45656157931667623807002220689726525      
   6.45628566855223440993418823630897275      
   6.45599516247925745181886510692053285      
   6.45568936791262873666015378490230267      
   6.45536755603811243374599627115091744      
   6.45502895990196170948708364118333718      
   6.45467277334652274482424291107682077      
   6.45429814589810386309819625227391173      
   6.45390418130384092316880513234995725      
   6.45348993449428361812112496027849525      
   6.45305440747789313962381054478522743      
   6.45259654649000715290362004228937911      
   6.45211523827827802714064966876207354      
   6.45160930529312509439139924534811012      
   6.45107750268504131524310681821741759      
   6.45051851322028951485647988390294368      
   6.44993094270450600577848653659333897      
   6.44931331467892087919314953593866876      
   6.44866406557988106300203686583108048      
   6.44798153924845030035386675904276632      
   6.44726398021024488188831553176534566      
   6.44650952791281075681824109387817887      
   6.44571621016581886440656317035525484      
   6.44488193570416785687509931955534414      
   6.44400448658218263958968389569595468      
   6.44308151057361150079583385152452314      
   6.44211051253167395239055586397468760      
   6.44108884513246877642224691608176792      
   6.44001369999077554559060555697224651      
   6.43888209697917378672473982815372526      
   6.43769087369267218763805527454171625      
   6.43643667423225542713324351789749117      
   6.43511593731412982946729228817212059      
   6.43372488320379948277217318798982992      
   6.43225950095847525375953471385294363      
   6.43071553351808388770118771467152364      
   6.42908846356594950593877496992304171      
   6.42737349736288285128583669377624161      
   6.42556554851182879610035787504185110      
   6.42365922115576901751349314959076242      
   6.42164879088737902486467064504431706      
   6.41952818785237396049082849966489979      
   6.41729097675789549955820788338397671      
   6.41493033804108500834208918051110380      
   6.41243904753738648539226274591559481      
   6.40980945776055784307179527174897703      
   6.40703347818722920164576316592628412      
   6.40410255728352348279060287508029077      
   6.40100766553371042285658591259575663      
   6.39773928006355825751084403302966402      
   6.39428737293595397069978398683420547      
   6.39064140128047346483612121351472894      
   6.38679030316664499944024618666719663      
   6.38272249763284300689011387461962843      
   6.37842589072584831689587820072842943      
   6.37388788766791392185556675771186308      
   6.36909541447309144814535129268427276      
   6.36403494197363207033610796476688424      
   6.35869252520663743208369919102292054      
   6.35305383977999069809335694153738481      
   6.34710423167042826416744463225260227      
   6.34082877277290906439837056938278581      
   6.33421231273243595865871790970771722      
   6.32723954083771998392081090180646879      
   6.31989504187080433111216821038605837      
   6.31216335405557418403777051758208861      
   6.30402902346495164232669590980502555      
   6.29547665002151725306225352897657557      
   6.28649093395189082845966287766975679      
   6.27705670948421523945484443836902185      
   6.26715897788180207620757489988073842      
   6.25678292973902365548369514900759864      
   6.24591396372253836907445777509179248      
   6.23453769739581593620201361958783361      
   6.22263997515931861610791682891841011      
   6.21020687142511119884406021525121759      
   6.19722468857198605253284307178803237      
   6.18367995617082799481220950283914551      
   6.16955942233838077232142931252521058      
   6.15485004926923263945634910919353423      
   6.13953900427851710965705396360800166      
   6.12361365072487427341745928596607755      
   6.10706154000327463216868474430471983      
   6.08987040114577359504154513375301075      
   6.07202813199482199917814734022375342      
   6.05352278979335349622188492008950107      
   6.03434258146051370960264105491567524      
   6.01447585438318083059864269501238753      
   5.99391108798811840764870950360457510      
   5.97263688227576375351036772373881517      
   5.95064195073074573336186660423568418      
   5.92791510872233399096443099775857605      
   5.90444526487150530572875606073436635      
   5.88022141086063937644805410062575375      
   5.85523261068582934587769746149811367      
   5.82946799185721467892459763941491941      
   5.80291673437802809219113220165211838      
   5.77556805977090422751629293107003783      
   5.74741122266560560118627145840512512      
   5.71843549990969350203128169733231293      
   5.68863018038094762712871741326592508      
   5.65798455692204871647076848723484527      
   5.62648791580582055729254906941524712      
   5.59412952911796337710632526041027734      
   5.56089864636094370582210448571978175      
   5.52678448695451027633168541568786568      
   5.49177623319157395404925602657487491      
   5.45586302384852011720673345274341318      
   5.41903394815017883548299820697795240      
   5.38127804076365766624040037507716329      
   5.34258427681752336822119165195074448      
   5.30294156814519509758868656439098087      
   5.26233875906535392050188478649082875      
   5.22076462362266683598604153760730980      
   5.17820786230353785366524579475220797      
   5.13465710103584182358355027736336597      
   5.09010088775353016406880871134110810      
   5.04452769129721598627261597230011797      
   4.99792590100058860869770723473142450      
   4.95028382483162847644186404406539661      
   4.90158968794982278066157425683738077      
   4.85183163477834347359350141900754518      
   4.80099772590880420926747849976993084      
   4.74907593858527479902605401506996511      
   4.69605416837895742947010516378529812      
   4.64192022665356997458939699101973604      
   4.58666184291813852624100779822223658      
   4.53026666408777324497689593702070384      
   4.47272225389489679076934499474788041      
   4.41401609607539043170866603031356281      
   4.35413559054964266203127365692544074      
   4.29306805879480981149356149948620859      
   4.23080073919809132364979027653896945      
   4.16732079189777391547673660078918158      
   4.10261529658183576710559006032078559      
   4.03667125312556971216924631896186540      
   3.96947558372147709625837198961916668      
   3.90101513119203660485716504482034692      
   3.83127666130851373983281875995583935      
   3.76024686121146426394821360676959804      
   3.68791234213899273633666394445296028      
   3.61425963764730001944849480819240530      
   3.53927520576203653257925423386467407      
   3.46294542721907833388160655081502548      
   3.38525660848845220518637787735366548      
   3.30619498034483039711488949810101278      
   3.22574669718287213994820938742570271      
   3.14389784104545060272977797808864728      
   3.06063441669104581590499110976291630      
   2.97594235722031910711686176064994471      
   2.88980751991113242536965468996314912      
   2.80221568950575612200109361435573154      
   2.71315257608745308618891481350049883      
   2.62260381705737925696033991418199168      
   2.53055497655387934361857008520822099      
   2.43699154537558632973874104889225918      
   2.34189894192513000790633717028720591      
   2.24526251116071346754660555898362710      
   2.14706752642332060884893489345573956      
   2.04729918746563242309830884819828456      
   1.94594262298600279078523245162849897      
   1.84298288852378346665284744852138537      
   1.73840496782881229781790715561937274      
   1.63219377225182106978455658947843611      
   1.52433414182888504022017225237168999      
   1.41481084424812767777312080178432313      
   1.30360857560606735543233424555612187      
   1.19071196013541080917076574505972709      
   1.07610555057875699046875014699698856      
  0.959773827730888764674679022597355981      
  0.841701201093730972108970196634652467      
  0.721872008582390425610281082318781139      
  0.600270516651010115228601988654975559      
  0.476880920564211325309721471094750386      
  0.351687343424890814060179049372892105      
  0.224673838032680119907615044019960765      
   9.58243851404670608389551900440214784E-0002
  -3.48771056929164827373811540327754472E-0002
 -0.167446795445407993793437127813513984      
 -0.301900917885720857365566781750481830      
 -0.438255776534977727405185396044636453      
 -0.576527746040784151068451305043656037      
 -0.716733274354613906057845744064953149      
 -0.858888877737879881723886215703015815      
  -1.00301114472957379817776252979102456      
  -1.14911673704139482881896207609423113      
  -1.29722238349429709229654815753807885      
  -1.44734488662771175144735088253521360      
  -1.59950112040822236767522409814384254      
  -1.75370802843726945263958312967075240      
  -1.90998262537937843221344288541659140      
  -2.06834199795468033293231242446041167      
  -2.22880330391987838862269595973125115      
  -2.39138377048652169721113830162826533      
  -2.55610069699821625361408596831364248      
  -2.72297145358966751993913976812577259      
  -2.89201348171713068945698066284362653      
  -3.06324429504619149599748504409428978      
  -3.23668147384332472793789407507160964      
  -3.41234267279494651623656600265742734      
  -3.59024561580573570784368554728640879      
  -3.77040810218027760007111807743594259      
  -3.95284799418509684098065006347882093      
  -4.13758323016501856380067272210799886      
  -4.32463181992138867683341945420788108      
  -4.51401184175147186993534549573496322      
  -4.70574144504432472436992377993153555      
  -4.89983884909943053484050134626899861      
  -5.09632234587061860849783191022413154      
  -5.29521029834175093263550437468311045      
