   6.46114229515578832787994501293249882      
   6.46114229515578832787994503858969363      
   6.46114229515578832787994507460013469      
   6.46114229515578832786445253264574511      
   6.46114229515578830736877830473456832      
   6.46114229515578543430523259476707608      
   6.46114229515567986084550441378867837      
   6.46114229515405411085363994434159660      
   6.46114229514024780705829620473740837      
   6.46114229506340386790972459026852477      
   6.46114229474944116434771910733746286      
   6.46114229373255762040512930017272660      
   6.46114229097773987248544462631037164      
   6.46114228449084288460742046326798872      
   6.46114227083410605036074172101231492      
   6.46114224455776815813453639549121195      
   6.46114219769050854948270601724818352      
   6.46114211915221666842239113233830187      
   6.46114199424387538312093350040203448      
   6.46114180423477983167301234812502023      
   6.46114152603486496620344234137800054      
   6.46114113197818884569092542699484293      
   6.46114058972992252752568520417575071      
   6.46113986232676728794009867708085529      
   6.46113890835742632576760691093889890      
   6.46113768228462023011345473815793313      
   6.46113613490289140272312549156789201      
   6.46113421391761906713633992919537636      
   6.46113186462138086842553163176401961      
   6.46112903062614783362873587974548044      
   6.46112565462496071238450418624586853      
   6.46112167920887124833462829136669191      
   6.46111704748038142485246505063319413      
   6.46111170368366269662990355654632900      
   6.46110559367052819912949389519396404      
   6.46109866521373050028432094500628826      
   6.46109086814095723599135208850189432      
   6.46108215434436714397669700435392328      
   6.46107247750724015445856406395156969      
   6.46106179290857949488781420947005004      
   6.46105005668939159109207327808370257      
   6.46103722531567595099314097515128049      
   6.46102325481919969905214064730063695      
   6.46100809997642096078783556701801940      
   6.46099171343055414084699794653880762      
   6.46097404476464352405335163956075437      
   6.46095503956941419752306705653758371      
   6.46093463863012783021599947778314103      
   6.46091277701832435309448294571441499      
   6.46088938316928046021010055705414560      
   6.46086437817067459202076302385802891      
   6.46083767502595943851775565265520840      
   6.46080917801117809203573020575921874      
   6.46077878207159814354649976670454550      
   6.46074637230184580678594670423500368      
   6.46071182352268684552132813590548208      
   6.46067499986132658670710262267616094      
   6.46063575445940844179473004289398640      
   6.46059392911289899367633718986932614      
   6.46054935405652614049711413212943463      
   6.46050184774855304174891543387742868      
   6.46045121673529432163490997091396879      
   6.46039725541078966018254361898373362      
   6.46033974598280948237148403316053150      
   6.46027845825183376772033915036813811      
   6.46021314944961916170313851024156978      
   6.46014356410130100333234042828774875      
   6.46006943378775837019576394452073061      
   6.45999047709364923171312103366311409      
   6.45990639922269057972638798384916798      
   6.45981689167609540462382033232118694      
   6.45972163211639818591466245124500573      
   6.45962028382230549775053412721081495      
   6.45951249527594950267052091413813685      
   6.45939789971104042270019732196702059      
   6.45927611449927796101142413867732369      
   6.45914674050986120622059426191293922      
   6.45900936141182087752422796964925600      
   6.45886354281310769332186179926080706      
   6.45870883144241529534451767486965036      
   6.45854475421076033166386882854026067      
   6.45837081703799993315592312629877679      
   6.45818650367735586018522764905701232      
   6.45799127448512636035839655539903890      
   6.45778456470485294404227866374741307      
   6.45756578393416729457373651796816042      
   6.45733431339346165959286129820378428      
   6.45708950475014606888607769885771318      
   6.45683067814265668772951377029666375      
   6.45655712071692371382321059488633752      
   6.45626808160076121658868784143259915      
   6.45596277450213312593327687012456487      
   6.45564037311697515163376167163436492      
   6.45530000568757197741078515237596117      
   6.45494075651707541401744406473214912      
   6.45456166041092743068455639982650303      
   6.45416170041803281412224329544690381      
   6.45373980414532374988667496048878660      
   6.45329484121926012336449613608688307      
   6.45282561825556988937508127635719139      
   6.45233087508238942104457992507828925      
   6.45180928162762616330667082059825254      
   6.45125943249428172592509044554849325      
   6.45067984238058656826958352529986604      
   6.45006894123175248409993325594303861      
   6.44942506877679565602340447414665970      
   6.44874646937371058302785064930924369      
   6.44803128588842898014964011600575283      
   6.44727755263317609778483089182330388      
   6.44648319070228430222596441033399143      
   6.44564599854307871714535246115005251      
   6.44476364665138844672656249771478894      
   6.44383366852446314027528719407832986      
   6.44285345312175081932950657244912686      
   6.44182023533619865287524149209966971      
   6.44073108804107539168345844699688616      
   6.43958291125917747958276119371771184      
   6.43837242250584525802668863269228861      
   6.43709614604142998523463688367333071      
   6.43575040114825727093401081252695950      
   6.43433129101458706449265628031952443      
   6.43283468986597820490261477650720648      
   6.43125622975469638777642043125979144      
   6.42959128746877837652212086335852742      
   6.42783496957143245816924306360270246      
   6.42598209828496232654970017426204096      
   6.42402719671910873248355309250079785      
   6.42196447243654251272998805175916475      
   6.41978780208297019095514182213472868      
   6.41749071507418456551222547171616472      
   6.41506637741532269170830373859805321      
   6.41250757580332245627933331600295713      
   6.40980670207285020508826547256671142      
   6.40695573820845853186277769797908010      
   6.40394624265485070207009391472324569      
   6.40076933774563000684193300968000001      
   6.39741570032378238282879824405412639      
   6.39387555210130276773529953053307089      
   6.39013865630612417584409750153196632      
   6.38619431697997120349722971362138448      
   6.38203137964353365071691923901910118      
   6.37763824165102259393992255234067224      
   6.37300286218237869761450448253432201      
   6.36811278302070449067874938683737003      
   6.36295515096565038344745830768616314      
   6.35751674597502367642334482135942532      
   6.35178401783843075654058345211104145      
   6.34574312230812745061291036486293013      
   6.33937996494985416906247482025753219      
   6.33268024419441330974611256249785553      
   6.32562950263860700378583100022001832      
   6.31821316651766861429270808429190581      
   6.31041659852228761895600450380403778      
   6.30222514220999034090377892704856806      
   6.29362415528088814014139866548573320      
   6.28459905642851648952277245865051073      
   6.27513535728601135763383746503644041      
   6.26521868203917857421527158931233209      
   6.25483480877876384445354565114672839      
   6.24396967447439304024470368766511796      
   6.23260939633432383196349909296491267      
   6.22074028418553255195207772272944061      
   6.20834884677295810041767353797168724      
   6.19542179679412738935416619299066716      
   6.18194605377233416126084392560067988      
   6.16790874367590431705975142491697726      
   6.15329719624566956348715786986621241      
   6.13809894257462029201558170089427699      
   6.12230170882343189644384697649519561      
   6.10589341077451981638022850849109142      
   6.08886214632985348790077671278614220      
   6.07119618728374467690360874561372614      
   6.05288397166730501336113263849070246      
   6.03391409210658872051590544774678709      
   6.01427528784347911282367999592903571      
   5.99395643159787594180103477144802800      
   5.97294652052393677068673817621017204      
   5.95123466146098491062551109658519850      
   5.92881006167224312136797414529028731      
   5.90566201386597516148357029201153075      
   5.88177988516135547969352362048242229      
   5.85715310305897015137789306839316355      
   5.83177114322458987914447614904380290      
   5.80562351745401522936823343023975898      
   5.77869976097944891830489388519423518      
   5.75098942134742963991282969719611662      
   5.72248204738479575756058384484937403      
   5.69316717793433333272737871876430381      
   5.66303433320727363451425983042781234      
   5.63207300479554448233657062152417472      
   5.60027264889022834741257355996843039      
   5.56762267766313119807331049565633682      
   5.53411245315321375842518904608766858      
   5.49973128164412482260672257878103926      
   5.46446840763786899514997912288672160      
   5.42831301086160731508056559038689977      
   5.39125420155291816028623471487406751      
   5.35328101709295745214573961438740656      
   5.31438242079927817776123959069868213      
   5.27454729744401778210813892760012951      
   5.23376445369805502367305077277631477      
   5.19202261603549616491489410867077271      
   5.14931042954493364264697720126373993      
   5.10561645674665447871201299344291388      
   5.06092917901157323795570399895738271      
   5.01523699345220569708491777480609780      
   4.96852821622787067999729836453567214      
   4.92079107983857579468947579167853424      
   4.87201373385146070077731284476091146      
   4.82218424691173018280689995179726248      
   4.77129060540522835342142491324533557      
   4.71932071289735631023126145127265838      
   4.66626239471203358899792858859818805      
   4.61210339313536152681537161776782328      
   4.55683137248812715802354345100474756      
   4.50043391639974705559421175897763767      
   4.44289852983814449412533658572440534      
   4.38421264003768590480327897224116804      
   4.32436359476849194012977806238265144      
   4.26333866668639163666964519160460889      
   4.20112504893732899805626991369287063      
   4.13770986014394144947626289157256092      
   4.07308014250788921208452283282467456      
   4.00722286104855102059723134351528876      
   3.94012490819489205962925931004568936      
   3.87177309858167970443495147629411713      
   3.80215417537119789665210543078341375      
   3.73125480426898516398405008923259931      
   3.65906157995921313127083537683344397      
   3.58556102217023622206423459323214115      
   3.51073957777336929839163629545950949      
   3.43458361944194659210890307112836306      
   3.35707944915136434693371554129860291      
   3.27821329395229324927224230191326607      
   3.19797131003087319248143197347029970      
   3.11633958157331367923360101751617135      
   3.03330411877712089349349450273373738      
   2.94885086224545512604723246060049071      
   2.86296567975726239140716870215528378      
   2.77563436680933250883902351235716108      
   2.68684264908388872138818790495147130      
   2.59657617902514418217483194501376811      
   2.50482053944780396630550161009113705      
   2.41156124110262645249769906534899063      
   2.31678372314679263423302823997815944      
   2.22047335545645066698081710749973016      
   2.12261543459694500209487695270420107      
   2.02319518802946673014717775663068470      
   1.92219777177391043829027131950441468      
   1.81960827053402791769100571930769024      
   1.71541169910790481530173978180477505      
   1.60959300090426651303001805225708212      
   1.50213704881496089634327485116679138      
   1.39302864510938484991940490919093386      
   1.28225252144059315627922377530244522      
   1.16979333851567961007109095039133495      
   1.05563568664918428284059931999002712      
  0.939764085610004157224395752059647763      
  0.822162984517135445720694901670868511      
  0.702816761732448673518674012170255772      
  0.581709725332896320094711855168251580      
  0.458826112094963442285168950776172435      
  0.334150089237654203058557487463025326      
  0.207665752468989420964241272016972261      
   7.93571271595319595899468884134488637E-0002
  -5.07918311436479491827305412063812461E-0002
 -0.182797239253222389202877009709152036      
 -0.316675282252868689240594209835153068      
 -0.452442217073990171607170754175861354      
 -0.590114372566980677042720802168538244      
 -0.729708145089999836222071301131526905      
 -0.871240003806297694261053963034885457      
  -1.01472648885637741345843528237024269      
  -1.16018420908627886983567661466943654      
  -1.30762984483496085364070573293186943      
  -1.45708014876352684671347557863787569      
  -1.60855194187678731626364164986509518      
  -1.76206211552541490533110680971499458      
  -1.91762763336055301954808119117423074      
  -2.07526552970278135928996503282421658      
  -2.23499290928943714644931395184347247      
  -2.39682694548150586786815139621184293      
  -2.56078488431960680623329276347995410      
  -2.72688404193005247369202801365143269      
  -2.89514180714319222595115495885390172      
  -3.06557563464346444744485726342294589      
  -3.23820305327593809527692763775639399      
  -3.41304166305930526642557120761533364      
  -3.59010913301428680187776515440772982      
  -3.76942320261700486239879040947323650      
  -3.95100168198350445572276210662127552      
  -4.13486245205805371607834774961232718      
  -4.32102346583283887079316797772156069      
  -4.50950274755058271114815771219163453      
  -4.70031838675636550529211735682605150      
  -4.89348854814103564168361975518703890      
  -5.08903146538269917074774468900905141      
  -5.28696544263493089386860531521167567      
  -5.48730885781629999025487006105269644      
  -5.69008015451601831404674694850751981      
