   6.46114229515578832787994501293249882      
   6.46114229515578832787994503858969363      
   6.46114229515578832787994507460013469      
   6.46114229515578832786445253264613261      
   6.46114229515578830736877830554134885      
   6.46114229515578543430523273266259314      
   6.46114229515567986084551003487094681      
   6.46114229515405411085373310375230112      
   6.46114229514024780705914112237041404      
   6.46114229506340386791474062154524752      
   6.46114229474944116436966338610636902      
   6.46114229373255762048416412545243830      
   6.46114229097773987295514014395176722      
   6.46114228449084288959488483298480707      
   6.46114227083410609095527138119721261      
   6.46114224455776841347239910042273581      
   6.46114219769050984615153385941929265      
   6.46114211915222218348518421376654735      
   6.46114199424389559154904952324536906      
   6.46114180423484509136249487495889784      
   6.46114152603505416493124768494669579      
   6.46114113197868880827490622419764716      
   6.46114058973114190137450185291459238      
   6.46113986232954075661155808344396962      
   6.46113890836336038351943731817769964      
   6.46113768229665021587444105865282885      
   6.46113613492614050071489154363562427      
   6.46113421396067262483746532569493879      
   6.46113186469811245592677398650438609      
   6.46112903075481893608758644265901415      
   6.46112565484487882607241310549380487      
   6.46112167956562007159608471969554115      
   6.46111704804417795720816692641447727      
   6.46111170455358996280726444226737809      
   6.46110559498357647476698917371604520      
   6.46109866715581789084911688801849466      
   6.46109087096002054654037762670404666      
   6.46108215836597665295452404976286568      
   6.46107248315276733319969621291086882      
   6.46106180071615418197451691485213797      
   6.46105006733791980299399797223519076      
   6.46103723965208431224994064661324580      
   6.46102327388916271077853947085538690      
   6.46100812505876344398139956438629269      
   6.46099174607558499516846492401372364      
   6.46097408683674880229716216605225825      
   6.46095509329375226955446116049769134      
   6.46093470664463284127606991399749731      
   6.46091286243031001179655228861026408      
   6.46088948961754200553290521844747881      
   6.46086450989333183960827942602152050      
   6.46083783693438285886966102288334631      
   6.46080937577039426266147388441434620      
   6.46077902218757111855690435793220828      
   6.46074666221603459286397359265068458      
   6.46071217171480514117220754322804793      
   6.46067541595929093306861092959617976      
   6.46063624935986638912813298735336633      
   6.46059451510883205060001962442817519      
   6.46055004497538079991098589888550305      
   6.46050265910276768351755482423332814      
   6.46045216587896870413556736485751622      
   6.46039836171127210025142842097534603      
   6.46034103100459473166407638187477640      
   6.46027994594947954166144211637190807      
   6.46021486637617740697573699820042162      
   6.46014553962951217289893740713026370      
   6.46007170034276043775656637595149217      
   6.45999307041048560693444637081305838      
   6.45990935860370666815797030118399568      
   6.45982026027311277775619819667247421      
   6.45972545723395655780270360887818771      
   6.45962461722567784992256601093110617      
   6.45951739352638765027359799506253791      
   6.45940342451757475092115612324317694      
   6.45928233308797845576044528765996378      
   6.45915372601435432743631848456840558      
   6.45901719328604253984021012741052566      
   6.45887230724862263366566470643211002      
   6.45871862184992278661831472670677860      
   6.45855567172613466008080613452671707      
   6.45838297093628710002412235613696370      
   6.45820001197149638513426580924931609      
   6.45800626446512911939476654032465582      
   6.45780117356040044857795363218535464      
   6.45758415927471884117915447242210626      
   6.45735461398513026588241846960090494      
   6.45711190118778572893914647931473216      
   6.45685535421604235430165418684706904      
   6.45658427101385016905870193938109585      
   6.45629791753368950722402525064777746      
   6.45599552128747471879636751022263956      
   6.45567627152482769472086287286149461      
   6.45533931338700742883227903128979515      
   6.45498374860998405069048617696565762      
   6.45460863058597275732646457663917376      
   6.45421296194872068749149672167273108      
   6.45379569105587482714963220590040961      
   6.45335570935433011647026516758728657      
   6.45289184647107132635493470687433445      
   6.45240286668030434428837174044093780      
   6.45188746540976330940888249769303324      
   6.45134426437143650543303508972767541      
   6.45077180665934263746960542949746170      
   6.45016855226608449835555869276278500      
   6.44953287249889358369568256872923465      
   6.44886304497742771339263098806759617      
   6.44815724760825426165240916658635201      
   6.44741355147987097648944578187491220      
   6.44662991644000105486574768051778898      
   6.44580418171745519922788660957806803      
   6.44493406061558815528612739517851343      
   6.44401713175776832494279055594565127      
   6.44305083115002709190685965505294272      
   6.44203244363665449599277081496744281      
   6.44095909376078997351284620754331116      
   6.43982773651849782850650712738288804      
   6.43863514666399036085117495767785793      
   6.43737790835578460742443975922267432      
   6.43605240406707301290430239449478762      
   6.43465480233840389737419867125117757      
   6.43318104620767568946679393045994314      
   6.43162683949066355023253792666234268      
   6.42998763372109048533915426414715552      
   6.42825861329704006079677450529113506      
   6.42643468173918719541546140106382292      
   6.42451044583322398145268663920089753      
   6.42248019995843746785105629738730745      
   6.42033791075740308413538293468878433      
   6.41807720012698467680349269487705638      
   6.41569132886069732472154701767264894      
   6.41317318059417746752612079244510539      
   6.41051524566936276746128615586798521      
   6.40770960585025788676178159275009575      
   6.40474791961030869622154961261281814      
   6.40162140938505975593463109922999374      
   6.39832085023982621855918649014269694      
   6.39483656076242168252489872367996862      
   6.39115839769318407710518786811609889      
   6.38727575303173275885407722936912926      
   6.38317755563548199643864056604400201      
   6.37885227763457113300597218781892434      
   6.37428794651061988307089487330055435      
   6.36947216006522601014568701574220049      
   6.36439211144121562182955043900958551      
   6.35903461467158978628056497933922492      
   6.35338614095680670755361209572494412      
   6.34743285371691051045560190172736800      
   6.34116065255319398046756906977285191      
   6.33455521907145226299236923917206825      
   6.32760206224408722587757127565632201      
   6.32028656737065535421170871150562447      
   6.31259404377709429647598787964408643      
   6.30450976773341389157901927109448561      
   6.29601902998965275546427930771888913      
   6.28710716951566267865855926796664399      
   6.27775961210549542154136518105253613      
   6.26796190048003861871908067477678806      
   6.25769971723300665248996985005460764      
   6.24695890902378549792661364166659141      
   6.23572550134784206771313912771880991      
   6.22398571006478893018767054666942838      
   6.21172595166430619544407619546679209      
   6.19893284689657756990800991162617481      
   6.18559322459259499603898041993694079      
   6.17169412014652360809504560857639859      
   6.15722277497604018293883437928573587      
   6.14216663321296830750784110639957082      
   6.12651333478357641567320389014671587      
   6.11025071060137256337958947136131392      
   6.09336677624657911855911447007299785      
   6.07584972229028898430665110555555808      
   6.05768790769081134982226491358856136      
   6.03886984836805039854532945290738581      
   6.01938420952503915742640145675832093      
   5.99921979217065091857937429249287476      
   5.97836552570687756712589565644347033      
   5.95681045335364072326773231407202412      
   5.93454372099526775797235364515440594      
   5.91155456619653149699681552867546216      
   5.88783230424042926621247778998483310      
   5.86336631569033955684733726396887220      
   5.83814603507971640399041087075859318      
   5.81216093718960823788704713534483100      
   5.78540052616904716485169096070108357      
   5.75785432287073458844334091890276309      
   5.72951185390151445388272304578696249      
   5.70036264225506338022157028950247687      
   5.67039619490238991269746710588004687      
   5.63960199595194659815834048909391752      
   5.60796949750470740637767354141969577      
   5.57548811108695701216340553615838217      
   5.54214720202746857927906759550680537      
   5.50793608237700733583718034561928099      
   5.47284400577418445874429857626912290      
   5.43686016299229710282165923676852635      
   5.39997367696644740453099795154088108      
   5.36217360067210285229900244218378523      
   5.32344891288641053878487413674788245      
   5.28378851734896120647057522621685252      
   5.24318123855764508128998538853995369      
   5.20161582267282275804072136311529836      
   5.15908093430454114330317803296279923      
   5.11556515774275466272787430021040262      
   5.07105699366484400353071417992506567      
   5.02554486151690724185289817113123411      
   4.97901709730651184016782517003813515      
   4.93146195492715750055011080468285274      
   4.88286760476439310372948096722870745      
   4.83322213581276627600707844985788140      
   4.78251355466989795909392657531971806      
   4.73072978552778128955424215566698007      
   4.67785867255697405022485262592433220      
   4.62388797817308022290160236017506422      
   4.56880538462599448267671775449485231      
   4.51259849493794712973648945951444869      
   4.45525483143966276971572135275318495      
   4.39676183923561171050996706030147897      
   4.33710688408269476870491400728858254      
   4.27627725416044718024551287985540660      
   4.21426016055601995830485905142323285      
   4.15104273661306232540556017440986629      
   4.08661204078946012271021472247331917      
   4.02095505352908410257276612252378523      
   3.95405868106687220605546857812777709      
   3.88590975492939987357268096132493927      
   3.81649502899317039622901039528785037      
   3.74580118643837944568403548132934924      
   3.67381483300175435133845099434800940      
   3.60052250254977774936987961583450781      
   3.52591065453537703234229478127014857      
   3.44996567488638004680968696774723284      
   3.37267387702039604559831719938753251      
   3.29402150100610847537391432044710909      
   3.21399471469948336055456160183816004      
   3.13257961271930259075445065806243208      
   3.04976221885454223129663368333752853      
   2.96552848272707794545990981853675119      
   2.87986428425012693175865419978793509      
   2.79275542952913083207861232782648019      
   2.70418765445505267685569433990668637      
   2.61414662285198750451594175825010764      
   2.52261792620379603395178496272953478      
   2.42958708661752196029910977607999163      
   2.33503955314982042437362402046849115      
   2.23896070388843081568945651450522321      
   2.14133584733624548628821199735939615      
   2.04215021880456250230355692771182765      
   1.94138898415053534609369525085310940      
   1.83903723765278698885073408797750112      
   1.73508000275411945808851298645596445      
   1.62950223235157119503100124883016112      
   1.52228880770672708827150056644019089      
   1.41342454046014065357026792054554081      
   1.30289417044238271863070220343341972      
   1.19068236757528246524630411760613617      
   1.07677373043887298781063679071516715      
  0.961152787378531583614165774302057371      
  0.843803995674640840075842848730611215      
  0.724711742187768492875040329171291194      
  0.603860343298985612369830469997322281      
  0.481234043758446654142250639845035843      
  0.356817018987955803841855864726888482      
  0.230593372886942026905030741501365742      
  0.102547138586037088562902992697745944      
  -2.73377204578816668246776818471249798E-0002
 -0.159077312436728415929681865240441118      
 -0.292687815496626210899925682939950526      
 -0.428185479267220969356365346937009373      
 -0.565586622696140703376065408045610586      
 -0.704907636786742670574880639629975101      
 -0.846164982140721764513087011116598625      
 -0.989375190533049678787761158373112679      
  -1.13455486453513538231755585953909723      
  -1.28172067695001989812517125995865950      
  -1.43088937084189485997599245298674253      
  -1.58207776277800158798169065933256457      
  -1.73530273515067468628476505068088724      
  -1.89058124429440348789153085237927150      
  -2.04793031667378437997692781256233051      
  -2.20736705040267022462108641972326382      
  -2.36890861168744337348021256647395049      
  -2.53257223906544830995775381295085690      
  -2.69837524104859989418746360065426943      
  -2.86633499854485615282237344330059125      
  -3.03646896264416651279330306047532480      
  -3.20879465145077268399079814642408174      
  -3.38332965794441375119679372350120243      
  -3.56009164481546213881410356925571103      
  -3.73909834595126180580875123342843044      
  -3.92036756275657827324575623833693894      
  -4.10391716991954109948799492732782616      
  -4.28976511177791136820157239866392355      
  -4.47792940567242943923131272458525693      
  -4.66842813677549042667190399807311089      
  -4.86127946064630478088588626906792179      
  -5.05650160475645485403546866148721885      
  -5.25411286667907873440101788587728369      
  -5.45413161459814150872975596003385558      
  -5.65657628915955555266548968453426484      
