-0.16277684267187E-07
-0.40694210667849E-08
-0.18086315937497E-08
-0.10174641906080E-08
-0.51977390104665E-09
-0.41533174086209E-10
 0.73359388882000E-08
 0.70944690564233E-07
 0.39894466599016E-06
 0.15566642165423E-05
 0.46764770873072E-05
 0.11564230479203E-04
 0.24645294010167E-04
 0.46870852387123E-04
 0.80850251020278E-04
 0.13078416879379E-03
 0.19726482904916E-03
 0.28252211830422E-03
 0.38903135470266E-03
 0.51708777709756E-03
 0.66668510766805E-03
 0.83720657759093E-03
 0.10278773685531E-02
 0.12372056674013E-02
 0.14634602486902E-02
 0.17046230210487E-02
 0.19585000969329E-02
 0.22225648895104E-02
 0.24947895120273E-02
 0.27723535188157E-02
 0.30525554614130E-02
 0.33333623146952E-02
 0.36126733291754E-02
 0.38884910323208E-02
 0.41585683272563E-02
 0.44217467511731E-02
 0.46765559472930E-02
 0.49215568522519E-02
 0.51556973139092E-02
 0.53788579916250E-02
 0.55912571324304E-02
 0.57923907849019E-02
 0.59820257224625E-02
 0.61609691630680E-02
 0.63295140276902E-02
 0.64880963850322E-02
 0.66371788503655E-02
 0.67777205251773E-02
 0.69106127279536E-02
 0.70368961142093E-02
 0.71576705346857E-02
 0.72737193298620E-02
 0.73857769670191E-02
 0.74946272084610E-02
 0.76011147290865E-02
 0.77059344188378E-02
 0.78098933834747E-02
 0.79139473219073E-02
 0.80187029344986E-02
 0.81246784133137E-02
 0.82322760346745E-02
 0.83419967734613E-02
 0.84542653639227E-02
 0.85693825564513E-02
 0.86877636343152E-02
 0.88096923695411E-02
 0.89353398508066E-02
 0.90648509853819E-02
 0.91982857092309E-02
 0.93357891490067E-02
 0.94774870288485E-02
 0.96234656067154E-02
 0.97738258884396E-02
 0.99285643900255E-02
 0.10087722925193E-01
 0.10251223702437E-01
 0.10418960530805E-01
 0.10591069903966E-01
 0.10767408063340E-01
 0.10948106422569E-01
 0.11133261269309E-01
 0.11322780956918E-01
 0.11517000164255E-01
 0.11715875606660E-01
 0.11919243003814E-01
 0.12126973119390E-01
 0.12338974762255E-01
 0.12556098629410E-01
 0.12778143093012E-01
 0.13005781004309E-01
 0.13238776761611E-01
 0.13477432755738E-01
 0.13721924875218E-01
 0.13971556180447E-01
 0.14227478737968E-01
 0.14490092249406E-01
 0.14759552455364E-01
 0.15036752501366E-01
 0.15321369369542E-01
 0.15613564623291E-01
 0.15914423265884E-01
 0.16224376786396E-01
 0.16543691537369E-01
 0.16873078021659E-01
 0.17213642930909E-01
 0.17564457790756E-01
 0.17926766900533E-01
 0.18301842866930E-01
 0.18690004615185E-01
 0.19092002931295E-01
 0.19508251654777E-01
 0.19940129071143E-01
 0.20387982166525E-01
 0.20853116975287E-01
 0.21336088998729E-01
 0.21838212257501E-01
 0.22359984081240E-01
 0.22903118829331E-01
 0.23468340568544E-01
 0.24056750228030E-01
 0.24669924230378E-01
 0.25308686305595E-01
 0.25974796550264E-01
 0.26669435127535E-01
 0.27394105779608E-01
 0.28150312632414E-01
 0.28939708125090E-01
 0.29763848670113E-01
 0.30624612766651E-01
 0.31523876615084E-01
 0.32463397654047E-01
 0.33445177151824E-01
 0.34471278019996E-01
 0.35543864151860E-01
 0.36665048263454E-01
 0.37837179099135E-01
 0.39062510646951E-01
 0.40343425834543E-01
 0.41682307372294E-01
 0.43081533934627E-01
 0.44543413040751E-01
 0.46070224976703E-01
 0.47664079239846E-01
 0.49326813299820E-01
 0.51059988760858E-01
 0.52864757446882E-01
 0.54741482575808E-01
 0.56690026238136E-01
 0.58709081314990E-01
 0.60795962157553E-01
 0.62946588723026E-01
 0.65155304210534E-01
 0.67414285895298E-01
 0.69713662752791E-01
 0.72041506496098E-01
 0.74384052321609E-01
 0.76725968219318E-01
 0.79050903185195E-01
 0.81342137063103E-01
 0.83583850301511E-01
 0.85761677023804E-01
 0.87863635840696E-01
 0.89880627818314E-01
 0.91806624306544E-01
 0.93639364155388E-01
 0.95379085969455E-01
 0.97029057492290E-01
 0.98594272283530E-01
 0.10008116165392E+00
 0.10149700321239E+00
 0.10284928062707E+00
 0.10414509624294E+00
 0.10539132852007E+00
 0.10659422161437E+00
 0.10775871045777E+00
 0.10888970199013E+00
 0.10999079144421E+00
 0.11106410954965E+00
 0.11211270991529E+00
 0.11313735333889E+00
 0.11413919898974E+00
 0.11511801399929E+00
 0.11607409953853E+00
 0.11700662386178E+00
 0.11791477326239E+00
 0.11879717454851E+00
 0.11965232486595E+00
 0.12047869333226E+00
 0.12127443648055E+00
 0.12203779089499E+00
 0.12276674728925E+00
 0.12345944618703E+00
 0.12411409167351E+00
 0.12472890993816E+00
 0.12530241910818E+00
 0.12583348224161E+00
 0.12632094309049E+00
 0.12676406476312E+00
 0.12716251976043E+00
 0.12751632251901E+00
 0.12782587250949E+00
 0.12809181285352E+00
 0.12831515406900E+00
 0.12849766275974E+00
 0.12864093622237E+00
 0.12874697178013E+00
 0.12881815603361E+00
 0.12885689787929E+00
 0.12886588864306E+00
 0.12884783104002E+00
 0.12880547540961E+00
 0.12874157704949E+00
 0.12865894418281E+00
 0.12856012975765E+00
 0.12844772728476E+00
 0.12832415982099E+00
 0.12819159737394E+00
 0.12805211972557E+00
 0.12790766631856E+00
 0.12775986459765E+00
 0.12761033296904E+00
 0.12746034971686E+00
 0.12731109725932E+00
 0.12716358724263E+00
 0.12701868538377E+00
 0.12687716008769E+00
 0.12673957719581E+00
 0.12660636861722E+00
 0.12647800736494E+00
 0.12635471900147E+00
 0.12623670500657E+00
 0.12612409536404E+00
 0.12601696244915E+00
 0.12591532762736E+00
 0.12581915336071E+00
 0.12572843064262E+00
 0.12564296441452E+00
 0.12556273551215E+00
 0.12548750145281E+00
 0.12541722121918E+00
 0.12535162291565E+00
 0.12529057666291E+00
 0.12523387175703E+00
 0.12518135774806E+00
 0.12513282128600E+00
 0.12508811307979E+00
 0.12504698871961E+00
 0.12500931709687E+00
 0.12497488256658E+00
 0.12494354706996E+00
 0.12491510199382E+00
 0.12488947011651E+00
 0.12486638873469E+00
 0.12484576196238E+00
 0.12482743037992E+00
 0.12481125504873E+00
 0.12479710851836E+00
 0.12478487039020E+00
 0.12477441717405E+00
 0.12476560726605E+00
 0.12475839273570E+00
 0.12475263401984E+00
 0.12474819876532E+00
 0.12474505812411E+00
 0.12474306616499E+00
 0.12474220087430E+00
 0.12474235807910E+00
 0.12474342406132E+00
 0.12474541303916E+00
 0.12474817865412E+00
 0.12475167224262E+00
 0.12475587021595E+00
 0.12476072704655E+00
 0.12476612484906E+00
 0.12477209117531E+00
 0.12477851598036E+00
 0.12478537776132E+00
 0.12479271384367E+00
 0.12480031408109E+00
 0.12480832860879E+00
 0.12481658800934E+00
 0.12482514183571E+00
 0.12483394147690E+00
 0.12484290532193E+00
 0.12485212111647E+00
 0.12486142748677E+00
 0.12487090218036E+00
 0.12488054704432E+00
 0.12489022038292E+00
 0.12489994812119E+00
 0.12490984016633E+00
 0.12491969815442E+00
 0.12492958236106E+00
 0.12493949708486E+00
 0.12494948078954E+00
 0.12495941304529E+00
 0.12496925849431E+00
 0.12497909802997E+00
 0.12498900619980E+00
 0.12499878009430E+00
