-0.93864423502421E-11
-0.37545769400843E-10
-0.84477981608507E-10
-0.15020154439029E-09
-0.21382529242576E-09
-0.31476133406475E-09
-0.29307228854760E-09
 0.93789441078243E-10
 0.43191395505593E-08
 0.18397346609938E-07
 0.56243303092729E-07
 0.14097130447052E-06
 0.30156300874315E-06
 0.40773481907983E-05
-0.31827094010370E-05
 0.45514082593169E-05
 0.73505788613224E-05
-0.14913285421839E-05
 0.31885463627308E-05
 0.49540084706866E-05
 0.78405531236110E-05
 0.94229183892500E-05
 0.12937812715584E-04
 0.15850970607272E-04
 0.19064369046658E-04
 0.22235338129820E-04
 0.34724454480778E-04
 0.16479140769071E-04
 0.29846541577006E-04
 0.55376395348808E-04
 0.49662870659769E-04
 0.38179896274438E-04
-0.11919336374159E-04
 0.94591687434127E-04
 0.32035909803705E-04
 0.17518998022702E-04
 0.14631478498464E-03
 0.26282187866955E-03
 0.11349020566517E-03
-0.13160305159087E-03
 0.88457178594134E-04
 0.29290396538018E-03
-0.10857800207115E-03
-0.62539503726716E-04
 0.18212412225625E-03
 0.49184141841902E-03
 0.37954008754731E-03
 0.22731782535094E-03
 0.43491440088048E-04
-0.20909556331049E-03
-0.14005118585213E-03
 0.30015073574227E-04
 0.18630131434711E-03
 0.44748048805756E-03
 0.77120866905466E-03
 0.63961605118095E-03
-0.58214497078675E-04
-0.25814330194963E-03
-0.49964659897404E-06
 0.45308600193333E-03
 0.43471949768220E-03
 0.46036531589672E-03
 0.57477038257663E-03
 0.50630343496503E-04
-0.18662461601125E-03
 0.22186109751060E-03
 0.57848358493168E-03
 0.10815449628609E-02
 0.11413877092160E-02
 0.83445404828819E-03
 0.58745668137562E-03
-0.71597891555142E-04
-0.37770670856239E-03
-0.28251833680232E-03
 0.65598674894413E-03
 0.17966223104494E-02
 0.99584012913487E-03
 0.22398145853022E-02
 0.16751997742292E-02
 0.80558917106829E-03
 0.40944004289564E-03
-0.36483740461434E-02
-0.28602183463522E-02
 0.21629631256704E-02
 0.86289942964827E-02
 0.85000638497055E-02
 0.35088542643517E-02
-0.36629783700468E-02
-0.11244548377046E-01
-0.96244437803410E-02
-0.54037896658940E-02
 0.16997470318834E-02
 0.15233992118087E-01
 0.10233676934559E-01
 0.48681569260873E-02
 0.20890279539090E-03
-0.63186085676564E-03
 0.84485718828114E-02
 0.80762741826640E-02
-0.44332662530073E-02
-0.12350978628449E-01
-0.92040045117547E-02
-0.70557425909752E-02
-0.44618849308866E-02
 0.31728639337043E-01
 0.15607055574733E-01
-0.93613106336868E-02
-0.69297208077669E-04
 0.64883695327330E-02
 0.11172641683434E-01
-0.28591962033621E-02
 0.96087138887194E-02
-0.23315426553582E-03
 0.84280932222474E-02
 0.47222158277308E-02
 0.17397678288036E-01
-0.10439408534605E-02
 0.81550690261236E-02
 0.11005774243850E-01
 0.26034756172676E-02
 0.12346273249209E-01
 0.45277726952479E-02
 0.84794041658604E-02
 0.12219086339633E-01
 0.14828416396573E-01
 0.14325697416320E-01
 0.14363164117430E-01
 0.11880536318702E-01
 0.10146920502695E-01
 0.12444656153981E-01
 0.12386758689107E-01
 0.11238969549150E-01
 0.14305570627372E-01
 0.17364144631461E-01
 0.13857339466076E-01
 0.15680440667132E-01
 0.16901908893483E-01
 0.13486780114370E-01
 0.11302501112513E-01
 0.13126880932321E-01
 0.14669390024702E-01
 0.13005874419141E-01
 0.15700652759440E-01
 0.16328532357226E-01
 0.42368128047047E-02
 0.15478906446298E-01
 0.39287221954425E-02
 0.13659193310391E-02
 0.95977919658522E-02
 0.62243127135649E-02
-0.31104028965548E-02
 0.12915897785783E-01
 0.14504174303256E-01
 0.96977446140879E-02
 0.32604683677374E-02
-0.14442644633404E-02
-0.31049718435565E-02
 0.11184832688432E-01
 0.12134606859705E-01
 0.25404551555586E-02
 0.28271684968884E-02
 0.13115058027497E-01
 0.28240349993610E-01
 0.10787003152285E-01
 0.46899228556298E-01
 0.10287291657253E-01
 0.15002953488002E-01
 0.22228175269653E-01
-0.55021734437814E-02
-0.12349065767723E-01
 0.42402024039222E-01
 0.48507068940283E-02
-0.15281362481210E-02
 0.52101023905189E-01
-0.42598767345685E-01
-0.27701379709432E-01
 0.66286719033764E-01
-0.40291254193850E-01
-0.82647036124048E-04
-0.38548809204663E-01
 0.11409834366672E-01
-0.92960518134157E-01
-0.61402567996120E-01
-0.71328748953452E-01
-0.58480413839248E-01
-0.69226858830491E-01
-0.12312403773434E+00
-0.16032585536197E+00
-0.19381410753051E+00
-0.17202428172905E+00
-0.18116085997128E+00
-0.18354968490757E+00
-0.16166122347314E+00
-0.17810050658469E+00
-0.22323467098885E+00
-0.17734321451087E+00
-0.12384996855658E+00
-0.10385660298973E+00
-0.97119511112832E-01
-0.88274914954541E-01
-0.47316573173598E-01
-0.22566583656640E-01
-0.85613579114915E-01
-0.39046469768294E-01
 0.32724512635980E-01
 0.45839064684020E-01
 0.97552285921320E-01
 0.12616918919915E+00
 0.15627614117746E+00
 0.18895355812777E+00
 0.20162429676590E+00
 0.18647622795372E+00
 0.19951469257861E+00
 0.16427568314912E+00
 0.14358476643462E+00
 0.15585058801470E+00
 0.14310882399769E+00
 0.10547705561862E+00
 0.11467242823199E+00
 0.84581604742312E-01
 0.99100868274986E-01
 0.86235246233608E-01
 0.89613571261490E-01
 0.87663999026549E-01
 0.44896894449929E-01
 0.54829559014330E-01
 0.98001058956492E-01
 0.49005462630239E-01
 0.51245841764317E-01
 0.58756246544342E-01
 0.57422964642469E-01
 0.49695929397349E-01
 0.39442853857946E-01
 0.22319558506205E-01
-0.10073258264569E-02
 0.35699696327201E-01
 0.64833158398428E-02
 0.42374495104102E-01
 0.12826628682340E-01
 0.48634137658061E-01
 0.73953894709781E-01
 0.49830263641176E-01
 0.31216841425916E-01
 0.19889306025547E-01
 0.12359513764361E-02
 0.95534007499841E-02
-0.14734856377380E-01
-0.19613345953232E-01
-0.51355197272963E-01
-0.59560278721790E-01
-0.88113689122908E-01
-0.52478727950868E-01
-0.54720435018676E-01
-0.57703806912470E-01
-0.55311110782306E-01
-0.56085312853480E-01
-0.65566901407811E-01
-0.58521007957175E-01
-0.38574299617501E-01
-0.79153228894289E-01
-0.60086648959239E-01
-0.14515080645068E-01
-0.15918802146418E-01
 0.13788286476310E-01
 0.19465728255678E-01
 0.55112876775912E-01
 0.97183860733541E-01
 0.93482119312463E-01
 0.16595358158946E+00
 0.20293485888554E+00
 0.20418720343535E+00
 0.22721554295113E+00
 0.29054756645391E+00
 0.29637489676512E+00
 0.36847923785026E+00
 0.38074286080314E+00
 0.36200283270026E+00
 0.49975212790843E+00
 0.44488169820876E+00
 0.53505578791051E+00
 0.52214579793550E+00
 0.56461758488945E+00
 0.63362915044148E+00
 0.63336018511977E+00
 0.70753097725032E+00
 0.68755878542621E+00
 0.73135751119819E+00
 0.86080556973852E+00
 0.87649941758713E+00
 0.85044749836100E+00
 0.99537785601807E+00
 0.98182025019801E+00
 0.10195969624715E+01
 0.10375157624164E+01
 0.11882152932239E+01
 0.12909857721858E+01
 0.12307645480357E+01
 0.12361650475606E+01
 0.14602478966654E+01
 0.15133597772922E+01
