-0.97967442179197E+10
-0.61229651361998E+09
-0.12094745948049E+09
-0.38268532101249E+08
-0.15674790748671E+08
-0.75592162175306E+07
-0.40802766421989E+07
-0.23917832563274E+07
-0.14931785121012E+07
-0.97967442177796E+06
-0.66913081191883E+06
-0.47245101349159E+06
-0.34301124651044E+06
-0.25501728971650E+06
-0.19351593444033E+06
-0.14948645234986E+06
-0.11729677650097E+06
-0.93323654464382E+05
-0.75173945577915E+05
-0.61229646709722E+05
-0.50373779709736E+05
-0.41820668218652E+05
-0.35008242652148E+05
-0.29528177231159E+05
-0.25079652051187E+05
-0.21438187614426E+05
-0.18434285041555E+05
-0.15938560696656E+05
-0.13851253463051E+05
-0.12094721113829E+05
-0.10608008893401E+05
-0.93428735259478E+04
-0.82608419302753E+04
-0.73310139167652E+04
-0.65284055240590E+04
-0.58326891508930E+04
-0.52272276395743E+04
-0.46983280434495E+04
-0.42346609392204E+04
-0.38268054665588E+04
-0.34668905628455E+04
-0.31483103160184E+04
-0.28654968055940E+04
-0.26137378160517E+04
-0.23890297863632E+04
-0.21879585876355E+04
-0.20076023986024E+04
-0.18454522203484E+04
-0.16993465414611E+04
-0.15674174091314E+04
-0.14480457360869E+04
-0.13398241187963E+04
-0.12415257901605E+04
-0.11520786024485E+04
-0.10705431510159E+04
-0.99609431932606E+03
-0.92800566093760E+03
-0.86563614207211E+03
-0.80841885488821E+03
-0.75585138129401E+03
-0.70748754340183E+03
-0.66293032242580E+03
-0.62182576498255E+03
-0.58385772617735E+03
-0.54874332370263E+03
-0.51622899769356E+03
-0.48608708797218E+03
-0.45811285427102E+03
-0.43212187664868E+03
-0.40794778295156E+03
-0.38544025822554E+03
-0.36446329776640E+03
-0.34489367109862E+03
-0.32661956896596E+03
-0.30953940943173E+03
-0.29356078256115E+03
-0.27859951603714E+03
-0.26457884651751E+03
-0.25142868359398E+03
-0.23908495499611E+03
-0.22748902319994E+03
-0.21658716490485E+03
-0.20633010590865E+03
-0.19667260492981E+03
-0.18757308075706E+03
-0.17899327765291E+03
-0.17089796486679E+03
-0.16325466628500E+03
-0.15603341698303E+03
-0.14920654373605E+03
-0.14274846683374E+03
-0.13663552098866E+03
-0.13084579333323E+03
-0.12535897661344E+03
-0.12015623610257E+03
-0.11522008881831E+03
-0.11053429372390E+03
-0.10608375189983E+03
-0.10185441564168E+03
-0.97833205601031E+02
-0.94007935216619E+02
-0.90367241707959E+02
-0.86900523018225E+02
-0.83597880123062E+02
-0.80450064226857E+02
-0.77448428354078E+02
-0.74584882999790E+02
-0.71851855369938E+02
-0.69242251987469E+02
-0.66749424281174E+02
-0.64367136951777E+02
-0.62089538830093E+02
-0.59911136029929E+02
-0.57826767195272E+02
-0.55831580655828E+02
-0.53921013331018E+02
-0.52090771236825E+02
-0.50336811463644E+02
-0.48655325495211E+02
-0.47042723765119E+02
-0.45495621347722E+02
-0.44010824692578E+02
-0.42585319316420E+02
-0.41216258381208E+02
-0.39900952085459E+02
-0.38636857802574E+02
-0.37421570914202E+02
-0.36252816281877E+02
-0.35128440311449E+02
-0.34046403562566E+02
-0.33004773862992E+02
-0.32001719897136E+02
-0.31035505219978E+02
-0.30104482687071E+02
-0.29207089249196E+02
-0.28341841100586E+02
-0.27507329152841E+02
-0.26702214802827E+02
-0.25925225992161E+02
-0.25175153521237E+02
-0.24450847601176E+02
-0.23751214639476E+02
-0.23075214221936E+02
-0.22421856309645E+02
-0.21790198574690E+02
-0.21179343935603E+02
-0.20588438221918E+02
-0.20016667971370E+02
-0.19463258372199E+02
-0.18927471297750E+02
-0.18408603451149E+02
-0.17905984615624E+02
-0.17418975988404E+02
-0.16946968584956E+02
-0.16489381738577E+02
-0.16045661675711E+02
-0.15615280130490E+02
-0.15197733063866E+02
-0.14792539418478E+02
-0.14399239949581E+02
-0.14017396109430E+02
-0.13646588985129E+02
-0.13286418298444E+02
-0.12936501448990E+02
-0.12596472614531E+02
-0.12265981891607E+02
-0.11944694491526E+02
-0.11632289966501E+02
-0.11328461488965E+02
-0.11032915161903E+02
-0.10745369371153E+02
-0.10465554169514E+02
-0.10193210695888E+02
-0.99280906274022E+01
-0.96699556574682E+01
-0.94185770085653E+01
-0.91737349668515E+01
-0.89352184456719E+01
-0.87028245718671E+01
-0.84763582984321E+01
-0.82556320345056E+01
-0.80404653000985E+01
-0.78306843979061E+01
-0.76261221060194E+01
-0.74266173851447E+01
-0.72320151039840E+01
-0.70421657792396E+01
-0.68569253303067E+01
-0.66761548463836E+01
-0.64997203664670E+01
-0.63274926721483E+01
-0.61593470884398E+01
-0.59951632979077E+01
-0.58348251622222E+01
-0.56782205526691E+01
-0.55252411901114E+01
-0.53757824916566E+01
-0.52297434249711E+01
-0.50870263688267E+01
-0.49475369818171E+01
-0.48111840745919E+01
-0.46778794889742E+01
-0.45475379835843E+01
-0.44200771232098E+01
-0.42954171721302E+01
-0.41734809941295E+01
-0.40541939554600E+01
-0.39374838315585E+01
-0.38232807195999E+01
-0.37115169523451E+01
-0.36021270161066E+01
-0.34950474740783E+01
-0.33902168903222E+01
-0.32875757569615E+01
-0.31870664269942E+01
-0.30886330461859E+01
-0.29922214903640E+01
-0.28977793038533E+01
-0.28052556405594E+01
-0.27146012081255E+01
-0.26257682132269E+01
-0.25387103091878E+01
-0.24533825466606E+01
-0.23697413246527E+01
-0.22877443448147E+01
-0.22073505666341E+01
-0.21285201641015E+01
-0.20512144859592E+01
-0.19753960139172E+01
-0.19010283268295E+01
-0.18280760621393E+01
-0.17565048811957E+01
-0.16862814356544E+01
-0.16173733341038E+01
-0.15497491107059E+01
-0.14833781950024E+01
-0.14182308824470E+01
-0.13542783061616E+01
-0.12914924100325E+01
-0.12298459222896E+01
-0.11693123306351E+01
-0.11098658573721E+01
-0.10514814367235E+01
-0.99413469105354E+00
-0.93780191049609E+00
-0.88246003112264E+00
-0.82808661447718E+00
-0.77465982851471E+00
-0.72215842872697E+00
-0.67056173969665E+00
-0.61984963737464E+00
-0.57000253252917E+00
-0.52100135414902E+00
-0.47282753360676E+00
-0.42546298954877E+00
-0.37889011289041E+00
-0.33309175288302E+00
-0.28805120314448E+00
-0.24375218841264E+00
-0.20017885177569E+00
-0.15731574222484E+00
-0.11514780261449E+00
-0.73660358054908E-01
-0.32839104883579E-01
 0.73299005853280E-02
 0.46860252017951E-01
 0.85765203445842E-01
 0.12405767934490E+00
 0.16175028349949E+00
 0.19885530854621E+00
 0.23538474521553E+00
 0.27135029017697E+00
 0.30676335477222E+00
 0.34163507290452E+00
 0.37597630944858E+00
 0.40979766668361E+00
 0.44310949233965E+00
 0.47592188683800E+00
 0.50824470952524E+00
 0.54008758598345E+00
 0.57145991351481E+00
 0.60237086845166E+00
 0.63282941168848E+00
 0.66284429452788E+00
 0.69242406397430E+00
 0.72157706910095E+00
 0.75031146578025E+00
 0.77863522201758E+00
 0.80655612280237E+00
 0.83408177549724E+00
 0.86121961341842E+00
 0.88797690178900E+00
 0.91436074120445E+00
 0.94037807241866E+00
 0.96603568065476E+00
 0.99134019843525E+00
 0.10162981112722E+01
 0.10409157606770E+01
 0.10651993468444E+01
 0.10891549349501E+01
