-0.50964848860139E-09
-0.20385939543976E-08
-0.45868363973694E-08
-0.81543951027317E-08
-0.12781106578806E-07
-0.20787067564100E-07
-0.29238992654147E-07
-0.32633588698643E-07
-0.37116444080408E-07
-0.77923061818964E-07
-0.66422927877866E-07
-0.82316279358808E-07
-0.12584465576108E-06
-0.85120249468434E-07
-0.10022544294123E-06
-0.97757275453675E-07
-0.12983655838995E-06
-0.15833571209204E-06
-0.20231095353533E-06
-0.22652023728588E-06
-0.19252221595627E-06
-0.18773787633193E-06
-0.51216915426686E-07
 0.52614364367842E-07
 0.17538971585932E-06
 0.70900704738515E-06
 0.23548756562148E-03
 0.15196958603240E-03
 0.26724590301534E-04
 0.56072818816067E-05
 0.85190310274582E-05
 0.12279273038656E-04
 0.16940000395302E-04
 0.23373224444296E-04
 0.31763560619236E-04
 0.41933898661255E-04
 0.54605455951332E-04
 0.70251126423044E-04
 0.89285955826519E-04
 0.11175428817731E-03
 0.13859159269571E-03
 0.16983580413346E-03
 0.20622991056103E-03
 0.24835653136242E-03
 0.29656904019463E-03
 0.35120685985165E-03
 0.41305488968604E-03
 0.48256523981828E-03
 0.56027811322457E-03
 0.64659787018403E-03
 0.74236874154011E-03
 0.84829117026513E-03
 0.96369878877671E-03
 0.10909809193881E-02
 0.12299733110910E-02
 0.13315426285000E-02
 0.12879867752600E-02
 0.17937290669390E-02
 0.20972770028389E-02
 0.21204871470768E-02
 0.23427406794215E-02
 0.25812566428265E-02
 0.28377737898713E-02
 0.31110299438373E-02
 0.34040514917553E-02
 0.37162774404882E-02
 0.40495501532752E-02
 0.24838918791453E-02
 0.47801846044677E-02
 0.51411232143633E-02
 0.54421632756396E-02
 0.62475556358949E-02
 0.21043650651791E-02
 0.15344712207840E-01
 0.57326262326936E-02
 0.13406209138926E-01
 0.12203210955677E-01
-0.18235248284440E-02
 0.90469750515819E-02
 0.25427303026031E-01
-0.12107363176562E-01
-0.14668155581118E-03
 0.71021442162884E+00
-0.42736565417594E+00
 0.24907396333664E-01
 0.70211528733918E-01
-0.10761940924909E+00
 0.12891648594030E+00
-0.42301906296578E-03
-0.57236515855063E+00
 0.55209704134658E+00
 0.20165277688118E-01
 0.26256361709887E+00
 0.19284476074392E+00
-0.17684074376735E+00
 0.19017163033787E-01
-0.10931126586801E+00
 0.14167209751010E-01
-0.92358147291768E-01
 0.31996388270572E-01
 0.18878726862195E+00
-0.62092487242133E-01
 0.16881708683003E+00
 0.87821054246177E-03
 0.21074165672493E+00
 0.17410788622835E+00
 0.51242050074054E-01
 0.74453814810333E-01
-0.18289361798135E+00
 0.83351044114608E-01
 0.10094627012143E+00
-0.12293677499925E+00
 0.14589681954107E+00
-0.25111571697995E+00
-0.20176427354623E+00
-0.12806534281374E+00
 0.50218838713254E+00
 0.15588362430223E+00
 0.70179415522715E-01
-0.57991874749861E+00
-0.23923311759143E+00
 0.56010276538872E+00
 0.87850627485629E+00
 0.44612710181853E+00
-0.42757319901259E+00
-0.53957819013480E+00
-0.96708589632917E-01
 0.19213735116119E+00
 0.74352433234387E+00
 0.51340589810894E+00
 0.15129735882897E+00
 0.70527855703770E+00
 0.51513171284139E+00
 0.16558242067388E+01
 0.15441944167347E+01
 0.22265230559638E+00
 0.18377499177632E+01
 0.10633899491966E+00
 0.91741341458324E-01
-0.17631185253545E-01
 0.32025121409043E+00
 0.92251805662721E+00
-0.49365809186438E+00
-0.78547180578568E+00
 0.66066634623413E+00
-0.20912668709705E+01
 0.30533804093349E+01
 0.15268831284248E+01
-0.26047396431476E+00
 0.16667908284162E+01
 0.43121941179437E+01
-0.37571828915704E+01
-0.20346208367465E+00
 0.84189104626146E+00
-0.26697790433076E+01
 0.35327230796495E+01
-0.41063381032435E+01
 0.12651870293870E+01
-0.52527445448794E+00
-0.14747135664095E+01
 0.45837186524692E-01
-0.69162766263777E+00
-0.73276745328109E+00
-0.90310717106085E+00
 0.10867463846898E+00
-0.10867651311290E+00
-0.11483687875350E+01
-0.10985631160162E+01
-0.14961982605188E+01
-0.31259416387079E+00
-0.13179639288629E+01
-0.42005743739056E+00
-0.21343177508569E+00
 0.54571839240272E+00
-0.27897260737633E+00
 0.34566141855423E+00
-0.11287642025713E+01
 0.66725177534033E+00
-0.14758007497881E+01
 0.52538564382662E+00
-0.62222148283370E+00
 0.22095695511171E-01
 0.31589950119518E+00
-0.81070886711665E+00
-0.20022633816378E+01
-0.83747538113471E+00
-0.15407098537435E+00
 0.13315722209478E+00
 0.29922495193473E+01
 0.14072149861679E+01
 0.68260126948246E+00
-0.31852741000588E+00
-0.19556557938156E+01
-0.41405246245514E+00
 0.18060032330317E+01
 0.58165054697845E-01
-0.22634249381690E+01
 0.35627322456740E+01
 0.24036021622977E+01
-0.33176479803578E+01
 0.21585872340830E+01
 0.32608798830312E+01
-0.12752699910912E+01
 0.21370220050110E+00
 0.40732945669356E+00
-0.25893136589538E+01
 0.38053313574900E+01
-0.11790546957772E+01
-0.46739581485837E+01
 0.19823371035011E+01
-0.26315612763427E+01
 0.18517309134346E+01
 0.55874652003994E+00
-0.11052485602347E+01
 0.35127391076199E+01
-0.17455491553215E+01
 0.27823913967830E+01
-0.26430842427091E+01
-0.22629096232122E+01
 0.24150999405435E+01
-0.16928334411940E+01
-0.35992721617092E+00
 0.57841788477937E+01
-0.77837466787330E+01
 0.34254800884477E+01
 0.24146821334664E+01
-0.25759217435129E+01
 0.18826635197365E+01
-0.76100120912349E+01
 0.33701130684862E+01
-0.85246030575723E-01
-0.38291707039949E+01
 0.40491410803818E+00
-0.11164827169813E+01
 0.18163884510631E+00
-0.11184002051006E+01
 0.11530204178367E+01
 0.51654081651615E+01
 0.26753346844580E+01
-0.32430543898538E+01
 0.44370944473264E+01
-0.43619325385844E+01
 0.23505366114689E+01
-0.42561496107178E+00
 0.34482469176717E+01
-0.35655334557163E+01
 0.24024986082658E+01
 0.46601994672273E+01
-0.53856665393344E+01
 0.15371666241726E+01
 0.27291141312005E+00
-0.19516432695646E+01
 0.62500148893333E+00
-0.41966051692098E+01
 0.18673714239349E+01
 0.84768689604674E+00
-0.19335671272352E+00
 0.39123187446661E+01
 0.64945304268699E+00
-0.12981820869842E+01
-0.90881402431882E+00
-0.94117991714331E+00
-0.19473791016484E+01
 0.24697771003432E+01
 0.53219118764126E+00
-0.15859602969813E+00
 0.38469536748643E+01
 0.11422307936479E+01
-0.44331523431837E+01
 0.69525540745697E+01
 0.61317788755938E+01
-0.10384580622482E+02
-0.25527201338090E+01
 0.42094796589703E+01
-0.44953647295375E+01
 0.21182917943029E+01
 0.99527206027523E+01
 0.73588209528642E+01
 0.38551638502038E+01
-0.50655215717042E+01
 0.55277465381997E+01
 0.16996505801855E+02
 0.25502220946292E+01
-0.33435893967355E+00
 0.93662690743320E+01
 0.29625209032018E+01
-0.15993186937519E+01
-0.13002507196821E+02
-0.17859614020367E+01
-0.80094286029503E+01
-0.15517453380318E+02
-0.17718131971829E+02
 0.18844826971998E+01
 0.13622933318899E+02
 0.39224711734455E+01
-0.12243575853915E+02
-0.21742825719060E+00
-0.18551652798049E+02
 0.29607066844406E+02
 0.10212657662440E+02
