   6.46114195192883683103959025933776710      
   6.46114195192883683103959028499496191      
   6.46114195192883683103958992617433151      
   6.46114195192883683101187920072099658      
   6.46114195192883679795801231486720499      
   6.46114195192883248614928835170950190      
   6.46114195192868253357937760403374361      
   6.46114195192647235332788149724916126      
   6.46114195190835429082149931212082931      
   6.46114195181037125471454085967497006      
   6.46114195141941564082523424323397654      
   6.46114195017794440632507319647100674      
   6.46114194687036027861854838044638857      
   6.46114193919204953335254284924043024      
   6.46114192322463637867187879658620095      
   6.46114189284768724384675013836110295      
   6.46114183914039099340101270138555150      
   6.46114174988287915989260518145749020      
   6.46114160898417705281188322534306512      
   6.46114139607674647560006435482337388      
   6.46114108621606311230061102111570395      
   6.46114064968431166875786810886158353      
   6.46114005193407770750155743186838636      
   6.46113925368505865837413089833012760      
   6.46113821112696178951008226809758969      
   6.46113687629769063320121965710642103      
   6.46113519759318322235422021966410313      
   6.46113312040008685681941370784928775      
   6.46113058782565588304564152435979511      
   6.46112754145793808074134228747418271      
   6.46112392226216355616129525108093791      
   6.46111967131535996739312831969607008      
   6.46111473053801586102391766594287228      
   6.46110904333124174796899016791810505      
   6.46110255506763458894966090215648270      
   6.46109521339784134216179094514955125      
   6.46108696849331525442681144758538036      
   6.46107777286388770587711129236604624      
   6.46106758142595114273799981922404394      
   6.46105635091385950710462512840210903      
   6.46104403944288574143975425456585150      
   6.46103060589533058511369739262622867      
   6.46101600919488665169737799602166656      
   6.46100020752127787092409095098775222      
   6.46098315744817817177132631620269600      
   6.46096481309911761521087555618060334      
   6.46094512530889869630569761854653023      
   6.46092404087049172811935350459760248      
   6.46090150159019352774165900665735634      
   6.46087744364245671223565401789024398      
   6.46085179690183602129784290106650061      
   6.46082448435906167693231534920070429      
   6.46079542160433182906861591064421959      
   6.46076451639873286772612043993977833      
   6.46073166836427331287177131570957630      
   6.46069676871781123754870739514763427      
   6.46065970011374018263184042625114956      
   6.46062033645092204406956666691227816      
   6.46057854287596171614081913758414506      
   6.46053417578532785283620410390676646      
   6.46048708294335080590807704631004464      
   6.46043710348170598343498245291919681      
   6.46038406824005636832474551168735467      
   6.46032779976690969941017381678762844      
   6.46026811257383211328373746927818963      
   6.46020481330374862095010114916551022      
   6.46013770107932228758272074300850102      
   6.46006656762076165748410762670814596      
   6.45999119740431074767835453892213182      
   6.45991136800802550826104545356287108      
   6.45982685018252374211093076296382885      
   6.45973740800318268552735428995580845      
   6.45964279902790297823000322571250469      
   6.45954277439713627779816661773132271      
   6.45943707884027912057700197973464485      
   6.45932545067492738285557729058654999      
   6.45920762183099407045771827576510520      
   6.45908331783592625150089829280808074      
   6.45895225751907599301518572539637441      
   6.45881415289789339835524603835630315      
   6.45866870891702681280490316622365088      
   6.45851562317201686905269419328119571      
   6.45835458554927934510770057778131374      
   6.45818527779034774557523924984627330      
   6.45800737280932752733553757610369916      
   6.45782053477516564835410007471022449      
   6.45762441767291685887275296489138687      
   6.45741866510034186335491542230484362      
   6.45720290962744406241803476864985753      
   6.45697677122077141517569418466611745      
   6.45673985740037829480056088745513874      
   6.45649176184588046213096354034175892      
   6.45623206116061644582198549730733898      
   6.45596031817376797979144671507780068      
   6.45567607771893851064446695040744971      
   6.45537886537837579320416573951282677      
   6.45506818615408184767238385019694609      
   6.45474352333972105891740028194326009      
   6.45440433808181642647861570246168280      
   6.45405006418160079341864730095564860      
   6.45368011048395598395936543584798100      
   6.45329385562061935370651971148056849      
   6.45289064758066216549854973420227696      
   6.45246980071753372465201118368146040      
   6.45203059386185195201207090931232764      
   6.45157226711584983238833376162932225      
   6.45109402039988151843500574702630829      
   6.45059500913588872777848695068136829      
   6.45007434191819417154056337527557270      
   6.44953107738287603036300570379773749      
   6.44896422035158669877452324743443014      
   6.44837271823315708583233690933480456      
   6.44775545729577132427733474393335353      
   6.44711125846306334506345846801105075      
   6.44643887211736503200494144894135848      
   6.44573697456478551147342142348239928      
   6.44500416166852735149568361859789515      
   6.44423894425201134855451120572068853      
   6.44343974149268839733572142054598819      
   6.44260487544285919345671938453195949      
   6.44173256361557852966625254838416320      
   6.44082091186604610070512325289788677      
   6.43986790697352784423206863928876812      
   6.43887140788839038092179608521132610      
   6.43782913681330583713950268605435570      
   6.43673866958219152000193273257664398      
   6.43559742518482542845456214080374592      
   6.43440265445899061462958586431280971      
   6.43315142791597761669570044627135766      
   6.43184062278091605342593967681349996      
   6.43046690820887737778115095924531472      
   6.42902673063780307665995317432891539      
   6.42751629681106775993249619505975040      
   6.42593155581524154720190976124946793      
   6.42426817964565138507637585498960256      
   6.42252154227735158792932699239216727      
   6.42068669678911573677122997124043813      
   6.41875835092338615549246441759921442      
   6.41673084070000054648830883167295193      
   6.41459810183038991621747457074529846      
   6.41235363951929602178201031836110897      
   6.40999049569384568509734160207799913      
   6.40750121462578913342275209898482856      
   6.40487780649433351915702860476658932      
   6.40211170947740900079670241366194521      
   6.39919375055544119961468597339081470      
   6.39611410590988690745434987234396512      
   6.39286226201349864884217638793672634      
   6.38942697684771710584793775612707953      
   6.38579624736892628169760659725060923      
   6.38195727923800197556315583369534303      
   6.37789646611731883562822493117947274      
   6.37359937863949641570792994931062401      
   6.36905076767317064067187423501751904      
   6.36423458327703955625258166411185081      
   6.35913401312228115106887519906691974      
   6.35373154136384633273707717191934237      
   6.34800902885785135250583325834624780      
   6.34194781278205903553899460453130988      
   6.33552882465269392099118103935531489      
   6.32873271841167286771660565373993224      
   6.32154000640042452510149670982581032      
   6.31393119356991900266281864340503884      
   6.30588690423335898580102043465723326      
   6.29738799505480998565422828733956226      
   6.28841565009854294414163003657856630      
   6.27895145681320081481016835522561896      
   6.26897745635166927127583959853159132      
   6.25847617661132702840426162197436168      
   6.24743064687307662785423634707497055      
   6.23582439475559529771915105729735502      
   6.22364143095293008923689043631203464      
   6.21086622679319040099681734348100472      
   6.19748368325718968791156219683200780      
   6.18347909848083751600750290468716926      
   6.16883813020258700001217791657712377      
   6.15354676397898269488811968526880488      
   6.13759127695487563152517271719112150      
   6.12095820653716689596703564459780090      
   6.10363432066045486145329904556453651      
   6.08560659203376809682400181858811596      
   6.06686217371324970040712188253094003      
   6.04738837817691339622345416459181571      
   6.02717265861034501978355059543485133      
   6.00620259408827069362184552772443731      
   5.98446587454874346825077792108480158      
   5.96195029047798508487009167804503485      
   5.93864372205725560296386600011426073      
   5.91453413092552241936996740370445336      
   5.88960955322715098451621221191955899      
   5.86385809366846959300718249607992391      
   5.83726791986122620758627092319150854      
   5.80982725743890022838834386290675862      
   5.78152438655056978158225980719547628      
   5.75234763694792454438878961720893569      
   5.72228538393488038089366780531101394      
   5.69132604524766529287437844193280723      
   5.65945807547366921802839795547887500      
   5.62666996282952766480561041008232312      
   5.59295022368253692476060155864083539      
   5.55828739710231367661850297308364481      
   5.52267004010310611458137175994981267      
   5.48608672218062581978450269946016024      
   5.44852601778480932561059963841851018      
   5.40997650117002590374412738931977970      
   5.37042673944687108195899771537805122      
   5.32986528597208332949407439956947822      
   5.28828067430442648364346572775000534      
   5.24566141034120042632428420131905096      
   5.20199596720352047727714605658550919      
   5.15727277836839223611091086647063734      
   5.11148023158444716194051821923355318      
   5.06460666386788866226948367678763628      
   5.01664035550767113832162082431620913      
   4.96756952595268667406585238719186390      
   4.91738232841314595033393466872779973      
   4.86606684672120313081801448504424510      
   4.81361109148490575186201059265896813      
   4.76000299660212475371909775448192267      
   4.70523041738310329948510254455430146      
   4.64928112737522717855570134092804179      
   4.59214281681872097417969435612384426      
   4.53380309112277704508011610070258175      
   4.47424946898603513772935350800069628      
   4.41346938281416114171779304833926230      
   4.35145017615373527638724659806649056      
   4.28817910419111146168879290506069863      
   4.22364333366389494519141195319666635      
   4.15782994203984361415866459463511835      
   4.09072591790805582044596887168935078      
   4.02231816129914533314354722360420793      
   3.95259348309384196492444867722346956      
   3.88153860671358640896861429063959899      
   3.80914016729704508077279482580176832      
   3.73538471271907614114150464288369914      
   3.66025870391616628619836534569125914      
   3.58374851575479365784540958446113918      
   3.50584043691429459197531131781194425      
   3.42652067127700512678038827350873381      
   3.34577533794351315517639629271903508      
   3.26359047196541634038632549592257056      
   3.17995202483651677447205928528733360      
   3.09484586525251149478036805827718762      
   3.00825777954875586632792435149036068      
   2.92017347219125742354852122452094069      
   2.83057856635509154153255908410051696      
   2.73945860445531388902325037127013951      
   2.64679904854292407573567615294717767      
   2.55258528096325353802728478323370741      
   2.45680260455873195635883278348567249      
   2.35943624324665215381022734276191272      
   2.26047134242464730045262362727978523      
   2.15989296931311614084905244888376292      
   2.05768611351064485117297095703743063      
   1.95383568679473427302816016668476508      
   1.84832652429028432863235807550627068      
   1.74114338411153898484215885854819092      
   1.63227094800670616643837483259608151      
   1.52169382142623505328449418474192359      
   1.40939653401491460070031886930265206      
   1.29536353970374713199584902227215708      
   1.17957921690775815680034173980600284      
   1.06202786896243235238514464155801114      
  0.942693724518275265660951463311453741      
  0.821560936675385646919862832691683405      
  0.698613584764590179155951885851727863      
  0.573835673303179720098427541852402979      
  0.447211132612573121630063664665317987      
  0.318723819041326267605291580595701890      
  0.188357514859322233262375918744759206      
   5.60959286628724641679252231094482905E-0002
  -7.80773044582055913838937578242364983E-0002
 -0.214178623041715764218665677501070496      
 -0.352224538989547628494466663407782151      
 -0.492231637514961855857328030839441448      
 -0.634216576770679164163036160863273442      
 -0.778196088489518739169334441120230626      
 -0.924186976663560750757106469355120034      
  -1.07220611845777484618275630045143301      
  -1.22227046383664232957009657520157183      
  -1.37439703529257478438131051101558196      
  -1.52860292826148383519800070474124757      
  -1.68490531046773221157099686384029672      
  -1.84332142168959964834857591616465542      
  -2.00386857451732929696885031304855501      
  -2.16656415367874049171446136510713910      
  -2.33142561617134029503750412451884834      
  -2.49847049159678828803830517809022728      
  -2.66771638056700738274335416373465404      
  -2.83918095664123844802181709888428200      
  -3.01288196499279257820268743677074250      
  -3.18883722260716771976062212689364171      
  -3.36706461882219985300353060831941059      
  -3.54758211459101742906534686735294856      
  -3.73040774191406943702049225489456282      
  -3.91555960516783657952774530663092162      
  -4.10305588036201639891448239556343150      
  -4.29291481537400429971355528068934281      
  -4.48515472844606585005912523723727507      
  -4.67979401043375304191516039608141769      
