   6.46114195192883683103959025933776710      
   6.46114195192883683103959028499496191      
   6.46114195192883683103959051620388942      
   6.46114195192883683103901759401758449      
   6.46114195192883682955362663706380396      
   6.46114195192883650370079585031385823      
   6.46114195192882001189018930379869765      
   6.46114195192849681356327552846275832      
   6.46114195192518312682555685852744066      
   6.46114195190372897003603086722971113      
   6.46114195180451376535712875345484826      
   6.46114195144823793128562218658950677      
   6.46114195039514693741086445951596280      
   6.46114194772351119620640223172852557      
   6.46114194172489555870453160026358341      
   6.46114192952714139423954147375848988      
   6.46114190666617721850529586607474356      
   6.46114186663316166641719046124236825      
   6.46114180042444455869395413055272422      
   6.46114169610799315589830394225322710      
   6.46114153847810642993918494772745954      
   6.46114130874999127193217549111109207      
   6.46114098432664174167869894770093968      
   6.46114053869537467395334908501983710      
   6.46113994142795105896674207504537390      
   6.46113915829915013574429110882288442      
   6.46113815152595793156851422364602639      
   6.46113688012165646487412224420397838      
   6.46113530035129852254959268027085645      
   6.46113336626746435452263634850540039      
   6.46113103029880570204486832312622967      
   6.46112824385950015782568717477490036      
   6.46112495794585928317457774620142468      
   6.46112112365335821814874452827145422      
   6.46111669274800072533318592304412257      
   6.46111161794478735131279370678680923      
   6.46110585319537699666335093477315895      
   6.46109935381284731998997102424755951      
   6.46109207645846641341824338880564006      
   6.46108397899952062991431401071628946      
   6.46107502024181883268127879541050394      
   6.46106515955066298949469557475579961      
   6.46105435631373536492551978391984672      
   6.46104256953945790932921327611549873      
   6.46102975717747924469456460949028456      
   6.46101587540516441855326701505171532      
   6.46100087800958746485728342744974046      
   6.46098471572443624601571970319289115      
   6.46096733557346108548400506311475057      
   6.46094868025788508996026116044809916      
   6.46092868756194260622323354468447129      
   6.46090728981614150911771500831582887      
   6.46088441338602920735546519659334213      
   6.46085997831706761698291094001435228      
   6.46083389802372193109387944932593307      
   6.46080607884813459890787333242738896      
   6.46077641989868275939492104635105107      
   6.46074481286868925011552325089755650      
   6.46071114192726907254420164247377125      
   6.46067528364271456583654567624528679      
   6.46063710697321410153801107535890576      
   6.46059647325926359893886242579017801      
   6.46055323640314405439079205636761894      
   6.46050724279052374557059058668747117      
   6.46045833147685159985232296868041072      
   6.46040633437360360909701887368148344      
   6.46035107629978691788141969218015081      
   6.46029237515143890176289498182744778      
   6.46023004212363239945310278907369810      
   6.46016388169974887418282437786438102      
   6.46009369203697813981679671230168944      
   6.46001926485211009640811640648869777      
   6.45994038561500221423371100768382037      
   6.45985683362639435406885901920783385      
   6.45976838201542454495452200103282309      
   6.45967479789795709411401542970751243      
   6.45957584226306501052066401704650154      
   6.45947126984162102221884359914099049      
   6.45936082924785074129986196124818737      
   6.45924426264247599718508469703488038      
   6.45912130559235953030661681426493996      
   6.45899168691989696953958043303158324      
   6.45885512834757024742582482356991057      
   6.45871134415836113603714420258257086      
   6.45856004090304597900373084201719767      
   6.45840091697188321255826827188540604      
   6.45823366198665804206003227319631276      
   6.45805795631660281344575118702785339      
   6.45787347043899862113552406537651205      
   6.45767986425145058982091693167092714      
   6.45747678635408473201722960182084053      
   6.45726387314027193421748748031332288      
   6.45704074808183040727845052544637129      
   6.45680702068645674025645255190934378      
   6.45656228538215023948957799028121910      
   6.45630612045865455204819778917166077      
   6.45603808688193712548210355208241396      
   6.45575772698214287165028717930775732      
   6.45546456289574387653347648366667795      
   6.45515809557084307421197248540083624      
   6.45483780272211522219705817882608478      
   6.45450313747738476467969136681913367      
   6.45415352651265321964810154868845728      
   6.45378836766550285576322648204308100      
   6.45340702966457558408710826399848127      
   6.45300884526515596028921933502794168      
   6.45259311567303816250945265273095097      
   6.45215910353142619103281970612672609      
   6.45170603179989327018630985659527047      
   6.45123308052135779159623429139880649      
   6.45073938250934428423715253302572671      
   6.45022402443057616922784715998229399      
   6.44968603818144571544200824912268814      
   6.44912440111726819609563477141314789      
   6.44853803030937386844500006956602125      
   6.44792577968883374701735107721732468      
   6.44728643324582852131675277540220027      
   6.44661870421035214818151232314670742      
   6.44592122646545975543636087877787697      
   6.44519255065425303272394367702483276      
   6.44443113849498000623812828405361904      
   6.44363535669928138909579131215477129      
   6.44280346878397431773329658236564850      
   6.44193363023300382375059806620708623      
   6.44102387898494201079243255801147518      
   6.44007212770364740739794327862123520      
   6.43907615491447287758520396253256306      
   6.43803359480305608047290878797669563      
   6.43694192750522021557535505204787187      
   6.43579846697271300125697030653822530      
   6.43460034922837825977849471301926886      
   6.43334451879603129865253809432955806      
   6.43202771438356842408430518476034828      
   6.43064645330196506266848171068661087      
   6.42919701398950255705264136725629331      
   6.42767541832963885263826193102624381      
   6.42607741111042027609065961916557809      
   6.42439843843084862266475503147936306      
   6.42263362405065886029235029366084182      
   6.42077774388757036387895293717411505      
   6.41882519817176792593987986979495236      
   6.41676998161028506054821647490865821      
   6.41460565077384664870874710150814586      
   6.41232528977879911382777207676222147      
   6.40992147283857120683006600199201651      
   6.40738622517404748175219111225030321      
   6.40471098081089549319419058336696282      
   6.40188653996117793195325415935379351      
   6.39890302429569205840685513063541499      
   6.39574983246070340261349882337883430      
   6.39241559643758607207933804451690166      
   6.38888814123188795326216338266526815      
   6.38515444901523900505781262758260213      
   6.38120063020917777730740801803299797      
   6.37701190894621525780984086653860538      
   6.37257261902218861984963461121918423      
   6.36786622120177625375615648705093560      
   6.36287534103943611272444200507381752      
   6.35758183087487901818460426376986374      
   6.35196685896382622097233403811934855      
   6.34601102046786411742217875882722290      
   6.33969447150797364889840705422953220      
   6.33299707858603851180606708175375166      
   6.32589857485621992200923547057267084      
   6.31837871688679551126088196235932973      
   6.31041743117489970761905742145077135      
   6.30199494473227788937777223905929311      
   6.29309189185896926548708822902309832      
   6.28368939566314310618350434958476471      
   6.27376912312247261766244978152465659      
   6.26331331383264100223632125366763351      
   6.25230478994059184046241321668915521      
   6.24072694319908498781808547886039903      
   6.22856371303593865483984747356836753      
   6.21579954946047686221821655746628940      
   6.20241937714742610218044858120929674      
   6.18840854807452343472100505595455408      
   6.17375279787352040619662840653901088      
   6.15843820792576589641228077045334087      
   6.14245115608163378471258079090641664      
   6.12577828855155420140153248870618148      
   6.10840647736719560783916993246456477      
   6.09032279354084534363185214194508687      
   6.07151448077646285551043177703357776      
   6.05196893048428669067502003557506705      
   6.03167365990446088733911324160052418      
   6.01061629634834353560084407111439429      
   5.98878456055207300769170977744569639      
   5.96616625573907631605493322107469558      
   5.94274925479965551971419684944490719      
   5.91852149233919450958551260336714165      
   5.89347095683981226913607325431524645      
   5.86758568478135751419343937383132361      
   5.84085375453059920930195583468467335      
   5.81326328315770927077265636194514404      
   5.78480242187558205049489254969548179      
   5.75545935325515257134001609568184597      
   5.72522228843185679845334867117302016      
   5.69407946402505838645781662244415176      
   5.66201914016769755424798125589784741      
   5.62902959779002388241035376422700493      
   5.59509913589365502307177391024705984      
   5.56021606899798001391092422286407742      
   5.52436872364932213134443860799041801      
   5.48754543595022580114640305544007002      
   5.44973454692872262819219633824665873      
   5.41092439916738716207619703205007614      
   5.37110333325249084500326994005791745      
   5.33025968114519710564487540272053056      
   5.28838176437956829512146192251024661      
   5.24545788641327155905178375645267714      
   5.20147632975716775662365167907518896      
   5.15642534900676264554865592063154175      
   5.11029316688546512874224987434910664      
   5.06306796907205132126355257019714693      
   5.01473789839485201150937184313115755      
   4.96529105041239894448680385945931036      
   4.91471546890572481285227062282544599      
   4.86299914111505369597794227084335100      
   4.81012999380894643742888570220078843      
   4.75609588886757584945536661914609400      
   4.70088462062416074463415714252279971      
   4.64448391180530891506940963021090689      
   4.58688141132762040716427397372677054      
   4.52806469091949127474498172426637600      
   4.46802124369861038629861212630804184      
   4.40673848166092001085923223531449272      
   4.34420373421097110427666099940717353      
   4.28040424713926754764312975667108013      
   4.21532718094030100528909398712217261      
   4.14895961010017784565016710619430649      
   4.08128852265674140171090118772125368      
   4.01230081959191973804664566950390707      
   3.94198331433982263541717110836100193      
   3.87032273302951275497555907174931800      
   3.79730571399952187137710810846306125      
   3.72291880810183788167233202470471499      
   3.64714847898214021353529074778140028      
   3.56998110315278066200282599850858485      
   3.49140297031168322298023627154151736      
   3.41140028376261555214593245412285809      
   3.32995916111675468241483872817923114      
   3.24706563384916304852766053556963193      
   3.16270564895389855377891341992388151      
   3.07686506856353371810662657792273991      
   2.98952967072251154063557258629910494      
   2.90068514980548587847634157389457286      
   2.81031711737974195637450778157751198      
   2.71841110217350545921110671528575554      
   2.62495255089089904387907699395929611      
   2.52992682863376647292888037422596663      
   2.43331921933601536857859494783043904      
   2.33511492621971745140211016448528235      
   2.23529907229278984134063141251787240      
   2.13385670076822047183022363013220746      
   2.03077277540108948921594658926218414      
   1.92603218093439651950366691816832210      
   1.81961972360296938916737975791594820      
   1.71152013128659812061521594077422914      
   1.60171805386583905206812561672458680      
   1.49019806394031080963901469068107170      
   1.37694465658614326634815619384858633      
   1.26194224992138976505324313266663680      
   1.14517518568428648809333022754866824      
   1.02662772894201588329541737992015074      
  0.906284068748382599859242394010257621      
  0.784128318290398408047234678510761383      
  0.660144514985518823720036310513938445      
  0.534316621253023165508152350196003440      
  0.406628523833032375470047511757589036      
  0.277064034649515411206589966146193323      
  0.145606890882975180316883823537867303      
   1.22407550543782345644809659066767946E-0002
 -0.123050784855585654267436227074074543      
 -0.260284214993581889533717319490548469      
 -0.399476095755871357575377874437502692      
 -0.540643061323987819056486930806047069      
 -0.683801820068487841316383401272231707      
 -0.828969153642645316229585993471225275      
 -0.976161917485091443821489568993168730      
  -1.12539704050119431523532668567959326      
  -1.27669152481255361788701376484064911      
  -1.43006244583312772274047077022213215      
  -1.58552695202607642493444125587464359      
  -1.74310226495359527511824946670889242      
  -1.90280567891808894153724301915379100      
  -2.06465456118720487308394335842452967      
  -2.22866635159200698945014427843731518      
  -2.39485856283677841835270491688547858      
  -2.56324877988057658243020856807241689      
  -2.73385466032173845634170321299717579      
  -2.90669393404577088054102625186871630      
  -3.08178440328724160989121345979645052      
  -3.25914394259579471319531395762864827      
  -3.43879049849160257569483749454168523      
  -3.62074208967084679306099223292919874      
  -3.80501680690906063381789593755515561      
  -3.99163281285415417736478781764759877      
  -4.18060834212678559109855074223401986      
  -4.37196170099498525038699597524943792      
