   6.46114195192883683103959025933776710      
   6.46114195192883683103959028499496191      
   6.46114195192883683103959038071354302      
   6.46114195192883683103928273633393897      
   6.46114195192883683013542623418020395      
   6.46114195192883661466969647403456731      
   6.46114195192882503627668169474378168      
   6.46114195192858757203990398833066593      
   6.46114195192606436337199121368610869      
   6.46114195190925155456877050606994241      
   6.46114195182964422843239225776025245      
   6.46114195153810081878219863526014309      
   6.46114195066190303658172925346361203      
   6.46114194840720777206499476240422530      
   6.46114194328216531506573620443052974      
   6.46114193274848786363291787245022998      
   6.46114191281943402551516612351068717      
   6.46114187762817769729386916952273050      
   6.46114181899239542519178507367311825      
   6.46114172599701264242945662692715537      
   6.46114158461937663774243572415490737      
   6.46114137744223971256522646142262754      
   6.46114108341211858104879646865176818      
   6.46114067769596082937869099200533564      
   6.46114013166149516779261853799102503      
   6.46113941296423891611594426657004823      
   6.46113848575131538220099080204810977      
   6.46113731097775823239153306964212734      
   6.46113584682344816866269858480798235      
   6.46113404919141405175193311682883291      
   6.46113187226187404362880047577552927      
   6.46112926907188449270450654434538974      
   6.46112619208830858437665669506464768      
   6.46112259373226432883436626933301432      
   6.46111842685090367372631469924220335      
   6.46111364513082285537489464490372067      
   6.46110820329927384666429709033006674      
   6.46110205729321113028155043928126047      
   6.46109516426360315175960004093560754      
   6.46108748245881087899977724755183317      
   6.46107897098695644660426751748373618      
   6.46106958946867998960969857042284636      
   6.46105929759717966331549427689931744      
   6.46104805454387310599491449939702350      
   6.46103581857388270611971127697000001      
   6.46102254629888552683497649557178586      
   6.46100819201200785859312090169365782      
   6.46099270708465423947210372727555840      
   6.46097603933768783652240893311831407      
   6.46095813243042374578065511278413476      
   6.46093892530147976914003214275969850      
   6.46091835163240681955144393250783890      
   6.46089633937210100685116596122609752      
   6.46087281029198311159233085755613622      
   6.46084767969420600677326319192643297      
   6.46082085612338107195113272192723591      
   6.46079224105448903742581272961338246      
   6.46076172872742235583675321025675110      
   6.46072920603080021063471461719335046      
   6.46069455243126364653594111996517048      
   6.46065763993966451483229690444416865      
   6.46061833312610331871520669463682287      
   6.46057648912418025090471774722534862      
   6.46053195785766797755574544716899363      
   6.46048458196706519624986953589653662      
   6.46043419695856914369704334884223284      
   6.46038063145279062915963279483920421      
   6.46032370720648312678713729197285017      
   6.46026323927006396630187138948516925      
   6.46019903619171357734497841162390652      
   6.46013090002139537985257152195462722      
   6.46005862661338360766332784977019759      
   6.45998200556799578174167477755970763      
   6.45990082034822944572591831096980353      
   6.45981484834145914099307046567127217      
   6.45972386084690191835370433618564784      
   6.45962762312265723830027337000808105      
   6.45952589435884635033514623893012150      
   6.45941842745190527753261280586602282      
   6.45930496904628753199354606144102177      
   6.45918525928716725871749038372106614      
   6.45905903155768570503254061362436573      
   6.45892601229535384476894926034334703      
   6.45878592062573125071896903383937986      
   6.45863846798760268223005239023478414      
   6.45848335774752707437824232686543938      
   6.45832028474078347202474637693563740      
   6.45814893472192638850299401509101580      
   6.45796898370216274927756795972033006      
   6.45778009735236375962714355121382882      
   6.45758193025398726717222052218417840      
   6.45737412510872860856164637845972109      
   6.45715631184882448406263862578863751      
   6.45692810672435708741721579491066805      
   6.45668911144885810047741650584713142      
   6.45643891185423422762762223175871207      
   6.45617707683558401791253297832404548      
   6.45590315710097292028714449404879357      
   6.45561668384996535684160211363810677      
   6.45531716727034586621361199402575407      
   6.45500409480457055540778430764320581      
   6.45467693034531120129452018420387866      
   6.45433511147618489599498563582406943      
   6.45397804826724136374658832873739205      
   6.45360512074662755760139765858455368      
   6.45321567752214484999878698553088783      
   6.45280903341024820450244141263047481      
   6.45238446437118617311949665006940955      
   6.45194121052686739046982899308292858      
   6.45147846895088907901210349969080531      
   6.45099539189279827937075792839559484      
   6.45049108360585763078564148427366684      
   6.44996459834106086508032066640017376      
   6.44941493430584580913614747092919696      
   6.44884103340962431197551801983054520      
   6.44824177320776533918088938193845218      
   6.44761596640384410711043893540012941      
   6.44696235289899145089026597770259315      
   6.44627959789307218309671910522292960      
   6.44556628477582601861463435947693567      
   6.44482090903010338490574442661955704      
   6.44404187465949218965771023896850663      
   6.44322748500913179807736934353789408      
   6.44237593706236882056392791969671275      
   6.44148531382198039226541597820857555      
   6.44055357581435415247001771157102357      
   6.43957855285771810602395632628418133      
   6.43855793338684820764739171367751402      
   6.43748925612552398394534833856616647      
   6.43636989728862097388068673174220707      
   6.43519705961820414406778907779918725      
   6.43396775846478502137508261083084352      
   6.43267880887393162510627000210314095      
   6.43132680928097587010348974754017200      
   6.42990812550354720106855226877866292      
   6.42841887211014491051131773892897979      
   6.42685489332540012899987353766097462      
   6.42521174168226797031074580177571168      
   6.42348465490054811047976675310628021      
   6.42166853018795018137035550952023132      
   6.41975789781976814316560445787307491      
   6.41774689120552593370236832135416376      
   6.41562921504442772444834450106492650      
   6.41339811109745802842730790671253709      
   6.41104632137019453313104811467940341      
   6.40856604890210269665181901321182056      
   6.40594891628800415351010880620473923      
   6.40318592222674754197994799483599196      
   6.40026739673520166653691514291751814      
   6.39718295556072511881066092410467469      
   6.39392145530296171008228662442134422      
   6.39047095057349788886496446219625782      
   6.38681865583892174700044378560437326      
   6.38295091243872551826047521107401157      
   6.37885316873452097532032177248587060      
   6.37450997062584149238003275822800964      
   6.36990497202996616044098155491574228      
   6.36502096587143484371885677098114851      
   6.35983993781423465726073112323780065      
   6.35434314895145141050179334038640764      
   6.34851124142749790915620257080417924      
   6.34232436919946960342597692679157224      
   6.33576234566712846499763125102370393      
   6.32880480316015536393452361847463371      
   6.32143135321596143281504719879589044      
   6.31362174294155901011774894720867493      
   6.30535599080658139249358038056588185      
   6.29661450610935589550626169060227511      
   6.28737817884767877088643039598236722      
   6.27762844338694384130708609463654433      
   6.26734731512560405801779098642232009      
   6.25651740480907156286003642585512740      
   6.24512191034096497450057482542713695      
   6.23314459522883009258770849778439536      
   6.22056975624110928540401788135967211      
   6.20738218233536647092711811261650285      
   6.19356710784407401287933170325097577      
   6.17911017458850652207884613937301962      
   6.16399737625163440654163182009073264      
   6.14821502625992728465633662259328300      
   6.13174970945685797785566303002091370      
   6.11458825482174571716282607518021031      
   6.09671769252318521077733072656591941      
   6.07812523488383989251164859416241358      
   6.05879824641302697993352149286557252      
   6.03872422239883654153188525284643441      
   6.01789076981084551177464226951659449      
   5.99628559221320081607438709001154548      
   5.97389647556507694660960204670119145      
   5.95071127538397098418979805298746045      
   5.92671791104627806445857266212886253      
   5.90190435307609698388290275751720089      
   5.87625861852039946275148705366908347      
   5.84976876662159833633400985322310417      
   5.82242289144714690789883691163647286      
   5.79420912091285509161985088408302472      
   5.76511561145600185042311449111160675      
   5.73513054623450752045163714975091879      
   5.70424213250881784730814112859027376      
   5.67243859901309710488037012536838362      
   5.63970819359144298100102290299311750      
   5.60603918109561813948883622261940674      
   5.57141984092131642778848270803922570      
   5.53583846424278811300205853443444013      
   5.49928335077992885639881025140568915      
   5.46174280663356183613726076827375940      
   5.42320513976997219508445537927238126      
   5.38365865672448794389624683479952360      
   5.34309165822478754601659235649147384      
   5.30149243480503886805951718523199145      
   5.25884926301099254472906533571830599      
   5.21515040002432482997134648676922352      
   5.17038407814839939223690139427264476      
   5.12453850156084124079508934592047011      
   5.07760183975322134494190370922197257      
   5.02956222361036452263626307819525235      
   4.98040773938563223188148494996394850      
   4.93012642557324146997915390933597011      
   4.87870626731766023866505998680579848      
   4.82613519241067927875720865430821949      
   4.77240106706189613604044934694234620      
   4.71749169262702696940508294383121569      
   4.66139480186643523406928065859384984      
   4.60409805608699026326133177191698664      
   4.54558904199616055501845029838400945      
   4.48585526945181922051750319433651459      
   4.42488416928953366351509654346838721      
   4.36266309137336507876759840253802410      
   4.29917930309030169458611258292033683      
   4.23441998832525821169065445985688790      
   4.16837224564463996318900954577965020      
   4.10102308795116291351065865646458892      
   4.03235944181492755150935993329603784      
   3.96236814698916716395501913689813439      
   3.89103595595642835164980545606008305      
   3.81834953395824317264922060651774979      
   3.74429545890561591993328501185271083      
   3.66886022120743522591829199093971410      
   3.59203022440480438990787725838048076      
   3.51379178513075441996262547509235645      
   3.43413113338148831315555970862104152      
   3.35303441300906896231642651298426393      
   3.27048768202267584583282659597152131      
   3.18647691302027212259762383632199177      
   3.10098799366920638362096706560491227      
   3.01400672733159128466460866754296516      
   2.92551883327359117802036348080078535      
   2.83550994726332356552901240669188922      
   2.74396562222335891816602471321553324      
   2.65087132850588543880856160438403778      
   2.55621245432142484475569652415342821      
   2.45997430656827591753712738409909865      
   2.36214211089556423160891630028958543      
   2.26270101239578519050267745273326048      
   2.16163607588966901412884639022941980      
   2.05893228650399930607144323402544165      
   1.95457454997262132319468075912430310      
   1.84854769300894267729617790346330304      
   1.74083646381656286526795894313981708      
   1.63142553224909875242940360376072619      
   1.52029949034745143291882481171685177      
   1.40744285261286735462561297963754865      
   1.29284005614527669995973877574377492      
   1.17647546128391422716364875187448400      
   1.05833335156606832135445269714906519      
  0.938397934262566352970052283866361475      
  0.816653340409531065751935614700739539      
  0.693083625207441178230140013644538067      
  0.567672768069654677779193307048729514      
  0.440404673462083863897923575976017401      
  0.311263170101425674166497447366743498      
  0.180232011911649263646121669759758094      
   4.72948780128386601670221286674050241E-0002
  -8.75646272180833821973136841297239642E-0002
 -0.224362973652010862420961064683147528      
 -0.363116705683629009951964139817603427      
 -0.503842441647713319968496619666396506      
 -0.646556874107585357058157990767711136      
 -0.791276769198492254784263564131472161      
 -0.938018966941486921662871214366568365      
  -1.08680038084587877718243370114783592      
  -1.23763799795717916142227599842365269      
  -1.39054887868555480648398348328874202      
  -1.54555015653569486326816202813700944      
  -1.70265903816237433693492283783634882      
  -1.86189280328927876411053278598536816      
  -2.02326880453972031259621497151807923      
  -2.18680446729551002967760727418383561      
  -2.35251728976568561160302862134495581      
  -2.52042484263757751298971884401796630      
  -2.69054476936691687573468228807207077      
  -2.86289478561480986452048491417254120      
  -3.03749267959861374967071934579764962      
  -3.21435631175947876977054635310627931      
  -3.39350361492011764836377080018243475      
  -3.57495259385987888213991635979866437      
  -3.75872132549264404080937414665847557      
  -3.94482795884962098809869916603143546      
  -4.13329071475730579009056830110692986      
  -4.32412788615174452561150256681982669      
