   6.46114195192883683103959025933776710      
   6.46114195192883683103959028499496191      
   6.46114195192883683103959038314688231      
   6.46114195192883683103933437570985625      
   6.46114195192883683025891176476935435      
   6.46114195192883663959149311535932544      
   6.46114195192882621076616365704737608      
   6.46114195192860943047578049757459036      
   6.46114195192628156559726990903555064      
   6.46114195191063804851685193667036278      
   6.46114195183604903774679426313728714      
   6.46114195156129158745723987487409745      
   6.46114195073147493359927595057840584      
   6.46114194858713870587277235118223207      
   6.46114194369521366901487040657021015      
   6.46114193360876941083615644137881909      
   6.46114191447262117042562817636621433      
   6.46114188059802057922254552517917807      
   6.46114182403175820980899281188315579      
   6.46114173414393750526073094963116022      
   6.46114159724516980250093274303596668      
   6.46114139630497711760008365495099554      
   6.46114111070826150746844302706776048      
   6.46114071610072500959979596644399773      
   6.46114018436379518853157475081601226      
   6.46113948369274839775732656599463620      
   6.46113857879048611356544983280988418      
   6.46113743117303772987719851575532394      
   6.46113599957541079460917484395401120      
   6.46113424043904960759395338575176091      
   6.46113210845581977541571557140618568      
   6.46112955713889609848048518813406928      
   6.46112653938869979956874404738370873      
   6.46112300801900839010551691344537044      
   6.46111891620032044909885941817982381      
   6.46111421791085396381355923503857429      
   6.46110886811507036171100813822463101      
   6.46110282294061440859994403955839871      
   6.46109603969194286918164979836742465      
   6.46108847673871301370380981252143558      
   6.46108009328695388429735111266666194      
   6.46107084904099250294233373773780657      
   6.46106070377224563177735316828969150      
   6.46104961676740819316601962031643643      
   6.46103754632435085453198352437057560      
   6.46102444921121474670957424444561671      
   6.46101027987257333565981392265397177      
   6.46099498986826274832257497854751731      
   6.46097852725302460355671735424429944      
   6.46096083596649803245504055677741945      
   6.46094185528313761150242633066199440      
   6.46092151927587196639370608380469657      
   6.46089975634798888562327051272374192      
   6.46087648878457410754432779095471258      
   6.46085163244215912415492499455495687      
   6.46082509647766143299643998307768887      
   6.46079678306313417433508841169128790      
   6.46076658717777226923933656210181285      
   6.46073439650098114312322975966145189      
   6.46070009133473917863887304242404261      
   6.46066354458451146707174178217361140      
   6.46062462173226175429532551366101189      
   6.46058318090993338271504102208826431      
   6.46053907300392956292358212366777766      
   6.46049214171478361573653657146161648      
   6.46044222363110466638451317990893808      
   6.46038914843159864518253233255451659      
   6.46033273901015054239649290610284303      
   6.46027281155905918412118675723741228      
   6.46020917576552174441202179500583803      
   6.46014163488805826384420292567194474      
   6.46006998591685245868308011777394735      
   6.45999401968315153268133572976155214      
   6.45991352086187444445884108408252914      
   6.45982826806730499863670100022026252      
   6.45973803386489989337924660665098649      
   6.45964258471013890074836443467431251      
   6.45954168108740971279479151754175638      
   6.45943507720877486558547944935243622      
   6.45932252095424049662823829467390212      
   6.45920375382768861060419429636657221      
   6.45907851056004654055908336853895303      
   6.45894651893860929825172555602934203      
   6.45880749950185222448870636512711385      
   6.45866116513165613203285262564496283      
   6.45850722064926768817118378250324550      
   6.45834536236918157997555507997814096      
   6.45817527764251996189742874506308065      
   6.45799664408049371679314959879666019      
   6.45780912903348375194991435601292705      
   6.45761238882263447211788893181192578      
   6.45740606796366367827340878611377892      
   6.45718979832495150081958061235870826      
   6.45696319805535259060880517423256723      
   6.45672587099096635171937951372945629      
   6.45647740516070315547432868228852220      
   6.45621737176637803909652747293551788      
   6.45594532393697130798687309012638205      
   6.45566079544301463985656134928649658      
   6.45536329920164557901454460330815455      
   6.45505232556797307972164252258144083      
   6.45472734143112791981382499937589338      
   6.45438778758654903260995684789057282      
   6.45403307753861396355448608182314560      
   6.45366259511655950157149877622774772      
   6.45327569242669083271380309751727356      
   6.45287168836503464721293268925072856      
   6.45244986455305578544529686274866167      
   6.45200946432080217177782345151975258      
   6.45154968995244339137678883354721254      
   6.45106969928548239266389856603945151      
   6.45056860232809316942338519937597261      
   6.45004545878449453431414494083700499      
   6.44949927431433265299181253432806005      
   6.44892899639576629622162472340033286      
   6.44833351064257297786668207972242602      
   6.44771163710295415875142937759854729      
   6.44706212421322461216702402723166110      
   6.44638364587805419401351894081939467      
   6.44567479446009580896914606037976669      
   6.44493407641058083767012007963092964      
   6.44415990569951423730334745709220027      
   6.44335059720906106976834422506182248      
   6.44250436020500010310632719184937093      
   6.44161929062962181426217660193745309      
   6.44069336276135843195768997835040203      
   6.43972442116502389728921695057603500      
   6.43871017046967118738731126677154207      
   6.43764816591555782023475162423397912      
   6.43653580186235913612382755320148367      
   6.43537030032701398735541356024050474      
   6.43414869748616051708799702696563175      
   6.43286783027712814663065039708920839      
   6.43152432044018090042250589732716368      
   6.43011455932176144758463616066704733      
   6.42863468829891800793643300901897091      
   6.42708058067718047709752914870321092      
   6.42544781952938520745799574882759978      
   6.42373167564002381366611337407808542      
   6.42192708169339024294628670861144100      
   6.42002860564907377471872776131171265      
   6.41803042102572344823587938196972372      
   6.41592627566610392200729601102314228      
   6.41370945718170780209343918814274968      
   6.41137275642751097485505329850762646      
   6.40890842827541908190350334838420266      
   6.40630815030259744572386207592340806      
   6.40356297917387565390067415535475041      
   6.40066330582569506644678913256672765      
   6.39759880966757682135123218615240577      
   6.39435841326302350895848764754911163      
   6.39093023899372969128910697513750093      
   6.38730156976754128916639269304082816      
   6.38345881573620429954098077657873355      
   6.37938749209905779994829255679682015      
   6.37507220868986155080815756592919254      
   6.37049667819225202506623482825521918      
   6.36564374447439246182725994730744073      
   6.36049543562855167379774809645478990      
   6.35503304246841410508328071759182728      
   6.34923722447881141206998776070122487      
   6.34308813744853190241369025521412910      
   6.33656558232044573509801184612899679      
   6.32964916398114384937907496266174190      
   6.32231845378517164905520125600228529      
   6.31455314642405418855174240950112617      
   6.30633320056667982544022741292520260      
   6.29763895887077552942255339048919957      
   6.28845124261830472945136066344346159      
   6.27875141652361196637356822051656173      
   6.26852142949878775613567298162251028      
   6.25774382736040917098881466396564698      
   6.24640175116667070953693039049685249      
   6.23447891094647089098258771050378634      
   6.22195955637891021107145969806221412      
   6.20882843454100868158604270695319349      
   6.19507074734855922084226219679368828      
   6.18067210520103534969375417260827860      
   6.16561847558319135452478132714799740      
   6.14989615348525993577610711409070090      
   6.13349170442504785734590128498665191      
   6.11639194411826774403106924139639716      
   6.09858389205184854641201923737718233      
   6.08005475016322860031548332722628575      
   6.06079187507514578806541480067060218      
   6.04078275572497417738220146654422263      
   6.02001499381035140195920869988280310      
   5.99847628747181386167955482777638154      
   5.97615441806515660068274466450712321      
   5.95303723718770321284413310999510626      
   5.92911265893975090263764864530527167      
   5.90436864951905459487155201947926932      
   5.87879322112437530258774882196624722      
   5.85237442709277941183353240828602464      
   5.82510035607538080826433929691288790      
   5.79695912916691600142549402186319701      
   5.76793889575143977759384892953277701      
   5.73802783152592276528984234525485665      
   5.70721413533473066835187322705808092      
   5.67548602735528371079652686949992415      
   5.64283174619112157082721472844869232      
   5.60923954698337864103207868796831595      
   5.57469769913733652103533334352280218      
   5.53919448393274535896498173518727593      
   5.50271819049458205782702303260115905      
   5.46525711494139421213773569870972814      
   5.42679955470377392069802805776578692      
   5.38733380689550281695331130704552189      
   5.34684816268203439359005204200654202      
   5.30533090337211197936765205284902308      
   5.26277029750983448167808268195009390      
   5.21915459425758669345025323814969068      
   5.17447201952384536941612678057281760      
   5.12871077109794291107078422015067745      
   5.08185901358680701308326988777407586      
   5.03390487370685517164670111329426773      
   4.98483643463109547470997578754961827      
   4.93464173271619785090848172399209884      
   4.88330875195421300659821189166435978      
   4.83082541990944550042471498076113563      
   4.77717960351387538327017675260027129      
   4.72235910584135562527124561999102419      
   4.66635166203898721962354609408923342      
   4.60914493656779198735187496229362178      
   4.55072652010778645213912984759510211      
   4.49108392712181751512583635978146947      
   4.43020459352562443705899081889139271      
   4.36807587502850852701698104941735508      
   4.30468504499047312574818115996819008      
   4.24001929389178147220020366215954359      
   4.17406572714218487471051678049884435      
   4.10681136482090639447317579853282567      
   4.03824314085225277740253102587616286      
   3.96834790250463750081713375804820108      
   3.89711240999901143118634216909881390      
   3.82452333634050219077657947405715560      
   3.75056726728700120401748035332903882      
   3.67523070120600351462237901161372877      
   3.59850004945926762303249393605050263      
   3.52036163658460011162396585112102024      
   3.44080170040513129979758397096046326      
   3.35980639258432953573499881398319228      
   3.27736177882588657950563227252632640      
   3.19345383929608787089236185537171436      
   3.10806846937776231903416098427275653      
   3.02119147981014190913230297419493707      
   2.93280859705688288911409799600738081      
   2.84290546436365722395081540619038851      
   2.75146764160258051770003572355938248      
   2.65848060620513165216551165128407811      
   2.56392975329043689348938235972217555      
   2.46780039649822955248760525753917484      
   2.37007776819897242260140054515187947      
   2.27074701989470432559479532714212909      
   2.16979322302904289674501574366322103      
   2.06720136898168894041431404513852622      
   1.96295636963795423300956748318398249      
   1.85704305794297115065002114361520242      
   1.74944618812166800078916472193534115      
   1.64015043581354004764784193528453493      
   1.52914039901502501561262640897677337      
   1.41640059789775634946527688333211821      
   1.30191547522741715739957164782296502      
   1.18566939691956067437504984984409105      
   1.06764665192648201821196715123970721      
  0.947831452946623736007221253046152514      
  0.826207936366881031212360433257082132      
  0.702760162601535764211573547448799549      
  0.577472116248034362787786650616765123      
  0.450327706832481618820350402805570731      
  0.321310768208221547421297633423791756      
  0.190405059241980033984390576411312378      
   5.75942639594719577156052053396959154E-0002
  -7.71380083799168936007194377038255095E-0002
 -0.213808222841556095814354322528830960      
 -0.352432919026831804803596278730469785      
 -0.493028710598377709001503779062231648      
 -0.635612285426105258161899724605649419      
 -0.780200405006638617893825590568491993      
 -0.926809904843989458188509420540544420      
  -1.07545769390618321281938662779622133      
  -1.22616075468451811398618936307266549      
  -1.37893614309372585547846995104721563      
  -1.53380098833184896625852863329424065      
  -1.69077249258052222873998651909346177      
  -1.84986793125751150453181682705569035      
  -2.01110465262094951866609650578863568      
  -2.17450007772858604124501906370718836      
  -2.34007170061002401061245125901698332      
  -2.50783708763816747066508746452513167      
  -2.67781387809797480433027101180818613      
  -2.85001978344061428096317917356897942      
  -3.02447258771281633892361428722576890      
  -3.20119014724233116373673124095767082      
  -3.38019039070772068897066273494662866      
  -3.56149131875463923570632454227308176      
  -3.74511100426757494433365656510739676      
  -3.93106759222056155092258030093742457      
  -4.11937929941435884992298383030962411      
  -4.31006441465258049372593422785039268      
