   6.46114195192883683103959025933776710      
   6.46114195192883683103959028499496191      
   6.46114195192883683103957778849406763      
   6.46114195192883683065256408907608679      
   6.46114195192883655836643787287316089      
   6.46114195192881163349339682269173306      
   6.46114195192814071526348511023100410      
   6.46114195192000067114074881620739931      
   6.46114195186272283844328825894641640      
   6.46114195158873810446203566058198217      
   6.46114195060008226791006953160488855      
   6.46114194771262752425685962103169120      
   6.46114194054422192905115484806212000      
   6.46114192486840828635579745296324507      
   6.46114189388705226123932976910831639      
   6.46114183761350905506368327959226262      
   6.46114174209544486466793220340102270      
   6.46114158885085380813704424479047165      
   6.46114135440522568012222892756306769      
   6.46114100995902621445300578477747438      
   6.46114052119874999452518541641905162      
   6.46113984825794090538572580119869219      
   6.46113894580968044867942850049924038      
   6.46113776340135762450430601314507623      
   6.46113624585564660510948269236464955      
   6.46113433386890025917654208773923438      
   6.46113196475652480406863536832344957      
   6.46112907326501834897160531794720030      
   6.46112559264788162283374596003789168      
   6.46112145551907446400480421752275135      
   6.46111659485286046712704342764058247      
   6.46111094489387394695731506008688367      
   6.46110444200304094799444046830504162      
   6.46109702519139667836916908097601540      
   6.46108863663365224432342911148567244      
   6.46107922203166257367697753495085243      
   6.46106873044087788091223841949584336      
   6.46105711419313014618997166925509675      
   6.46104432848446553437416224145320646      
   6.46103033086244266162793373818987324      
   6.46101508049373143515286598306329142      
   6.46099853720152494487242618095453022      
   6.46098066079924721059350790775298750      
   6.46096140986870565285828961991007508      
   6.46094074079175234475218953603258865      
   6.46091860675776898611185416966662015      
   6.46089495676604727425222405648890397      
   6.46086973468308780466380153910905955      
   6.46084287830564683970265549282873446      
   6.46081431870886836956771201915387772      
   6.46078397951165870547852412472176171      
   6.46075177614606666138108480298444898      
   6.46071761543388159787221054352192391      
   6.46068139516928013515940546480093188      
   6.46064300382073029511932512435174085      
   6.46060232030896992656426309619383429      
   6.46055921391106089446880968269540598      
   6.46051354421269262848953051853525616      
   6.46046516107075319276898380969238543      
   6.46041390475370697200855462694347163      
   6.46035960611346092561871678805327216      
   6.46030208674771812363464925533135901      
   6.46024115916495708473920756270354351      
   6.46017662715309636874064610682099727      
   6.46010828599034443894700777046075996      
   6.46003592267743044269549110513169657      
   6.45995931627400235060971975360695908      
   6.45987823814369249124766329211759400      
   6.45979245217176840180621455328189590      
   6.45970171506674017677446025479155964      
   6.45960577650587863215959932393396150      
   6.45950437941107330159363642349994276      
   6.45939725995099660512999515589899928      
   6.45928414767477898844739799951106416      
   6.45916476556070452920672972648099935      
   6.45903883000831980630326923541913053      
   6.45890605079604644000857661578039980      
   6.45876613091145274441535990579802999      
   6.45861876622948860277777726153241028      
   6.45846364584854072618617246300123138      
   6.45830045109795724443491942510955783      
   6.45812885558155951854584441980861781      
   6.45794852473499357604054038824724450      
   6.45775911507668842876113079063590449      
   6.45756027364104368636734047826770521      
   6.45735163667447868372326598518797584      
   6.45713283185228776374666953359210463      
   6.45690347338393761981055944947399730      
   6.45666316357187713602474716996075844      
   6.45641149146850412052148782477483223      
   6.45614803156984157560968787585351780      
   6.45587234280080372035821379231743101      
   6.45558396693037041424468150075745620      
   6.45528242819148246587357575040646629      
   6.45496723053763209807811193739804872      
   6.45463785763619184089153820009482456      
   6.45429377002387418309955375991249232      
   6.45393440352338376950559125672660856      
   6.45355916831644551067801767425948455      
   6.45316744603041742409430751915118353      
   6.45275858805304779633810957702645096      
   6.45233191310701876615714874950749062      
   6.45188670509929222200464315918365250      
   6.45142221065271802239132256886072715      
   6.45093763631021194528813961315576699      
   6.45043214526340842074021625189673100      
   6.44990485537128424661730580134588885      
   6.44935483513931351426944413603307537      
   6.44878110027981580825920997801214736      
   6.44818261070318134136538283898882135      
   6.44755826607544157212473604968988461      
   6.44690690186093266144682562172299447      
   6.44622728509450518112133762972508155      
   6.44551810940906900065611635023232307      
   6.44477799044348950749478208655474593      
   6.44400546004003531708087475393198274      
   6.44319896085423975557538422933558285      
   6.44235684013932838995162459005349864      
   6.44147734322381497380919411487016568      
   6.44055860662551217814474965276864600      
   6.43959865035190996757065411811426084      
   6.43859536998358287559523878946065506      
   6.43754652802942333622192334069851892      
   6.43644974460334939614800463618537757      
   6.43530248740246829362776289606668047      
   6.43410206109531664606979427501891131      
   6.43284559575766107424838443787390091      
   6.43153003385855450603593436144076619      
   6.43015211788517400459413892877894093      
   6.42870837481539061787385115503129271      
   6.42719510105059569059729819484682941      
   6.42560834534231044179593469889976186      
   6.42394389061075984607344118166427732      
   6.42219723432873175877353906687346708      
   6.42036356735524600036334605883687668      
   6.41843775121047623608593047166491889      
   6.41641429336273986727862582898869224      
   6.41428732121916558374440457208438189      
   6.41205055393289911148016075197273705      
   6.40969727219595518175499504424016166      
   6.40722028699811114176297192331103231      
   6.40461190585676669352393039938286355      
   6.40186389808972574045820736776681559      
   6.39896745882572423847697265127795085      
   6.39591317288940207455206747809764492      
   6.39269097745081391814318643176410026      
   6.38929012863922646950409118215368648      
   6.38569916807298339657701435398003616      
   6.38190589514135962956502125810374820      
   6.37789734533975807669866151296946670      
   6.37365977731209360670852138017069525      
   6.36917867091380397011304013028422826      
   6.36443873935637931291047254613781245      
   6.35942395736913095842753906008131102      
   6.35411760675637657794437769874995928      
   6.34850234135757346293284991614738534      
   6.34256026951254474302507395506651334      
   6.33627305269572957806944143844960325      
   6.32962201688274632015950918623560866      
   6.32258827329735655583567837050132425      
   6.31515283874350856725416086709289119      
   6.30729675542675625195021347796245766      
   6.29900120018833496961434657448363407      
   6.29024758025208193580173995078426513      
   6.28101761418319746875882672811968663      
   6.27129339197520528787063120312594925      
   6.26105741827692863892465751330769600      
   6.25029263869214699000505541118611843      
   6.23898244887207394511772199203251142      
   6.22711069243122440092239182813091797      
   6.21466164804194752508336506479650359      
   6.20162000867490925577567707778239864      
   6.18797085714865700877534524845046472      
   6.17369963653597976510476171147855757      
   6.15879212086090972161480626803885996      
   6.14323438671525660797161083393235876      
   6.12701278269883636796570599400149549      
   6.11011390424837751505572340827933374      
   6.09252456791028992463081364710618225      
   6.07423178894789854635865221468953633      
   6.05522276154943556678129502524185457      
   6.03548484080868342122714855534457296      
   6.01500552718562259397853790666152901      
   5.99377245336786611521939706679509601      
   5.97177337231569777271716536511376946      
   5.94899614746661559907034947300175138      
   5.92542874348449196266752923270220617      
   5.90105921992958287372040715172495791      
   5.87587572279375789940394701455581480      
   5.84986648054752798849408180922384565      
   5.82301979658042198133558397848425202      
   5.79532404524833786572184898240879051      
   5.76676766575132921266459889184813388      
   5.73733915643799535722222351397212021      
   5.70702707010743090666707916602661802      
   5.67582000815642852962293998023414604      
   5.64370661142858381659288966753063782      
   5.61067555671399504166681940913716627      
   5.57671555022907079333472503181908804      
   5.54181531626602808567938085463288638      
   5.50596359334106238391837573848695281      
   5.46914912390190555869687673179299752      
   5.43136064783533747183521837747870853      
   5.39258689405158817139507979798555689      
   5.35281657239392302860731216545237111      
   5.31203836604632468825399594321938979      
   5.27024092465433929029427723654999403      
   5.22741285695821557615211692717787551      
   5.18354272394654784734540031326059447      
   5.13861903341424587301526841680849279      
   5.09263023355859821409317347339294662      
   5.04556470866726100440056371540270664      
   4.99741077370401695267804942791722902      
   4.94815667122870979443227750514014957      
   4.89779056724958763065510985255211799      
   4.84630054829621439515328729843368989      
   4.79367461881464111189422107926256267      
   4.73990069951765907157348935485369682      
   4.68496662497532638581069598384034379      
   4.62886014279910310542749829123058348      
   4.57156891213506445290536490209219057      
   4.51308050347603012181359407831999034      
   4.45338239782128941734394552853625617      
   4.39246198625254836703209381280604569      
   4.33030657027152670435449090140082467      
   4.26690336118879920474931732314331263      
   4.20223948122959071494101522351447154      
   4.13630196308815093597375698102762879      
   4.06907775083553481528697910644948783      
   4.00055370036879729083971077752737545      
   3.93071657956182202887350871687517367      
   3.85955306901236121588428481426417368      
   3.78704976273450859819722711477705376      
   3.71319316884063970313545324509587350      
   3.63796970983558651107317601241231094      
   3.56136572375809438536317458810398855      
   3.48336746423883945914046818832718561      
   3.40396110171795802760229854457060544      
   3.32313272314355678778631970542785264      
   3.24086833396452006621292924135146281      
   3.15715385746409335017764440352784801      
   3.07197513579560992402299332706468865      
   2.98531793039269693491007601725953394      
   2.89716792275887976141970445538211198      
   2.80751071459398411848300457171079191      
   2.71633182859399444700426329939795309      
   2.62361670843450820736597945608905622      
   2.52935071986477094669271326867444399      
   2.43351915042894577467069017872339917      
   2.33610721037620450871322983429707803      
   2.23710003271136229127351092978886853      
   2.13648267353301951919991842699778618      
   2.03424011258645869996899539836469407      
   1.93035725333355294987282167442340623      
   1.82481892343294198904378612731143766      
   1.71760987478890322371498413332821307      
   1.60871478402664114160713274218733363      
   1.49811825246547406315355515704841907      
   1.38580480683907057528303960989479030      
   1.27175889860924350115014951749593789      
   1.15596490560933581069091727205276699      
   1.03840713044867168063346015971069836      
  0.919069802208788610844168614101759277      
  0.797937075606771562217613197508505010      
  0.674993031896532173963678792518250951      
  0.550221678282268755680225963361951431      
  0.423606948712871253003196515564391169      
  0.295132703740275205457743010163712708      
  0.164782730330032953174548677931781226      
   3.25407428138800134245397527323432568E-0002
 -0.101609618127038789435054327496177031      
 -0.237684784261808027603388036262942032      
 -0.375701260564230047473223505891398636      
 -0.515675624538270870997744580069077517      
 -0.657624526367700246436583084756934482      
 -0.801564689125696032121575617822015476      
 -0.947512907927769232700929163118653808      
  -1.09548605065531848750823483922452100      
  -1.24550105759774024212524566113093964      
  -1.39757494100809555405127571886819371      
  -1.55172478562013626024953309737026246      
  -1.70796774830413840291312904571602397      
  -1.86632105782209813919387844712265806      
  -2.02680201548208927497555159564198659      
  -2.18942799395173669227993161757247652      
  -2.35421643826329131194121575453010177      
  -2.52118486531562839402095845933202890      
  -2.69035086357698596352839177190368983      
  -2.86173209346463255380527053803155885      
  -3.03534628709562180665204947626670669      
  -3.21121124859467078495424710857947404      
  -3.38934485302274751808436548043196076      
  -3.56976504763195490729782745569949495      
  -3.75248985107042011007042989573799220      
  -3.93753735330239832193626035186168952      
  -4.12492571597460985968790133067163551      
  -4.31467317231700397697145813038818958      
  -4.50679802638416525611341127165581924      
  -4.70131865391131344542236779382777364      
  -4.89825350199899425316532037376586021      
