   6.46114195192883683103959025933776710      
   6.46114195192883683103959028504556148      
   6.46114195192883683103954854995643463      
   6.46114195192883683009014451642467840      
   6.46114195192883627202175713917682001      
   6.46114195192879099817746869644540622      
   6.46114195192767436266178985643582591      
   6.46114195191499725101516403866125005      
   6.46114195183032262418977286301760905      
   6.46114195144188437441205441063328156      
   6.46114195008742449387829067724511638      
   6.46114194624272398917409584340495594      
   6.46114193692448391972815572063593678      
   6.46114191692909396623099617558217998      
   6.46114187816765339657421961054895254      
   6.46114180884321413198528089229138389      
   6.46114169274959837197413948517029532      
   6.46114150870351956171455265963781382      
   6.46114123011286107616967690815695268      
   6.46114082468903546660642948597342871      
   6.46114025431321519999015331405121723      
   6.46113947506062194409694667403150690      
   6.46113843736162027695866379846571093      
   6.46113708639922917276581067343597671      
   6.46113536259943020522510282716440120      
   6.46113320226927210903373002047669361      
   6.46113053839328743540963629801588349      
   6.46112730160599517644150608006474720      
   6.46112342113457608694122285792544009      
   6.46111882574822436998720816314271239      
   6.46111344480070710133077711863020686      
   6.46110720906548984475557702508024528      
   6.46110005140246766531318530008689125      
   6.46109190740964526883074964608931122      
   6.46108271578407742813079435147143370      
   6.46107241828395464303575465262176310      
   6.46106095965166277937567444887515767      
   6.46104828730165902751621654291925865      
   6.46103435070590483396712775024591522      
   6.46101910054969256894223888288377861      
   6.46100248784093383333801381181943650      
   6.46098446293877546962310641893358906      
   6.46096497419546388167821247634220822      
   6.46094396681384824524347445506970704      
   6.46092138157560726311727787531741845      
   6.46089715358722522177066421857424854      
   6.46087121096581887269379277176601243      
   6.46084347377583945386479007643249863      
   6.46081385291784640432391250168745074      
   6.46078224890008889181352633595679080      
   6.46074855097088665847411657344397786      
   6.46071263622650835575534147286108164      
   6.46067436881266424334498952868069575      
   6.46063359925020378945773809273258864      
   6.46059016377841324473963881272637830      
   6.46054388388789989946450446834010807      
   6.46049456575166318534838006859244142      
   6.46044199981490870981391743181789646      
   6.46038596056116795283663969057514173      
   6.46032620608826311949548977221523833      
   6.46026247783670923724739706637829630      
   6.46019450029304729423403017494198472      
   6.46012198087529387476750065376695262      
   6.46004460951088861498967777576720721      
   6.45996205842615079770618924968854210      
   6.45987398188844306131292577652687619      
   6.45978001583950337069991924513006790      
   6.45967977755305100777264843074797497      
   6.45957286523407857926473647980745450      
   6.45945885756280266632184588066670781      
   6.45933731314100189745110159133422506      
   6.45920776985948145534383144378066011      
   6.45906974468901701979025484586784363      
   6.45892273168764082439246750801785601      
   6.45876620247437767577666634014008369      
   6.45859960528140034830953129248376725      
   6.45842236267447029729609074659913425      
   6.45823387187980795796424780022731122      
   6.45803350311194972156289020199575196      
   6.45782059665359717202916303233985073      
   6.45759446413266964674549065061456415      
   6.45735438465979564719391223362477587      
   6.45709960441015812787707497392591578      
   6.45682933417370030115752891824679501      
   6.45654274725553808095113946036351704      
   6.45623897777362383601717900558537957      
   6.45591711804709254554622991907208170      
   6.45557621633307705133366635700995031      
   6.45521527422665569466241323159105112      
   6.45483324369286053504317339176574345      
   6.45442902397262608925358099157341089      
   6.45400145885564888549861416203221530      
   6.45354933303969653668914772990896784      
   6.45307136896168140850695060608692664      
   6.45256622257314698415785924841280004      
   6.45203247976814723975281551849408510      
   6.45146865153486377102664466114748646      
   6.45087317092857249952557748854118534      
   6.45024438700503228845462130425735400      
   6.44958056046311225793607080480966842      
   6.44887985870006937237765265954123402      
   6.44814034978446134650543774824558385      
   6.44735999726622517195564355668242850      
   6.44653665392621515861837459760569981      
   6.44566805542815988958399939108233680      
   6.44475181333387848794754986129485385      
   6.44378540857196727642086150298893507      
   6.44276618407011063852294032237034922      
   6.44169133646081977343999735280063865      
   6.44055790838250281400327898447977606      
   6.43936278046995801309283608430428265      
   6.43810266108341971685039437687198469      
   6.43677407871636618569881177164820330      
   6.43537337126763966123543908953365272      
   6.43389667594598012735678873197166779      
   6.43233991984117129525348437477233305      
   6.43069880789397656497452187570160433      
   6.42896881219225810547875757988560842      
   6.42714516060295448894480156302018967      
   6.42522282451345638821062506452996000      
   6.42319650708380823641916256490741143      
   6.42106063109842577958663444324848839      
   6.41880932642449945623408233448804441      
   6.41643641765388702874104666671711326      
   6.41393541189837223588536761755669584      
   6.41129948746148759181011924041750304      
   6.40852148271104847197757675944360152      
   6.40559388381779681950769829468166943      
   6.40250881797237571231786406829754210      
   6.39925804256554341524550267856891228      
   6.39583294112818413368205072024673167      
   6.39222451637141745158863313326885635      
   6.38842338980349018246534346776437087      
   6.38441980042979949718872414513436194      
   6.38020360889898343029353050874796111      
   6.37576430424385478867034682011442359      
   6.37109101388304599175501211775186135      
   6.36617251681805054897211361990010066      
   6.36099726068764786289292580444015592      
   6.35555338537214905983051166629679133      
   6.34982874496208991919302608172221195      
   6.34381093606815564655378656782222568      
   6.33748733099083043145954667285778501      
   6.33084510796434536176373240484092243      
   6.32387128860827466481404127636236380      
   6.31655277323769232425362067101760459      
   6.30887637689752153878480590579844813      
   6.30082886923297865753868963296734504      
   6.29239700828279395546422258157082898      
   6.28356757503244388339706231976169976      
   6.27432740708214812762612731562217287      
   6.26466342813510457588822389319551721      
   6.25456267633346704670457062231310381      
   6.24401232786278594301081707116460771      
   6.23299971807264458002618858464282632      
   6.22151235828255333873773549441816201      
   6.20953795029107054163590834158334559      
   6.19706439467671151152423667970188428      
   6.18407979785005076515490350265724284      
   6.17057247434212256036207706654214463      
   6.15653094522642348216387232597732922      
   6.14194393099675021173593276170392312      
   6.12680035016067736706544703300390216      
   6.11108930225276661287087822335870757      
   6.09480005715510295148850933917906280      
   6.07792204030743899894439367897875817      
   6.06044481798273452973778424414332203      
   6.04235807897628171013524891915823679      
   6.02365161535134731599665274162113023      
   6.00431530696179307205646912905535810      
   5.98433910222020426247525643299499383      
   5.96371300126237328802826148263750781      
   5.94242704060674564455333476300896044      
   5.92047127590884591470593455418722397      
   5.89783577114233893761925795132187862      
   5.87451058241901216622848383060330410      
   5.85048574839706764838710430956039772      
   5.82575127941956299269725767511519280      
   5.80029714814555730723931381893632651      
   5.77411328246992319202813595225222117      
   5.74718955815130696992062656802467786      
   5.71951579310445971978165482240492709      
   5.69108174324656947026499171311782805      
   5.66187709718498059573012041689481149      
   5.63189147491220597744190904843144556      
   5.60111442360836656881050564143807708      
   5.56953541613480947765289725334212270      
   5.53714384978714039754217835665728169      
   5.50392904508135906324123206569243900      
   5.46988024473924110807065585874930261      
   5.43498661331719007569901713373926810      
   5.39923723730323153284901294393333117      
   5.36262112461970780851319936538290612      
   5.32512720485240608347391826699453375      
   5.28674432930739927020764957830740771      
   5.24746127261811191292270860650850163      
   5.20726673119717708620326743652042788      
   5.16614932483207235190973600633185193      
   5.12409759724622293897648962852832867      
   5.08110001586644283933622836475157415      
   5.03714497320970073547957814142999694      
   4.99222078673028198586736187637057846      
   4.94631569955529601794287537557484907      
   4.89941788116374171200152618341901959      
   4.85151542753296449553020626773831136      
   4.80259636188443182805435256673921703      
   4.75264863487864018990815156356793705      
   4.70166012528231188148717796430574047      
   4.64961864002883054595098133072768586      
   4.59651191497022544005513700310084163      
   4.54232761483800176330502105214845637      
   4.48705333376902318059946533141783307      
   4.43067659564690121355671954240928834      
   4.37318485410812010749702102488519320      
   4.31456549314439805826397075681745358      
   4.25480582686626092928661979858453822      
   4.19389310020940253653588993378702739      
   4.13181448858633949873562496394829345      
   4.06855709871033520945701115359828969      
   4.00410796789714975967628038525798653      
   3.93845406496277971082345757387382417      
   3.87158228985993941955249605330137581      
   3.80347947393013449536304027857412077      
   3.73413238009190854618569713258107389      
   3.66352770265149444888526346449219182      
   3.59165206748584801888470888365316748      
   3.51849203231236037156205489075774198      
   3.44403408632244631685029385521813397      
   3.36826465051633298812822643843002982      
   3.29117007759502002847185286949990559      
   3.21273665181285871038831693213057547      
   3.13295058940299635824089097658495247      
   3.05179803823526989215817935240388643      
   2.96926507756802953325585131000137909      
   2.88533771911200423091370362665695355      
   2.80000190577425676982352668271139918      
   2.71324351177609936459546434681441313      
   2.62504834379740269373783820557798717      
   2.53540213928439431471275099721700738      
   2.44429056790070276441826552148199490      
   2.35169923057117104610471289229810507      
   2.25761365945692698217689338114184384      
   2.16201931893376577951144560647159165      
   2.06490160214150924727174665797009800      
   1.96624583806742396323372913674354513      
   1.86603728387139217127627181154389613      
   1.76426112844323261561158487629827888      
   1.66090249220500829770357753945880453      
   1.55594642665730520416725692261964339      
   1.44937791432725463568814019079539105      
   1.34118186872244282882778059112642967      
   1.23134313451331172330747662577174419      
   1.11984648732261096752834535711644882      
   1.00667663351809057210103558579728845      
  0.891818210263860718799703064566373345      
  0.775255785774946208278969017072235348      
  0.656973858833949657433969837651748919      
  0.536956858965303946349998847458977050      
  0.415189146177940138991791593481580979      
  0.291655011257745152180682628500412949      
  0.166338675571579272224629764073101408      
   3.92242908945257803432643060620204986E-0002
  -8.97040606373270116149951603824416277E-0002
 -0.220462366436379703211932417020640199      
 -0.353066683384832618857508154045342583      
 -0.487533138119312757990156061737695393      
 -0.623877927007800579306806822278117987      
 -0.762117316256753376073459801112444673      
 -0.902267641998463574144189053193143833      
  -1.04434530972946346646203597645177651      
  -1.18836679510585448621407422123238706      
  -1.33434864368157558947869651702766015      
  -1.48230747088725776604196776085782707      
  -1.63225996219160468503628683829061640      
  -1.78422287333952592459912804631251665      
  -1.93821302931490908831852930438184066      
  -2.09424732574007713220495855114068365      
  -2.25234272819361525821381246798586951      
  -2.41251627231936942007710849729163415      
  -2.57478506397572062369974063157308894      
  -2.73916627930294336161308006003873488      
  -2.90567716409855842243620973729664210      
  -3.07433503464189780122669898727865833      
  -3.24515727743932299903844188362315480      
  -3.41816134909045372093023506680913035      
  -3.59336477662876339155071958849891402      
  -3.77078515716402641928602658082346111      
  -3.95044015825269109602970533557461069      
  -4.13234751701107706384927798793474676      
  -4.31652504178791436605042643916518624      
  -4.50299061043316063736578023498003945      
  -4.69176217140056942518265180482382233      
  -4.88285774355085884733087421001587481      
  -5.07629541546565156806781868071951708      
  -5.27209334684876821995004294077025408      
  -5.47026976684423867365444652289041353      
  -5.67084297511762120527716856106818240      
  -5.87383134164914687956450211142286034      
  -6.07925330742064857260485211727257820      
  -6.28712738198773071485958141532961601      
