   6.46114195192883683103959025933776710      
   6.46114195192883683103959028499496191      
   6.46114195192883683103959030219465877      
   6.46114195192883683103871537259751668      
   6.46114195192883682895426228554531623      
   6.46114195192883639689349639121604997      
   6.46114195192881540594986617050860412      
   6.46114195192841660789100382823394982      
   6.46114195192442628703242473666672835      
   6.46114195189909330513268177913624300      
   6.46114195178381116935779176201451146      
   6.46114195137535779131723866169715656      
   6.46114195018165188171253444005637513      
   6.46114194718250772700546842401716586      
   6.46114194050472802586519957209795237      
   6.46114192702480573035272396893571300      
   6.46114190192260333155161293170633710      
   6.46114185821424359783849618203910192      
   6.46114178628850801113446550856760215      
   6.46114167347994389238303133854333291      
   6.46114150372379259664136907672861655      
   6.46114125723976114031296136470648505      
   6.46114091032547059829679679082359195      
   6.46114043526514415517316840710654262      
   6.46113980034733777471221540258065438      
   6.46113897000449893038655614837083077      
   6.46113790507465752652594393587373879      
   6.46113656317821816735312490970476664      
   6.46113489919479151813482474887820306      
   6.46113286581726442921692523175862225      
   6.46113041415886080787399542318363051      
   6.46112749435205600959057741097748151      
   6.46112405615385576454962718917979294      
   6.46112004949330183252287924781198279      
   6.46111542494913203753181520779808100      
   6.46111013404572159825866810957756951      
   6.46110412949529808912373876264686998      
   6.46109736526628628730303783925344106      
   6.46108979651512419564870496898270850      
   6.46108137937574372658651005972041319      
   6.46107207061667114488216834864706124      
   6.46106182715854751622758300834145536      
   6.46105060548214655293585069844032271      
   6.46103836120078390544664204888304319      
   6.46102504806400795780596744952704085      
   6.46101061732440841160121340806614996      
   6.46099501695653981815099365782540711      
   6.46097819087051345147430752379980329      
   6.46096007814893651060200287664339059      
   6.46094061228525872910933873754403596      
   6.46091972046844477110662148056669683      
   6.46089732287831175887916753244500666      
   6.46087333205903058640462878628525465      
   6.46084765251458674211828693331633125      
   6.46082017993097965639911227251183929      
   6.46079080081841546225838824557834495      
   6.46075939207095243962147997611017320      
   6.46072582059688463505522451333526447      
   6.46068994298992963305273259252895507      
   6.46065160521992619857851900962035519      
   6.46061064236047467567627363346715239      
   6.46056687844634593316676434600671290      
   6.46052012614144048629095677030638977      
   6.46047018653023134747544836910617978      
   6.46041684901442731968777853767492791      
   6.46035989103396427765334877352902857      
   6.46029907784367006159657659789808244      
   6.46023416234544218000960807042032755      
   6.46016488476916543009449860018663301      
   6.46009097245738262694407050144007620      
   6.46001213955609748067683573319148538      
   6.45992808659430120984932879375677291      
   6.45983850012195484211893464754616462      
   6.45974305225101383334291462035970980      
   6.45964140017891240707775228370826889      
   6.45953318555864546857587355866932028      
   6.45941803398037194623237564888241418      
   6.45929555409576957955626158164942262      
   6.45916533701583511353560981928165293      
   6.45902695534512281883659882552514480      
   6.45887996223119089767303562933534425      
   6.45872389033377121288986542067382364      
   6.45855825073447574272670813392114428      
   6.45838253166339468684087108462252656      
   6.45819619718867063447172802996043290      
   6.45799868576607070042755178816601498      
   6.45778940869072309763868707824096865      
   6.45756774841173238517606698593465768      
   6.45733305679955333983562242861555036      
   6.45708465317088117341472431407480230      
   6.45682182223076146207907343696052885      
   6.45654381150720942118029442342393902      
   6.45624982999965326315765085309731282      
   6.45593904468683295989880289756973790      
   6.45561057793757883505436068823554406      
   6.45526350647467595513242678088688988      
   6.45489685316999607918160886424654344      
   6.45450959138334329942534676057600377      
   6.45410063525910815835408242682920483      
   6.45366884008092912822394637745952376      
   6.45321299562662152074418018563240229      
   6.45273182441238637996781209850682315      
   6.45222397518497624839309143490851124      
   6.45168802025546673415572392667370524      
   6.45112244881155189582805798190484041      
   6.45052566466736328594022931954642746      
   6.44989597714111723855344054980398471      
   6.44923159850917207822100488202167076      
   6.44853063618272358238179535804023949      
   6.44779108723207571059577553739756822      
   6.44701083016973926002186811156895965      
   6.44618762004691743081128230401403431      
   6.44531907904539698722503295545449040      
   6.44440268902648544051075162247947751      
   6.44343578300700656861275958296367933      
   6.44241553731309746201095428147847216      
   6.44133896026684605330912602388572501      
   6.44020288385770341701101828913981835      
   6.43900395303655124672688776127073704      
   6.43773861396528391841804058731734288      
   6.43640310318127700392575129928956105      
   6.43499343604573058460758334401796721      
   6.43350539272487511077579712233124265      
   6.43193450634039164662867860620428062      
   6.43027604839913926382280715694530694      
   6.42852501445105793993807439613422935      
   6.42667610971721220943219503586971450      
   6.42472373382227043502219779830752239      
   6.42266196449836869366361431803114355      
   6.42048454308162990912865342530044856      
   6.41818485711646064775929867457281081      
   6.41575592517919883227851488438693391      
   6.41319038120122925947998934395421205      
   6.41048045900601723342145016797687018      
   6.40761797856440163623336434290579463      
   6.40459433303621765616541787918051497      
   6.40140047769077774088949269821513649      
   6.39802691992254878549503212749515138      
   6.39446371463367281130437031714678844      
   6.39070045998176215132773925691480337      
   6.38672629892993921449571184345834892      
   6.38252992437971125494960218625718939      
   6.37809959004815682547713141087358174      
   6.37342312405413794045383992077642007      
   6.36848795228610604024415009221657017      
   6.36328112287342651043640209921663504      
   6.35778933929276459420104233187697353      
   6.35199899603078895942000509800781536      
   6.34589621612457860068743351364825043      
   6.33946690139386246160603315345155019      
   6.33269677110585417330509469430109867      
   6.32557141283585949973130318278629141      
   6.31807632683832301589806130671048772      
   6.31019697155245108544574469998320601      
   6.30191880606997549660008540713966902      
   6.29322732959432724723362470212651873      
   6.28410811298939564494163382363692448      
   6.27454683507373672971582164268871885      
   6.26452930342145768971723787082124059      
   6.25404147842413508650821654310965089      
   6.24306948860014562547678699552380532      
   6.23159964485951764577921623218088152      
   6.21961844754983842844216908089273841      
   6.20711259262877118080925866291971568      
   6.19406897494184884984503419102504763      
   6.18047468693109740281263266694251516      
   6.16631701921254156476602916576105109      
   6.15158345410048475699291586654143501      
   6.13626166247686418214393767265085245      
   6.12033949820209962316209382804960442      
   6.10380498949179309227134426812573068      
   6.08664633336736839428514930428659924      
   6.06885188533637454919679373039086431      
   6.05041015253126283359798779018773688      
   6.03130978222684174154889965789984283      
   6.01153955431441327195471504426297127      
   5.99108836905558062039546264058178412      
   5.96994523788980431513409886943174146      
   5.94809927221286501551510991738675684      
   5.92553967144560096748493623292443296      
   5.90225571379135397319100449423946951      
   5.87823674166390510385649325497220842      
   5.85347215374611412127493725824270004      
   5.82795139119807638548852551530246175      
   5.80166392898909822700654135523725435      
   5.77459926205451801971156237680320605      
   5.74674689818307170505865514980426251      
   5.71809634551714221843413871880667845      
   5.68863710409695558626151570163426124      
   5.65835865665701642406786781643603695      
   5.62725046114419125939471250337028309      
   5.59530194226922743645489573845942703      
   5.56250248515466439750090735182474607      
   5.52884142857620781954423135911127539      
   5.49430805949745942519498442618085455      
   5.45889160798987208424575177314486320      
   5.42258124300151330324277613740509386      
   5.38536606820692269654420526099896834      
   5.34723511890362816732103965393303769      
   5.30817735900288831336486249598484531      
   5.26818167883381799331220010536299598      
   5.22723689288334999912436917074522980      
   5.18533173880853998691407843672252460      
   5.14245487541498883224521226759732572      
   5.09859488208069107382573005147141706      
   5.05374025799204307789218255885659013      
   5.00787942154397575725292461597949368      
   4.96100070992742615111416284969461368      
   4.91309237950988477936969367375411776      
   4.86414260488357034892818492299983451      
   4.81413947966045280276033298986354798      
   4.76307101651514030433205460698324116      
   4.71092514717944889256054162175133026      
   4.65768972299778246927852725042195210      
   4.60335251529653534570660959530522247      
   4.54790121550687719327544141426256392      
   4.49132343560624371029802686851546126      
   4.43360670901361176053438629771476113      
   4.37473849028183195322628631510311421      
   4.31470615617232702224143816999232802      
   4.25349700573126316123339818191055812      
   4.19109826069450495794245056095185449      
   4.12749706621148673856889517900729327      
   4.06268049082704016775075893767692217      
   3.99663552730410421693044118585801141      
   3.92934909259904375954521607962355336      
   3.86080802861369110893460149233428459      
   3.79099910193182990610659865089966103      
   3.71990900510679648172001073093170946      
   3.64752435573371812444003722305004021      
   3.57383169807249964241186944365007687      
   3.49881750205390254095699010385306270      
   3.42246816453027740826136827084749920      
   3.34477000897558399251958662031482193      
   3.26570928570294664976695306542812595      
   3.18527217244245306984179985286061043      
   3.10344477414082245387230740184746351      
   3.02021312339611055032732960399238448      
   2.93556318049160445718347433278779658      
   2.84948083364922691298061034189212413      
   2.76195189882191208695921543782395015      
   2.67296212059163723005633589736693642      
   2.58249717140007789402529024501800552      
   2.49054265239251652877424974657127370      
   2.39708409283391341308325921365185847      
   2.30210695092901164622208433348345953      
   2.20559661296073196573435325093323804      
   2.10753839485221179657529224810919744      
   2.00791754055935500123046494650285619      
   1.90671922313462426430614350166428502      
   1.80392854452689614363806738367224693      
   1.69953053577334495701847618475176461      
   1.59351015660315469235820596179936080      
   1.48585229621152600417254321292663181      
   1.37654177255175764392413799117711288      
   1.26556333279450548719796795640368672      
   1.15290165333978947400343600941900358      
   1.03854133958606610735816516618654432      
  0.922466926321721670536607914013329302      
  0.804662877248097045666495317624000042      
  0.685113585474141811534710863323519904      
  0.563803373428186216711987792628426275      
  0.440716492620066752257376924523330146      
  0.315837123906550792733838367446112567      
  0.189149377378952157630407997439110117      
   6.06372921876131103882620121093233479E-0002
  -6.97151628373714849471839773390969055E-0002
 -0.201924089858151554689826147585033536      
 -0.336005661761191306815236582637099602      
 -0.471976122164819544776201865994991769      
 -0.609851785199727020241135491324394219      
 -0.749649035940174992111316613742315650      
 -0.891384330060964680855904018141607209      
  -1.03507419406156555440911717567125591      
  -1.18073522497767997275872591509595513      
  -1.32838409075226771009608346912272983      
  -1.47803752990229099784425660990602627      
  -1.62971235169726626584434982165927793      
  -1.78342543617286150922749477718331031      
  -1.93919373405129795301270761171045885      
  -2.09703426673384892157662793849035847      
  -2.25696412631296390051296007046032790      
  -2.41900047561574564487357394410103789      
  -2.58316054828045430576857373206246202      
  -2.74946164838093338700327524511414420      
  -2.91792115080382132645979177756779147      
  -3.08855650139585444227741811371387049      
  -3.26138521634008937343539416586933556      
  -3.43642488248843812712362738337082262      
  -3.61369315755515274773764538210344217      
  -3.79320776983854464878173466477261633      
  -3.97498651828234100499609897816947744      
  -4.15904727240928363987242453171451919      
  -4.34540797243367549957035119375069774      
  -4.53408662930580861718912212807741513      
  -4.72510132430085987653178043580665750      
  -4.91847020946581565170392759981297248      
  -5.11421150737997598252016047061674415      
  -5.31234351122610018937699719740039405      
  -5.51288458464076176894776839589108548      
