   6.46114195192883683103959025933776710      
   6.46114195192883683103959028499496191      
   6.46114195192883683103959038329440547      
   6.46114195192883683103935709324519634      
   6.46114195192883683031477967778874980      
   6.46114195192883665107874836078435937      
   6.46114195192882675936538843329290899      
   6.46114195192861974256373532974673615      
   6.46114195192638482979167547691816378      
   6.46114195191130131470609180431008477      
   6.46114195183912847332082819244873387      
   6.46114195157248876040998858835344598      
   6.46114195076518607814040461961686846      
   6.46114194867459084219741282637912515      
   6.46114194389649951800299025864176292      
   6.46114193402896997681419751893539664      
   6.46114191528175940469486763945582597      
   6.46114188205421353645491341146686039      
   6.46114182650667261245274501731773421      
   6.46114173814974119806878408096721222      
   6.46114160346190167683247157383464586      
   6.46114140560442857471980340558734710      
   6.46114112417843759397687834253017231      
   6.46114073506788599941285617355560344      
   6.46114021040770763969924661369587079      
   6.46113951865721389620486813246856970      
   6.46113862478701441759135740280668107      
   6.46113749057637363366529603467761279      
   6.46113607500957601580135670191585855      
   6.46113433475250307777385944335078644      
   6.46113222468426152249296117341501503      
   6.46112969845884239745258512395260183      
   6.46112670903856237535299828409697481      
   6.46112320922858706310876112381320383      
   6.46111915207415456033324907615199441      
   6.46111449131103726805531086831930841      
   6.46110918150717962903712991698524378      
   6.46110317821315318613638071180710360      
   6.46109643794626425370012176908443448      
   6.46108891804216598513880956699915952      
   6.46108057638652428629596681225869346      
   6.46107137103254408515028162985327279      
   6.46106125972000143262759019200729799      
   6.46105019928498621794280477549640590      
   6.46103814502833792139179494425617764      
   6.46102505021222352976517951511436918      
   6.46101086511656999874541764495349971      
   6.46099553641870961912185985371512318      
   6.46097900648226678130663981917353034      
   6.46096121265377805607087953596789577      
   6.46094208660112140505965363672695151      
   6.46092155366601177111055491936884327      
   6.46089953226957377633544603077915519      
   6.46087593334223155287030687046125006      
   6.46085065982045862706471955865377198      
   6.46082360626841789335818676630279784      
   6.46079465841488922773836324147226573      
   6.46076369274651102559337775368204154      
   6.46073057620958467571076791302832948      
   6.46069516592388998330915436329455158      
   6.46065730893684528727025569643017017      
   6.46061684196441278607830917820394244      
   6.46057359120511232568751960562970478      
   6.46052737212975355923746328238216587      
   6.46047798934051516105133894101037484      
   6.46042523628710509767856755431079453      
   6.46036889508646715199677977021009158      
   6.46030873639041223409348474289809689      
   6.46024451909177421518347983107320850      
   6.46017599005317478166631109540543922      
   6.46010288391098167044413973910660470      
   6.46002492260762581890671387776686793      
   6.45994181524301237413630385071519468      
   6.45985325749498248936888856520147799      
   6.45975893120374024971611284128787323      
   6.45965850387330041460136661593450660      
   6.45955162808490965501901410146164548      
   6.45943794087959884232338213041686240      
   6.45931706297905807736305148095832866      
   6.45918859811388356710101249095633151      
   6.45905213198709966327047475207878299      
   6.45890723157471637980646622520091531      
   6.45875344386327304568649370255971470      
   6.45859029474220722555346618300337170      
   6.45841728789694819938242348714699941      
   6.45823390336590184799716288783846759      
   6.45803959616363091330061239094182131      
   6.45783379471953005189543044134079908      
   6.45761589918490231266902670214404792      
   6.45738527968933096562608829428535356      
   6.45714127436540844292110634623592728      
   6.45688318743278278637168606027440045      
   6.45661028691732380911988851033746464      
   6.45632180220436598833080733120265670      
   6.45601692169902136999051673558098222      
   6.45569479017528926116491510116377770      
   6.45535450513762238592872110218869144      
   6.45499511603809341179400797577216555      
   6.45461561938986058870745647425584890      
   6.45421495331206706145555617163384879      
   6.45379199865672303441132708016875203      
   6.45334557233097202142576239212957691      
   6.45287442273676099617641185054248354      
   6.45237722758813195147867043913452447      
   6.45185258761326748903060779379416210      
   6.45129902135129232924227403178351580      
   6.45071496188587548739214215435421167      
   6.45009875116630482627813530045497771      
   6.44944863147561235772304583313022891      
   6.44876274354616357650287708519342725      
   6.44803911651887403135999551819568527      
   6.44727566399286736299321987091232526      
   6.44647017432451885151629317234981851      
   6.44562030461520653004040538135873185      
   6.44472357228277988636543504590348792      
   6.44377734641724827827149313588025753      
   6.44277883852327060987825584527927281      
   6.44172509351183528951092201159614900      
   6.44061297965101481073236957594835145      
   6.43943917732737165631894413291670975      
   6.43820016880442710397232301894812542      
   6.43689222559059801127300340665311475      
   6.43551139696247520732865246261855381      
   6.43405349614282413300038635779840027      
   6.43251408743219466989312294308268595      
   6.43088847168974708607191824165102928      
   6.42917167181531555280923032351000490      
   6.42735841685771330289615320082503194      
   6.42544312628357487405686370531369850      
   6.42341989511980827076884632289488481      
   6.42128247497012172561220332923449962      
   6.41902425923870209200262557096519242      
   6.41663826528166085390925453688462148      
   6.41411711781621454395569442407061665      
   6.41145303345999411356741042600778182      
   6.40863780425372491762765162426874525      
   6.40566278468640322029716705004724012      
   6.40251887871187969020577641966118274      
   6.39919652926667168113351462547676585      
   6.39568571154203155944807324159228811      
   6.39197592823703573904234254283282231      
   6.38805621001942798315009978382159886      
   6.38391511995093364375455866628101202      
   6.37954076343200889959121895064834612      
   6.37492080334340302813513693833169017      
   6.37004248225581362782783805162725481      
   6.36489264732701044382500002756963590      
   6.35945778627991220963524896308973054      
   6.35372406415211979345579229415091493      
   6.34767736590017370966706821835664676      
   6.34130334269335698058015589452583776      
   6.33458746045544224392424443326340044      
   6.32751505030837397157758980533341662      
   6.32007135806420432896664272544231858      
   6.31224159020306980032113080554413670      
   6.30401096050165874896221827919777767      
   6.29536473055679692470981486482405426      
   6.28628824469220605437194675857135762      
   6.27676696629810594946949733073137508      
   6.26678649727562417215462388082011260      
   6.25633260634428867254581034837175146      
   6.24539123973647897405754113508104607      
   6.23394853654943815987818610367931905      
   6.22199083331572364758034892607942419      
   6.20950467121078971350781713715493798      
   6.19647679454093611516105472983952965      
   6.18289415119243231709434484918154291      
   6.16874388772519820978260604542270429      
   6.15401334480274607995734330555175780      
   6.13869005187559668649181820526373542      
   6.12276171916211593524155921774142838      
   6.10621623070453593584101484604358010      
   6.08904163483114774780579940396410786      
   6.07122613791238832467288144565518650      
   6.05275809302363110992683311449507033      
   6.03362599275660474364663746432513171      
   6.01381845866380868405233418910721351      
   5.99332423284022270409189673166655505      
   5.97213216750966000382841741499632310      
   5.95023121527732939523825222029026774      
   5.92761042044661574466996556281902654      
   5.90425890676813631931705993797949310      
   5.88016586878599332111398606785142299      
   5.85532056095781755277731770438384338      
   5.82971228794030055542701513522274542      
   5.80333039518217218463275015169535069      
   5.77616425681711642998157528032869300      
   5.74820326631544985622409943748585567      
   5.71943682898481224008137565848691667      
   5.68985435044038708996325429603621924      
   5.65944522880428063795684299525835117      
   5.62819884625967798526162587221125620      
   5.59610456119699328539294200268587817      
   5.56315170084907379678607214213287413      
   5.52932955439966553832561438466296660      
   5.49462736739948055501245472666728122      
   5.45903433525672970904963037556085551      
   5.42253959885126100930242764870033454      
   5.38513223963576848115269517706137205      
   5.34680127592903552702115207073978056      
   5.30753565931238421528672525510518211      
   5.26732427154999270664550319856270637      
   5.22615592219906335060241267698797327      
   5.18401934625867589643851829242654913      
   5.14090320252506502317892611488143523      
   5.09679607192859406931146726955272110      
   5.05168645658825861439305492243179651      
   5.00556277869954790859089398071800644      
   4.95841337993328693546909585056627293      
   4.91022652085485055489212562781160446      
   4.86099038110595240609009050491011600      
   4.81069305844084325531930994842506190      
   4.75932256916110974641900077690848067      
   4.70686684822956719038172794850483256      
   4.65331374923119717683731893402927382      
   4.59865104490426091300062381472944449      
   4.54286642710979572297538469505240420      
   4.48594750704488051272396387655682470      
   4.42788181624020068809171321251319546      
   4.36865680618683115689056962298436722      
   4.30825984927821909527924112127035210      
   4.24667823893782286889541125134172508      
   4.18389919017296437903708318302051403      
   4.11990984001070802689281339774421172      
   4.05469724767091387878484690010836175      
   3.98824839525657054807212338634054330      
   3.92055018807627900835909471641981573      
   3.85158945484701475722485462092167249      
   3.78135294832124446117341674049763660      
   3.70982734535431134258190727863952682      
   3.63699924763209192653641993129779456      
   3.56285518140868825209548110500530813      
   3.48738159853145829283473431385267466      
   3.41056487606234962569433628947808633      
   3.33239131705747384691250431071828159      
   3.25284715045352835047780840264199835      
   3.17191853149331446264223785006218582      
   3.08959154196309084277118249107510055      
   3.00585219042126956813580019021830417      
   2.92068641215373365249349204218503319      
   2.83408006969832787173838909376416173      
   2.74601895283482206722857025588902070      
   2.65648877871831029828055866881848319      
   2.56547519217237308054541610576381530      
   2.47296376553520405101710544915022434      
   2.37893999931091319383722146898979432      
   2.28338932156354369938880487314217370      
   2.18629708873156252422616925874405560      
   2.08764858521927178951301737606688265      
   1.98742902405969625871015479265407880      
   1.88562354608981625968340697556094305      
   1.78221722088899973318706139237053705      
   1.67719504639275628156807639712140487      
   1.57054194923755628664999152697944317      
   1.46224278456764982963679012145252358      
   1.35228233612262048732752846654859611      
   1.24064531641299834869806696199074214      
   1.12731636675347194195035013189216005      
   1.01228005724769623302367978106287651      
  0.895520886775187526582781968724268014      
  0.777023283083352237718662397407751177      
  0.656771602896509234281307246204665662      
  0.534750131587490887999531392139865347      
  0.410943083814846518500292694665276016      
  0.285334603115601826972623961122519156      
  0.157908761810683147112838211381576823      
   2.86495614874782076323998875012050615E-0002
 -0.102459067413910251512752661234888008      
 -0.235433265466432732024067542401262126      
 -0.370289244040945203498245110212292638      
 -0.507043285567425985175366852811732094      
 -0.645711743301903974276830379945898082      
 -0.786311041552673038189656364469849280      
 -0.928857675415465447505575275209614340      
  -1.07336821094517631422074796320027837      
  -1.21985928525971527445030692275466204      
  -1.36834760604384081033524671924214825      
  -1.51884995204871286885349661220384220      
  -1.67138317283756223257485495846088024      
  -1.82596418899724248460316780721118440      
  -1.98260999174196393848597023980163268      
  -2.14133764323623394739422118824685587      
  -2.30216427663206488041092862166299301      
  -2.46510709559991033621122857810799488      
  -2.63018337486038434324505550295219648      
  -2.79741045987387264350491110855011763      
  -2.96680576693187630763216116251986779      
  -3.13838678309075680006856915192701888      
  -3.31217106621118661827393172335748674      
  -3.48817624495179411309137358454332384      
  -3.66642001860712448367239334779859606      
  -3.84692015738277459357692660417490760      
  -4.02969450210433759621792600021121430      
  -4.21476096430372419398326331468662373      
  -4.40213752634147449197192248532540467      
  -4.59184224113472283416149590956720302      
  -4.78389323228970670279519187543299381      
  -4.97830869411858990642488125279979459      
  -5.17510689149244952417076602799114195      
  -5.37430615996633237143828526970345761      
