   6.46114195192883683103959025933776710      
   6.46114195192883683103959028499496191      
   6.46114195192883683103958322865346945      
   6.46114195192883683078620411237370034      
   6.46114195192883663673802723726628140      
   6.46114195192881783250732630153458871      
   6.46114195192829036433617651645032020      
   6.46114195192168715240848094761668741      
   6.46114195187406754725845575877456874      
   6.46114195164174184569530322337365247      
   6.46114195078975205127029966125596081      
   6.46114194826775750310247620469427313      
   6.46114194193521760501447928953826575      
   6.46114192796036929759387077444820358      
   6.46114190009969977959041216953356215      
   6.46114184910844116276075883904836359      
   6.46114176200740782428103381179763295      
   6.46114162147365623837479230595077305      
   6.46114140538955382801064047746566394      
   6.46114108648270773097776548033482493      
   6.46114063211317368966004755650338729      
   6.46114000420286780276565487640218662      
   6.46113915929075510182821461179274639      
   6.46113804882950165709076505221106538      
   6.46113661953208852890899499811877355      
   6.46113481392825194510739334400541953      
   6.46113257103738239340806728283995892      
   6.46112982715698970248506103978395542      
   6.46112651679350857679721883075921665      
   6.46112257355434076471110128304223666      
   6.46111793102341269354074419572171445      
   6.46111252359413439779339260359579313      
   6.46110628725693183350712701095120838      
   6.46109916013832501197036821763718074      
   6.46109108280015035765294012902104514      
   6.46108199865633997706505093084988378      
   6.46107185374201200893220904984888702      
   6.46106059649405498147756511695209971      
   6.46104817732760330398335691926559659      
   6.46103454796592313705038750986826683      
   6.46101966070548615996696832016431200      
   6.46100346743256585157375267458817963      
   6.46098591851157838278410917338954510      
   6.46096696195113847186510847771041535      
   6.46094654196284938578820353359422842      
   6.46092459793147605443281593704971663      
   6.46090106326333736133675177315720696      
   6.46087586427980297877498134862704873      
   6.46084891914631855323161479727959979      
   6.46082013683253016709644838271130207      
   6.46078941632989350790697923433078178      
   6.46075664574345832209712242135668184      
   6.46072170144127712086974935096321801      
   6.46068444743869587644116218897475521      
   6.46064473478153984501919768211638398      
   6.46060240102651593713805354762036690      
   6.46055726976225968173474773801067706      
   6.46050915022643587017899264085499009      
   6.46045783696226458628714702170316107      
   6.46040310944362466250144707934185097      
   6.46034473181087769316444526678333917      
   6.46028245260970556824889818214103083      
   6.46021600462565855979244062135994425      
   6.46014510452977446955682787841643950      
   6.46006945259160476033493113813378792      
   6.45998873259986305809491146093718139      
   6.45990261137827283691668698194287091      
   6.45981073850611436090769212939853524      
   6.45971274600024613488238554166443554      
   6.45960824782618832046057864124195185      
   6.45949683945537524699947008606793394      
   6.45937809735505927822690800219677500      
   6.45925157828320907292033188227862951      
   6.45911681871497628146778131176605754      
   6.45897333404062028902117162188779198      
   6.45882061757731531263969070608498721      
   6.45865814011043644883671935555328278      
   6.45848534743402029457932810082447651      
   6.45830166168731574957077120265991292      
   6.45810647795983312540112792892628904      
   6.45789916359919433186203016047231805      
   6.45767905708833594752522299655111351      
   6.45744546617164641711956664850975313      
   6.45719766551163140933278606111932039      
   6.45693489610298939663018614575064509      
   6.45665636179098943446444628489025709      
   6.45636122898532646460675177947042904      
   6.45604862256859493805697929840435679      
   6.45571762402297067928776536380936753      
   6.45536726952732995766909616906002069      
   6.45499654645650837399765055081003019      
   6.45460439038275059259377646762417132      
   6.45418968263619105362831071489596523      
   6.45375124625913128208177603076251921      
   6.45328784262651185053210861644281755      
   6.45279816781249744127196504722427153      
   6.45228084914874047649304593629326108      
   6.45173444012904945811124972462993929      
   6.45115741652422134326837726885515426      
   6.45054817165919639940956182056774191      
   6.44990501168339255353737029790894692      
   6.44922614998229794485394865654420071      
   6.44850970189016657895326231801701795      
   6.44775367916298587657871766901328874      
   6.44695598371829993810814522295681476      
   6.44611440091751558649322860925675784      
   6.44522659365347672905355904954612393      
   6.44429009457979002649210724898314996      
   6.44330229885561657369605805886118993      
   6.44226045668541686568454771737087800      
   6.44116166453786726321357546952446335      
   6.44000285718147170491014328446726711      
   6.43878079852697780423552066121003899      
   6.43749207170162132323591539332081558      
   6.43613306987031893620908707251788623      
   6.43469998582362539523826956777726070      
   6.43318880129604569740673385409009775      
   6.43159527549985071477074100549362488      
   6.42991493444373968955873861553602052      
   6.42814305828725741371302574383998830      
   6.42627466970275227574094420566319514      
   6.42430452059274187392265991419488415      
   6.42222708067393142906708081756374819      
   6.42003652303923847338291425178909109      
   6.41772671265532369272608310953845950      
   6.41529119287294602811928971960080373      
   6.41272317249544848583908728468028078      
   6.41001551493793024919952077686564199      
   6.40716072527031598054557943315208558      
   6.40415094138380144569902742213423605      
   6.40097792305616805211905870318018019      
   6.39763304590423592275652069056686892      
   6.39410729497632466579633461196991750      
   6.39039126124891135347335906796171761      
   6.38647514123987381923571073701829104      
   6.38234873938500996420604753934362197      
   6.37800147390721319532008484913312786      
   6.37342238561819584219302638138626189      
   6.36860015255371768818301626381358089      
   6.36352310468940926780739943352209611      
   6.35817924755619573228391826985687556      
   6.35255628783299255507850761441781345      
   6.34664165685998013950452077316515413      
   6.34042254710315797001642929851023889      
   6.33388594499081641484128894801000887      
   6.32701866558205153234441305924963888      
   6.31980738855861712412123276265449540      
   6.31223870003301338373579121469224993      
   6.30429912508311891292804709092576629      
   6.29597516791148276474261334990911317      
   6.28725334390176904399254566426619763      
   6.27812021529005880581364649772390110      
   6.26856241848837523227472547645286833      
   6.25856669356099689178337608893098654      
   6.24811990834721243405338620133702498      
   6.23720907812384979305629295072484060      
   6.22582138515923478508863997269309932      
   6.21394419161660455878573211937289560      
   6.20156505121862472774142939714049309      
   6.18867171613315995234127585078477365      
   6.17525214189991705320972133449711584      
   6.16129448816588892621914908545183708      
   6.14678711683885736296647146364198113      
   6.13171858892646800174938890814808193      
   6.11607765462904630508139945254538750      
   6.09985324595323765132635479918058079      
   6.08303446518300502809559570042113820      
   6.06561056991221126843140086772364355      
   6.04757096047327960838510326026349651      
   6.02890516150229244208675343869917888      
   6.00960280858430528014819493607873686      
   5.98965363011981112832568905552301641      
   5.96904743136282055767923081424085644      
   5.94777407636015444040592104047394067      
   5.92582347387199764515323415250683686      
   5.90318556197232823684055861043936332      
   5.87985029334326035206432115927684078      
   5.85580762316709633991607897384538832      
   5.83104749703839738563176578580739904      
   5.80555983802843377400682115897024017      
   5.77933454180253369680923974943503000      
   5.75236146216148417878469306816337102      
   5.72463040826880258038018433934146209      
   5.69613113601573216511632474429780964      
   5.66685334275185320104272569957006400      
   5.63678666311585546040735404887697346      
   5.60592066448805252666245044747240252      
   5.57424484456949829425819037349052021      
   5.54174862828309532345111125291885556      
   5.50842136608788710261023529563912090      
   5.47425233146678607636925258090423526      
   5.43923072174671210877939123859803627      
   5.40334565506650212910207883385626466      
   5.36658617139242413671870628639174325      
   5.32894123126613785496970015578591451      
   5.29039971637852977478507111877084728      
   5.25095042963267784315859769019620595      
   5.21058209271427618139860849911972792      
   5.16928335249035503979238883278973379      
   5.12704277518020067600340380203084464      
   5.08384884942825549477837839896330662      
   5.03968998657927075243047539809876325      
   4.99455452150997090432861582887646885      
   4.94843071181812255457387177460778897      
   4.90130674009368825332869644547200299      
   4.85317071264002516697023263505968900      
   4.80401066140487757907377844947862023      
   4.75381454355667750301337272567343249      
   4.70257024253408107794567394909999530      
   4.65026556776270910320446573477085228      
   4.59688825599199316487162499883777611      
   4.54242597090645786494918432414614860      
   4.48686630367498116189535579943785965      
   4.43019677388037688245977034770247310      
   4.37240482900398757716223183002687548      
   4.31347784524047638580210244846033928      
   4.25340312772606569087516083530508022      
   4.19216791052224804922405184721871475      
   4.12975935723915074625368959239527455      
   4.06616456101507682087013090679631355      
   4.00137054466892385309862056438292266      
   3.93536426120944596069112952199736263      
   3.86813259350061936249968306191098252      
   3.79966235482041176716410259504102651      
   3.72994028883188980956982564525794112      
   3.65895306967163399248895988281840987      
   3.58668730206812345124751569168171979      
   3.51312952158444936408054320666101335      
   3.43826619439535279059582465891392197      
   3.36208371749882476678236989383489890      
   3.28456841893717399919210338990610967      
   3.20570655771509905867589564880451565      
   3.12548432340297617466335815795090509      
   3.04388783733405417613354492771097980      
   2.96090315109935163253118487580896544      
   2.87651624767743733766307785612053385      
   2.79071304159293700635961912363298698      
   2.70347937841055790041076762822819926      
   2.61480103088137464413194820878781733      
   2.52466371065267979586704570389725867      
   2.43305305251878651105347372470772533      
   2.33995462964656329094093777234631705      
   2.24535393599182892860720824938223396      
   2.14923640867037260388883320581359468      
   2.05158740733114476259714496153937308      
   1.95239222439416197561922960887039092      
   1.85163608553330579198336976685436993      
   1.74930414415592748470569829527030038      
   1.64538148601417526764730443186907888      
   1.53985312741852662783764808486057997      
   1.43270401603944371405839555105499336      
   1.32391902835652161732309879081676121      
   1.21348297436554666329085019779432969      
   1.10138059296755751663675139085805844      
  0.987596553599536470359677986460074570      
  0.872115456518296527256364699639327626      
  0.754921832521018491947130966867256098      
  0.636000143013691043438585876642907937      
  0.515334779612113590002445671261453334      
  0.392910064429636591211317905536563762      
  0.268710249495320783803741324661762315      
  0.142719518002315662549128501860455703      
   1.49219829845950990320790552217310873E-0002
 -0.114698312223400045555400144469438207      
 -0.246157394455207826865235047840420288      
 -0.379471359901657094385685607818029658      
 -0.514656374601332538732658080197053574      
 -0.651728674709926324341597007672128284      
 -0.790704566196472122872736049745072793      
 -0.931600425176708022798911673926338870      
  -1.07443269765946052217704616870170773      
  -1.21921789940494015606123224322859475      
  -1.36597261648922682318359190488266750      
  -1.51471350500797488465478863647282272      
  -1.66545729132856419220521521183838144      
  -1.81822077201655549217063694673724854      
  -1.97302081294489814799702354842423723      
  -2.12987435096300195111781382690372298      
  -2.28879839288329742728718006893746880      
  -2.44981001606722903401989786653399880      
  -2.61292636758207256514881652614093935      
  -2.77816466481525280799446769046947150      
  -2.94554219555489575215151303068366127      
  -3.11507631777968317683617311514592485      
  -3.28678445998873333329980491316189676      
  -3.46068412088343124320434825041612828      
  -3.63679286922389115559305515693936321      
  -3.81512834414408958610587404500379454      
  -3.99570825519514344602518560097269997      
  -4.17855038224910784442381589879017445      
  -4.36367257539710156652395308745508267      
  -4.55109275530602914992797222625015197      
  -4.74082891298357900559980152428333458      
  -4.93289910928424646041513543334563543      
  -5.12732147568054776219779268098803648      
  -5.32411421396427495083938171061062785      
  -5.52329559626713694565472475435310812      
  -5.72488396497957440304537022739686195      
  -5.92889773276624764650554764806494494      
  -6.13535538270658165084416550759035433      
