   6.46114195192883683103959025933776710      
   6.46114195192883683103959028499496191      
   6.46114195192883683103958646774750861      
   6.46114195192883683088387525892894892      
   6.46114195192883669942175906950347903      
   6.46114195192882309845585455037371021      
   6.46114195192842308411206837255286677      
   6.46114195192323200476920898196353216      
   6.46114195188472441236834612908852430      
   6.46114195169254521192892430860878603      
   6.46114195097457125781448456544698339      
   6.46114194881617997153126395929623054      
   6.46114194332549037843203478238325377      
   6.46114193107279478308017618961597027      
   6.46114190642290130273398096461211095      
   6.46114186090383936766573860224637222      
   6.46114178257369911841403736698423383      
   6.46114165537085456173244275608699589      
   6.46114145864832285353133986929468163      
   6.46114116680759862135014489745680192      
   6.46114074905464966940439131480535316      
   6.46114016930037308024326161379808789      
   6.46113938618017912651799054326080867      
   6.46113835331743366534960513446912836      
   6.46113701962049165494949624183212605      
   6.46113532979992276216247151044057116      
   6.46113322501785055792788403143736874      
   6.46113064361595291050122129018323093      
   6.46112752197564377845369130953417390      
   6.46112379546519252508367968329278567      
   6.46111939922594956100776641799766618      
   6.46111426903445676472887750248561333      
   6.46110834199165947369878840639838559      
   6.46110155719369424569779715699224164      
   6.46109385604392571160427480219136648      
   6.46108518242238372576088346395159814      
   6.46107548294101210820450620405468094      
   6.46106470642754947911075023408525031      
   6.46105280365049804621037164199193667      
   6.46103972671553468781652011268179279      
   6.46102542829854341905886548043959800      
   6.46100986080402496164338654814174608      
   6.46099297533595663081509682036096612      
   6.46097472063001220334501839547096354      
   6.46095504209050903669034678077359940      
   6.46093388047916184271333128225426554      
   6.46091117089729051102730599068606819      
   6.46088684170135612854146374986834872      
   6.46086081347296029303436245001961369      
   6.46083299802800270772323514397761379      
   6.46080329748827225989469095700087928      
   6.46077160354170645474909937874408898      
   6.46073779668669094923728316998098705      
   6.46070174543335127678930980114363985      
   6.46066330578024814972266957714707526      
   6.46062232067386550322704233642455946      
   6.46057861955875137310795122610651295      
   6.46053201796383806359517118645313057      
   6.46048231715354769267071627037655687      
   6.46042930385416474299869170163830674      
   6.46037274989083514233823132614313478      
   6.46031241196810156114399453147383469      
   6.46024803136797050655726849892249240      
   6.46017933387096581316923667429635196      
   6.46010602934838906059357241572956637      
   6.46002781148892634650755223569817664      
   6.45994435765830407498772778614626085      
   6.45985532845840344084526948216108056      
   6.45976036737381888620734383218894351      
   6.45965910042155884213531452458360632      
   6.45955113564465311817702048315248803      
   6.45943606261158194263400149366912690      
   6.45931345184663559179115176530680760      
   6.45918285408790485039048344265730548      
   6.45904379966714816267653657162689880      
   6.45889579758471705015867384821256898      
   6.45873833456018447346453937530242677      
   6.45857087446171581370929105312902822      
   6.45839285600136764297630257739786488      
   6.45820369311574272504362111932677233      
   6.45800277293291528960957709047760692      
   6.45778945355041142948006254675438705      
   6.45756306402420049501666869891506098      
   6.45732290193888157525752866716158582      
   6.45706823036667503900979164268451527      
   6.45679827842889897725393827524570475      
   6.45651223705843075925481129852610643      
   6.45620925765169074891315858995103875      
   6.45588845032445906583206251684661951      
   6.45554887971072131139864147016025302      
   6.45518956355385627088475653337001747      
   6.45480946975761433279863986720371221      
   6.45440751266665224027730139796642874      
   6.45398255042383813172497056094209612      
   6.45353338135570567976362403598343367      
   6.45305873985191713022349531970104403      
   6.45255729326210132288992543380906128      
   6.45202763753754992202307363565113870      
   6.45146829254115403315650783255635899      
   6.45087769797626178847517062140080681      
   6.45025420835647504203042045311716105      
   6.44959608793108013193691038444494763      
   6.44890150554092496262105716465249916      
   6.44816852813015055099983516191902503      
   6.44739511633869770545702468313143815      
   6.44657911654811903563433720860443634      
   6.44571825547543830720529277483194875      
   6.44481013265000929048917948716810584      
   6.44385221330085548098744611399707574      
   6.44284182039262791354392595009842537      
   6.44177612722643943688364571498820490      
   6.44065214816715083241305120693394279      
   6.43946673036575135105635478947165653      
   6.43821654380719729052948744178860041      
   6.43689807304492986399607167031296686      
   6.43550760459706688117340325437330569      
   6.43404121878953197284531993405040129      
   6.43249477747400171363501108301182567      
   6.43086391242407105556890253549110020      
   6.42914401454233383239599507598446267      
   6.42733022052705388229894158733064366      
   6.42541740107820528298947588219274512      
   6.42340014751629123320681127648786036      
   6.42127275928407287934117106394083554      
   6.41902923012991937555142471902126387      
   6.41666323621932968092797311962158215      
   6.41416812155219089314615333652612463      
   6.41153688702069085431106350804696276      
   6.40876217732911018952960244927712286      
   6.40583626997499874727969801625187336      
   6.40275106549051046149534763695847677      
   6.39949807935093506771256685960023644      
   6.39606843297532976270326085727750893      
   6.39245285186461689529378587558244474      
   6.38864166158770356124766120960992194      
   6.38462478960536536570181381997192894      
   6.38039176859112705317613624773774059      
   6.37593174505577256190835810833028094      
   6.37123349135934995251281602094778738      
   6.36628541922318911158091043172004256      
   6.36107560200418834380893344097916625      
   6.35559179597422745819400163103496729      
   6.34982147080088778901996550801960049      
   6.34375183698792983365332765130490438      
   6.33736988063716778021088214236148227      
   6.33066239809136844990240001154997551      
   6.32361603732423737461566522853055311      
   6.31621732945877874883524466088365059      
   6.30845273145613958862816775232366253      
   6.30030865926130132934316249610963069      
   6.29177152956798270574446719782530683      
   6.28282778723475989064356599902212828      
   6.27346394096607383675003996002104348      
   6.26366658928174267773852915228200669      
   6.25342244749249074452710066844684363      
   6.24271836968272432291603249530270767      
   6.23154136648687098821556762630414418      
   6.21987862252922085561563117414993970      
   6.20771750653678195289564807890946105      
   6.19504558228303898752270605181342140      
   6.18185061258098569751779993310351110      
   6.16812056335747710264766810617673412      
   6.15384360271651233269055539185832638      
   6.13900809827465756142360737095285155      
   6.12360261329587785703634996094758101      
   6.10761589600874869785038930271430155      
   6.09103687201316408009431437301779416      
   6.07385463256401777396785379303810333      
   6.05605842018059207929940741370207693      
   6.03763761510589642018843005950057060      
   6.01858171954780859347636252083367900      
   5.99888034211345738612640476368182029      
   5.97852318041678362096767432193533921      
   5.95750000598540335766740127380638138      
   5.93580065055908944389841825234764248      
   5.91341498484081129436999144726987944      
   5.89033291057993747638477893182438181      
   5.86654434139137072915468032501302336      
   5.84203919308766600201559434361648088      
   5.81680737110840172918714772700413879      
   5.79083876047815311981821194326732059      
   5.76412321486957929969507761840500646      
   5.73665054939865897751066062588042119      
   5.70841053349629391974674052586628717      
   5.67939288227313781854721692493425019      
   5.64958725476270124670417832735785793      
   5.61898324596151785809783835999050952      
   5.58757038413748663099347282019671751      
   5.55533812795155217108352979422617349      
   5.52227586313366432179486653159645531      
   5.48837290097467404600603736433637211      
   5.45361847659334190451481848133057981      
   5.41800174770145056779965636453460735      
   5.38151179261584223157483698489243667      
   5.34413761294397900954962673770962976      
   5.30586812875332664548455105837531394      
   5.26669218236205269553297634948625710      
   5.22659853573493649795176280625060889      
   5.18557587204879845106882899796545383      
   5.14361279476699861307790195379860928      
   5.10069783007669560117210700655509477      
   5.05681942517954989604497719046984951      
   5.01196594959921496996237639676626416      
   4.96612569499227124130428056695603709      
   4.91928687700366811564825813589092687      
   4.87143763464708504146426214923523721      
   4.82256603035069768493522588408551863      
   4.77266005305060582129324954877794016      
   4.72170761347179348460581248826267407      
   4.66969655167717558410466551882944310      
   4.61661463193824543810181556491286450      
   4.56244954376480911590274758351624268      
   4.50718890576089064980047640598666303      
   4.45082026286169138450649662854803985      
   4.39333108624893781875922719769003125      
   4.33470877716294075438335030574206953      
   4.27494066403997971111157452125440908      
   4.21401400272646226235690567189097388      
   4.15191597964246930571418378242433908      
   4.08863370939690963080692137546034222      
   4.02415423560279548156916929488953482      
   3.95846453181664437755783958304499016      
   3.89155150047009699353517259757893279      
   3.82340197459255897450535626024513265      
   3.75400271661276809182015725736709203      
   3.68334041922083501866425685130744681      
   3.61140170528813061202073926088218423      
   3.53817312802700045113699106517891290      
   3.46364117100870046778999200104452768      
   3.38779224828458982534290796029629693      
   3.31061270446332369560488923398996717      
   3.23208881474367564670131573701981245      
   3.15220678522265157381576779075934910      
   3.07095275228848493879528372296577639      
   2.98831278356611475500146814715189779      
   2.90427287720090796190431853694248324      
   2.81881896191479726206055149442699320      
   2.73193689780499945104501491645158702      
   2.64361247554480530143216334697449940      
   2.55383141643134646296662178503837697      
   2.46257937272061498921424853834835169      
   2.36984192768773319543749940556762425      
   2.27560459518933390231738854269635660      
   2.17985281993988581610567019847391243      
   2.08257197767294759853652726863554696      
   1.98374737397223023855788580850557055      
   1.88336424668991596505847213314610386      
   1.78140776281197858293444240388294317      
   1.67786302133139360956909903941904446      
   1.57271505081101666492413311468571718      
   1.46594881166207604129914144233751069      
   1.35754919304189894096121020935740632      
   1.24750101704015344979113222731628451      
   1.13578903413056365468503623593264756      
   1.02239792685845042811756858796748677      
  0.907312306480208298457055688422343306      
  0.790516715086979268457868242509645261      
  0.671995628181391354205032332030912575      
  0.551733447834917834775196842740882502      
  0.429714507937796705818262065658927728      
  0.305923072964814614208661951583228023      
  0.180343337149818996030662317888376416      
   5.29594248036219880817215967870779337E-0002
  -7.62446092379482731827348912684197654E-0002
 -0.207284780103793045938509622506779058      
 -0.340177172825869539408136696878014480      
 -0.474937942891524869539695579896890861      
 -0.611583314589193540343395355605837107      
 -0.750129582923081933839394727662372421      
 -0.890593112825433966682303247966522796      
  -1.03299033908839853348819329714559135      
  -1.17733776727446497513719019658077016      
  -1.32365197208977075595155839943718349      
  -1.47194959868914094162164289907436463      
  -1.62224736242988032337135947107068790      
  -1.77456204897857421775450655139297757      
  -1.92891051374027064111538599184494965      
  -2.08530968352463373796857438202651577      
  -2.24377655354406742419112663895517739      
  -2.40432819035008775718833545196858172      
  -2.56698173063212349825647236053611979      
  -2.73175438140576484654536963358505448      
  -2.89866341991457076958806178137305355      
  -3.06772619404792764029160390643657238      
  -3.23896012078762732165144508467243140      
  -3.41238268857133120795548564309589782      
  -3.58801145586619742326186059300771144      
  -3.76586405153340318446799764729304843      
  -3.94595817523192881095358156060121303      
  -4.12831159568094248948397577824808975      
  -4.31294215286430830227395098325203156      
  -4.49986775700654029229091820704964342      
  -4.68910638860723999831001807341111913      
  -4.88067609864391165552323099299421200      
  -5.07459500855705358575533614624759122      
  -5.27088130958503690050672538674020737      
  -5.46955326362638688088573392959603045      
  -5.67062920283274553122187547329382254      
  -5.87412752977823653751845007741023764      
  -6.08006671723653167918011833561385578      
