   6.46114195192883683103959025933776710      
   6.46114195192883683103959028499496191      
   6.46114195192883683103958957409801888      
   6.46114195192883683098873345094802530      
   6.46114195192883677727117248762445251      
   6.46114195192883031831161067522516484      
   6.46114195192861854268101212635294579      
   6.46114195192563371630600289375705353      
   6.46114195190200984909065249006852414      
   6.46114195177780779567566109466270966      
   6.46114195129357024983258394954578932      
   6.46114194978521972776363013915622985      
   6.46114194583141981312560297556499030      
   6.46114193677959056604453624516572218      
   6.46114191818029116493704439812955037      
   6.46114188314729459717667943260881768      
   6.46114182180065030614812434868355599      
   6.46114172068236572924437785320078733      
   6.46114156220795353252298994041103736      
   6.46114132428724322154003061630531959      
   6.46114098003639174880309777834971931      
   6.46114049761153073231137303853816825      
   6.46113984017413162281549648116543778      
   6.46113896604337749116477555474170654      
   6.46113782892557180215883299157135627      
   6.46113637833654777985690220746377957      
   6.46113456015485288788530283927288206      
   6.46113231727680195548085013514035241      
   6.46112959038045680806124870619192710      
   6.46112631872953866490653377628697196      
   6.46112244105567944355886366189971510      
   6.46111789626574976771968334552179827      
   6.46111262418053752279649054807063965      
   6.46110656611631093770235715047582091      
   6.46109966528948158470913872224793303      
   6.46109186716561672671349623166512272      
   6.46108311936412055716021629076775752      
   6.46107337173421127037637052265477677      
   6.46106257591334834797248052326459307      
   6.46105068481902054517006156477240217      
   6.46103765204443047860174420742184193      
   6.46102343107156334871349816671473228      
   6.46100797440178560485246557738374736      
   6.46099123255854411773763147292354188      
   6.46097315314323946609224490520445981      
   6.46095367975871250704144870843848737      
   6.46093275107114346714717255968381457      
   6.46091029965275964622039931062358630      
   6.46088625108225573121340617131596913      
   6.46086052301393566475396895779446999      
   6.46083302431779984013316605186921528      
   6.46080365426576659381292090605246913      
   6.46077230180259891223993752039305090      
   6.46073884491414597022451377259365765      
   6.46070315008274522196452725853160745      
   6.46066507169886093215139796926079623      
   6.46062445160150371831234984163465799      
   6.46058111869732216908695868125866856      
   6.46053488860108064268422178496876979      
   6.46048556337999053420294206308513472      
   6.46043293114438910722620788647753736      
   6.46037676601204590042722729506027185      
   6.46031682766454074879414832997592977      
   6.46025286118560339279392767053349444      
   6.46018459681996458302431203216779195      
   6.46011174967955149510303582975185815      
   6.46003401963429823553941377778516092      
   6.45995109083604658402421209060342179      
   6.45986263140946900774386199812168739      
   6.45976829322945380432281494215793907      
   6.45966771131203115633632231293080975      
   6.45956050341952478706722319887352532      
   6.45944626953543406801707857152659137      
   6.45932459122864100539717490189770321      
   6.45919503091491675246069968775143114      
   6.45905713120464400631491096624784921      
   6.45891041398769201171994476681080096      
   6.45875437950432401221471642988033437      
   6.45858850530457317243621978291880071      
   6.45841224503278670346024834242605538      
   6.45822502768705202239211344091801639      
   6.45802625527044640728890816321320218      
   6.45781530229800476757440693804395737      
   6.45759151416890478208924602684200036      
   6.45735420414447334228066968426616023      
   6.45710265400541517620179697907426666      
   6.45683610989854914189121517762177327      
   6.45655378073978548775066097059163372      
   6.45625483645633510733534252054324902      
   6.45593840513832464470712685743242271      
   6.45560357096439119179832200229263959      
   6.45524937110768457570735049702264450      
   6.45487479282083854665158848467547174      
   6.45447877021678603979393799004348723      
   6.45406018165007476390776079278747541      
   6.45361784572153191421240845020735399      
   6.45315051741902021031439540364155454      
   6.45265688523627852278722521481962316      
   6.45213556538719368097903543009701215      
   6.45158509913296676331483622664156863      
   6.45100394737790564420887413719131381      
   6.45039048566861877856601145290282560      
   6.44974299933635662069327827959855700      
   6.44905967840750797335805541399458718      
   6.44833861133818881447857766200066633      
   6.44757777897806023751532797224402999      
   6.44677504876767916766008529522891680      
   6.44592816759714539935313711436608225      
   6.44503475498347042273695425048345216      
   6.44409229540407530963459917709378267      
   6.44309813092427129196748773210476589      
   6.44204945234731396408306765580652706      
   6.44094329147282617870694163618990699      
   6.43977651135171828198229876752126902      
   6.43854579706793875348433345921694883      
   6.43724764554626082409075315101421657      
   6.43587835606576390818001143960936699      
   6.43443401790000243085393620522582118      
   6.43291050050722379583044084920981155      
   6.43130344099851471935394487831448555      
   6.42960823162194213957517714382759161      
   6.42782000841560055268114177622644341      
   6.42593363705962067886612666517428814      
   6.42394370012366860047890503112984073      
   6.42184448347117027901686554116303347      
   6.41962996225995465269825155537139378      
   6.41729378836646593875769149365849929      
   6.41482927515466157061435132074119458      
   6.41222938626587530126820006556200398      
   6.40948672094729949278895915414765634      
   6.40659350389276330637699142859910046      
   6.40354157346202905740638189661871386      
   6.40032237241291300599807755339013705      
   6.39692694170372860489667766133673354      
   6.39334591258726860406622924686370556      
   6.38956950772601011181627474636992160      
   6.38558753800838953675643674021133852      
   6.38138940960212496081160871320468161      
   6.37696412961452800320296745452649174      
   6.37230031953796583224930901448331722      
   6.36738622986514858601599656474374156      
   6.36220976170505765992269208398848469      
   6.35675849051008375922077346276146461      
   6.35101969558991227921361866134624667      
   6.34498039109929730057214111525425891      
   6.33862736146292034894471121995747762      
   6.33194719860705765711204978687567151      
   6.32492634087546977297247381332685639      
   6.31755110973829417717143301228740296      
   6.30980775368802928034238202578345292      
   6.30168248145608152707125758496932237      
   6.29316150049703092099109875605435982      
   6.28423105126913286800272285573382806      
   6.27487743885100486983570503604221114      
   6.26508705949741195563003369979738504      
   6.25484642689855688626113349145341070      
   6.24414219350849630086890648455226532      
   6.23296116777694320605849462864330566      
   6.22129032999483074525210882085431583      
   6.20911684356584888897715522513569752      
   6.19642806195370210722929025821291447      
   6.18321153641665193880813946652090781      
   6.16945501706990191359734169574599333      
   6.15514645416309324454037730172057339      
   6.14027399460047566305552998231260139      
   6.12482598003315780514937771279013125      
   6.10879093749023266792790741851439809      
   6.09215757292516645872929462787128057      
   6.07491476114097131006631664602484363      
   6.05705153363264247882652937157140667      
   6.03855706695626735379387505034293779      
   6.01942066855938371092643812244185793      
   5.99963176195442310974669738176676336      
   5.97917987265987028149567635919440970      
   5.95805461275465934058027802733441448      
   5.93624566522396930544583905142606386      
   5.91374276977313000097524124588378404      
   5.89053570738324923794598479938436257      
   5.86661428864489969030539956291187859      
   5.84196833789537714251978683478580135      
   5.81658768255443109626319049082103222      
   5.79046214095301476809886277518040682      
   5.76358151286929508588375858688661991      
   5.73593556889218161115680451277696544      
   5.70751404319812107813864386261601586      
   5.67830662510251455107219329767818337      
   5.64830295391219470941044874333604291      
   5.61749261209171834339993936496335505      
   5.58586511943586322220944318780501283      
   5.55340993217384715485546841251970130      
   5.52011643685878864170835245808129116      
   5.48597394702894035360638669355508423      
   5.45097170429661466505053016751594016      
   5.41509887308667368091181626535888591      
   5.37834454085574569026728446991100481      
   5.34069771650632712022784060611004952      
   5.30214733014783495584792962741368440      
   5.26268223223432423236276323919630651      
   5.22229119369262164999796393136740057      
   5.18096290393746329121347905370677722      
   5.13868597483173215319684899745482775      
   5.09544893733323109422021310567381909      
   5.05124024219491297272649266493759075      
   5.00604826257198742338521940436332594      
   4.95986129196965372962652624603867584      
   4.91266754569809949253104317459775842      
   4.86445516139246156153304468640559364      
   4.81521219917365048331506387418990585      
   4.76492664230745550989799161512955238      
   4.71358639758661556134563614659806136      
   4.66117929593538668943018746336600117      
   4.60769309283527660999517656329807739      
   4.55311546839854507703060132557637598      
   4.49743402863101947896991009689655443      
   4.44063630506463126114515036528446760      
   4.38270975549037390473504757713056565      
   4.32364176417065905455636717606406951      
   4.26341964247194881435732058873103725      
   4.20203062885514034114754506824792415      
   4.13946188957578121730859566699694213      
   4.07570051840779262669956353840868832      
   4.01073353753048853037915607147989298      
   3.94454789742404354207336222980908743      
   3.87713047715481744869843654156616358      
   3.80846808451243085106332405200262150      
   3.73854745636742174119491806442891749      
   3.66735525879100799726834754648353318      
   3.59487808702260643798961131405884104      
   3.52110246607923284325944782397549488      
   3.44601485032642490504501290794066643      
   3.36960162394691812442274425182208957      
   3.29184910094214063925677219781545741      
   3.21274352528406470383298390699783939      
   3.13227107084113832036690849717082511      
   3.05041784167746566352285569682630566      
   2.96716987192059275193642994058051022      
   2.88251312595433846857191823895929404      
   2.79643349821002997239111844911466729      
   2.70891681362284227900459814760053802      
   2.61994882735685854335587240078594272      
   2.52951522500483082045343567185573872      
   2.43760162225308245267615671645566563      
   2.34419356526667580667893052218654560      
   2.24927653075035216495779147902694347      
   2.15283592552271270944934632329445903      
   2.05485708695403151971844955249728849      
   1.95532528272231302215955499179950533      
   1.85422571077670365338719685612298954      
   1.75154349958952086281916576361606762      
   1.64726370787494950701578315841393098      
   1.54137132469044282094342376117171059      
   1.43385126935889623270555709522414547      
   1.32468839144479304727713999357400898      
   1.21386747100165073490005598904243471      
   1.10137321808594921288239601686522154      
  0.987190273132394689878646232772659526      
  0.871303206704589844341151193571510821      
  0.753696519450835520899129016577823423      
  0.634354642153050428240024593485378221      
  0.513261936138691675794889381283682958      
  0.390402692159638319943731289324140723      
  0.265761131611020001873774803275138797      
  0.139321405644516503556253752649088139      
   1.10675952604537391955377110055056721E-0002
 -0.119016288211746396829360269004039523      
 -0.250946303599092481847170461803548990      
 -0.384738579810448505967057845560060616      
 -0.520409315857971561003816422151994022      
 -0.657974780877125156932690235355199930      
 -0.797451314076918547768722373186999291      
 -0.938855324830523671810290055158038876      
  -1.08220329280182088857201934141740088      
  -1.22751176793952542159075273411960630      
  -1.37479737060571860202798194518993887      
  -1.52407679021549383872525476918217272      
  -1.67536678776278280196295735555835160      
  -1.82868419390699661720688713555654325      
  -1.98404590992220442538328867641800711      
  -2.14146890713010488778429682900476702      
  -2.30097022727476281090864080888476031      
  -2.46256698308059213370054337596725467      
  -2.62627635623240198993298011815755044      
  -2.79211559971502166043041256204732258      
  -2.96010203683033301224011954792482568      
  -3.13025306103325449541468297193593810      
  -3.30258613623498309443993834390635093      
  -3.47711879694349926324160696781923038      
  -3.65386864828572340934029075827021271      
  -3.83285336496459405992197259987601146      
  -4.01409069247236467049717446777820728      
  -4.19759844694732211864651626302938761      
  -4.38339451454470635126070492096166566      
  -4.57149685227409899293024923307928112      
  -4.76192348714551479951965410496490092      
  -4.95469251747954855890380150339579385      
  -5.14982211027774407869846480918010314      
  -5.34733050408195451847169324628826830      
  -5.54723600764956111831960981223037906      
  -5.74955699994268456540633469250031106      
  -5.95431193055962195415973438207609083      
