-0.97967442179197E+10
-0.61229651361998E+09
-0.12094745948049E+09
-0.38268532101249E+08
-0.15674790748671E+08
-0.75592162175306E+07
-0.40802766421989E+07
-0.23917832563274E+07
-0.14931785121012E+07
-0.97967442177796E+06
-0.66913081191883E+06
-0.47245101349159E+06
-0.34301124651044E+06
-0.25501728971650E+06
-0.19351593444033E+06
-0.14948645234986E+06
-0.11729677650097E+06
-0.93323654464385E+05
-0.75173945577922E+05
-0.61229646709740E+05
-0.50373779709778E+05
-0.41820668218742E+05
-0.35008242652327E+05
-0.29528177231495E+05
-0.25079652051787E+05
-0.21438187615449E+05
-0.18434285043232E+05
-0.15938560699305E+05
-0.13851253467112E+05
-0.12094721119888E+05
-0.10608008902212E+05
-0.93428735384648E+04
-0.82608419476837E+04
-0.73310139405100E+04
-0.65284055558737E+04
-0.58326891928261E+04
-0.52272276940133E+04
-0.46983281131423E+04
-0.42346610272911E+04
-0.38268055765264E+04
-0.34668906986337E+04
-0.31483104819648E+04
-0.28654970064558E+04
-0.26137380570094E+04
-0.23890300730222E+04
-0.21879589260260E+04
-0.20076027951757E+04
-0.18454526819770E+04
-0.16993470754344E+04
-0.15674180231525E+04
-0.14480464382693E+04
-0.13398249176608E+04
-0.12415266946331E+04
-0.11520796218582E+04
-0.10705442950933E+04
-0.99609559820484E+03
-0.92800708515185E+03
-0.86563772256213E+03
-0.80842060299923E+03
-0.75585330878003E+03
-0.70748966242940E+03
-0.66293264557884E+03
-0.62182830526486E+03
-0.58386049702281E+03
-0.54874633897602E+03
-0.51623227169836E+03
-0.48609063545460E+03
-0.45811669043023E+03
-0.43212601714546E+03
-0.40795224390670E+03
-0.38544505623315E+03
-0.36446844990129E+03
-0.34489919491921E+03
-0.32662548252389E+03
-0.30954573128044E+03
-0.29356753176053E+03
-0.27860671216355E+03
-0.26458650967007E+03
-0.25143683440599E+03
-0.23909361464321E+03
-0.22749821341181E+03
-0.21659690796634E+03
-0.20634042467445E+03
-0.19668352284645E+03
-0.18758462185031E+03
-0.17900546656714E+03
-0.17091082685527E+03
-0.16326822722901E+03
-0.15604770341919E+03
-0.14922158285168E+03
-0.14276428649678E+03
-0.13665214977714E+03
-0.13086326053375E+03
-0.12537731222408E+03
-0.12017547087195E+03
-0.11524025429592E+03
-0.11055542224182E+03
-0.10610587661595E+03
-0.10187757054961E+03
-0.97857425565076E+02
-0.94033255996415E+02
-0.90393699987673E+02
-0.86928156430045E+02
-0.83626727276693E+02
-0.80480164740044E+02
-0.77479822892438E+02
-0.74617613289024E+02
-0.71885964241862E+02
-0.69277783406778E+02
-0.66786423381844E+02
-0.64405650064218E+02
-0.62129613516676E+02
-0.59952821118116E+02
-0.57870112806917E+02
-0.55876638240452E+02
-0.53967835691111E+02
-0.52139412563861E+02
-0.50387327358244E+02
-0.48707772991286E+02
-0.47097161350848E+02
-0.45552108981210E+02
-0.44069423814714E+02
-0.42646092854362E+02
-0.41279270746097E+02
-0.39966269158999E+02
-0.38704546915024E+02
-0.37491700808599E+02
-0.36325457064111E+02
-0.35203663379313E+02
-0.34124281514609E+02
-0.33085380383794E+02
-0.32085129608748E+02
-0.31121793506522E+02
-0.30193725474115E+02
-0.29299362744069E+02
-0.28437221484043E+02
-0.27605892213979E+02
-0.26804035523167E+02
-0.26030378060554E+02
-0.25283708789789E+02
-0.24562875479832E+02
-0.23866781424289E+02
-0.23194382374809E+02
-0.22544683673234E+02
-0.21916737572940E+02
-0.21309640737182E+02
-0.20722531909986E+02
-0.20154589741532E+02
-0.19605030766034E+02
-0.19073107519995E+02
-0.18558106791939E+02
-0.18059347990528E+02
-0.17576181627099E+02
-0.17107987891247E+02
-0.16654175313680E+02
-0.16214179502642E+02
-0.15787461945909E+02
-0.15373508856229E+02
-0.14971830069213E+02
-0.14581957965614E+02
-0.14203446435555E+02
-0.13835869867681E+02
-0.13478822158747E+02
-0.13131915756931E+02
-0.12794780740769E+02
-0.12467063915815E+02
-0.12148427955635E+02
-0.11838550579074E+02
-0.11537123760249E+02
-0.11243852978837E+02
-0.10958456510147E+02
-0.10680664753756E+02
-0.10410219600281E+02
-0.10146873835160E+02
-0.98903905758908E+01
-0.96405427477908E+01
-0.93971125855027E+01
-0.91598911693656E+01
-0.89286779875073E+01
-0.87032805242251E+01
-0.84835138740028E+01
-0.82692003758560E+01
-0.80601692711419E+01
-0.78562563780343E+01
-0.76573037870660E+01
-0.74631595701713E+01
-0.72736775081854E+01
-0.70887168299120E+01
-0.69081419678068E+01
-0.67318223236604E+01
-0.65596320468760E+01
-0.63914498259727E+01
-0.62271586871082E+01
-0.60666458053164E+01
-0.59098023241797E+01
-0.57565231851682E+01
-0.56067069649905E+01
-0.54602557205473E+01
-0.53170748436494E+01
-0.51770729209161E+01
-0.50401616026392E+01
-0.49062554769275E+01
-0.47752719508179E+01
-0.46471311375004E+01
-0.45217557489410E+01
-0.43990709939706E+01
-0.42790044816634E+01
-0.41614861289629E+01
-0.40464480734646E+01
-0.39338245896845E+01
-0.38235520097642E+01
-0.37155686478507E+01
-0.36098147276130E+01
-0.35062323137406E+01
-0.34047652453257E+01
-0.33053590735668E+01
-0.32079610009545E+01
-0.31125198237990E+01
-0.30189858768666E+01
-0.29273109801323E+01
-0.28374483880884E+01
-0.27493527407999E+01
-0.26629800170468E+01
-0.25782874892247E+01
-0.24952336798628E+01
-0.24137783200127E+01
-0.23338823091608E+01
-0.22555076766946E+01
-0.21786175445003E+01
-0.21031760914031E+01
-0.20291485186037E+01
-0.19565010164507E+01
-0.18852007324563E+01
-0.18152157403475E+01
-0.17465150104787E+01
-0.16790683810148E+01
-0.16128465304011E+01
-0.15478209502974E+01
-0.14839639205081E+01
-0.14212484834320E+01
-0.13596484205631E+01
-0.12991382291321E+01
-0.12396930998605E+01
-0.11812888954063E+01
-0.11239021295443E+01
-0.10675099470010E+01
-0.10120901040902E+01
-0.95762095005715E+00
-0.90408140886188E+00
-0.85145096171641E+00
-0.79970963018569E+00
-0.74883795993492E+00
-0.69881700483379E+00
-0.64962831185855E+00
-0.60125390618469E+00
-0.55367627705335E+00
-0.50687836408159E+00
-0.46084354376158E+00
-0.41555561662623E+00
-0.37099879493643E+00
-0.32715769055786E+00
-0.28401730322326E+00
-0.24156300957607E+00
-0.19978055183339E+00
-0.15865602765758E+00
-0.11817587959708E+00
-0.78326885575508E-01
-0.39096148985236E-01
-0.47108962936925E-03
 0.37560565123618E-01
 0.75010789352792E-01
 0.11189126665950E+00
 0.14821339836265E+00
 0.18398831158733E+00
 0.21922686661242E+00
 0.25393966426936E+00
 0.28813705341398E+00
 0.32182913765878E+00
 0.35502578170723E+00
 0.38773661846935E+00
 0.41997105534716E+00
 0.45173827997278E+00
 0.48304726598881E+00
 0.51390677952797E+00
 0.54432538422623E+00
 0.57431144689412E+00
 0.60387314238123E+00
 0.63301845920369E+00
 0.66175520390441E+00
 0.69009100627072E+00
 0.71803332398144E+00
 0.74558944679739E+00
 0.77276650085614E+00
 0.79957145357404E+00
 0.82601111717938E+00
 0.85209215318785E+00
 0.87782107515105E+00
 0.90320425371996E+00
 0.92824792010181E+00
 0.95295816909399E+00
