   6.46114229515578832787994501293249882      
   6.46114229515578832787994503858969363      
   6.46114229515578832787994507460013623      
   6.46114229515578832786445253257546793      
   6.46114229515578830736877822609079676      
   6.46114229515578543430522353158909953      
   6.46114229515567986084522280399470819      
   6.46114229515405411084980972400482335      
   6.46114229514024780702838949725967327      
   6.46114229506340386775127732300130296      
   6.46114229474944116369325872825481902      
   6.46114229373255761598653155603146436      
   6.46114229097773980939169164293171873      
   6.46114228449084230794189178588062374      
   6.46114227083410210350271464307005964      
   6.46114224455774677804079124652765928      
   6.46114219769041321578053563639008252      
   6.46114211915185492362071535810628424      
   6.46114199424267710252336138783492239      
   6.46114180423124264520985685102727852      
   6.46114152602540284606327437531439545      
   6.46114113195493290041681973703896964      
   6.46114058967680515378121578008236322      
   6.46113986221295291113918740247822041      
   6.46113890812684037238725113605311622      
   6.46113768183998552672286783197323598      
   6.46113613408611607473388103782130346      
   6.46113421246744984666981907213188368      
   6.46113186213591849733944042413296752      
   6.46112902649641103313862237601383822      
   6.46112564796509694964127460128544436      
   6.46112166874847447565495975998794315      
   6.46111703144266118418403292458897989      
   6.46111167963416531392603905132494402      
   6.46110555833594640960649562756247230      
   6.46109861426754420868411352512566557      
   6.46109079595706351652131269885293393      
   6.46108205371028745680515281092986171      
   6.46107233930010382475142032755346796      
   6.46106160573142608721759607950853862      
   6.46104980646467786945797826982108975      
   6.46103689483565193511309075248985446      
   6.46102282325066300061614241148182906      
   6.46100754231900089650782587657611274      
   6.46099099992626488580341554740347000      
   6.46097314025499753660529808934482393      
   6.46095390280732092747167617478399397      
   6.46093322152353534745236189724705540      
   6.46091102382548599023888962823725033      
   6.46088722962973276624012384201373168      
   6.46086175057098026068082137972097090      
   6.46083448919713805541822210685532033      
   6.46080533825373466192051697157886289      
   6.46077418000422794019732481659676713      
   6.46074088562992715512796305835116083      
   6.46070531471231289426141967985353873      
   6.46066731474463887358209192843926960      
   6.46062672070317219362431031081357909      
   6.46058335463395238075412938502264631      
   6.46053702530071671996849746414229145      
   6.46048752786617706557710047000971440      
   6.46043464363307150284889034185440968      
   6.46037813970292047355189090569901418      
   6.46031776875860906355837302055133517      
   6.46025326878327575957094668039473761      
   6.46018436270738819075210754517290354      
   6.46011075813872177048855279160002365      
   6.46003214701452933597266608135972964      
   6.45994820522760830903065418997918140      
   6.45985859229710967744442105992437033      
   6.45976295080094482914124857388300812      
   6.45966090590985608521803826083209516      
   6.45955206489116592063448162675350583      
   6.45943601635152358354238313925362781      
   6.45931232962857520093086487073291915      
   6.45918055392486957445538556465218251      
   6.45904021753472353647165985658426263      
   6.45889082683250116747381749909494232      
   6.45873186526335829350361257081075541      
   6.45856279219616563584875572478661132      
   6.45838304168726273796619380948889342      
   6.45819202112020292985396380825032978      
   6.45798910969301552418007646727901559      
   6.45777365742384273260991545829499534      
   6.45754498103974579278215665130190830      
   6.45730236662539268477906970091627629      
   6.45704506404976914923703209184596316      
   6.45677228496041252066439209347121264      
   6.45648320310135601806145103295243988      
   6.45617694956334646402176385782510444      
   6.45585261078701649997515308299123475      
   6.45550922610103856430562592748201319      
   6.45514578468808205938932849474676985      
   6.45476122328501179721307711071778511      
   6.45435442146183970623440146998981465      
   6.45392419922580755514834455923568175      
   6.45346931315810607896631428758540369      
   6.45298845207199807494121716113241656      
   6.45248023395664579532058622614876511      
   6.45194320047587758208512508566842159      
   6.45137581306466735321883417994034933      
   6.45077644816896108399273778153905864      
   6.45014339115683095188982137989353460      
   6.44947483221407716953018027176811879      
   6.44876886026346230855874212561085715      
   6.44802345586264719741732269454863775      
   6.44723648683385164344000988292368311      
   6.44640569972031735485672246953224724      
   6.44552871384587150754368244473575875      
   6.44460301373511942879838850903322566      
   6.44362594097224946783837612656069167      
   6.44259468630365575074613781757760712      
   6.44150628129963645371398396605239359      
   6.44035758883082826234707023712081756      
   6.43914529335026477717674786904946137      
   6.43786589216295622455614065634947740      
   6.43651568430870417010263229617875189      
   6.43509075916740132052312108771920687      
   6.43358698636378909740663290712456326      
   6.43200000299827781763204665934900887      
   6.43032520257585881801283367505136610      
   6.42855772169206591241954956606323068      
   6.42669242731304815591912279540803881      
   6.42472390374419288909667681679462356      
   6.42264643851754705880839412272521656      
   6.42045401000064498568801528993201127      
   6.41814027311817891348588060900532875      
   6.41569854568494486241773354843944664      
   6.41312179592812918310401428925039945      
   6.41040262939233087902299659537898031      
   6.40753327705852408398597485790355342      
   6.40450558567481081536421822966929466      
   6.40131100740329031183583638212978828      
   6.39794059327741773829089249157115043      
   6.39438498652253508318309484372803108      
   6.39063442201741401209637390808277724      
   6.38667872531465559497274094164120337      
   6.38250731706369030756481250059994813      
   6.37810922027526480165815615202538429      
   6.37347307179606837567305397161154995      
   6.36858714007151716367006513824635141      
   6.36343934158135976852604331189301566      
   6.35801726900195941961202372022595661      
   6.35230821629566536232464043079561571      
   6.34629921304050991326414842047001143      
   6.33997705622491958056047860725677528      
   6.33332834859415333259505968817429858      
   6.32633953882236064567552073807731651      
   6.31899695646185605707318264010155170      
   6.31128685323726947828097719488276324      
   6.30319544180209210825008592353062803      
   6.29470892809306433254536749102479110      
   6.28581354989287897808712093193951664      
   6.27649560805649848142149676545746529      
   6.26674148888168118543020427236562844      
   6.25653769564749893721215160189031157      
   6.24587086636744342860723113331531895      
   6.23472779240034404578862453759525767      
   6.22309543380043804085208756428400527      
   6.21096093122159160347661346837050486      
   6.19831161233050547999332740917452285      
   6.18513499983697353967952055496152847      
   6.17141881293242220785699944110537097      
   6.15715096783574790480657803760007715      
   6.14231957588468714602435656406843607      
   6.12691294152014270663311811659423444      
   6.11091955285682403771958567373923132      
   6.09432807669927774001738547874685144      
   6.07712734786719496926082206654590420      
   6.05930635895774882446091761905245209      
   6.04085424844252551725068421414631795      
   6.02176028666627615165758648675930698      
   6.00201386349684121801988560486003497      
   5.98160447275335498236955741571913900      
   5.96052169773536573868474018071054489      
   5.93875519656659859185075171320779905      
   5.91629468794451649253166502050337480      
   5.89312993592304086587892720023735640      
   5.86925073658279870708555491518375403      
   5.84464690459480137659424743475830079      
   5.81930826071185782341485325814763906      
   5.79322462111122877563848181864403837      
   5.76638578518340175670522959686317174      
   5.73878152674506648963381300727419489      
   5.71040158520518878904636619480967235      
   5.68123565814786826458765383715912038      
   5.65127339351482160315910394953737508      
   5.62050438448319827070048381778986616      
   5.58891816392132923708783754705849337      
   5.55650420025133949831916753084458886      
   5.52325189264389637288726567244062712      
   5.48915057028213743685906684698737289      
   5.45418948805236196078692715576948048      
   5.41835782482115760051082217563067718      
   5.38164468148365031416436935913275672      
   5.34403908178136640937934443427114948      
   5.30552996848833335097981660688046831      
   5.26610620581159654907714240276130125      
   5.22575657761521114820159321962263049      
   5.18446978576455505710760170820818713      
   5.14223445351164321838431886097745215      
   5.09903912386781214581382531435000956      
   5.05487225799900352349207397255686154      
   5.00972223930991594900040493345948879      
   4.96357737179420377549005350392381155      
   4.91642587971296827764425711531834023      
   4.86825590943917140559862600854477808      
   4.81905553049219326989578873959653417      
   4.76881273330120305657778693575007139      
   4.71751543246278278575279339810323405      
   4.66515146664173443599041185511464201      
   4.61170859827142960393857158593968175      
   4.55717451288875455032728890120001419      
   4.50153682454894775830868783947207956      
   4.44478306800623502004547995714890451      
   4.38690070922358157706526776543673533      
   4.32787713607258604184355158735411344      
   4.26769966623674072684184721203213206      
   4.20635554140360504985842389455762265      
   4.14383193398175284189097614856275290      
   4.08011594057191143289963095831500912      
   4.01519458848874150755736826621937905      
   3.94905483221901316802247580406184342      
   3.88168355343604366967740191692894692      
   3.81306756428631993457034386605141956      
   3.74319360548603496541787831071262959      
   3.67204834499830831402588307775232958      
   3.59961838275603480475874953162843408      
   3.52589024525391878123450995239612169      
   3.45085039079912149828696643482524396      
   3.37448520645467922152762927466033999      
   3.29678100697651334171589756062387314      
   3.21772404104274257492755124033685884      
   3.13730048422808264626861467750079058      
   3.05549644217479707879507866242883908      
   2.97229795261576673376905514637729013      
   2.88769098048783654691359288870273396      
   2.80166142385513588045430382368115672      
   2.71419510906291508652490227902579933      
   2.62527779270691100675611379499703776      
   2.53489516302434706686999002950562402      
   2.44303283750331308547828746759703495      
   2.34967636337935149835107541033904654      
   2.25481121995500485738177335344505091      
   2.15842281548621872357817984161079967      
   2.06049648813374868286219148247878379      
   1.96101750826314313769334221549484559      
   1.85997107551455479579864243315042705      
   1.75734231838242053993400258315592571      
   1.65311629827261540935039903153969520      
   1.54727800562504054634504095248017359      
   1.43981236076085110115343081772448293      
   1.33070421506795811279194653963091296      
   1.21993834975494296286160060870079921      
   1.10749947567522449185929816388631196      
  0.993372235395798109944376315720241700      
  0.877541200037752950249365857403462474      
  0.759990872225496020005435687236182411      
  0.640705683461217550729264885028501371      
  0.519669996387168364882449468186521720      
  0.396868102951668558587575147384118487      
  0.272284225724335423874923608927634201      
  0.145902517042625651810562794014616342      
   1.77070592768608811700888342040953609E-0002
 -0.112318135110471533295944002471345301      
 -0.244189124308454544530908906034273064      
 -0.377922036001471399250796814562788249      
 -0.513533067903073109798041106217261380      
 -0.651038488147451001047546751517436125      
 -0.790454635357874222882269802826204672      
 -0.931797917428488004568545225259543759      
  -1.07508481348555334671770403281423690      
  -1.22033187151837898035349152691448457      
  -1.36755571059866130960845500537102758      
  -1.51677302132345731831399311479402679      
  -1.66800056144163293882276254913684893      
  -1.82125516234977913535490412846485787      
  -1.97655372332698756826578052649371967      
  -2.13391321461981671183837866421450450      
  -2.29335067687668389490409742954181010      
  -2.45488322297395095289866739508399667      
  -2.61852803301581817505393302324412483      
  -2.78430235758268730282492075142469237      
  -2.95222352285790011314035832113678203      
  -3.12230891780357162525237190750732031      
  -3.29457600602643633284990337509581898      
  -3.46904232241190913602564487545960040      
  -3.64572547043458323687038489508530213      
  -3.82464312376050624509162771975893991      
  -4.00581302609881529440986583375230270      
  -4.18925299447889533210037783499277298      
  -4.37498091470145317499541783621599336      
  -4.56301474051917665031045594957290274      
  -4.75337249860834727489794486201560860      
  -4.94607228648871204361561094258519251      
  -5.14113226941940938540654701229090942      
  -5.33857069011299302732396702403347873      
  -5.53840585018727157078745629021264295      
  -5.74065613050237799025192407650480072      
  -5.94533997846806452067903039937775153      
