   6.46114229515578832787994501293249882      
   6.46114229515578832787994503858969363      
   6.46114229515578832787994507460013700      
   6.46114229515578832786445253259241072      
   6.46114229515578830736877824203761072      
   6.46114229515578543430522513977150271      
   6.46114229515567986084526777443312759      
   6.46114229515405411085037151458776223      
   6.46114229514024780703248103885216204      
   6.46114229506340386777182241595289166      
   6.46114229474944116377766334092173100      
   6.46114229373255761720794386865920028      
   6.46114229097773982368193230602164341      
   6.46114228449084243108308040367560385      
   6.46114227083410290317860371895576830      
   6.46114224455775090612072636820735618      
   6.46114219769043082511759076758791027      
   6.46114211915191906778973830892630405      
   6.46114199424288170635764103347451459      
   6.46114180423182584530806235841128218      
   6.46114152602691305103448001822322682      
   6.46114113195853409803880854639285617      
   6.46114058968480165478170602444952726      
   6.46113986222964129464879375959589078      
   6.46113890815982678679273760870378866      
   6.46113768190213802504749125657294788      
   6.46113613419456322184053907604410189      
   6.46113421266203114575334574771602806      
   6.46113186246302692064101577183670559      
   6.46112902702965552837365771494252944      
   6.46112564881041995777974021370988848      
   6.46112167005485984228163066557275373      
   6.46111703341515474766064873579753031      
   6.46111168254949145444075938852691600      
   6.46110556256092482924821676851190415      
   6.46109862028058109595846126151112537      
   6.46109080437247582020429808135910032      
   6.46108206530636269108876251538077494      
   6.46107235505042622618596474895540826      
   6.46106162683969426426142416310898491      
   6.46104983440331861470252999456689352      
   6.46103693138822457215537529753938645      
   6.46102287055830435188076925788059611      
   6.46100760293098659198036630868894841      
   6.46099107685492626103276406637188856      
   6.46097323703539090161602641303944243      
   6.46095402356088451843908531276994387      
   6.46093337102819916373474378459642747      
   6.46091120759011697860532902190434552      
   6.46088745397462364489521824472817273      
   6.46086202271447816842298280038132605      
   6.46083481734873927959464357354839444      
   6.46080573171407298012692796775493453      
   6.46077464927235981417948611090943534      
   6.46074144251831043825975100045382832      
   6.46070597247089961015761371713150302      
   6.46066808819150738012990340652550096      
   6.46062762636845978339440529711578648      
   6.46058441090874931994840582952135923      
   6.46053825259914784542884228254018376      
   6.46048894879757449843957332569904062      
   6.46043628318574319709771635185590587      
   6.46038002543766324748189935850885666      
   6.46031993101987628645998525518063078      
   6.46025574091573105451357428926311661      
   6.46018718129086415026809510790766749      
   6.46011396323557241211083475307114777      
   6.46003578243135896312859903983074483      
   6.45995231878690497080721951290599361      
   6.45986323614510422435089717419191941      
   6.45976818169563149110174648720010130      
   6.45966678556259006887967793957761769      
   6.45955866029569774197124608298935162      
   6.45944340015008273892348782102546440      
   6.45932058048853241765518614860080971      
   6.45918975693908021448842700991761153      
   6.45905046463440412216374076595641932      
   6.45890221722563203585606656124719903      
   6.45874450589688779469480511850365716      
   6.45857679823421540308104014404674771      
   6.45839853701430275394623687093179459      
   6.45820913885019779535581938092549763      
   6.45800799272198365009442312156615698      
   6.45779445897122399258777428771248674      
   6.45756786584991241667521153861644193      
   6.45732751044983816288299935084685552      
   6.45707265515501179919335903712663551      
   6.45680252449939779770149533573171865      
   6.45651630605914556133797379147526168      
   6.45621314535201836160662322183949206      
   6.45589214410738370287711504442789502      
   6.45555235773596682417751425166444376      
   6.45519279236381304810020146722330012      
   6.45481240274857470362869198728485506      
   6.45441008710643872804954704969628720      
   6.45398468544538314740911667753941123      
   6.45353497511430795294411024118118285      
   6.45305966689038861667019057872097229      
   6.45255740196845173066513293148005772      
   6.45202674616689555431030722806993618      
   6.45146618645969297883062333964243016      
   6.45087412608354588741724872834262320      
   6.45024887857670323913161391958065437      
   6.44958866370040032002041610428519250      
   6.44889160138259179443996613238349590      
   6.44815570467698917260472062977197875      
   6.44737887559490643733620857175841256      
   6.44655889636815282148403735044115202      
   6.44569342404543920226244592642437908      
   6.44477998215041808752533308840794270      
   6.44381595356822906673030783326342503      
   6.44279857202288401101832327929980001      
   6.44172491410943596892047114664839772      
   6.44059188981831062250515684552346848      
   6.43939623271277886370396470737291212      
   6.43813449129578133005656651429369937      
   6.43680301805997507129391089118424258      
   6.43539795872135980360356389371751206      
   6.43391524039667925014975328866866937      
   6.43235056114035599364024863413514698      
   6.43069937642630349026550827993367839      
   6.42895688831483454719197641694625827      
   6.42711803099538396583518595012000912      
   6.42517745815948264472849114149035311      
   6.42312952950092903156097932765902791      
   6.42096829656239106715747821539641946      
   6.41868748985170053527026401033629249      
   6.41628050421555468748451019052132317      
   6.41374038637520964610903186396642003      
   6.41105982129547579774377716961661543      
   6.40823112017449655239754876673363174      
   6.40524620918023528178485313637475799      
   6.40209662025246106166342350954535350      
   6.39877348229420012598308309806665033      
   6.39526751593096934964028604162702249      
   6.39156902844249898923661271169997419      
   6.38766791580732155786903976518774987      
   6.38355366425569578643538748166636265      
   6.37921535560399909287516542437172969      
   6.37464168127870426096877570012041691      
   6.36982095501819982947891480405525810      
   6.36474113221937854667341984922468652      
   6.35938983370440557571387215313396695      
   6.35375437339421051352458913874274987      
   6.34782179032864259578107009599933099      
   6.34157888222824702736850753028958760      
   6.33501224194437640932667371538267461      
   6.32810829622452927549543122133042712      
   6.32085334782821040431018951952607100      
   6.31323360891115724109695949004627674      
   6.30523524434967787788635566954141734      
   6.29684441003051302309519837645299317      
   6.28804727864964378437410579002933106      
   6.27883008648305176614414461708822958      
   6.26917914769024307535539574092052277      
   6.25908088859668230789432559657827553      
   6.24852186775557927219531291087033173      
   6.23748879326198493583050006315730420      
   6.22596853968965680484236488324908379      
   6.21394815973116251113795485850794773      
   6.20141489227439706767887832156933376      
   6.18835617013997094670564692363614815      
   6.17475962174347544959484364564943795      
   6.16061307302856375885350268952750022      
   6.14590454563131117179511580402748096      
   6.13062225478152757985616083721238429      
   6.11475460172905956734420326568722572      
   6.09829016745748924520111212399589812      
   6.08121770496848530667085728694603590      
   6.06352612716163750837651372215377238      
   6.04520449738066131885348986821289101      
   6.02624201480151750004043776663894942      
   6.00662800283051759829386491657925568      
   5.98635189407140936020812267542150313      
   5.96540321591535929824424806341015227      
   5.94377157639715390746982634726640349      
   5.92144664941825283933458313965167667      
   5.89841816008772930060705603077069372      
   5.87467587148551941590436209579430099      
   5.85020957023912310057002483259222271      
   5.82500905557757118300394492259070341      
   5.79906412511529249292037865198110537      
   5.77236456654503104976501076880498495      
   5.74490014555260366068505684565658452      
   5.71666059715420671468392360329302338      
   5.68763561809706665207198425164705514      
   5.65781485977826363639248505768948616      
   5.62718792069930277648082445851783263      
   5.59574434205901556044094632939108603      
   5.56347360266891282398064333063115820      
   5.53036511496297463435477595161579562      
   5.49640822088845893811292440172026154      
   5.46159219093413141172274191127047231      
   5.42590622053064458350684912131553098      
   5.38933942821808265406244346161413926      
   5.35188085416431516831985688246690249      
   5.31351946081569842445032999868626022      
   5.27424413077187537050098943938549262      
   5.23404366557403562850685455792299696      
   5.19290678787381162655092455585935730      
   5.15082213788714943902875092983353969      
   5.10777827745599455948944266485351218      
   5.06376368741179284723588168145966459      
   5.01876676923260902959375298003856689      
   4.97277584375475343586791620531074071      
   4.92577915369796147950595340072249635      
   4.87776486330351300743440947832444433      
   4.82872105731394652735494457048403384      
   4.77863574469383567555816324958930426      
   4.72749685487247762733527426734439093      
   4.67529224264817373027377999880729160      
   4.62200968588037558051810600552539867      
   4.56763688548316022943753953214320637      
   4.51216146875207692905242316365596031      
   4.45557098741373365292227025624238195      
   4.39785291813183001112544500587827011      
   4.33899466499947333221844395950028497      
   4.27898355600530601161575588944962070      
   4.21780684905020713711314098467286779      
   4.15545172550701739624670993922779777      
   4.09190529753197719023742696789833304      
   4.02715460156250660282725991056928403      
   3.96118660513705080791917154752511890      
   3.89398820120716614961123134562009817      
   3.82554621226414975403281819400549320      
   3.75584738995742002953140799633028057      
   3.68487841427639374264653937258438505      
   3.61262589297483589428486430747838598      
   3.53907636529558166335163567755070766      
   3.46421629706033008925492276050690063      
   3.38803208577448286233603510753645612      
   3.31051005770222192111545111557560048      
   3.23163646756285500619493843405366083      
   3.15139750199896330410521741088317214      
   3.06977927613673116932149845392687547      
   2.98676783421625762947643759065936193      
   2.90234915308872012475926900877425518      
   2.81650913605862405995480678207762075      
   2.72923361982662525836159029624245875      
   2.64050836966959630444643384201052413      
   2.55031907993831467521316584590531738      
   2.45865137783279335416276765027486509      
   2.36549081816365751103825283147673941      
   2.27082288737009371239979229787749449      
   2.17463300242958847455596095019298380      
   2.07690650869888333119267335345912749      
   1.97762868375798626344535406079306654      
   1.87678473476320035204769966471715947      
   1.77435979839612130074738995119498479      
   1.67033894224563431115433390241168039      
   1.56470716454284430696562254342511334      
   1.45744939251463524568026765399546621      
   1.34855048473484245311866450394526603      
   1.23799522935030700777198649207824996      
   1.12576834437290857848930491399022477      
   1.01185447880027207187352173052362140      
  0.896238211287611453317039645577085333      
  0.778904050225258829002936957569302468      
  0.659836434712231869511779514740598525      
  0.539019733677002927318793346918752106      
  0.416438245730570787183110151239032263      
  0.292076200096935926634804131078128002      
  0.165917755521689770707987710829972626      
   3.79470008614007394746844193211683955E-0002
  -9.18520447675576458758948836626285303E-0002
 -0.223495433340326526964424603145507184      
 -0.356999286103183803990689524436831757      
 -0.492379794404014228025737207679138678      
 -0.629653220137749661258833241695837472      
 -0.768835895415460438921899627999288913      
 -0.909944222470562245909880659418181066      
  -1.05299467308626575587817507321652112      
  -1.19800378981040033056537384503927884      
  -1.34498818681986755532940069257648220      
  -1.49396454565555830777937474426784919      
  -1.64494962075764209290142632362771704      
  -1.79796023551742313828779403220327910      
  -1.95301328380663270878371355846723807      
  -2.11012572956178594719254406760290629      
  -2.26931460970617023636356884798090429      
  -2.43059702655127812790571366738803386      
  -2.59399015815897054484367700419113565      
  -2.75951124925347756520851710097847419      
  -2.92717761545785442806236580109822772      
  -3.09700664486072546819520067752672608      
  -3.26901579343372984427551218895677963      
  -3.44322258971866187476774082606341483      
  -3.61964463012956759785445371147728182      
  -3.79829958544924945893355814631672519      
  -3.97920519308664063142339582909963750      
  -4.16237926066312573981051491761184888      
  -4.34783967070595900148403655510607750      
  -4.53560437314142638591840628091251344      
  -4.72569138686442240953697349481480498      
  -4.91811880252927937647104511671652481      
  -5.11290478155174928784693363546676157      
  -5.31006755714850916206273786446620458      
  -5.50962543013939463494820235036151196      
  -5.71159677606120681991831865247920954      
  -5.91600003253708958195409842721389629      
