   92.6087792172520498870326289728459773      
   92.6087792172520498870326289728459773      
   92.6087792172520498870311940083557000      
   92.6087792172520497092495686583997166      
   92.6087792172518321876756930621336616      
   92.6087792172258499971587227724452847      
   92.6087792164207289451769863404077547      
   92.6087792058407222511191313262495752      
   92.6087791279337266574570554755749655      
   92.6087787464704364309654030483583606      
   92.6087773589492009973019693965669390      
   92.6087733191839970176811357159541497      
   92.6087634026996246503655885975063248      
   92.6087421028628598985512390339025710      
   92.6087009661475660422641438091892639      
   92.6086280607312331759615709644654816      
   92.6085076377663433911537077097778613      
   92.6083200103161554825578261781048219      
   92.6080416330497824329907949349999376      
   92.6076453568505503569755538507335166      
   92.6071008116022906801823125748508732      
   92.6063748703491156834156722083154668      
   92.6054321499007644003932547638057729      
   92.6042355078082332458715957842819882      
   92.6027465036473821794956136013442880      
   92.6009258014929476969487300723601877      
   92.5987334988890186981989544509609663      
   92.5961293765862685358520216940824131      
   92.5930730710241005915997700167491702      
   92.5895241778761354183667457237496441      
   92.5854422998137526457510729675321377      
   92.5807870553550811352670844841545912      
   92.5755180632691441972238672020841839      
   92.5695949221265654632261283960463223      
   92.5629771974717931087324395330856639      
   92.5556244293675859528719363016323724      
   92.5474961684494183133357323552865886      
   92.5385520466261036427521324832069560      
   92.5287518807366582967160425656754581      
   92.5180558176388043829799464002936903      
   92.5064245023948087799296789900168508      
   92.4938192776371536995643134457196931      
   92.4802024016479777997052856383216455      
   92.4655372792678742969273294156334939      
   92.4497886983365318714349304218031857      
   92.4329230640443269294247880733553407      
   92.4149086257426028103409887565360982      
   92.3957156868979649114312540363383339      
   92.3753168041531249888270247559885062      
   92.3536869522468421587649206448457075      
   92.3308036698559737872169620409687856      
   92.3066471754719985819775075772417356      
   92.2812004539165193307135347971685363      
   92.2544493135046997033296504649228303      
   92.2263824114765894659375528511191229      
   92.1969912510355802356777918421174516      
   92.1662701528601168157620576570272711      
   92.1342162130142624041545657080741010      
   92.1008292001214677790194010983987119      
   92.0661114711556176880117250270525857      
   92.0300678493879900692788196559419673      
   91.9927054873315609168850237696318630      
   91.9540337157798610606468089222921912      
   91.9140638876410480191400790102877332      
   91.8728092046228456758205787987284042      
   91.8302845379305161438320717102641507      
   91.7865062466834000363348769476145150      
   91.7414919945388249851743070052355046      
   91.6952605564651211388553950536518916      
   91.6478316377345257483635210640946162      
   91.5992256872575358714992642624894202      
   91.5494637194278689022866182461233573      
   91.4985671309071968330444200170407772      
   91.4465575327220175340469091220823163      
   91.3934565758574713092689408917139624      
   91.3392857985678612345991199570509614      
   91.2840664695695897185227336170471491      
   91.2278194391948676964896381357247176      
   91.1705650063167118116407956136046566      
   91.1123227831301347094740515057366750      
   91.0531115641368255901812375697150513      
   90.9929492174639202637497214852814137      
   90.9318525706830329866513759635409517      
   90.8698373080955894626298858869902711      
   90.8069178731629973772133517762601902      
   90.7431073793518911876854748769966810      
   90.6784175194344065304214215761442994      
   90.6128584812352107519144208140117461      
   90.5464389035730334720692159716752229      
   90.4791657697113925273683464556644359      
   90.4110443465940841746501556663746233      
   90.3420781180884752298544429385024062      
   90.2722687891384949657170882870279772      
   90.2016160277187970419675663189416646      
   90.1301177081969504143776370937457709      
   90.0577696043231568971529026380309762      
   89.9845654287116831089497944370036074      
   89.9104967796316949174206872883030697      
   89.8355530129356458212739190725794065      
   89.7597213124235373135219305974480408      
   89.6829864625608699366034360293331491      
   89.6053309177811268360627388604769479      
   89.5267346332107083013599321338639101      
   89.4471750607863660974389744997560222      
   89.3666270060526715908364000944983268      
   89.2850625722951541179095619548057364      
   89.2024510532789024232186507258326787      
   89.1187588346114683118892822948889635      
   89.0339492669154898063125134298646448      
   88.9479825024890668974413834524300180      
   88.8608154998194947058811478353370403      
   88.7724016964422925047962149130055127      
   88.6826909170555076742002622637029089      
   88.5916292175550223218897951764581938      
   88.4991586446193652921417527689460408      
   88.4052170373528228869725106870748585      
   88.3097377796780769179379324048183237      
   88.2126495442410644889233719693021384      
   88.1138759882918636915979310350725380      
   88.0133354567451507365955137868991066      
   87.9109406035818647805638697531663185      
   87.8065980325451408437018404230778927      
   87.7002078823379410843123724109839151      
   87.5916633216094558739806768336547198      
   87.4808500961763133970273886240772891      
   87.3676459270490820741355033159061560      
   87.2519199270403017665264471419133671      
   87.1335319137374910245935025320686096      
   87.0123316827543612968612174942260267      
   86.8881582008736258872359752286827428      
   86.7608387184156358999859446038937782      
   86.6301878192283488031727100707704914      
   86.4960063661747219044166150205313493      
   86.3580803632908252680410642784740102      
   86.2161797171695500044717723927812665      
   86.0700569203912897122930900403209574      
   85.9194456088303079072709945427311043      
   85.7640589523392965694542514629181613      
   85.6035884056470341850470945491199485      
   85.4377015338435692298742953302956001      
   85.2660406092714542587920861843335511      
   85.0882208122226689006660043620320377      
   84.9038285502501682948151159243486951      
   84.7124198988632609330255072564595830      
   84.5135192487623160385666431168575670      
   84.3066183177297943140103049480771449      
   84.0911756458120507035818195017709767      
   83.8666168345768528286195380900377638      
   83.6323357285410599218479266239995272      
   83.3876968570904645699096478013589159      
   83.1320394456319528101353350751172018      
   82.8646833201284034651061304834030181      
   82.5849370062580744754014275200266790      
   82.2921082503144701524606418953047328      
   81.9855168626660957577240508550957696      
   81.6645105749102744886747422484843224      
   81.3284814165244557047626938599524956      
   80.9768842994627928293241393375600369      
   80.6092547217674083235903798980953549      
   80.2252247633725890637775629169682028      
   79.8245355127331618570373479278785181      
   79.4070444236394789406349590042019741      
   78.9727263879505855119445470723210394      
   78.5216681367182527774886374978601017      
   78.0540562938632698505292926135185417      
   77.5701603980371843467928919440353480      
   77.0703125627795241080861832258021377      
   76.5548859704810816584289050473749523      
   76.0242741886412974652985639340234950      
   75.4788728245586644396307178783177507      
   74.9190646858504694255444340119314197      
   74.3452089696578162572472327401347001      
   73.7576343509694017516194099915345657      
   73.1566357268503490785025261784443859      
   72.5424740733222209045378320146012302      
   71.9153786152949477265125792553914544      
   71.2755509261912502232010497197875107      
   70.6231701950917774458370687802441882      
   69.9583987252401750276295140440901556      
   69.2813908380266087825977375050576451      
   68.5922960655667869230882190097789327      
   67.8912683878698215400327062969255468      
   67.1784721541166382960776006283970953      
   66.4540886153270076613951349877335829      
   65.7183221632825604482249654129475731      
   64.9714062585818243980296239300878762      
   64.2136089670102670966536172343177055      
   63.4452382011917223316324484511400340      
   62.6666464987316680424412204577705082      
   61.8782352147232529333559380058205519      
   61.0804582718189528772142481634853978      
   60.2738251632729805460459617882312452      
   59.4589032495280974633619981913981144      
   58.6363192177990393319271241336737096      
   57.8067596393554769803356723265743395      
   56.9709705168238020867635358394689431      
   56.1297557582379057811511733769624363      
   55.2839745456421733125428925089195677      
   54.4345376151567161108084852900330153      
   53.5824023509952525631464333914474212      
   52.7285668349106207494961542269140317      
   51.8740629039936615214332023432372808      
   51.0199483188606342999599487498762340      
   50.1672982273876183079240774283849931      
   49.3171961326283137542545069865104750      
   48.4707241334070682286324388475353692      
   47.6289539445256145064520281547654926      
   46.7929370603544840284625317135656222      
   45.9636957376741761844785976398802802      
   45.1422144832401676261810023192577049      
   44.3294321882191162129437092287981868      
   43.5262351666870387511059641693433938      
   42.7334511668016891243755978027003274      
   41.9518445810875818880759556277213341      
   41.1821125749133594575206822759545498      
   40.4248825880749940608745090457552094      
   39.6807107435004012358229456499941722      
   38.9500814377851534430057678220435002      
   38.2334078469518770005512316766983998      
   37.5310332936693784211809257038021346      
   36.8432334180315570704014323211359279      
   36.1702189681352111868125016754288980      
   35.5121391092180065227437496686790226      
   34.8690851491103347124548667265405959      
   34.2410945337417707756435984438252128      
   33.6281550746854613986592357231280204      
   33.0302092240708869042068935058664003      
   32.4471583884405679196167503085456228      
   31.8788672400899060179055912897162936      
   31.3251676495431533658459873729633131      
   30.7858629815184831926242432859010345      
   30.2607316843828132842625119236015962      
   29.7495308911264204521576582260056516      
   29.2519997658078577533548717211470401      
   28.7678625861166911812221624820913840      
   28.2968315748614400322895415105520438      
   27.8386094899819970678419438128824598      
   27.3928919611116490144205320768910649      
   26.9593696027745474023303000822011947      
   26.5377298694379393304115696818420785      
   26.1276587506440195820288117314499831      
   25.7288422331371990899570245294361497      
   25.3409675721495153898537010645629776      
   24.9637244256432152716724029207632631      
   24.5968057947328132094393444615647021      
   24.2399088541600157994321979246666952      
   23.8927356415593534912064549380533135      
   23.5549936250015420036719835181274347      
   23.2263961774732278074190069994145136      
   22.9066629599236044745621236279140444      
   22.5955202123919569120219068270879758      
   22.2927009824971136013653138662151788      
   21.9979452871185707429259905945857470      
   21.7110002167684273647077992421217033      
   21.4316199983192016548980355874470181      
   21.1595660072858958584761919686213333      
   20.8946067505919030254475913342093782      
   20.6365178162317481965729988075565820      
   20.3850817993726624788515752948267999      
   20.1400882031702898880186950114593132      
   19.9013333236923705488390234649497014      
   19.6686201204549419443244879948609558      
   19.4417580736233288345411140035670092      
   19.2205630318254825563603889470919976      
   19.0048570543594615771866181207804296      
   18.7944682451573424150328420811053843      
   18.5892305859044187697388549161402230      
   18.3889837860481291142868675538189381      
   18.1935730220032474726378207235297785      
   18.0028489039290720728690997389184929      
   17.8166672089676893783484666516139172      
   17.6348887360996803864983979822710653      
   17.4573791390862027468703316628045402      
   17.2840087616445580974423863541872198      
   17.1146524754685465833600964048304132      
   16.9491895224185949186132378465226227      
   16.7875033594059794590343346032452264      
   16.6294815081150650067360402418717045      
   16.4750154082545755620704562296051829      
   16.3240002751302136060922991042181976      
   16.1763349614158111520801805460583307      
   16.0319218236710668491947329698853445      
   15.8906665921887787258551249601684823      
   15.7524782459532731806992908906095266      
   15.6172688917527503112246999747213762      
   15.4849536466966279832400375532017716      
   15.3554505265139228858853792334645758      
   15.2286803355121034226256727884248715      
   15.1045665634117404205153238911657871      
   14.9830352832982816746409349081665795      
   14.8640150545095446313453948564553297      
   14.7474368304789327366271093934118382      
   14.6332338671738300366583765798537070      
   14.5213416381676425819644202519694146      
   14.4116977506292636516298573770275194      
   14.3042418657084178390703859725186981      
   14.1989156220579700816577271528795633      
   14.0956625618802881769558877456329942      
   13.9944280598387398538413380187620469      
   13.8951592558472299715830369936948156      
