   300.978532456069162132856044161749454      
   300.978532456069162132856044161749454      
   300.978532456069162132851380527156010      
   300.978532456069161555061098139799070      
   300.978532456068454609946002451934406      
   300.978532455984012490765849010447188      
   300.978532453367369071825205606325163      
   300.978532418982347316137176810311141      
   300.978532165784611636735430295618629      
   300.978530926028918400637559907164632      
   300.978526416584903241231400538842573      
   300.978513287347990307463691076850999      
   300.978481058773780113688162941895553      
   300.978411834304294670291526860183362      
   300.978278139979589637358467379865102      
   300.978041197376507821875105634512824      
   300.977649822740616021249550056778052      
   300.977040033527505318312935078840653      
   300.976135307411792907220083538749794      
   300.974847409764288660170550014883947      
   300.973077637707444710592515868265313      
   300.970718328634625971100934677025239      
   300.967654487177484301278077982368771      
   300.963765400376758049082686298916474      
   300.958926136853992083360744204368948      
   300.953008854852080015083372735170647      
   300.945883871389310769146601965623141      
   300.937420473905372741519070505767806      
   300.927487480828326922699252554434812      
   300.915953578097440109691923602186368      
   300.902687474394696098690987144479457      
   300.887557929904013689618024573502425      
   300.870433705624718640977568406773561      
   300.851183496911337755484917287150520      
   300.829675891783327603380428482528377      
   300.805779395444654346833792980305235      
   300.779362547460609518341130154681407      
   300.750294151534836838944430570422616      
   300.718443612394139464327138338445211      
   300.683681407326114244684825800954466      
   300.645879632783128534771456717554771      
   300.604912652320749523584018698588984      
   300.560657805355927849042178324545342      
   300.512996157620591465013820600808861      
   300.461813269593728582163523870860384      
   300.406999958144062520630561238404885      
   300.348453033663459133608213458742288      
   300.286075982418385962151575618099616      
   300.219779613497656213687830456962630      
   300.149482594802237015985992095748562      
   300.075111927031914808455126633148538      
   299.996603320283995391426899626035619      
   299.913901475228687824818988090797752      
   299.826960268890274035821364010999208      
   299.735742837298915764297046766137125      
   299.640221565865635765952823486881693      
   299.540377996795379651226687385338637      
   299.436202692296352813502338551240840      
   299.327694900394770281813053569795823      
   299.214862281255757486038106337920863      
   299.097720510510967725156163881811360      
   298.976292833827572979876327251303527      
   298.850609576284548447102128997449668      
   298.720707634833406062205256783435173      
   298.586629915024248446416881095867308      
   298.448424748274177467454233058358520      
   298.306145301721050118088350079747186      
   298.159848982251181201816497767015381      
   298.009596808511643701280033924368639      
   297.855452822637208682181443458307493      
   297.697483483586991582372608853090625      
   297.535757088140573932431509299900871      
   297.370343175448389707394365055382504      
   297.201311981346556985652454646767509      
   297.028733871536781755124057898070406      
   296.852678845345549012447139860415585      
   296.673216026101166585198884255403234      
   296.490413177383320013591323941105304      
   296.304336270529313387832585744215106      
   296.115049045172937805790667393644181      
   295.922612583444683168089022101573911      
   295.727084956757740857186594827164588      
   295.528520854719857206616971881508090      
   295.326971251310665753547129132718366      
   295.122483087779741475943393272845627      
   294.915098982893646359977793350239192      
   294.704856938161821223869620122468958      
   294.491790064014434943721867645538212      
   294.275926436612358784224951907944490      
   294.057288751562025713947125980909410      
   293.835894126430773567613005915717560      
   293.611753883787544497026939550132805      
   293.384873564700108638580536932840904      
   293.155252090086090386394590536560385      
   292.922882551640088846727320554673783      
   292.687751214050259915746933573600657      
   292.449837643312970104086831920261746      
   292.209114533803008481617233686984986      
   291.965547292040848919140236985883084      
   291.719094265376496268946274441706148      
   291.469706003322827293961167095332741      
   291.217325482788662217203901296550105      
   290.961887557934801979419779435057677      
   290.703318947555689816676667124207026      
   290.441537769671182670218300307119574      
   290.176453359959250883206076353118690      
   289.907965923156432875460614858956206      
   289.635966212487272013640167458389178      
   289.360335117475341870515668647060071      
   289.080943133089467416684496220397593      
   288.797650374413357794113730464845369      
   288.510305513437450640587698467267953      
   288.218745480430399941150852357034472      
   287.922794957053822546141834323489158      
   287.622265595012937199460696499074617      
   287.316955371396674382660659732993269      
   287.006647783953749983298280315659564      
   286.691111018783459589000958900231953      
   286.370096961948556997693275863985727      
   286.043340234421739893935419807422075      
   285.710556961641060536832576697790575      
   285.371443605771707742030981375003130      
   285.025675617598308524015210335697718      
   284.672905795230731590437199709377815      
   284.312762812573018540339013028251171      
   283.944849262909516740940385776694961      
   283.568739762880980741210953211218449      
   283.183978719646845829928883229222960      
   282.790077968951674214798956856234602      
   282.386514152839284133516919493218926      
   281.972725834850816674954319962654767      
   281.548110412492133610311307730004085      
   281.112020690067846189353998816726864      
   280.663761180695182121133458905040530      
   280.202584080801037514533260276539101      
   279.727684991271691564952542631043087      
   279.238198228698500698630732263876080      
   278.733191595102713850726317254484009      
   278.211662318352861101403057284639857      
   277.672529984991599997091459823460700      
   277.114631980132226341074280099084023      
   276.536717639723673927164514176604113      
   275.937442788313046958149126754133284      
   275.315364671305598032332898583493636      
   274.668937558477527125341590129787077      
   273.996509532621831520533491081250696      
   273.296320848889164786640913380755690      
   272.566504712374771693013498792622689      
   271.805091117758444746005761527998442      
   271.010014785544009852206355354416455      
   270.179128198303846632939838994130875      
   269.310220790417311261594924071059797      
   268.401045270338742045054639440086716      
   267.449351813522027995497086159740357      
   266.452929803664811212603165279061211      
   265.409659368458392088192912307574048      
   264.317564603704481040478755044845571      
   263.174873973254076695303452847070111      
   261.980077845744077051668734668809882      
   260.731980480960914457277079480146647      
   259.429740416382776035371380765605162      
   258.072894376828306557063616763656419      
   256.661360760839402913819777985043387      
   255.195421444334321526838071868045349      
   253.675682955055627014220200993935245      
   252.103021293620849127076898818114887      
   250.478515829033453351280095483856947      
   248.803379404063515389893941403968592      
   247.078891113084216762220332785576346      
   245.306336679815659428799833104532699      
   243.486960229014025633019410538777133      
   241.621929151387902836053506405437772      
   239.712311640650555692763082472487336      
   237.759066112263634505133210079944270      
   235.763040738297217939747954047453995      
   233.724980499708580111165882580022224      
   231.645540510121563225403411589309404      
   229.525303134048276698970473535793621      
   227.364795857030568839795920643293009      
   225.164520223586478543442646891437344      
   222.924962213092057500036711781781513      
   220.646622260576920005106295465008027      
   218.330034500879074462252202042290560      
   215.975787999812774899534188710134154      
   213.584547030668321456731137592079628      
   211.157070340390929293596277772785582      
   208.694229142783368064124256011532567      
   206.197024153873097577805457466205118      
   203.666601120877921137933966487754133      
   201.104264447850572033406798518916817      
   198.511489383411596850946306531327534      
   195.889931780637186774649375811751555      
   193.241435560966316755926494122043890      
   190.568037457846877828763153434439561      
   187.871968827905300186090935061366608      
   185.155654179677356781981491478274065      
   182.421706214273193788741313475127916      
   179.672917273337063265764400653988589      
   176.912247249259327360127577192607307      
   174.142807640734570830225908522204125      
   171.367842213459517435862501237470601      
   168.590704437979399944657907615521163      
   165.814832036297061474869833437097762      
   163.043719239009759500753251642251223      
   160.280887431042019701327147706159039      
   157.529853433572971743055426254489962      
   154.794100319708247145969091502987872      
   152.077045446152073092503228069088255      
   149.382011147441072599555442329610934      
   146.712197070530544785088257537587542      
   144.070654611712127692067054993594115      
   141.460264291732875941094383550366010      
   138.883716292105489654220692858776089      
   136.343494888534641136246855790094333      
   133.841865868468418236942217396852276      
   131.380868411243730697842154398704440      
   128.962309916376304016424573362481072      
   126.587764672801748689768745421641383      
   124.258575502593600251791502949269800      
   121.975858204425479868838008537356936      
   119.740508608602560478804655043691758      
   117.553211646439436357140630445143912      
   115.414452104958521198917186423206817      
   113.324526734608587815478316861256926      
   111.283557234660755020841694942431943      
   109.291503992727749545642516100166058      
   107.348179978230382438672403894065790      
   105.453264762431845738754438502773274      
   103.606318530292194558193171691577949      
   101.806794861015248438999458962130772      
   100.054054689935070376028790679178362      
   98.3473779742441431738531637517051799      
   96.6859753961608664695123892345183662      
   95.0689992388755376984033330937278811      
   93.4955534048792463389720280667969963      
   91.9647026182996801049410099092941479      
   90.4754808424414904704863173918679927      
   89.0268988736128592968667292498959678      
   87.6179512090172790575734752671538897      
   86.2476220756733028238376014659867565      
   84.9148909395930636415936381272124429      
   83.6187372576958970423603297206674918      
   82.3581446094859250170245284598296825      
   81.1321043833404496329353094924806090      
   79.9396188328816429306778695000852904      
   78.7797037760200513481546432551667524      
   77.6513908350678988464209785486732720      
   76.5537292812550115119339464339141574      
   75.4857875767879903741117727480971647      
   74.4466546197517145423269017907206312      
   73.4354406902738599640711971880359081      
   72.4512781931156192044372700651993358      
   71.4933221831353549145094694324036771      
   70.5607507044973889353003475368955290      
   69.6527649945374053784186156592028067      
   68.7685895236791615400476238980193311      
   67.9074719394236848327046718361804816      
   67.0686829027531816388622461245588914      
   66.2515158479611530562676197081870944      
   65.4552866603034421360607587872427702      
   64.6793333020002042837268262610865234      
   63.9230153914785613190545859832981025      
   63.1857137392758187122586205115927838      
   62.4668298534328183081712640780489882      
   61.7657854266682501258565088925363901      
   61.0820217967613628488567367635924982      
   60.4149994041893610016512784774557248      
   59.7641973046564196214323195499115456      
   59.1291123215105542860729173514717779      
   58.5092589377694842368245741514851095      
   57.9041684291449904796325166177452393      
   57.3133883923239612561197934423809629      
   56.7364822020301589273285779041147550      
   56.1730284753448138166877556511084704      
   55.6226205452727763959203133156988412      
   55.0848659478604334854930230011985209      
   54.5593859180694332418615874605469904      
   54.0458149013739612718921307860830359      
   53.5438000768273705767289827462168373      
   53.0530008941731942197999720887091468      
   52.5730886246013862442605867746895755      
   52.1037459269309672598828821521273682      
   51.6446664246135308590291561205475652      
   51.1955542993481378372726953944809647      
   50.7561238981964385114802749178444731      
   50.3260993517640409455301220479057554      
   49.9052142111702493791274825087598668      
   49.4932110904143361235334365623808335      
   49.0898413310881563666748026462888110      
   48.6948646707194154425830384515413858      
   48.3080489271560200518725332834798204      
   47.9291696990565313940381055285884741      
   47.5580100683149476191397238845245484      
   47.1943603240448383913843658189005982      
   46.8380176895451068677970364753394430      
   46.4887860635523579769787544106857697      
   46.1464757716884027653876132468585855      
   45.8109033261109365751066351733072347      
   45.4818911944759045249843485609766481      
   45.1592675815034974076448702295081514      
