 0.13548723707728E+03
 0.13548723707728E+03
 0.13548723707728E+03
 0.13548723707728E+03
 0.13548723707728E+03
 0.13548723707730E+03
 0.13548723707789E+03
 0.13548723708563E+03
 0.13548723714262E+03
 0.13548723742166E+03
 0.13548723843664E+03
 0.13548724139174E+03
 0.13548724864568E+03
 0.13548726422658E+03
 0.13548729431823E+03
 0.13548734764887E+03
 0.13548743573894E+03
 0.13548757298984E+03
 0.13548777662569E+03
 0.13548806650739E+03
 0.13548846485304E+03
 0.13548899589896E+03
 0.13548968553415E+03
 0.13549056093768E+03
 0.13549165024238E+03
 0.13549298224174E+03
 0.13549458615075E+03
 0.13549649142493E+03
 0.13549872763599E+03
 0.13550132439828E+03
 0.13550431133608E+03
 0.13550771807936E+03
 0.13551157427819E+03
 0.13551590962046E+03
 0.13552075384436E+03
 0.13552613673614E+03
 0.13553208810736E+03
 0.13553863774653E+03
 0.13554581534723E+03
 0.13555365040583E+03
 0.13556217210233E+03
 0.13557140915832E+03
 0.13558138968123E+03
 0.13559214099895E+03
 0.13560368949022E+03
 0.13561606041624E+03
 0.13562927775737E+03
 0.13564336406157E+03
 0.13565834030074E+03
 0.13567422575115E+03
 0.13569103788736E+03
 0.13570879229750E+03
 0.13572750261948E+03
 0.13574718049798E+03
 0.13576783556702E+03
 0.13578947543964E+03
 0.13581210573694E+03
 0.13583573011968E+03
 0.13586035034392E+03
 0.13588596633035E+03
 0.13591257624680E+03
 0.13594017660435E+03
 0.13596876236349E+03
 0.13599832704400E+03
 0.13602886284763E+03
 0.13606036078515E+03
 0.13609281080541E+03
 0.13612620192576E+03
 0.13616052237009E+03
 0.13619575969854E+03
 0.13623190094162E+03
 0.13626893272839E+03
 0.13630684141394E+03
 0.13634561321505E+03
 0.13638523432658E+03
 0.13642569103452E+03
 0.13646696983277E+03
 0.13650905753322E+03
 0.13655194136504E+03
 0.13659560907657E+03
 0.13664004903435E+03
 0.13668525030636E+03
 0.13673120275013E+03
 0.13677789709313E+03
 0.13682532500910E+03
 0.13687347919054E+03
 0.13692235341256E+03
 0.13697194262630E+03
 0.13702224297594E+03
 0.13707325189928E+03
 0.13712496816851E+03
 0.13717739195800E+03
 0.13723052485184E+03
 0.13728437004052E+03
 0.13733893215156E+03
 0.13739421750490E+03
 0.13745023407979E+03
 0.13750699157328E+03
 0.13756450151260E+03
 0.13762277721374E+03
 0.13768183397180E+03
 0.13774168902051E+03
 0.13780236169920E+03
 0.13786387345377E+03
 0.13792624797305E+03
 0.13798951125528E+03
 0.13805369170330E+03
 0.13811882025152E+03
 0.13818493050074E+03
 0.13825205874290E+03
 0.13832024424023E+03
 0.13838952927061E+03
 0.13845995936205E+03
 0.13853158345109E+03
 0.13860445402911E+03
 0.13867862745340E+03
 0.13875416413444E+03
 0.13883112878152E+03
 0.13890959075469E+03
 0.13898962431031E+03
 0.13907130901606E+03
 0.13915473008967E+03
 0.13923997883757E+03
 0.13932715313147E+03
 0.13941635790505E+03
 0.13950770573050E+03
 0.13960131744088E+03
 0.13969732281069E+03
 0.13979586131504E+03
 0.13989708295901E+03
 0.14000114920239E+03
 0.14010823395184E+03
 0.14021852467489E+03
 0.14033222360451E+03
 0.14044954906686E+03
 0.14057073692099E+03
 0.14069604219535E+03
 0.14082574051875E+03
 0.14096013030347E+03
 0.14109953445031E+03
 0.14124430243160E+03
 0.14139481241080E+03
 0.14155147339054E+03
 0.14171472735009E+03
 0.14188505126653E+03
 0.14206295896128E+03
 0.14224900256671E+03
 0.14244377348181E+03
 0.14264790257781E+03
 0.14286205938272E+03
 0.14308694997141E+03
 0.14332331324018E+03
 0.14357191528217E+03
 0.14383354163842E+03
 0.14410898747463E+03
 0.14439904494531E+03
 0.14470449016599E+03
 0.14502606789743E+03
 0.14536447687730E+03
 0.14572035639073E+03
 0.14609427564497E+03
 0.14648672728115E+03
 0.14689812601560E+03
 0.14732881284093E+03
 0.14777906452368E+03
 0.14824910739172E+03
 0.14873913410933E+03
 0.14924932177025E+03
 0.14977984953252E+03
 0.15033091485092E+03
 0.15090274699289E+03
 0.15149561771176E+03
 0.15210984878674E+03
 0.15274581674239E+03
 0.15340395501391E+03
 0.15408475407811E+03
 0.15478875982033E+03
 0.15551656909973E+03
 0.15626883306085E+03
 0.15704624190486E+03
 0.15784952678041E+03
 0.15867945264660E+03
 0.15953681209648E+03
 0.16042241893744E+03
 0.16133710125986E+03
 0.16228169412154E+03
 0.16325703168823E+03
 0.16426393892590E+03
 0.16530322275217E+03
 0.16637566275382E+03
 0.16748200154821E+03
 0.16862293458625E+03
 0.16979909989369E+03
 0.17101106761762E+03
 0.17225932957494E+03
 0.17354428908416E+03
 0.17486625123125E+03
 0.17622541377262E+03
 0.17762185894623E+03
 0.17905554645750E+03
 0.18052630781756E+03
 0.18203384220535E+03
 0.18357771406546E+03
 0.18515735254035E+03
 0.18677205259399E+03
 0.18842097889616E+03
 0.19010316985821E+03
 0.19181754508810E+03
 0.19356291358565E+03
 0.19533798348046E+03
 0.19714137284164E+03
 0.19897162147469E+03
 0.20082720318292E+03
 0.20270653843142E+03
 0.20460800709926E+03
 0.20652996085144E+03
 0.20847073539631E+03
 0.21042866182666E+03
 0.21240207749065E+03
 0.21438933572785E+03
 0.21638881483322E+03
 0.21839892590352E+03
 0.22041811974197E+03
 0.22244489259278E+03
 0.22447779112015E+03
 0.22651541610678E+03
 0.22855642549919E+03
 0.23059953667803E+03
 0.23264352751943E+03
 0.23468723799008E+03
 0.23672956908968E+03
 0.23876948332783E+03
 0.24080600378430E+03
 0.24283821278381E+03
 0.24486525060280E+03
 0.24688631367933E+03
 0.24890065276040E+03
 0.25090757082175E+03
 0.25290642095325E+03
 0.25489660420081E+03
 0.25687756725875E+03
 0.25884880028387E+03
 0.26080983464851E+03
 0.26276024071533E+03
 0.26469962572831E+03
 0.26662763172610E+03
 0.26854393343211E+03
 0.27044823641165E+03
 0.27234027511910E+03
 0.27421981111809E+03
 0.27608663139748E+03
 0.27794054670197E+03
 0.27978139000278E+03
 0.28160901502452E+03
 0.28342329488278E+03
 0.28522412072248E+03
 0.28701140053999E+03
 0.28878505798234E+03
 0.29054503127003E+03
 0.29229127217573E+03
 0.29402374504106E+03
 0.29574242590464E+03
 0.29744730162318E+03
 0.29913836909353E+03
 0.30081563451299E+03
 0.30247911268598E+03
 0.30412882616632E+03
 0.30576480545463E+03
 0.30738708723869E+03
 0.30899571462820E+03
 0.31059073653846E+03
 0.31217220714273E+03
 0.31374018553966E+03
 0.31529473521257E+03
 0.31683592382693E+03
 0.31836382270111E+03
 0.31987850668035E+03
 0.32138005361267E+03
 0.32286854427006E+03
 0.32434406194443E+03
 0.32580669225243E+03
 0.32725652298715E+03
 0.32869364367485E+03
 0.33011814569621E+03
 0.33153012177282E+03
 0.33292966610801E+03
 0.33431687396906E+03
 0.33569184164941E+03
 0.33705466642316E+03
 0.33840544618392E+03
 0.33974427953435E+03
 0.34107126563991E+03
 0.34238650398148E+03
 0.34369009440306E+03
 0.34498213708348E+03
 0.34626273218401E+03
 0.34753198002293E+03
 0.34878998100459E+03
 0.35003683529285E+03
 0.35127264303849E+03
