   503.353983595366473674394243594379533      
   503.353983595366473674394243594379533      
   503.353983595366473673271516425147768      
   503.353983595366369793408749357133350      
   503.353983595264853940454767898678721      
   503.353983585190643146242959322683363      
   503.353983319046950696591273103877360      
   503.353980281542872744856606554159448      
   503.353960572508662755580749468816531      
   503.353874527613739350832965214303907      
   503.353592707148076591640634294454509      
   503.352847687549384054579034304131842      
   503.351175282679030486880537408957430      
   503.347870051838639563613437490736336      
   503.341965039413120231884878736905525      
   503.332238566128067536266473462915339      
   503.317244876517060283859146535561327      
   503.295362075881047689500857774960306      
   503.264849500526568892302474762846259      
   503.223907881619557421495132458004291      
   503.170736645252173736651695965141806      
   503.103584855681069176684518767512293      
   503.020793786173749239080237645059328      
   502.920830417367291108717952950600749      
   502.802312072667684369690025362903474      
   502.664022971240326401759968038080571      
   502.504923779673591782984024599792252      
   502.324155339717631326033215937704402      
   502.121037715893592939150161341235514      
   501.895065596153722382367572155531902      
   501.645900932680810254500576636555270      
   501.373363556763912068252852681356666      
   501.077420357043461314137364291963990      
   500.758173502656287776285159447430281      
   500.415848052269826264782791910493873      
   500.050779266603847480936356580387924      
   499.663399841012112801837782996577279      
   499.254227243940275899272859129618595      
   498.823851348537081912343473295796141      
   498.372922294957918905192992056205555      
   497.902139148635741541720778647383604      
   497.412238866687445661191869015966846      
   496.903986033540155366122267624933537      
   496.378163307372817786161042151925451      
   495.835562631686814509095770650500740      
   495.276977225191344276143183866819204      
   494.703194447696878543688597491320551      
   494.114989250472286720524504021773237      
   493.513118827357686283875569412983564      
   492.898317757079568836266847936804323      
   492.271293980964444494081536983758245      
   491.632725528036496176592638473772187      
   490.983257924770323385837708334610800      
   490.323502283652529741505207529062603      
   489.654033776758971161507613699942578      
   488.975391003859066793305081203869803      
   488.288075538182638152830988667385135      
   487.592552009640406929238920685262649      
   486.889248536619954062729130504804974      
   486.178557486984615693475307768648486      
   485.460836545668260904397974455835033      
   484.736409833017130413591207610577243      
   484.005569317257926314488451573631336      
   483.268576569431319672728678947245551      
   482.525664291560771245908980711430001      
   481.777037964130503581989630464065327      
   481.022877624622104727410698386317896      
   480.263339735121282551533781050531312      
   479.498558475393940226455252352152150      
   478.728647863427867796520361436971599      
   477.953703226330184181600930659565940      
   477.173802862171029365026340232800844      
   476.389009320262622388585846306360930      
   475.599371044682919136388689997552168      
   474.804923163956530788368306868370891      
   474.005689201313371102314200481813947      
   473.201681957674294896714045623504038      
   472.392904397245685240168991074751243      
   471.579350786308329067132758582283842      
   470.761007358641716715329800088227360      
   469.937852625068091482257139622547369      
   469.109858458766426350864799202793585      
   468.276990332349896498913014359342277      
   467.439207757102757625260939143960298      
   466.596464583599269333312880451924806      
   465.748709300216151182069131349146838      
   464.895884923795596388136578608846126      
   464.037929061638713257576257486181186      
   463.174774796205761337098386245917487      
   462.306349648369616566770768737191153      
   461.432575500670860829417722778124477      
   460.553368594078726902712109434694281      
   459.668640530598413541606892525858154      
   458.778294660150576620907893245435066      
   457.882230548766879564047307874913358      
   456.980339371445184652944880510278971      
   456.072505677584143360168089292004255      
   455.158606824873947125299345872343429      
   454.238511315309974113582464489980398      
   453.312080041399884693616169469804931      
   452.379164198330660082839925159669873      
   451.439605445980416807670333474106330      
   450.493235186045862788985854112185752      
   449.539873931631937665062328881173731      
   448.579330233832363711377284395727094      
   447.611400504142432047788795362724830      
   446.635867775726209332825572905713555      
   445.652501052725360299503452299484719      
   444.661053917451156552582018311629703      
   443.661265275656046023411222164855134      
   442.652855835870636736138819960634318      
   441.635528902843358078381040582958305      
   440.608968418448197642564316307271419      
   439.572838049848330644180489816593184      
   438.526779717188001649102290042754312      
   437.470412335025344737097759061346087      
   436.403330272065310214912782323586995      
   435.325101432741802850189071929828503      
   434.235266128924024290999164956876993      
   433.133334639439678022680394261335949      
   432.018785399249080876435641229354230      
   430.891062961158060856849357806295804      
   429.749575703951578914737036960172269      
   428.593692788466800523263264885998309      
   427.422742244923695305098720427207070      
   426.236007319454610403721883280878675      
   425.032723821630686830500107945039879      
   423.812076490455708984138067271831356      
   422.573195486757952891928609017500462      
   421.315152469663962078634770113187119      
   420.036956221820039624640354212694998      
   418.737548661260881220340039771374471      
   417.415799881111288248921724413874085      
   416.070503344361779935242544766919943      
   414.700370690863733206554628091966249      
   413.304026933882973216984827618931539      
   411.880003689050115111987837677789582      
   410.426737384158313946727904841758755      
   408.942560135466780968604567596151893      
   407.425697578636470490823186355832957      
   405.874264746154206033153219221781233      
   404.286263325285100371314026724563374      
   402.659580698003737188768949457995163      
   400.991991146669650595022986956162590      
   399.281160781657710521005057057324312      
   397.524655271413624495714364333123907      
   395.719954084533290136083824259998054      
   393.864470666886293152100936007592482      
   391.955580433908887442684317488306895      
   389.990658781290448301125456620747673      
   387.967129832618572645979292847779003      
   385.882526960325339760173516425149726      
   383.734566343189219112612476205146634      
   381.521232409335314574793742933163660      
   379.240872449704234220642715690459302      
   376.892303002171992585112457203107917      
   374.474906766156292214056332908425094      
   371.988732218931965857656798887829535      
   369.434571970096861821582333068676077      
   366.814015794819752611144723886922806      
   364.129468652273414242204828824543950      
   361.384127803574390826825007789623244      
   358.581917882504909849019977245689973      
   355.727386917457741677472378319173707      
   352.825573495462344832532585384050347      
   349.881856801303547300394486838522146      
   346.901803953009242925514503184832308      
   343.891027747625314158403697645127779      
   340.855065861440905197373003034185630      
   337.799288056746480069846715699763279      
   334.728833036383461255213904675937604      
   331.648575303150847629743049099588630      
   328.563116658786461479766193660545119      
   325.476799338574101411254001303830355      
   322.393733554825613335345718495761591      
   319.317834607259898029205872004966885      
   316.252868150812301164817099880770454      
   313.202489104506325096354065152378610      
   310.170304407456170291341973082143611      
   307.159888229756900909866194139938471      
   304.174838272184385557159031662331310      
   301.218802053857332735897907061765267      
   298.295504445567460866113222049750448      
   295.408768221275196458105021921597823      
   292.562528844231517080081118075979052      
   289.760842129435993205721427073656215      
   287.007886349803545647650721316227442      
   284.307957684260692090867473641299886      
   281.665459715344374309345003476321521      
   279.084886790657215606702157089630411      
   276.570801375324840773398384050698913      
   274.127806678958055722034725981845492      
   271.760513846526193560360234095265809      
   269.473504599831922280744202796984507      
   267.271290585222809718013564556837150      
   265.158269423897233129935635116685922      
   263.138678713513904014467868477565488      
   261.216549165635810111765226966064643      
   259.395657837752841605824575917836502      
   257.679482409212372096180011838079400      
   256.071157988158471363063397892350299      
   254.573437742470229652677572197184239      
   253.188657985731180110642752011161556      
   251.918709281450885131406541616772771      
   250.765014077259880191853533159048352      
   249.728510934586070478792080354086535      
   248.809647485037539421701183104939210      
   248.008379938990867209028466493508733      
   247.324180655533492979927090927110751      
   246.756052582606920032662085217747380      
   246.302550609360287081793502333939441      
   245.961808188377682553109649705484544      
   245.731569301821641752505719862241324      
   245.609223895946375203998268987427783      
   245.591846217504481293896697133316686      
   245.676235218959176281654559200151694      
   245.858955236307588296900574149962546      
   246.136377117697324251376776600311058      
   246.504718050882582792439878998968768      
   246.960080065431738429826688302274814      
   247.498486311667471636380755118328672      
   248.115914743373009816826962394503118      
   248.808329032088240812028725457579855      
   249.571706441188973880419383655714537      
   250.402062461597263157652682444672222      
   251.295472417027403257033833779910707      
   252.248090018353349490450666704875230      
   253.256162868157695094415577092176293      
   254.316045240625918805339575500259488      
   255.424208692679830604908603568932136      
   256.577249404276052356298075034313497      
   257.771894382615755482666576303667493      
   259.005005307031821246511435587686603      
   260.273580756098031366171994160587722      
   261.574757111670642944813133281775031      
   262.905808135658501596786101412924017      
   264.264143588291689420781112173109275      
   265.647306903997354810020349310624531      
   267.052972241451863410401884921237174      
   268.478940933820094830312996445956847      
   269.923137493706820293224525549441692      
   271.383605317461829220949128289144582      
   272.858502107326951158841963397437567      
   274.346095189249258098339369239241948      
   275.844756716078343501276701555677179      
   277.352958875608370073778204910156287      
   278.869269031719673852633830849188857      
   280.392345057945938991762729703711697      
   281.920930647613751041341689333392292      
   283.453850790220413514687048562260480      
   284.990007393277770818368755419092739      
   286.528375015301344835397963294741249      
   288.067996790637845944236898226621059      
   289.607980506623669348292151504005024      
   291.147494877092558096900258300413007      
   292.685765925503748563750869396691054      
   294.222073630251355408405901059200986      
   295.755748658906385113493200728578691      
   297.286169320129822787359649741229960      
   298.812758662601116728263850760448493      
   300.334981722408467206142405595888472      
   301.852342951396481093065332476804562      
   303.364383753349698066338288881298716      
   304.870680188842240208282552833843903      
   306.370840809790448367711724621168495      
   307.864504623489372139757747677209237      
   309.351338980426192098262488204039736      
   310.831038494406245913914989504291931      
   312.303322279559533507814899146093363      
   313.767933042398389111717043810084605      
   315.224635483079735365884829318622240      
   316.673214806063521998951347342333124      
   318.113475506691969637904947812490543      
   319.545240004281282952805395614590025      
   320.968347645438184748709148311839597      
   322.382653454663438517701063493895896      
   323.788027298216227665436890495945794      
   325.184352736523121595996721078366060      
   326.571526310673909792462146544669972      
   327.949456583148302773459915232851277      
   329.318063396463226513292139209475893      
   330.677277214332140830946763109571932      
   332.027038216164673338911390159337580      
   333.367295955255417059478686494081841      
   334.698008440012145796104313296048294      
   336.019141864462039494717258542791519      
   337.330669833359562983864781898300131      
   338.632572965909813195160712244145216      
   339.924838522208417448668690625364028      
   341.207459738527322174060778038361559      
   342.480435621517042916532550017997295      
   343.743770525289708265043211353548525      
   344.997473654951387000279611809514116      
   346.241558867349446697370904427894223      
   347.476044406898395341124766733710745      
   348.700952353491246554149854822846679      
   349.916308583041109000826386813835374      
   351.122142503610681251721720388215350      
   352.318486562629282327938052876209226      
   353.505376289082943758572796548693625      
