   6.46114195192883683103959025933776710      
   6.46114195192883683103959028499496191      
   6.46114195192883683103959040970624280      
   6.46114195192883683103816635080371416      
   6.46114195192883682796111255009163503      
   6.46114195192883623041394013023097636      
   6.46114195192880853326332825615595574      
   6.46114195192830078037621477163319435      
   6.46114195192336074114991011648411392      
   6.46114195189269810831169372575143686      
   6.46114195175572141293458660642183369      
   6.46114195127783217824222980629278818      
   6.46114194989928722932260552180810105      
   6.46114194647413211198215079488134514      
   6.46114193892090576714593675324878971      
   6.46114192380129573529872363467857083      
   6.46114189585279634018797503451427815      
   6.46114184750558483342241295131054345      
   6.46114176840149203547930091002650112      
   6.46114164498806832073803416415863545      
   6.46114146015495233130170389685265530      
   6.46114119292199881207364746211773643      
   6.46114081826334736500198645209910843      
   6.46114030703076229541722487201992697      
   6.46113962599657210357377623356052603      
   6.46113873802283451667631789735616099      
   6.46113760235633431510012624919508931      
   6.46113617504153121611289066113438835      
   6.46113440943536541120417684892519821      
   6.46113225679999756602838385373815634      
   6.46112966694315136147095377078893819      
   6.46112658887157841832577044950979106      
   6.46112297138811836531482821345462232      
   6.46111876375855221389318513167259409      
   6.46111391610758857948825590486387703      
   6.46110837981733310751931444611492802      
   6.46110210776973239278922202540822906      
   6.46109505444344921510231118515543608      
   6.46108717586988970270803042488469091      
   6.46107842944865044843202466375223877      
   6.46106877361920124105986631811611065      
   6.46105816740164486575674497431764302      
   6.46104657003756821505689811800406183      
   6.46103394021412190904848530013935155      
   6.46102023543961552814732397588195352      
   6.46100541136925088849553722866362958      
   6.46098942109975323551799803602064611      
   6.46097221447505247419935139038649850      
   6.46095373740176499546145677762572756      
   6.46093393120252272126949688886172526      
   6.46091273200360175380173647824454661      
   6.46089007013184583929573281218707338      
   6.46086586990923037905412202042650660      
   6.46084004889852518958278826377609743      
   6.46081251770153199243662208171522504      
   6.46078317965578169008576847404108749      
   6.46075193062439152674801408548586361      
   6.46071865884600260680553331805590031      
   6.46068324482899413301056637719408418      
   6.46064556131157152122527597812512719      
   6.46060547336545714319371025939321281      
   6.46056283832572882599866867991853089      
   6.46051750592963250941908428006943660      
   6.46046931850377932086571785277182760      
   6.46041811103037044761639124332850483      
   6.46036371134046076308340098562650255      
   6.46030594035845703232796579534449046      
   6.46024461217550184134393096663230549      
   6.46017953442785926673071785585777667      
   6.46011050833317357924191604040220981      
   6.46003732890893085625771140576381303      
   6.45995978514761382438233664102069897      
   6.45987766013178782084961685085782862      
   6.45979073129826693106445636451093898      
   6.45969877039698146110537032688481968      
   6.45960154355306916623451540915475429      
   6.45949881147601793700039040586037682      
   6.45939032930946901321321295403321723      
   6.45927584661180713991604547817882984      
   6.45915510735643015491494584232928265      
   6.45902784975163020311919766672099928      
   6.45889380606831303385332134321914030      
   6.45875270248163869344798707866365713      
   6.45860425889270159069799915849108747      
   6.45844818845236127863487113751665012      
   6.45828419731623696908923439432039838      
   6.45811198417993067329501159030006179      
   6.45793123983608788778499340642800701      
   6.45774164664382605077452347566660374      
   6.45754287798268857658355325880609180      
   6.45733459739391001182568300524586421      
   6.45711645849774889872306406587415524      
   6.45688810346911786176830369577401767      
   6.45664916262016442307374675823094775      
   6.45639925342924091822462872788425442      
   6.45613797957728935768113106021611255      
   6.45586492962564278970424442022564482      
   6.45557967642683395157082702506449896      
   6.45528177570504368474890467654530217      
   6.45497076476904727702288756198086138      
   6.45464616116957894458286026486131922      
   6.45430746081210837600117549921475639      
   6.45395413724443439176684532349448947      
   6.45358563956305751584567503080716531      
   6.45320138868003637679807639158399855      
   6.45280078080743430399359907298139603      
   6.45238317996094585864788386248742658      
   6.45194791859468637203977730881176912      
   6.45149429352509676543039582877129030      
   6.45102156682422004164668593231895232      
   6.45052895876523633766863336753431441      
   6.45001564946053927253725259831546444      
   6.44948077265442837191929314896186621      
   6.44892341469389162525953270840304540      
   6.44834261012784632908295529939289317      
   6.44773733860619161648601377279829476      
   6.44710652097822000682213623859715601      
   6.44644901552210452056725782440245487      
   6.44576361289688820709820381944837482      
   6.44504903283598810278175210330557985      
   6.44430391739598288357284595341844397      
   6.44352682739674155648309847714167076      
   6.44271623514051228854431522747525343      
   6.44187051959892520350811064695272275      
   6.44098795860970600601392437640314718      
   6.44006672236769375729019749303550535      
   6.43910486528032346580651774603109194      
   6.43810031787948271332511078449221677      
   6.43705087734937377938518287719617170      
   6.43595419808887522635606243164329283      
   6.43480778058413173129983990536486203      
   6.43360895997695468543526434000912693      
   6.43235489335099489592055390759417677      
   6.43104254592197835034672015745849416      
   6.42966867599853484821176948397891887      
   6.42822981857428095044306411990014434      
   6.42672226741156423740765741996543887      
   6.42514205521786996339930006755664935      
   6.42348493314072247866990018606665914      
   6.42174634547365819598738609055349220      
   6.41992140603697639388312616106164639      
   6.41800486915658390942785100973263215      
   6.41599109917125799270658689118676765      
   6.41387403721630039774486392965155405      
   6.41164716473748629095419734628391468      
   6.40930346409814717764053108451165365      
   6.40683537594129643415816414547670829      
   6.40423475341803856321970367145297025      
   6.40149281324523702953163325628392314      
   6.39860008413548965962256249126186745      
   6.39554635307603871333664033856539373      
   6.39232061053604312973502461736490851      
   6.38891099601366845092100353726059758      
   6.38530474605680804268048351413483769      
   6.38148814762733923688982841603961339      
   6.37744650034951085428891966240879294      
   6.37316409264280961921982380430521372      
   6.36862419440718493668090646541961372      
   6.36380907683193904551905179897475538      
   6.35870005822487785336769406091133088      
   6.35327758329408196497840945938926765      
   6.34752133669528417674552259579523488      
   6.34141038896552914121824072662335689      
   6.33492336997058788117857373776936553      
   6.32803866037427435593424883773312247      
   6.32073459213789385869702449364536119      
   6.31298964068555187986887107867711454      
   6.30478260124706016062202242373297738      
   6.29609273805573475098150984455185434      
   6.28689989826172682787872595647518265      
   6.27718459007214973425302023532298937      
   6.26692802882083391542097912269433435      
   6.25611214668701666048127197967065135      
   6.24471957918949680323897750023605917      
   6.23273363470610445431171181734669332      
   6.22013824719697942289246828950428947      
   6.20691792166459994006413570733095987      
   6.19305767662508747787534964196802690      
   6.17854298573006171608294218593210582      
   6.16335972324125133647531679625163408      
   6.14749410749627594884650430769611404      
   6.13093265807293147385002739703130774      
   6.11366214703672634512902932282348903      
   6.09566956704794264252152654777443208      
   6.07694209240481195712745395376750779      
   6.05746705054056868741286723839777986      
   6.03723190301172293526810771262572883      
   6.01622421808683843864203873997365672      
   5.99443165610435317872892592757360952      
   5.97184195454642256353387008657158416      
   5.94844291502694578188532881565775492      
   5.92422239391556660740229766660647280      
   5.89916829369389141544525284813176186      
   5.87326855602991133062477533654843699      
   5.84651115827890535279819766956780456      
   5.81888410643538421110948029058288325      
   5.79037543454202988240423492497183392      
   5.76097320028890631671977732364033625      
   5.73066548341480474330529544192682042      
   5.69944038596358990716049161697860890      
   5.66728602103395878984212739142440103      
   5.63419053035088615588232651153808165      
   5.60014206356977854243648550311036937      
   5.56512878640732673131623997243486874      
   5.52913887669585430783087095745653797      
   5.49216052240797881131578188332669235      
   5.45418191898462315595355074269707843      
   5.41519126697576117146913577613522471      
   5.37517676786452836896621872055670128      
   5.33412662166497644393485823295082081      
   5.29202902218862867887436747506757959      
   5.24887215326654262887860261883759087      
   5.20464418372652400279510266878838344      
   5.15933326258558240258858175846977404      
   5.11292751482273192463646140780944604      
   5.06541503523720216106570057078402477      
   5.01678388438391351266810854406166292      
   4.96702208262604911146716069255853542      
   4.91611760579654969671875867000698256      
   4.86405837944944511797787701287869477      
   4.81083227559761379602121566664030480      
   4.75642710698602222975397120378738078      
   4.70083062373124005052514822314740651      
   4.64403050875398861841423430318380769      
   4.58601437555952184689485430556156788      
   4.52676976352823287756899761190605814      
   4.46628413626112725963063045165125855      
   4.40454487856779543120475876459049190      
   4.34153929432865488851693871074012076      
   4.27725460481951984839644289517396065      
   4.21167794678959841009973244018989642      
   4.14479637195099815923276519558031974      
   4.07659684489725543738855244465649828      
   4.00706624290240498436462881385105834      
   3.93619135555248464065073168537597161      
   3.86395888376043245322849467501188974      
   3.79035543990511706745775025476931132      
   3.71536754776318445131486371616421992      
   3.63898164234711713190701278582376065      
   3.56118406996332105661525310281634655      
   3.48196108890232543870943496688839348      
   3.40129886940830036015189896794738390      
   3.31918349394589284378728890711316892      
   3.23560095801838148545414946290032045      
   3.15053717012852469222248648525810118      
   3.06397795264222066266495610567376349      
   2.97590904224241004719194026873578891      
   2.88631609025509349292606983273946948      
   2.79518466338349855319631788115183106      
   2.70250024400595439158473096776573221      
   2.60824823109948806585638521617836101      
   2.51241394033784745373582871603624856      
   2.41498260484811956106997842073316781      
   2.31593937559012921594076169424233831      
   2.21526932205361994826530286517925384      
   2.11295743249643088145086201556457828      
   2.00898861456061492597502612912328763      
   1.90334769551892705350986284504661717      
   1.79601942306838439078416992418571801      
   1.68698846541673626960470878058523877      
   1.57623941170053294021383467302580577      
   1.46375677260982107234537977007694969      
   1.34952498051964189544405734449105919      
   1.23352838986990923471891641634935068      
   1.11575127754954803326043102925249942      
  0.996177843309355812507430669765516591      
  0.874792209792965388575481400084184522      
  0.751578423071420060454184138679750337      
  0.626520452734159591390128353239623671      
  0.499602192189260650248012122285357711      
  0.370807459381350015999308597010404639      
  0.240119996057454784570052084422837156      
  0.107523468798678363236095805314209142      
  -2.69985311110831926344321696044724930E-0002
 -0.163462487340607440198774576595822140      
 -0.301884958559181217614399609849691090      
 -0.442282577854682510117654721820011900      
 -0.584672052974187208457455261256092330      
 -0.729070165783805930129802843261786966      
 -0.875493772596343153243402257095924338      
  -1.02395980341583112299126076812564252      
  -1.17448526232485325398886312832986381      
  -1.32708722695699841098524188371064142      
  -1.48178284880456097802670106472567641      
  -1.63858935250701176587541233072278650      
  -1.79752403631695918950438771746116378      
  -1.95860427155299384683879837770030768      
  -2.12184750273087418531266036365499290      
  -2.28727124737167675211672827482584309      
  -2.45489309600104518818714661494424007      
  -2.62473071188672222764155691046560893      
  -2.79680183095193514900252405825783785      
  -2.97112426183972779600973562896517314      
  -3.14771588571055688486461410531825330      
  -3.32659465633831423794229873216492821      
  -3.50777859966049035570783366205559510      
  -3.69128581397097829903716952190148173      
  -3.87713446989418371017095154623804856      
  -4.06534281007714956074390527414010378      
  -4.25592914925292929152202861483623359      
