   6.46114195192883683103959025933776710      
   6.46114195192883683103959028499496191      
   6.46114195192883683103959038329440624      
   6.46114195192883683103935709324554455      
   6.46114195192883683031477967894610582      
   6.46114195192883665107874864086077172      
   6.46114195192882675936540342244422997      
   6.46114195192861974256404551729849306      
   6.46114195192638482979506589259845051      
   6.46114195191130131472971394298516170      
   6.46114195183912847343920454325946887      
   6.46114195157248876087485450382095195      
   6.46114195076518607864152885612739059      
   6.46114194867459084843075658620931542      
   6.46114194389649957635673064084118135      
   6.46114193402897039308394529833461334      
   6.46114191528176177771736852301438375      
   6.46114188205422475722490948221672442      
   6.46114182650671794358663160027920957      
   6.46114173814990144161821300676431649      
   6.46114160346240702486385910534856117      
   6.46114140560587313284282175089359377      
   6.46114112418222696148101999352998835      
   6.46114073507712152768168781280158863      
   6.46114021042879779459124035460697302      
   6.46113951870268428176826885609393432      
   6.46113862488016676935641970174549439      
   6.46113749075869334515622388207490557      
   6.46113607535207294548443401254522697      
   6.46113433537249369890148500438625114      
   6.46113222576945157388939643377749199      
   6.46112970029622448875757780016605936      
   6.46112671207225905538109560532456876      
   6.46112321411002865777754541887185085      
   6.46111915974436798581129633803620487      
   6.46111450310189780904014427681694646      
   6.46110919926866240867302410703597038      
   6.46110320447068665196904928148805186      
   6.46109647609265342103304030239555909      
   6.46108897256885394338132724796737188      
   6.46108065315905691993471080704886245      
   6.46107147761539453206728290661699926      
   6.46106140575610930672185885122298810      
   6.46105039693632120260492423078892812      
   6.46103840948067233152627063429295376      
   6.46102540025599415219326355257062605      
   6.46101132380415485428913563238719560      
   6.46099613180981207186254649903977811      
   6.46097977248253324709840413087243706      
   6.46096218995566103908198638138569140      
   6.46094332373548953847459527148480345      
   6.46092310817357740270453148571115280      
   6.46090147200213367607806212280416324      
   6.46087833790179469719600371310637531      
   6.46085362215876981742508167609635967      
   6.46082723443720052240646598185119974      
   6.46079907750185079087721972404493021      
   6.46076904699290867736038116652018167      
   6.46073703133965952374327707921795247      
   6.46070291168734979014400879975532494      
   6.46066656188845185531838656627032288      
   6.46062784849009689051209410228216926      
   6.46058663081788682965446218049187037      
   6.46054276106883201183759565861709282      
   6.46049608443991667485679032142168410      
   6.46044643918351008981250651753196849      
   6.46039365680641192026848508029578204      
   6.46033756227010299321732411809248089      
   6.46027797406331195529127096321196317      
   6.46021470441223044958610849186029268      
   6.46014755943355604689269848282359550      
   6.46007633924568366243786084899696300      
   6.46000083820235961931331452569848461      
   6.45992084487027479192903738777902698      
   6.45983614218306957665219496746652343      
   6.45974650749494354243437745812507734      
   6.45965171257390174126728208415221091      
   6.45955152374829181413100982638104560      
   6.45944570174432804962831495943342632      
   6.45933400156953322344136289671440328      
   6.45921617264635053524922040103988027      
   6.45909195840949441416853840967229329      
   6.45896109621270136071674350015186253      
   6.45882331712830831600408998375873727      
   6.45867834559619869093243321406106701      
   6.45852589910926021961171121156069671      
   6.45836568787986919776661990055634545      
   6.45819741443629337372890821061277576      
   6.45802077301815389820355479926811571      
   6.45783544911036743879485868398552003      
   6.45764111882248296035538205607272927      
   6.45743744823766622014770200570162106      
   6.45722409270177292288471146166820946      
   6.45700069588545390398511114992122674      
   6.45676688937187705769230213558809130      
   6.45652229131458520745382436292179202      
   6.45626650558830194512152394382347593      
   6.45599912073719175940839684566779538      
   6.45571970887811592598017801890659514      
   6.45542782443758611660484366948669372      
   6.45512300265793303881622533461567902      
   6.45480475897360965214136110226732500      
   6.45447258654777424992988135641003016      
   6.45412595541862824070800782483300224      
   6.45376431042349425544545704775321309      
   6.45338706945522482702951772394673958      
   6.45299362295181308230746611100961055      
   6.45258332678315011902826459628296686      
   6.45215550842298499573722036989585941      
   6.45170945867899894195651792430933006      
   6.45124442972058792754168693283437074      
   6.45075963436951320659255116911209712      
   6.45025424134458378928059150480213867      
   6.44972737507836199785090589551412251      
   6.44917811046327344029436428463646679      
   6.44860546982669066602716672081466077      
   6.44800841796958055990459667008088074      
   6.44738586230533178651915669304511619      
   6.44673664474385954712258929048758555      
   6.44605953875331584481664220186867211      
   6.44535324518330229942573037870246971      
   6.44461638631584437108536568002188725      
   6.44384750073133323849249161723839948      
   6.44304503741233908973725980951494592      
   6.44220734929050783306028699157072107      
   6.44133268648932493697599422931835558      
   6.44041918934423152164815779983215433      
   6.43946487928513514781270712100883652      
   6.43846765153662304070745444385808536      
   6.43742526445972188484952414367603550      
   6.43633533024266188500295518313980773      
   6.43519530378145746668535077222654227      
   6.43400247013439878178046041372017675      
   6.43275393175776445103011328668244268      
   6.43144659418749213969313148748126389      
   6.43007715033675016377642119350099528      
   6.42864206349611766218255913632070204      
   6.42713754880567640600184336735181412      
   6.42555955271212952837584525842777484      
   6.42390373099208012357238618275874863      
   6.42216542353940012240806392151016467      
   6.42033962872130960596235277407508264      
   6.41842097349483640508862303204652303      
   6.41640368176918249325547621762647904      
   6.41428153901995621717165874598549353      
   6.41204785512556970498992385749427939      
   6.40969542273851872160306363289352696      
   6.40721647271354755410232514995167239      
   6.40460262648525122173124131975245295      
   6.40184484522658920436718899490605702      
   6.39893337628104418610693867903352651      
   6.39585769767002324125032119456820415      
   6.39260646187516479358946269918827310      
   6.38916744045397104619385860420062605      
   6.38552747211280026078766812901703830      
   6.38167241713595506977563590924397657      
   6.37758712223132738223920973547227396      
   6.37325540171363249048681360982284703      
   6.36866003718266221560615181164614199      
   6.36378280708116548609596741674387026      
   6.35860454488464714796579585115312448      
   6.35310523218209260779680504844312941      
   6.34726412954304134370752104220642819      
   6.34105993643325707322100708393274850      
   6.33447097941442884656328094937396888      
   6.32747541476620280330811473871464755      
   6.32005143368173210820637548607757761      
   6.31217745745879397703194182942370341      
   6.30383230812088046203363925098701828      
   6.29499535033554833218776974197475642      
   6.28564659154832563783344898888966463      
   6.27576675114580008553530209837045851      
   6.26533728461029088860570453842506777      
   6.25434038929044336561193450528911070      
   6.24275897526282655495370954529604792      
   6.23057662415237768100718292706908585      
   6.21777753703446027733154893788748063      
   6.20434647645443055601013607348785788      
   6.19026870050638777898869396408749402      
   6.17552990670140787833126744721844962      
   6.16011617391102420223976499051482109      
   6.14401390756509367906491253745306701      
   6.12720979647415737025885182903425136      
   6.10969076379858927617160060444113955      
   6.09144393694069967584717817127842379      
   6.07245660957584375908911168443043211      
   6.05271621633024004816832925944510969      
   6.03221030949478100850513943471370834      
   6.01092653798661299211305871181581890      
   5.98885262970028553130587014527997108      
   5.96597637953463658637846025889502869      
   5.94228563634991512453602102328916862      
   5.91776829382791529150771071085030381      
   5.89241228234856979474101445978862794      
   5.86620556358868728316459561953122364      
   5.83913612538757789874284499328264789      
   5.81119197642525339465957599632335804      
   5.78236114533003792137532736281260905      
   5.75263167625339027741841290058448369      
   5.72199162978168179863190197956535664      
   5.69042907537086348778163593661634525      
   5.65793209741549232905049231605588457      
   5.62448878801469583541714195189665805      
   5.59008725430795600329030205775300832      
   5.55471560594802787216153511422127261      
   5.51836195986654427816920652904182595      
   5.48101443953386238585721308623844753      
   5.44266117006688121848442751572455928      
   5.40329027836761737375271206450092300      
   5.36288988939130701771755417020821260      
   5.32144812324238886976258183007651700      
   5.27895309259855374889451875130151478      
   5.23539289824186473374299530463878139      
   5.19075562602601507823403310773248074      
   5.14502934240240806814964132898402225      
   5.09820208978583990904507981802617994      
   5.05026188271838028133197666974838104      
   5.00119670287374191005792850726156874      
   4.95099449395483269904208338111328594      
   4.89964315832984672025861068372863098      
   4.84713055135939593730053979659577161      
   4.79344447726846683702565735766219504      
   4.73857268503415680014665244332475674      
   4.68250286429878075728937000141666824      
   4.62522264155908829107070602858699658      
   4.56671957635539254573144372230180426      
   4.50698115846438493661329541738695266      
   4.44599480459282940722606578172282521      
   4.38374785588511873031471508602299475      
   4.32022757550849941360389690251944736      
   4.25542114650796593499898572453247626      
   4.18931567016756159480293942820017108      
   4.12189816474340653837860980086817476      
   4.05315556352332780228079714463465857      
   3.98307471429292919316912713386339560      
   3.91164237836105852699706397647713787      
   3.83884523024262400029278772740398556      
   3.76466985676916002106790599811843498      
   3.68910275716939151326557055143099042      
   3.61213034278818325644642509594650770      
   3.53373893710450900308903858067162559      
   3.45391477572184874136864691221477984      
   3.37264400670430322111463490830436964      
   3.28991269078899211356651739958136959      
   3.20570680174692277098353775090935117      
   3.12001222647170023482094222055323414      
   3.03281476578058816182226700037944355      
   2.94410013456693857232439121323112721      
   2.85385396237188413343201478655056774      
   2.76206179381811275089136451089889286      
   2.66870908923517093022284755617433211      
   2.57378122498092041995438742469431257      
   2.47726349407572447033852939102846902      
   2.37914110640816906828775088599078298      
   2.27939918971180766482879880291800938      
   2.17802278966561399138326504245855167      
   2.07499687032158262668887028775505055      
   1.97030631494947993724346523077989625      
   1.86393592607692635946714803692269692      
   1.75587042607196628192886180043755782      
   1.64609445764535570361536794757231959      
   1.53459258413673774810249521826198430      
   1.42134928980435390528768764856107370      
   1.30634898049378631602182531733299374      
   1.18957598371025838778419954755045047      
   1.07101454902290926853523833336160024      
  0.950648848491477933417823871674510696      
  0.828462976934946667168298250346187988      
  0.704440952039250272706365757769964795      
  0.578566715015079556922398981092478451      
  0.450824130394050575150757967437066005      
  0.321196986627549948777094849706112537      
  0.189668996557128448656706043667702060      
   5.62237968814471571304964639451187831E-0002
  -7.91550509843115322511446106802926488E-0002
 -0.216484060959653456339756887592792486      
 -0.355779821881021246885738995844508726      
 -0.497058997673414272716087508619767420      
 -0.640338326838040444360437895344973549      
 -0.785634622319202633922845554610675281      
 -0.932964771445804200585651659642060713      
  -1.08234573589122493835706570537888841      
  -1.23379455128490909657490497181628264      
  -1.38732832700605892771549966303909556      
  -1.54296424637062555198281471347796383      
  -1.70071956626946035242732286667811133      
  -1.86061161709166799216494063788348858      
  -2.02265780262007876361419254163314625      
  -2.18687559985842986365904110987569561      
  -2.35328255899558105821611903983638090      
  -2.52189630328143845759655901913770137      
  -2.69273452879223940696352676617433463      
  -2.86581500454292211021971990448575768      
  -3.04115557238085250321832336703912963      
  -3.21877414658126252988752474929194217      
  -3.39868871411542251910203167351754752      
  -3.58091733432475498103239644613850555      
  -3.76547813908080604081113633660696968      
  -3.95238933238143901417144650795923417      
  -4.14166919054526344628109601384994529      
