   6.46114195192883683103959025933776710      
   6.46114195192883683103959028499496191      
   6.46114195192883683103957010960598356      
   6.46114195192883683048992941842408870      
   6.46114195192883647002434644044413610      
   6.46114195192880499439178037005946508      
   6.46114195192798620242118593217292944      
   6.46114195191830657871851055114824717      
   6.46114195185156811699983880389058422      
   6.46114195153750689992457825377596575      
   6.46114195041930775413282796199708929      
   6.46114194718968102283430061398209371      
   6.46114193924676702837995784874380848      
   6.46114192200378687188116538562379857      
   6.46114188818444509836406823368921843      
   6.46114182712761171287148329533140291      
   6.46114172403448167385292035014858812      
   6.46114155940776590267702107610162749      
   6.46114130859465023534281616468824064      
   6.46114094147375816293698481041533374      
   6.46114042228717154432579387727032408      
   6.46113970962691061930425593307961529      
   6.46113875655609537917521567337453777      
   6.46113751097130944668874710217212113      
   6.46113591604176185183627772929391378      
   6.46113391083627087265086287047191326      
   6.46113143109261660305329293307657777      
   6.46112841009818610160789265425222670      
   6.46112477974969150475946388993116630      
   6.46112047145335562311047882794565584      
   6.46111541712212769956924880288319291      
   6.46110955018514158051287971766463478      
   6.46110280630730657176023720194689945      
   6.46109512396487704089161518304541170      
   6.46108644512054469143604776492911809      
   6.46107671526014092121830727274910476      
   6.46106588343079197766484105530671264      
   6.46105390205440275914997015480160357      
   6.46104072652169513227994588993202069      
   6.46102631464971873373135027289516843      
   6.46101062580744262545385948739013881      
   6.46099362015439702417406665406982368      
   6.46097525771304379852851532426961070      
   6.46095549721683789732564932837498998      
   6.46093429514370280906107775963680623      
   6.46091160467277881424971175959033443      
   6.46088737468940810046401855605744514      
   6.46086154878477606400348073669776650      
   6.46083406440203455804819627784506119      
   6.46080485222863372618459808263916696      
   6.46077383520280739602570073312167682      
   6.46074092805615581867858341457647145      
   6.46070603681211687623107808793901447      
   6.46066905839351077114073151184938359      
   6.46062988036340400468855053208724451      
   6.46058838070155924401576631781862292      
   6.46054442780093097441676178924703831      
   6.46049788032988493148743166127903995      
   6.46044858734468739477730339171987994      
   6.46039638849011179151448761659728403      
   6.46034111411345579497951488393047309      
   6.46028258549527094069451905156825790      
   6.46022061516710012739695922267818945      
   6.46015500724813128669073569180742045      
   6.46008555767060241555609621160790483      
   6.46001205457666259877512032398469863      
   6.45993427866616987150905338493515472      
   6.45985200345657618272415294135522367      
   6.45976499571470969398744259191101734      
   6.45967301566629374177296372123293972      
   6.45957581740613389411915342032947279      
   6.45947314901882835899329822434834739      
   6.45936475283820039369657197222664927      
   6.45925036563007760281298831273676075      
   6.45912971873401137258528424155643068      
   6.45900253816909320349442310543547921      
   6.45886854465434708377763531223492753      
   6.45872745339837156219978283181643173      
   6.45857897470381292527123202422871133      
   6.45842281306961769606216286606841963      
   6.45825866752099940708514275235599253      
   6.45808623129724410730545284147592998      
   6.45790519141255179985080450437591050      
   6.45771522787386635256704611794535750      
   6.45751601427696766525114795037225704      
   6.45730721719595976608219699120728700      
   6.45708849460563318335840407106973690      
   6.45685949612520741356609447960302070      
   6.45661986228232610969446437410425697      
   6.45636922366141243022191876609569834      
   6.45610719999704642057767667877364139      
   6.45583339918506849145107843175270930      
   6.45554741694993652831027201583041624      
   6.45524883474899115782909868249513549      
   6.45493722013062107206381498755018439      
   6.45461212410956618215394693650928867      
   6.45427308040652725722424185128025834      
   6.45391960455772049173416965682777842      
   6.45355119193403490367947896287460440      
   6.45316731622041936972660655579831277      
   6.45276742793536443564543288670728527      
   6.45235095257490836844187147277710700      
   6.45191728910587844743230208418278187      
   6.45146580743524513174345860003868413      
   6.45099584642050658606882532059949323      
   6.45050671223085960027742375740065519      
   6.44999767532598394059575348999400165      
   6.44946796787137709754931100001414669      
   6.44891678190392879853078491617167582      
   6.44834326560569214813016024827641000      
   6.44774652059848105454487710179560316      
   6.44712559907158309947750902500250855      
   6.44647949947038540984060330510831610      
   6.44580716394417775077911908568079116      
   6.44510747350376773793679855427347688      
   6.44437924445433220954293013712786773      
   6.44362122346127982525698003587398700      
   6.44283208328259688119994829120994537      
   6.44201041720828157786814243945381976      
   6.44115473383150734525789613385364170      
   6.44026345094280373327141010674941996      
   6.43933488936304840603393330298555907      
   6.43836726624983987409931603280420752      
   6.43735868738832767346394580697284007      
   6.43630713947417555521367356830633380      
   6.43521048157783257200568731986421965      
   6.43406643580946315972455229891038983      
   6.43287257737982476173259832280395596      
   6.43162632370426920605604579545716453      
   6.43032492259430371957269214013486819      
   6.42896543957604903191438598490020806      
   6.42754474388452453285224582985560933      
   6.42605949345511675112381946166363671      
   6.42450611840737893939917310815925435      
   6.42288080336730917740253754748264028      
   6.42117946707576901329220782936730238      
   6.41939774231554892630355198263453874      
   6.41753095175901607040070150100567166      
   6.41557408306437616289332905770815702      
   6.41352176114583316389934026390327138      
   6.41136821810932624671055034769992655      
   6.40910726065382506444026986498920091      
   6.40673223464871243070195543903767417      
   6.40423598695425922310489440319751175      
   6.40161082433097965968337138677319395      
   6.39884846960068332176456541398266431      
   6.39594001520818647600158175024541388      
   6.39287587471036108229465050461543360      
   6.38964573283660300527333227893558163      
   6.38623849536292368461576368925578079      
   6.38264224013226141111648682885757865      
   6.37884417200292766625534483287276840      
   6.37483058252946185599724401473335842      
   6.37058682243484305345554677438350751      
   6.36609728491299186197074926512775494      
   6.36134540948241504597646402241260974      
   6.35631370738288884156723225338436137      
   6.35098381426407399375346283815899292      
   6.34533657198160578959067919020744492      
   6.33935213910319959609627789592969510      
   6.33301012968609739094235948697595487      
   6.32628977195399238998581073424384833      
   6.31917008095555352158841565284710824      
   6.31163003521033572679249944683918515      
   6.30364874481193472520997500527017137      
   6.29520560472943663691840953783576545      
   6.28628042175034757756075942477458878      
   6.27685351524647124556191252298735419      
   6.26690578451498257818538174697309179      
   6.25641874950373783317922691924143412      
   6.24537456410147667986576415824882936      
   6.23375600761437906151389502438881173      
   6.22154646014834617218776203086444711      
   6.20872986751807067392692957344065118      
   6.19529069446140367665111305071290826      
   6.18121388054200496475287976900776175      
   6.16648478869216573520273991543671120      
   6.15108915936142016859368440219929509      
   6.13501306548656786739245196033372399      
   6.11824287055812317465074028609038045      
   6.10076519214253443836059814137269825      
   6.08256686809308271250166625265507723      
   6.06363492701275602157893217630360823      
   6.04395656415437242268749924210889430      
   6.02351911884886644581317672620069161      
   6.00231005593538977117353829812276815      
   5.98031695148069723603985967445067081      
   5.95752747877244629133911554921788483      
   5.93392939842015933355543224913032973      
   5.90951054949688470080243006824722826      
   5.88425884250597833220026755829276477      
   5.85816225395867720491007745817178839      
   5.83120882151263062304752834272276729      
   5.80338663980360181602334956494349910      
   5.77468385759371276549779228543399960      
   5.74508867406833146832296329072528966      
   5.71458933647333473704790465781353931      
   5.68317413661478207585984661829762891      
   5.65083140777198175795166489019626488      
   5.61754952100905062784913581497112275      
   5.58331688143719614955690624567075554      
   5.54812192313026125423260682817419734      
   5.51195310416822286558693210389910080      
   5.47479890171005684727398575848109985      
   5.43664780583603329798836072578417491      
   5.39748831227469164920997790583863653      
   5.35730891633198383767059558223578797      
   5.31609810571862297348470756990120222      
   5.27384435364455820417577813394632779      
   5.23053611089111726052968759747957355      
   5.18616179994850804857257542358931114      
   5.14070980693541955153740726693280915      
   5.09416847531833669362426287811570383      
   5.04652609968340851989290531754332952      
   4.99777091964822985041136310094252985      
   4.94789111422722857075403958167894093      
   4.89687479710572557547215383963396940      
   4.84471001170914155973020519549320771      
   4.79138472738194419315451844749444318      
   4.73688683591208912760576331318843130      
   4.68120414820950533122807332931504480      
   4.62432439163440385663098134141141961      
   4.56623520844781511011711194406573131      
   4.50692415308047407241231493456432491      
   4.44637869145570910346214072964877949      
   4.38458619944933531824391604686581215      
   4.32153396277898625808253931353950728      
   4.25720917539069960468504442787887341      
   4.19159893999530617688013628973057705      
   4.12469026772367688428756897933304787      
   4.05647007829635831544718988108270411      
   3.98692519949238286527147657896009469      
   3.91604236852044335024193041358122970      
   3.84380823262312762322754332962145849      
   3.77020934807362834806078812472393142      
   3.69523218189790194384208282379098028      
   3.61886311222877077009098735538554577      
   3.54108842896306460547175283705972348      
   3.46189433393139413040896854063754243      
   3.38126694241540171206560978138689824      
   3.29919228331789558691355477112114091      
   3.21565629959076902792444139717710974      
   3.13064484944502298145636274982552678      
   3.04414370660510268064435062789631674      
   2.95613856105400034336229631848816331      
   2.86661501978859194058775520683963079      
   2.77555860716050881145515798431491535      
   2.68295476562243105610018373009477324      
   2.58878885618879761124138481717143028      
   2.49304615901042633631004987579857916      
   2.39571187404642445693157452937696627      
   2.29677112098753191310459605204823174      
   2.19620894043026138257813590939226859      
   2.09401029397638264616067928930116566      
   1.99016006446582536819930859050192045      
   1.88464305659957027812127007553415625      
   1.77744399751068352569953231163362868      
   1.66854753655849511310941668247300189      
   1.55793824618639027815656051559048538      
   1.44560062199332319505469293048304206      
   1.33151908308168963561257459219718366      
   1.21567797232358435034205148390211237      
   1.09806155661044604794088216187297538      
  0.978654027049972932367156464749021502      
  0.857439499783314747475504184395428944      
  0.734402015157698914295815220465344641      
  0.609525538760348823868692279289512770      
  0.482793961081871075203043346431977198      
  0.354191098425338379372527051880772972      
  0.223700692276481516399317411185301757      
   9.13064101751263012285136145763640681E-0002
  -4.30081548707477846773816664288474848E-0002
 -0.179259483465038780404280540107861344      
 -0.317464130269528969002608381072187427      
 -0.457638723340643182977050190130232003      
 -0.599799964709649722922495299388040172      
 -0.743964629476081107937060236250820935      
 -0.890149566243255496383550121701081982      
  -1.03837169673628951748129331552564613      
  -1.18864801578817733543331992408635399      
  -1.34099559145284817960759923200371631      
  -1.49543156423822286553217728146085966      
  -1.65197314793232571300691046773165698      
  -1.81063762866505568809646260448368296      
  -1.97144236545483347951775045909806103      
  -2.13440478985001456446582848264602608      
  -2.29954240566558674210720911396590780      
  -2.46687278933305532614993333525899411      
  -2.63641358978714066734519494372316842      
  -2.80818252762755833424786209548251646      
  -2.98219739627256139325653158596660388      
  -3.15847606091202668462404361795382851      
  -3.33703645878620682863973319988399094      
  -3.51789659944580339688295958476624046      
  -3.70107456398439829787101649496276782      
  -3.88658850552663666365584156722044895      
  -4.07445664925672018200896662038684651      
  -4.26469729171842521760306740103353816      
  -4.45732880132394214727098335834567404      
  -4.65236961815890419016569725818356760      
