   6.46114195192883683103959025933776710      
   6.46114195192883683103959028499496191      
   6.46114195192883683103958883419823875      
   6.46114195192883683094878623567147242      
   6.46114195192883674554542496730193290      
   6.46114195192882724578062804208392603      
   6.46114195192853281688372877325717735      
   6.46114195192455674863378035631777348      
   6.46114195189412608016579427421575564      
   6.46114195173839500133165370945929794      
   6.46114195114450153179738216075661532      
   6.46114194932830211733532788827506771      
   6.46114194464088958741536511228161619      
   6.46114193405090686298910158852080489      
   6.46114191253212128876364673261857765      
   6.46114187240042108395638141173246424      
   6.46114180276790492711451491629180498      
   6.46114168887620164183282538155914580      
   6.46114151160880984377027882365498435      
   6.46114124711468173032234643544401751      
   6.46114086654535102882222285821808997      
   6.46114033591897738687819207786262800      
   6.46113961611790871503242522609251886      
   6.46113866310151658488303153658258314      
   6.46113742817421552776220893862809965      
   6.46113585846709375525240620538657347      
   6.46113389754743662596619114068952793      
   6.46113148615046145875952030239826603      
   6.46112856296689571018197761100143581      
   6.46112506561017557684100789100208684      
   6.46112093143387350139006569662553200      
   6.46111609838243911622483894702498238      
   6.46111050576346308993859875612658922      
   6.46110409485421080662460105655057524      
   6.46109680948083830642126346402535520      
   6.46108859617948191684727566024503601      
   6.46107940441914756749770153260770062      
   6.46106918654002918970090177485033532      
   6.46105789735183213030754579175364661      
   6.46104549377136798987762227087181962      
   6.46103193421553741061896299199687142      
   6.46101717789008031929528170664356307      
   6.46100118396924803607766330758884754      
   6.46098391073523785489887421911993670      
   6.46096531464726198489971981927018935      
   6.46094534950667611133056874522467724      
   6.46092396539674655334138919530528213      
   6.46090110788548745136312358099527535      
   6.46087671720029892468501044281133095      
   6.46085072747915635395502488563498662      
   6.46082306607832907362828589275335597      
   6.46079365298023079731864057411314357      
   6.46076240031966038000824153627963260      
   6.46072921207555886853949239259734258      
   6.46069398356287701165061105678193291      
   6.46065660130348257587827015331733715      
   6.46061694286305864771625592303035227      
   6.46057487681117345227741760214366621      
   6.46053026271393726395271205457019171      
   6.46048295120795332118472302805458213      
   6.46043278417532034249328034865030807      
   6.46037959482504864965627255915003566      
   6.46032320791669446474276790898021231      
   6.46026344008667130076084236550873482      
   6.46020010007377919007546378650306089      
   6.46013298895355313037319021154168243      
   6.46006190045263956091958429736791885      
   6.45998662132194541583721259452496188      
   6.45990693147911249724660976593828406      
   6.45982260434166046354013367549092671      
   6.45973340710328721205798492229469694      
   6.45963910090947331292505649943062816      
   6.45953944105397946950632662252976026      
   6.45943417719402223566180817270630681      
   6.45932305350873340740515804200635496      
   6.45920580870852612365983871542192611      
   6.45908217610821487383182190823336507      
   6.45895188361664243406360214572944276      
   6.45881465369786652351224586362177977      
   6.45867020329190983805983139137194896      
   6.45851824366611536004700651982373112      
   6.45835847997706327733528979912989286      
   6.45819061171070893761395298595010804      
   6.45801433147906840259243260241851722      
   6.45782932517605003894971510299866526      
   6.45763527150811861277734786649491173      
   6.45743184141102988231953589381598394      
   6.45721869761574277578145873201386013      
   6.45699549354286246495200985440501576      
   6.45676187220990912909256158460281011      
   6.45651746846064037502612949253694309      
   6.45626190428648095318982287904951275      
   6.45599479004488557739117140082155626      
   6.45571572278500973089937966206689177      
   6.45542428585960613351695822041575752      
   6.45512004689220712550200973409285760      
   6.45480255724497282101865548551790782      
   6.45447135092955471580843990533290405      
   6.45412594244132243659802303931010656      
   6.45376582613046608347984427501186611      
   6.45339047401531902834508648023955000      
   6.45299933436690828902555283829487652      
   6.45259182999049195951572309446735182      
   6.45216735660454710781104985683810946      
   6.45172528026834991191058232045955020      
   6.45126493569982136759629386803984084      
   6.45078562399528128514906725790861351      
   6.45028661029462444225456348751079877      
   6.44976712051844954734879530174336117      
   6.44922633992465954460537615663719193      
   6.44866340958767119630990089147555079      
   6.44807742281309235615077898868015556      
   6.44746742276043759163692900332881384      
   6.44683239890466445569614742747877769      
   6.44617128246108583264978281065984134      
   6.44548294343620698390490100775957832      
   6.44476618578278327478884718442206119      
   6.44401974307502923598413571740507509      
   6.44324227367315724202845629557736348      
   6.44243235543817410584020804023479669      
   6.44158848016299845493272980937973238      
   6.44070904761997636941640922986581446      
   6.43979235903398707869407065841265584      
   6.43883661015709571245907477930923599      
   6.43783988366334405995408133764131461      
   6.43680014116176187793456492189271137      
   6.43571521438707126154317379924573031      
   6.43458279570979613678585983119322514      
   6.43340042784775450034641277371210235      
   6.43216549274060383132275811117451729      
   6.43087519944120749925531961629482940      
   6.42952657093601036055239180782215647      
   6.42811642989255419404159804863048988      
   6.42664138302587878024177301250135679      
   6.42509780413132149420621928045167224      
   6.42348181576816709743529048148987345      
   6.42178926821146427622442508109903712      
   6.42001571870332648915099339001881917      
   6.41815640641835387094283908381389081      
   6.41620622649506416437013873401338433      
   6.41415970141617548754510169584337846      
   6.41201094969148812099918896677801365      
   6.40975365212783241625917080966620106      
   6.40738101492313438136366073221685315      
   6.40488572983718973806253737742234906      
   6.40225993186314398811202882613606751      
   6.39949515343846398670984511544916176      
   6.39658227639152589704905589605197092      
   6.39351148172217792626195735007724825      
   6.39027219815478401682659910363636591      
   6.38685305067044479623203372167758196      
   6.38324181060466820867691039723407033      
   6.37942535029451226593327425836421965      
   6.37538960495553740099029528643788513      
   6.37111954376812404404529871587019858      
   6.36659916057904158345362891167031219      
   6.36181148007179290222828647975077961      
   6.35673859242984421836121886902905793      
   6.35136171467155077021145674229314897      
   6.34566128309383632783610408223782445      
   6.33961707646912329725788761287016046      
   6.33320836598990424170505456385760687      
   6.32641408549947170140006929180375387      
   6.31921301371540305748760913517774466      
   6.31158395559712706215114775538829944      
   6.30350591346304756550169101918497379      
   6.29495823893892945349634247518388187      
   6.28592075513188987127236659765703661      
   6.27637384966045710190403650385218840      
   6.26629853433964127083248287037636750      
   6.25567647441882684611890762988662160      
   6.24448999488575759022728843194745490      
   6.23272206123875436478960062382408290      
   6.22035624898777505238236614921006953      
   6.20737669903830467741504280319293297      
   6.19376807205761343367417923845016575      
   6.17951549360747168454724574169412695      
   6.16460450588222846343637731626532893      
   6.14902101501970767569481913481984718      
   6.13275124973859501076987473946364038      
   6.11578171572626960870731715624339573      
   6.09809915903768114373324671965116528      
   6.07969053353636650685344708625048028      
   6.06054297153063224611541646969836608      
   6.04064375840958895319658235045688628      
   6.01998031157678024598289248207840380      
   5.99854016220833974675082706460864665      
   5.97631094020716962359834261116342310      
   5.95328036183867509448303365231842166      
   5.92943621891309922941962419319979140      
   5.90476637079347119394833758979252143      
   5.87925873742968497303946051946922586      
   5.85290129353774961740327680456985578      
   5.82568206446350351197290828648271569      
   5.79758912248869261484864707833817609      
   5.76861058391001974258984183438950829      
   5.73873460582031042671027539372865309      
   5.70794938437976595069197326637023695      
   5.67624315188059866794538851505409801      
   5.64360417401435325918804773624551744      
   5.61002074796508827500607627373279201      
   5.57548119795213778924154549455004057      
   5.53997387277991394238407870813413401      
   5.50348714167950482695629663777065608      
   5.46600938922202100243264265502995676      
   5.42752901149603965538851300591066377      
   5.38803440955482251041154746068226557      
   5.34751398388747912319511881276662621      
   5.30595612927911692861088001148951662      
   5.26334922847160244908278488478985072      
   5.21968164485468293176819350022741807      
   5.17494171622168028665497295586009571      
   5.12911774896957585558979251281049056      
   5.08219801113927429900913044163098474      
   5.03417072674961307972317266021412599      
   4.98502406939954163930752011871135229      
   4.93474615790156653219865275632323633      
   4.88332504996677715959124956514131215      
   4.83074873802884114667609707687941742      
   4.77700514528754937627262192350404358      
   4.72208212109629248399692982653587756      
   4.66596743843341885741087875549882871      
   4.60864879029768925096978204832103816      
   4.55011378767437082697233378652609297      
   4.49034995678358824068775347141407943      
   4.42934473811335930217365916988044563      
   4.36708548415118202748905643706547746      
   4.30355945906601790680742918949005537      
   4.23875383741305482023676384000187687      
   4.17265570314939306994405048657112929      
   4.10525205036056956635208224988990343      
   4.03652978207645696108838542317628867      
   3.96647571062290881486080383891954898      
   3.89507655790201283429610854558467633      
   3.82231895555745742622208982203427327      
   3.74818944515094031504277503425038294      
   3.67267447884067990090328396637416253      
   3.59576041947895058682532912524439205      
   3.51743354149904021735875079053085024      
   3.43768003144820923433807259192628067      
   3.35648598876037054918270102387801913      
   3.27383742525048128301291192945040680      
   3.18972026767469087633967921813381197      
   3.10412035678313913575690056669010408      
   3.01702344839661683222147236231032941      
   2.92841521408463343908056314646670618      
   2.83828124192652463048598334115692398      
   2.74660703676249539495519572460927280      
   2.65337802094711711205956355196428771      
   2.55857953496391726203509275014275243      
   2.46219683787711740136031994570305893      
   2.36421510787416794475233299001522176      
   2.26461944179196420990999394140771987      
   2.16339485805073165680393101847048740      
   2.06052629486298050663706045466256282      
   1.95599861120972031460791661852714390      
   1.84979658753478779552157654866537588      
   1.74190492602343735631072218087110674      
   1.63230825097903156259063007842715998      
   1.52099110899237797183032333117266249      
   1.40793796961728682809458249110903242      
   1.29313322544278094287000191611619045      
   1.17656119216498017269168599577985652      
   1.05820610973854189528215445972177664      
  0.938052141408687717149524705072463334      
  0.816083374878632086966003152360459085      
  0.692283822617289292820041972864171315      
  0.566637421375657837196289753547096775      
  0.439128032595573625767193584384764813      
  0.309739443159653871300194027405729707      
  0.178455365166596146409429262175295740      
   4.52594357729093572145131764348931787E-0002
  -8.98647815323607929316632400958325771E-0002
 -0.226933798220599584086991039636690925      
 -0.365964199361003773572241729518347382      
 -0.506972643973374577010108455733868891      
 -0.649975865193688343055882434862484898      
 -0.794990669352505121515189799240449694      
 -0.942033936478219498896786302116424394      
  -1.09112262029773640814625307639919917      
  -1.24227374716777978668505234848500618      
  -1.39550441723864889911627389791944065      
  -1.55083180342002117772918347584521517      
  -1.70827315153800788674083037162303309      
  -1.86784578053396207827847172766785645      
  -2.02956708194583989249006205444637489      
  -2.19345451989669496307823756319900420      
  -2.35952563145531078401938344008247793      
  -2.52779802600523544474600691539810220      
  -2.69828938515320944421219381858108211      
  -2.87101746335303264140282643517172038      
  -3.04600008710402730914969843227186317      
  -3.22325515486012186929928436310788588      
  -3.40280063772062998708742783952930651      
  -3.58465457875035269767084134576752644      
  -3.76883509255739992988682832337382970      
  -3.95536036617354227093461187018307636      
  -4.14424865880937104619079328746223666      
  -4.33551830053639724472848893504495290      
  -4.52918769388409124014353501049111714      
