   6.46114195192883683103959025933776710      
   6.46114195192883683103959028499496191      
   6.46114195192883683103958957409801811      
   6.46114195192883683098873345102374054      
   6.46114195192883677727117257348020770      
   6.46114195192883031831162081111018950      
   6.46114195192861854268133699455142626      
   6.46114195192563371631057973316590387      
   6.46114195190200984912775451575464041      
   6.46114195177780779587984515851607279      
   6.46114195129357025070231084860289366      
   6.46114194978521973322085742816794146      
   6.46114194583141988138540306724995632      
   6.46114193677959119186072935235591773      
   6.46114191818029547361565741973846072      
   6.46114188314731810267206500262204313      
   6.46114182180075599522453705541007895      
   6.46114172068277039850914617521998048      
   6.46114156220930716750500780542452413      
   6.46114132429128084373413765132866641      
   6.46114098004731162423423545135148284      
   6.46114049763867663549215156052199388      
   6.46113984023686280991610918393152305      
   6.46113896617942678514556375843790336      
   6.46113782920463020761391075851790303      
   6.46113637888145015147598717139868669      
   6.46113456116945844634784868390694184      
   6.46113231910142128804139272705677169      
   6.46112959354838174193310580837134515      
   6.46112632405735178325340135255994789      
   6.46112244976078538968730533679225088      
   6.46111791011897282941110662115855009      
   6.46111264570058180720298663881693800      
   6.46110659881328198392158735011243953      
   6.46109971396268833862767152570609499      
   6.46109193826537741607489799639384320      
   6.46108322142287880911142121695499789      
   6.46107351587605629766370928650805368      
   6.46106277644575307761855937504207935      
   6.46105095991729161585621887047982619      
   6.46103802453545907053615411159052771      
   6.46102392932385817428431595928374806      
   6.46100863333018975985889338384372390      
   6.46099209475457360399765484347023114      
   6.46097427012597583830576536512214896      
   6.46095511338396367616809067100154505      
   6.46093457507968076934169273715019781      
   6.46091260138327081874102261372263828      
   6.46088913335831459497675773497962022      
   6.46086410621728911999697433198807035      
   6.46083744866044156956155429700533163      
   6.46080908227579685524799345411619007      
   6.46077892103759693741200845556082214      
   6.46074687092535336882900908653656385      
   6.46071282964554476542900108643566273      
   6.46067668630792119367229819318245658      
   6.46063832127542391345211990147792620      
   6.46059760611161549183183915451696703      
   6.46055440355347487492223077738482599      
   6.46050856761340480785789040933714832      
   6.46045994359304093947300840396747644      
   6.46040836840258390808717021980703098      
   6.46035367058312815486526636014432481      
   6.46029567058609197576087951702483244      
   6.46023418102985425472463538287423100      
   6.46016900702525695458011352918613244      
   6.46009994636801833580971822410607560      
   6.46002678974881468433281692210950772      
   6.45994932126367758785164752554377047      
   6.45986731842006588672658234345652956      
   6.45978055246585707487867832791767260      
   6.45968878864496757672350689618560537      
   6.45959178635019539164471649585255204      
   6.45948929926576559218400907337367040      
   6.45938107551252660290092041357783394      
   6.45926685779440116157391534017043454      
   6.45914638340280676792595472261001672      
   6.45901938419766093736566306651285726      
   6.45888558655633433201805758080757327      
   6.45874471129224188680994092041990250      
   6.45859647353836127977892990811633309      
   6.45844058254191375650482831885492427      
   6.45827674135132863124706365989530467      
   6.45810464645395683393646716437137720      
   6.45792398794112475847288662371532205      
   6.45773444824537759136704181768423937      
   6.45753570227592246634192848629828340      
   6.45732741680296071588828961024109855      
   6.45710924925352224463709233983794397      
   6.45688084830733315916658211887117928      
   6.45664185166490935734738278387529531      
   6.45639188526467000584838365563228053      
   6.45613056526524223734195343550220710      
   6.45585749343787186281689669911153156      
   6.45557225765504717892539360734183158      
   6.45527443071871952048808116603029567      
   6.45496357040790200630312956985540973      
   6.45463921530801945989380465515020099      
   6.45430088658679367568219534293502003      
   6.45394808455789091382630770263516250      
   6.45358028814000030632239847210292432      
   6.45319695276318376702336971878838371      
   6.45279750848669751449798964962257524      
   6.45238135878146066258891373230919972      
   6.45194787836169828204980305718380585      
   6.45149641083184494451740222197154738      
   6.45102626637633268397401310053773186      
   6.45053672015267493914434419459439357      
   6.45002700924024633203118816033074169      
   6.44949632978156304101425394795238322      
   6.44894383472645743513502914790301872      
   6.44836863051367376318950773785904604      
   6.44776977396618887500749187686479911      
   6.44714626854575840872923332979665885      
   6.44649706155118610321836007594974413      
   6.44582103878063345251716364683137973      
   6.44511702215673646140719660237967208      
   6.44438376376639159222369311229096330      
   6.44361994188323537518535980642627180      
   6.44282415560330627338665012600430093      
   6.44199491934674740793418636310963884      
   6.44113065694432315839186069912978769      
   6.44022969545836424304592654573291052      
   6.43929025801443339889243932598123824      
   6.43831045674162954752802070670840702      
   6.43728828451381995579641552566835919      
   6.43622160662588378292975977821214120      
   6.43510815123145509897440645771521017      
   6.43394549934645494167880241051971760      
   6.43273107388726536627767209184595220      
   6.43146212776068488103073230199664209      
   6.43013573095018418634042913010849095      
   6.42874875644366810063077996277384488      
   6.42729786490397767485822795435667405      
   6.42577948800653317701495470301088588      
   6.42418981039219385308312742658703107      
   6.42252474910495500984209088309708682      
   6.42077993288057894133910931705266061      
   6.41895067785266398741264496375131409      
   6.41703196182085146507038107515336025      
   6.41501839610301687017587288737222577      
   6.41290419474426990231336624368651377      
   6.41068314110028204049879886393639574      
   6.40834855154585327688008594894053996      
   6.40589323618099475909088407780443124      
   6.40330945667718049682595666667773033      
   6.40058888079990788731239626899004049      
   6.39772253501460118502159125687658750      
   6.39470075393387241264073108626880226      
   6.39151312872910197972933609369779211      
   6.38814845506293721228800492021229390      
   6.38459468228140189962016009127820459      
   6.38083886594302343230273057241548840      
   6.37686712766596656980641283455589034      
   6.37266462257732570945880664317204675      
   6.36821552571200758451369585743505858      
   6.36350303353346459192042506024039866      
   6.35850939144127374863004978477678096      
   6.35321594934812584199268006040589985      
   6.34760324823380684171757585051471745      
   6.34165113721876080855052737476531150      
   6.33533891976793783839143958536643818      
   6.32864552231520132815347047810563883      
   6.32154967589409408792085853537516119      
   6.31403010224021548630244116660435233      
   6.30606568967285177397794514302694643      
   6.29763565117748570476175831102514428      
   6.28871965539816608854231802498004784      
   6.27929792738035436823962129496452952      
   6.26935131374277141396802070400935593      
   6.25886132121300585554139948560531839      
   6.24781012343503310972178861445684855      
   6.23618054799739136666705228774029070      
   6.22395604592263195659815081841899582      
   6.21112065030197850208683654321232359      
   6.19765892596834909553132561643227445      
   6.18355591893465331491033715142779231      
   6.16879710311332586464579102838674197      
   6.15336833034090820085158108198294976      
   6.13725578198644939809834621877370568      
   6.12044592736325448148361025667611896      
   6.10292548290035937539548455845610225      
   6.08468137692077240867719582621273763      
   6.06570072288542201582656252042042816      
   6.04597079013272655195082040414978698      
   6.02547898227777307028543597456626786      
   6.00421281849092752981816648700846895      
   5.98215991740669429904784549200133852      
   5.95930798388115136326164299354486163      
   5.93564479852449981289462422828978721      
   5.91115820780324093147625143394736179      
   5.88583611780992334467106628165135437      
   5.85966648792262808635153875001362512      
   5.83263732586581665279274688871662641      
   5.80473668447706510289299442709753677      
   5.77595265799188474456212606188488477      
   5.74627337992163935070461579200523562      
   5.71568702028783753378666784321125046      
   5.68418178345127930462286515132320451      
   5.65174590555018524677883875206795781      
   5.61836765263969415598115233284744929      
   5.58403531730211952188016163104219544      
   5.54873721552291960332707356501590125      
   5.51246168361265506123704914803605833      
   5.47519707366143203453087676628960952      
   5.43693174997580435276358228800537988      
   5.39765408295259246636814658045345383      
   5.35735244461771221896997610108500370      
   5.31601520282098189446936063596829088      
   5.27363071561095794372912255435515138      
   5.23018732403844276539931174706972175      
   5.18567334738751786152028892781694984      
   5.14007707637494058549808689750373629      
   5.09338676663630255044682311343126888      
   5.04559063293614257712805636060265916      
   4.99667684308012384512565200118992442      
   4.94663351289426391580360570534388472      
   4.89544870048735574569990598515124743      
   4.84311040167270778235047506217826789      
   4.78960654552693774646296730989308792      
   4.73492499027178342320470789655556055      
   4.67905351967234478399459128717924071      
   4.62197984006438202428865357150422388      
   4.56369157708714852142455327335714516      
   4.50417627417714500287848636114681829      
   4.44342138958673132062959195635099198      
   4.38141429560082222994457097250924973      
   4.31814227640583835615910089192202779      
   4.25359252821512753161493933355073247      
   4.18775215705128445742354653152128080      
   4.12060817946641014803245090927755315      
   4.05214752156341533524823869414492365      
   3.98235701884083129217024316395898915      
   3.91122341685563640453496860733986212      
   3.83873337056709884958518196846793152      
   3.76487344509632142224312224476123498      
   3.68963011593872118921465449781726951      
   3.61298976933270681605067095978288824      
   3.53493870288734431467381128508652580      
   3.45546312597664464959862901210690869      
   3.37454916028673248787423805379005153      
   3.29218284067072221580582130035636267      
   3.20835011518026069243499317608456557      
   3.12303684650056179581449107602244397      
   3.03622881176303974483827737608652738      
   2.94791170365432235999634574559667267      
   2.85807113077028523895148628362834645      
   2.76669261830793592960663318018364951      
   2.67376160855137799003637461252863267      
   2.57926346163589987584646151943242296      
   2.48318345570968501640722773957296541      
   2.38550678785853288383035612282542015      
   2.28621857444625381791141979072855873      
   2.18530385136401454595638885507903977      
   2.08274757490897663955728319622359239      
   1.97853462184602375857490351520169195      
   1.87264979016680709383635474199246059      
   1.76507779921782519339918049229433583      
   1.65580329004847094998740557456243414      
   1.54481082615072131405724949873281430      
   1.43208489341304749010152094949899125      
   1.31760990044811330181864431446545330      
   1.20137017929406284451517879068371117      
   1.08334998529769590871033432717657737      
  0.963533497274589426910142397548321400      
  0.841904818434232555463726988375180103      
  0.718447976413442578221619159038039070      
  0.593146922854108365794716734010392431      
  0.465985534273449213701441429846037356      
  0.336947612085740553193036940622850701      
  0.206016882844382181813332492464456291      
   7.31769982674296591917895473571739810E-0002
  -6.15884642593746205346582952848861454E-0002
 -0.198296001575273274815781551505493981      
 -0.336962185200049406431774013548523258      
 -0.477603660401483021208130041620208881      
 -0.620237146074920795789370424070281783      
 -0.764879435147666186288061929285698850      
 -0.911547394527136839459263590281280780      
  -1.06025796389651893837416311403181251      
  -1.21102815655911595172245325748783200      
  -1.36387505922390939616858791063985673      
  -1.51881583218201910171503317063968776      
  -1.67586770766283533872752198547514284      
  -1.83504799156209894890710761516328373      
  -1.99637406292784696466569801213410286      
  -2.15986337286258591685670822546429532      
  -2.32553344535737934225366455273618332      
  -2.49340187747803109665410077362968862      
  -2.66348633810020224336080056139638761      
  -2.83580456882638072651416375393984475      
  -3.01037438358164109392790168573254355      
  -3.18721366899217682400357230882748077      
  -3.36634038313731149894035527836946220      
  -3.54777255645134986936114656539474985      
  -3.73152829177762207005860658631011381      
  -3.91762576401390275793610383045641762      
  -4.10608321933899792792651672821694383      
  -4.29691897606416971879479407676032257      
  -4.49015142476690924597885868482502028      
