   300.978532456069162132856044161749454      
   300.978532456069162132856044161749454      
   300.978532456069162132851380527156010      
   300.978532456069161555061098139799070      
   300.978532456068454609946002451934406      
   300.978532455984012490765849010447089      
   300.978532453367369071825205606191352      
   300.978532418982347316137176781418321      
   300.978532165784611636735428393747956      
   300.978530926028918400637505421710754      
   300.978526416584903241230548694539967      
   300.978513287347990307455237803156036      
   300.978481058773780113629039593996539      
   300.978411834304294669977406912148936      
   300.978278139979589636019050625773719      
   300.978041197376507817098321517528383      
   300.977649822740616006545183633514541      
   300.977040033527505278273985951094955      
   300.976135307411792808899209644365639      
   300.974847409764288438988113524473279      
   300.973077637707444248533832742175996      
   300.970718328616381671351350870911304      
   300.967654487182517541630366561069348      
   300.963765400314751473228252691681409      
   300.958926136686728944407978278751284      
   300.953008854433868187832195898551740      
   300.945883870411971583383428025159088      
   300.937420471755291928884663285036770      
   300.927487476347989317569502994513340      
   300.915953569206481838701432496063118      
   300.902687457513242966415930231341607      
   300.887557899108462074530070104408510      
   300.870433651453853724965365558945882      
   300.851183404729434243186824145154028      
   300.829675739597152343174008792182052      
   300.805779151063413680765543800539173      
   300.779362164881978744999980091606682      
   300.750293566436149367995075810874220      
   300.718442736605489223851798483184550      
   300.683680122160670171530272160362460      
   300.645877781100156139434437427260867      
   300.604910029196285914178224803807271      
   300.560654147236579981007270487225383      
   300.512991129835574498307763093177890      
   300.461806452099811809958426255906531      
   300.406990829376842574583314561190501      
   300.348440952366759261364435693346816      
   300.286060167320695539093905149841332      
   300.219759120704851188321980477912191      
   300.149456292769363904126774545179212      
   300.075078468977150167648006942545207      
   299.996561113905616698465107716610477      
   299.913848649582813305994022970287390      
   299.826894638287618051067353636812500      
   299.735661862083473263296563382341078      
   299.640122294384517308548677508384703      
   299.540257077283505800797370107041092      
   299.436056242140531143491725335676091      
   299.327518504159693762151449604529220      
   299.214650921636434724628700711200734      
   299.097468507472688210674986018151255      
   298.975993779710243373042110653868179      
   298.850256266727504204309969789665097      
   298.720291995399930678821238307154617      
   298.586142923498546101720733675061087      
   298.447856352438462833303336970471332      
   298.305484332571693234350292018484015      
   298.159083062507730297684913490668101      
   298.008712256456841053359470593313884      
   297.854434551029939899518819048180347      
   297.696314893575889782336503588291602      
   297.534419958318431016626212505925750      
   297.368817545652046078821478255441470      
   297.199576031236345683818678177757046      
   297.026763793902612235377475679943878      
   296.850448713850255901297372839925532      
   296.670697657501613751000094603818254      
   296.487575988051167017997455075271066      
   296.301147126707546549905646031328453      
   296.111472107808605473425403943323722      
   295.918609146015821375853799429590652      
   295.722613276906543379112383862964037      
   295.523535978990976431509567774071458      
   295.321424832652534524039368563528145      
   295.116323195710599168010025458297372      
   294.908269905507556648764348054947109      
   294.697298977082762145351319338625834      
   294.483439317642342340196743960162778      
   294.266714577252036491159248751669765      
   294.047142787636102082976492195276954      
   293.824736167946388850136900832662258      
   293.599500881416804922015719425811694      
   293.371437033699713040613778447374825      
   293.140537834222726840433996949786802      
   292.906790372300564165404957810152271      
   292.670174598310680995102624416788797      
   292.430663436089469341416537044340389      
   292.188222594435021240630065605169840      
   291.942810132051780635343997187052628      
   291.694376665112009366198469669972212      
   291.442864599577104931222845470540528      
   291.188208350585335798262258483447337      
   290.930333748609730682042303401611160      
   290.669158002274343730467367896354413      
   290.404589206045007680055780953413550      
   290.136526120832603972461757553479328      
   289.864857794544656215944760160835724      
   289.589463191619101802905999145104036      
   289.310210613671888081209844728435978      
   289.026957743488453232232596000134025      
   288.739550425869848835623647909221804      
   288.447822664175612373142779994286291      
   288.151595732533551135608389089356515      
   287.850677702335785723893085551225002      
   287.544862584799960732743069479070226      
   287.233929594539731181067786302046032      
   286.917642318763588804888482678907061      
   286.595747665636552373325177396302939      
   286.267974894998114593056699151978284      
   285.934034459083547432351780460929764      
   285.593616700981278688565240728817102      
   285.246390533754367659309261939692936      
   284.892001835467108136116166363840669      
   284.530071886136665799585697317042023      
   284.160195468654807642353344187588822      
   283.781938867456436936889356250036900      
   283.394837715383476761155317162962466      
   282.998394530489976551079379862127620      
   282.592076137903858321112353632503101      
   282.175310761191101838629503421850035      
   281.747484884854008659334274312748159      
   281.307939859396086554674750269930093      
   280.855968179279416035876765269062740      
   280.390809469282577116100927759194867      
   279.911646170833722888674378372706409      
   279.417598625593044466184915905416543      
   278.907721207440549987965665290540169      
   278.380995632107193817600981694265903      
   277.836326504612796024994847950518099      
   277.272535563046366989475551611360408      
   276.688356095769674450443142288632078      
   276.082427579012128782466975625991791      
   275.453290622638213422433726154199061      
   274.799382679932278861398897160190018      
   274.119034806730361479914527058980241      
   273.410470084528752100817643439129251      
   272.671804273146045837251097565950510      
   271.901049521940452828462618904369142      
   271.096121970410601671427292012252517      
   270.254854284192728071150353276931019      
   269.375014074205835670917843035241798      
   268.454329154383565526770161817557199      
   267.490520218594380567871154565310799      
   266.481340833604910183838785103500333      
   265.424627006802068941789496624073158      
   264.318347830098979927962760192841439      
   263.160663784737101241704341367959272      
   261.949982404990182212976036040432011      
   260.685009075083676049527910999706011      
   259.364787472520380863149844975910754      
   257.988724800616041124229909768739091      
   256.556598196739336224423481033900221      
   255.068540675475100013524894485378825      
   253.525007474975121717630379918666739      
   251.926726075561064373089688188799326      
   250.274635262055067398637942028826855      
   248.569819394326720384677166349500351      
   246.813443739598696919378723396784742      
   245.006696768929989087559532201458648      
   243.150741945049099118343896740971886      
   241.246682134000838394464732077575751      
   239.295535752759347316289716764482950      
   237.298224896454031135823913171337303      
   235.255573120398320754632113680281851      
   233.168311745608417910705228714784415      
   231.037092005085336495986048710065188      
   228.862501922284918503382970771584103      
   226.645084261278891042295627116306773      
   224.385366070019566600643938358994111      
   222.083870219307105725934834231793703      
   219.741145910255487873401329432814318      
   217.357790320593856601240801209069437      
   214.934471119716962076879580112886759      
   212.471948686390126869771543160437213      
   209.971097177406391600914217269024052      
   207.432924602162750846286865657286839      
   204.858591361130211948003273689848661      
   202.249427285089786883273074047646148      
   199.606946700655188734488540363639836      
   196.932861255398108331713323492503609      
   194.229089948030751374038248377907941      
   191.497766328221107850865047274671551      
   188.741242342281138312813362692232436      
   185.962088263318280655113350187692954      
   183.163088753906697955594739301330314      
   180.347234526154637591529417505895253      
   177.517709789306849407956767414609343      
   174.677875038130781272479335236169344      
   171.831245823480808562801255823520169      
   168.981467292406620297263916201263437      
   166.132285315574779588591354876200538      
   163.287514593271824744166894523174338      
   160.451004488710251776440283502641004      
   157.626603515266212335786321585755387      
   154.818123456730873220400672557578510      
   152.029302467450916194907065292118760      
   149.263772412551339056621238551368335      
   146.525025144125391445602243031108693      
   143.816383291970103397235083959195764      
   141.140974503519729068573992679302783      
   138.501709014803767253524005472493380      
   135.901261806360058714226544462497067      
   133.342059395342691705941840258937358      
   130.826270699073265672159484570419434      
   128.355802399887927590566375963402282      
   125.932298310296876116337903310874636      
   123.557142374434728685765088769701846      
   121.231465065616239031680501731709882      
   118.956152463125380631973510851989803      
   116.731857733311414413592761835934520      
   114.559014445458962145070486377948984      
   112.437851215409282481829512183397678      
   110.368407342966821943772914174542803      
   108.350548957382872731991905904609207      
   106.383985346789241009862723416946080      
   104.468285173113091176488554685750534      
   102.602892343785982802666023918636909      
   100.787141428122022816189665468695432      
   99.0202716153797529312685129021970041      
   97.3014414368552964966813379825357905      
   95.6297408506211049293041340387736246      
   94.0042033039508304274572868196652945      
   92.4238166059158227689561698562585898      
   90.8875327919450514966103483772924858      
   89.3942770985999118071040417580320568      
   87.9429559318545280970230549108226307      
   86.5324640107118769051234132247511160      
   85.1616906764682207003104194475726161      
   83.8295254103261475739774062861960498      
   82.5348626303187798400673461899131816      
   81.2766058546166773065483083395549455      
   80.0536712435710410083776495359164695      
   78.8649906057195356026586552443489540      
   77.7095139190551562841127675931207810      
   76.5862113846910853308853282410111310      
   75.4940751464771032171512518659880849      
   74.4321205979840562213755244468763813      
   73.3993874185184757893031396894081884      
   72.3949403428108225212617352335642522      
   71.4178696831026793211806835108793937      
   70.4672916503119049204948702096940555      
   69.5423485029916183493613726310893841      
   68.6422085448975581791117286634191032      
   67.7660659890184568768213318143159497      
   66.9131407171712585980115456147903154      
   66.0826779492745911009500600824795806      
   65.2739478354932469410942783333728022      
   64.4862449759109516447673035694519904      
   63.7188879117512139475713011353175457      
   62.9712185593014967406933059792328881      
   62.2426016178567940678076245537296518      
   61.5324239575912623814256287620874659      
   60.8400939886384279324688815723346997      
   60.1650410193817400565523774993223791      
   59.5067146175323471619351679147080229      
   58.8645840239926525600422378255552215      
   58.2381372308579467511213422646746148      
   57.6268807847681863756588580377267882      
   57.0303388541128449421588300182299930      
   56.4480526834582179057958636654822143      
   55.8795799938323459360405575103684641      
   55.3244943843928767642087515792866746      
   54.7823847553164045766389229544995066      
   54.2528547453426157080784108084994842      
   53.7355221810856228541269566817825222      
   53.2300185446578526082430925816711326      
   52.7359884656067436844300887281386820      
   52.2530892118881733510037981257006828      
   51.7809902161331642998247974893537048      
   51.3193726074697921201163585132571581      
   50.8679287613661810976591890532714614      
   50.4263618696206186886482176509864090      
   49.9943855208529606356822637103920097      
   49.5717232983528397911479736153708673      
   49.1581083999178259956695144109312961      
   48.7532832592153872412893685669843660      
   48.3569991902590367395918193575628969      
   47.9690160491297749138701055474668597      
   47.5891018986177555569037220682734251      
   47.2170326940742565661336482015676213      
   46.8525919803840952041403256003019848      
   46.4955705990088284766280788521419758      
   46.1457664073894330842132278871857422      
   45.8029840125983306868210957036833568      
   45.4670345127031488864145002349322252      
   45.1377352475958681966527355150845127      
   44.8149095651769272604009993724330117      
   44.4983865923107704736741616723307424      
   44.1880010156504686628286420398187646      
   43.8835928744317179032633124850183798      
