   6.46114229515578832787994501293249882      
   6.46114229515578832787994503858969363      
   6.46114229515578832787994507460013469      
   6.46114229515578832786445253264714950      
   6.46114229515578830736877830827042625      
   6.46114229515578543430523330433832911      
   6.46114229515567986084553758361716476      
   6.46114229515405411085425881116164486      
   6.46114229514024780706452097364334885      
   6.46114229506340386795019452263177324      
   6.46114229474944116453903635063767677      
   6.46114229373255762112567814944786690      
   6.46114229097773987419113073505885259      
   6.46114228449084290484148191624093137      
   6.46114227083410622842685454429945433      
   6.46114224455776934328190739183514829      
   6.46114219769051489764649396440729408      
   6.46114211915224506589356653271382080      
   6.46114199424398453231023362412520828      
   6.46114180423514866158905828686083548      
   6.46114152603598131792608803938789877      
   6.46114113198126207867768857837553538      
   6.46114058973771546027597022678031678      
   6.46113986234516127011726490917758530      
   6.46113890839819453213436912712556338      
   6.46113768237009217703733709756637579      
   6.46113613507344602053643283704823621      
   6.46113421424323937635450396314616062      
   6.46113186521883028867229993244011493      
   6.46112903168026215247217528897235862      
   6.46112565643168857505638526961818475      
   6.46112168221461383946679135654629147      
   6.46111705234623353049126116546134069      
   6.46111171136576122977845742176120468      
   6.46110560552202358450409899416585862      
   6.46109868311206436170897491447824005      
   6.46109089464273958000467047272415226      
   6.46108219287671814639328918603216602      
   6.46107253258284183148803708148326575      
   6.46106187039533237428979846237261641      
   6.46105016411321691475922718782772029      
   6.46103737221142986050717757922038684      
   6.46102345313124539575838037361862593      
   6.46100836451195162809199120659202723      
   6.46099206236936378680814666536336320      
   6.46097450022982418643479030038919421      
   6.46095562825791560288526392811728812      
   6.46093539251752033790310044609647888      
   6.46091373413049780432865744768330340      
   6.46089058843192792005645267480443931      
   6.46086588434015535342089272898078520      
   6.46083954370629130053742149954741517      
   6.46081148076264690796974385918284307      
   6.46078160161660033168423404410954978      
   6.46074980383374130362164462344809502      
   6.46071597613041486131650719032454771      
   6.46067999805770103793384686038441897      
   6.46064173985809120263105778960990528      
   6.46060106220996488458382538464275909      
   6.46055781616909827240254117943346694      
   6.46051184310024634628224648533342891      
   6.46046297469957909720852676962581201      
   6.46041103290804954202256270833364154      
   6.46035583009178651939863197887733843      
   6.46029716895531801122183890508339267      
   6.46023484261182940416123492441794923      
   6.46016863461309981081904411378765987      
   6.46009831903706599035107423929107868      
   6.46002366052825658225311418564642946      
   6.45994441418833295071827591664029652      
   6.45986032561858639489021999446218993      
   6.45977113090077691336242069659200688      
   6.45967655639918678259928000343528748      
   6.45957631865589567187104876766558382      
   6.45947012423225868154697706365562355      
   6.45935766940377076347249085657555057      
   6.45923863986851315687478578961798462      
   6.45911271037367854683491865074856088      
   6.45897954441384656293715508036879563      
   6.45883879360078172740717897544974226      
   6.45869009713272303895204420723632742      
   6.45853308113514371558381008534950257      
   6.45836735796852925994609001458476371      
   6.45819252544287330315460235512469949      
   6.45800816593706093390531893612335716      
   6.45781384542252931773923508314144744      
   6.45760911236851261512196694743090960      
   6.45739349642324492464854335473815397      
   6.45716650787847338544623888875110270      
   6.45692763551298564176552333358691306      
   6.45667634560756153644500535962408391      
   6.45641208023273879882045075842407877      
   6.45613425575437535576435324646463314      
   6.45584225969678523315890958151379625      
   6.45553545031994355441341788422980675      
   6.45521315660682202379917115774002111      
   6.45487467076591680711259366787122775      
   6.45451925036154156042168185640835515      
   6.45414611373632242276373325597239342      
   6.45375443815761993953456163429469127      
   6.45334335671467084423323412896925095      
   6.45291195543749327898184487430065343      
   6.45245927003876954501214504932892568      
   6.45198428242610844909468557225977099      
   6.45148591764366456839773554049594071      
   6.45096303946636134705581296107253982      
   6.45041444622904656607711787145413215      
   6.44983886698096908812841467399835440      
   6.44923495685628800632243365751580046      
   6.44860129194252391758588487767942488      
   6.44793636393813085307617910543453816      
   6.44723857508364856561298973435105711      
   6.44650623185264351350604424135828636      
   6.44573753876756242684240512594516237      
   6.44493059205117660972482395530060917      
   6.44408337165670523062362850895528247      
   6.44319373478297969872050001148279354      
   6.44225940701924911994688265086330417      
   6.44127797362266294650768443782726477      
   6.44024687060242491086239722095638617      
   6.43916337500125727981225988194424097      
   6.43802459443310091731441274947620323      
   6.43682745535033138011025204232153657      
   6.43556869159994639532683100235905677      
   6.43424483153686723125495671501255158      
   6.43285218451340071737839729567335047      
   6.43138682636466708039496488619619306      
   6.42984458418163295659857452867133249      
   6.42822101972246964688840676289786653      
   6.42651141227495630255854467628170498      
   6.42471074053872608696240284103215224      
   6.42281366272944088361006645969295694      
   6.42081449657325442045169348783515335      
   6.41870719781487724100454992425840134      
   6.41648533797998197415707788131538786      
   6.41414208136760687425283755161833524      
   6.41167016101199259499620255956217370      
   6.40906185526846520293551220183662049      
   6.40630896244841025743775505673035627      
   6.40340277839841566809716833033196517      
   6.40033407237778019639412320663671428      
   6.39709306592708771015958817852949238      
   6.39366941346204548529061462011365536      
   6.39005218623164449896414103787073095      
   6.38622986054788951707829628471867244      
   6.38219031047651234120960649519871210      
   6.37792080914943869441385824969571600      
   6.37340803515877178752197953690639440      
   6.36863808959259899201261804770713784      
   6.36359652170336477378605787861794171      
   6.35826836548468414729599413786096977      
   6.35263818415440256558506544353322532      
   6.34669012840739126362089766712760394      
   6.34040799828296600893478843303167434      
   6.33377531477144619965716532459504794      
   6.32677539393050190766137094284838901      
   6.31939142566038997801607153472931540      
   6.31160654757929337986000674409507718      
   6.30340391841030643590368173576090452      
   6.29476678271306563343852094206382747      
   6.28567853181517810823803890125090379      
   6.27612275189389439383311475280509455      
   6.26608326290889526725498035205375118      
   6.25554414631736032678306030042943516      
   6.24448977217301310738528362687495909      
   6.23290480532987487218177630611370752      
   6.22077420551505233123970964436206537      
   6.20808323906409627349025215366735151      
   6.19481746052486161497700857506703080      
   6.18096270740209638554583791446894957      
   6.16650508691817974709803352445052429      
   6.15143096135271922988845693683557684      
   6.13572693330804090956395515154360515      
   6.11937983075037579830432067595145945      
   6.10237669107732281124541952979683140      
   6.08470474790739716635546033714982479      
   6.06635141617283334154301634421410882      
   6.04730428028233767109426964190225830      
   6.02755108170581954972358676501352339      
   6.00707970820764067144400450977116859      
   5.98587818401644077535359212790866691      
   5.96393465929067128192393530985712939      
   5.94123740263528257829988505737454684      
   5.91777479094930981353765426195294018      
   5.89353530300822351859065091245967345      
   5.86850751000218654196436744858182319      
   5.84268006830163024627327187224956843      
   5.81604171098692601532137589708299189      
   5.78858124005040092716029189865088936      
   5.76028751807808228997537903089922133      
   5.73114945848395047455288298382556049      
   5.70115601923314950644734635063341870      
   5.67029619139919099934407995923763850      
   5.63855899137136838948120410396904267      
   5.60593345154816996917479476398944298      
   5.57240861090952190903847484275882463      
   5.53797350682519077886319806933256998      
   5.50261716494863586585273036538013274      
   5.46632859201883016296195731245169375      
   5.42909676634322300501648288669170951      
   5.39091063156580225416556159657007348      
   5.35175908820122932501954225678505707      
   5.31163098724371158548042794999902987      
   5.27051512451064794169733148647537632      
   5.22840023469414085784290035034259558      
   5.18527498631302387021144707268854719      
   5.14112797789705830396137659857984755      
   5.09594773338283054039148064796030931      
   5.04972269943572533837398259975946758      
   5.00244124361230814182628324744529926      
   4.95409165050516142383236843479328909      
   4.90466212048227194300492380328254489      
   4.85414076879043383874942732279561074      
   4.80251562484013739323440860289703902      
   4.74977462966682827905811950917251553      
   4.69590563741238843586397785106373658      
   4.64089641443252013469490941772769569      
   4.58473463826790451313440418406812590      
   4.52740789963629281169829804017711702      
   4.46890370115405970325813469011678114      
   4.40920945763023685877264153804733367      
   4.34831249826744373413513096772781964      
   4.28620006466146373514908944125470717      
   4.22285931375876648190206914430413258      
   4.15827731678920344197824173526045545      
   4.09244106003371461333524123823797357      
   4.02533744675026686572235890737444775      
   3.95695329609571338793947350352410263      
   3.88727534502992532639351392132152310      
   3.81629024780580802728097627286472273      
   3.74398457819108944058108832709929220      
   3.67034482783899951867789659146601791      
   3.59535740948326641368220260123376298      
   3.51900865439326118151496250392248637      
   3.44128481613593405904866731370773934      
   3.36217206869700579338091108755579037      
   3.28165650799234102193525665885769299      
   3.19972415199989773667601856235399477      
   3.11636094116129548327645387828171316      
   3.03155273959041947424669826401361626      
   2.94528533366048672746256907892939157      
   2.85754443476473066711411588206668866      
   2.76831567714354012494870412592660789      
   2.67758462056409892638366295889965367      
   2.58533674844427839046039669958941662      
   2.49155747032714937867318780312817241      
   2.39623211968831065962460822574642493      
   2.29934595673586487307320249621326563      
   2.20088416637537319706095359656998277      
   2.10083186035886356486627178068005473      
   1.99917407572475386755679744792274928      
   1.89589577656807510759798880594862739      
   1.79098185282401564833085234218381771      
   1.68441712164804423493580596447261814      
   1.57618632665656010965695235490914626      
   1.46627413853717264617923150513294492      
   1.35466515503127997667802680172900340      
   1.24134390117062424897457982950506376      
   1.12629482914203014033778270933780176      
   1.00950231859253977505241964073445829      
  0.890950676675739699933668132442336466      
  0.770624138253042128576470437957656674      
  0.648506865793753328192181071353485909      
  0.524582949688299213779564176991117779      
  0.398836408030797917931950087923091407      
  0.271251186948556335793158095312878894      
  0.141811160334819963424303686419272487      
   1.05001303793665550596362216432531980E-0002
 -0.122698172361191821394602665626385020      
 -0.257800090399784850985309015280492258      
 -0.394822035937983618832151633149437568      
 -0.533780495838319177368723019177420081      
 -0.674692025132787549117196482782606488      
 -0.817573253246047847278318376768535661      
 -0.962440880963383388318816058863259035      
  -1.10931167871199189108798710767904544      
  -1.25820249062647765734958357036182133      
  -1.40913023164393227963458687196641763      
  -1.56211188742152837626014257750953379      
  -1.71716451557229642868968744446732743      
  -1.87430524575267358283624102056664697      
  -2.03355127957433271756674455685421163      
  -2.19491988669111451255580560689340482      
  -2.35842841103349441861868662075073063      
  -2.52409426846469711360909070315399601      
  -2.69193494338583377870217472009334471      
  -2.86196799250071755761778180244618374      
  -3.03421104658192585083085675075289497      
  -3.20868180233087731188212795670821277      
  -3.38539803067440448747388892472637487      
  -3.56437757557218362728682130101978244      
  -3.74563834839669682773632170494644159      
  -3.92919833234745953342163851936667915      
  -4.11507558347874200772882995618901011      
  -4.30328822815159172048619649708689174      
  -4.49385446400295885419427511317006103      
  -4.68679255815534995031761850046048384      
  -4.88212084920112300424018380311633233      
  -5.07985774709822968424865712886597751      
  -5.28002173327615672403180549663959466      
