   6.46114229515578832787994501293249882      
   6.46114229515578832787994503858969363      
   6.46114229515578832787994507460013469      
   6.46114229515578832786445253264715181      
   6.46114229515578830736877830827178287      
   6.46114229515578543430523330530332941      
   6.46114229515567986084553769328870926      
   6.46114229515405411085426275262622625      
   6.46114229514024780706458644473049927      
   6.46114229506340386795082629430987750      
   6.46114229474944116454313450146315182      
   6.46114229373255762114538075387819212      
   6.46114229097773987426627780440361101      
   6.46114228449084290508069890107148402      
   6.46114227083410622809936815831433868      
   6.46114224455776934411359804710776808      
   6.46114219769051490454811562309758579      
   6.46114211915224511125833978057474538      
   6.46114199424398477832973824395706146      
   6.46114180423514979475497940472047418      
   6.46114152603598585650977858425105072      
   6.46114113198127819376950006361778670      
   6.46114058973776700088029222376208593      
   6.46113986234531172879653167894570550      
   6.46113890839859988911100992913926883      
   6.46113768237110947021139327305979386      
   6.46113613507584294450236261936659723      
   6.46113421424857719675289486468133992      
   6.46113186523012979158826141300357367      
   6.46112903170311234264176831058042125      
   6.46112565647601820853025530391439563      
   6.46112168229742743659812496661897367      
   6.46111705249569706018671899708340564      
   6.46111171162712884180037268271610524      
   6.46110560596600796403663480992558035      
   6.46109868384638167444622928866715423      
   6.46109089582764696512483984784816300      
   6.46108219474243810984764048861019613      
   6.46107253546453322757508798077966329      
   6.46106187476193852981610112662387905      
   6.46105017060641529580979717701614000      
   6.46103738170411819869096997443413604      
   6.46102346679074486095690181459961845      
   6.46100838387848426974646504661605023      
   6.46099208945000346738139294031289943      
   6.46097453760994000346372762708049897      
   6.46095567923194633465394997341519146      
   6.46093546124179591801951341607121120      
   6.46091382579982875757701096084531850      
   6.46089070948267854754978077873074623      
   6.46086604268224877480622709252577221      
   6.46083974898672884961581951790906567      
   6.46081174466324361521994383520712287      
   6.46078193818871991431336199565915656      
   6.46075022987289088632663838750879646      
   6.46071651159413880713440244060275100      
   6.46068066652846923900464195530112546      
   6.46064256905712885216803218585655744      
   6.46060208456142942999553230656120603      
   6.46055906942129747320318678110595971      
   6.46051337100575327251760813813520247      
   6.46046482775831391037438490391085298      
   6.46041326917537722806923323522014299      
   6.46035851605994631236069895204368767      
   6.46030038050410374877918207495830541      
   6.46023866603990506911320700639880482      
   6.46017316774623628831757913474200038      
   6.46010367243647654204912613207679493      
   6.46002995876812172699437722490651573      
   6.45995179723613810712576784639304121      
   6.45986895032463599956486964088858220      
   6.45978117257211595102584601707252225      
   6.45968821049073617245040359616349142      
   6.45958980257626158723028133119421081      
   6.45948567926072000695064305108963739      
   6.45937556273347137670696161484688724      
   6.45925916676720386749034003404180200      
   6.45913619651158660183343471727163222      
   6.45900634829973798140963540447769844      
   6.45886930916135703131469495955378110      
   6.45872475645912239850857597011312188      
   6.45857235738999515707321592306738370      
   6.45841176845933482677715864147186163      
   6.45824263486784033692889069282001105      
   6.45806458981244705671356940552212858      
   6.45787725370031669352093872390906829      
   6.45768023308464399896632140056924733      
   6.45747312043905760915368920416723415      
   6.45725549223138946611345184102838520      
   6.45702690840531872201683930853569464      
   6.45678691108511254762529585016056326      
   6.45653502283380948878239849231133783      
   6.45627074612977532283376179090183692      
   6.45599356152894315735865010273651963      
   6.45570292344934263892976550176408238      
   6.45539826420914305530722035302876604      
   6.45507898751314876698826976673593720      
   6.45474446779815284301767835501744968      
   6.45439404763699932398425756610000792      
   6.45402703637661192888237049662563986      
   6.45364270784475135560765908140755425      
   6.45324029642331471923668949571675948      
   6.45281899622163045171093325580119702      
   6.45237795631487815802451462006528439      
   6.45191627948178635116230393379518504      
   6.45143301758612115547397786528139160      
   6.45092716850539257816691510532935745      
   6.45039767292154058913085299476999059      
   6.44984341001397797962873640533540170      
   6.44926319295535097110189724808952947      
   6.44865576516303759683145867805678721      
   6.44801979518393821306385228292178721      
   6.44735387172375961843472435064187448      
   6.44665649810105935158145093104622020      
   6.44592608704928062390974616510928968      
   6.44516095383728604799576306110115922      
   6.44435931057634818805527482908982207      
   6.44351925842952761052001541462816739      
   6.44263878089093454425318075855139621      
   6.44171573569001359192451696201605203      
   6.44074784571469225842575256626934451      
   6.43973269090902915245905890809710174      
   6.43866769742381898329885001286151207      
   6.43755012807377785396950762054918699      
   6.43637707078962560496229348173931799      
   6.43514542694835113755337411610159896      
   6.43385189818232979960925806729474411      
   6.43249297289027605404042218245879023      
   6.43106491150747679401998063139611869      
   6.42956373083022407829401100260795847      
   6.42798518697233734286319608487869564      
   6.42632475762227815072293529857262031      
   6.42457762267385889214869480898467624      
   6.42273864368212743621079800858807500      
   6.42080234214748950966563194241653448      
   6.41876287644555725947577860627777690      
   6.41661401720430980663905286495103713      
   6.41434912173587704659564386583413349      
   6.41196110717997316698915058088312145      
   6.40944242264294337999194388338063113      
   6.40678502092202620579660800098131474      
   6.40398032868326041804162430307729300      
   6.40101921895693938768612700058611749      
   6.39789198245794422321467816637808364      
   6.39458830151435516091750333471043684      
   6.39109722649051003990628750161216357      
   6.38740715641335794545307365690570407      
   6.38350582481485826617700564957131115      
   6.37938029262098257413380366556936997      
   6.37501695056033234712429169062314501      
   6.37040153071277968457030352709152480      
   6.36551913090572260305299222697201667      
   6.36035425196957183661624011294833200      
   6.35489084757665683967773018529928402      
   6.34911238755255158288178992397175507      
   6.34300193395119836678935906935923743      
   6.33654222466723201263717302801975952      
   6.32971576330350621181447739572340480      
   6.32250491759394746572611191481776668      
   6.31489200771342126202695798554594111      
   6.30685939831110904158909191228353877      
   6.29838957630038241450362489705838018      
   6.28946522394937689909832190549304831      
   6.28006927354301339980742918655526868      
   6.27018495442818015960171255253442640      
   6.25979582286038412267679661587818093      
   6.24888578172291174298436262291488669      
   6.23743909176769155339245088358548129      
   6.22544036796116953384341388485432723      
   6.21287457282558222045839367199845970      
   6.19972700442266604107615957832117094      
   6.18598328042000769631647706831898177      
   6.17162931480781730632988025568076281      
   6.15665130075365655071712337816475499      
   6.14103568803851541913478477515428880      
   6.12476916221718569566751167227886783      
   6.10783862534784658905380881204007748      
   6.09023117661227024652537951079465197      
   6.07193409609518942535579779076764720      
   6.05293482829299096260816158345908666      
   6.03322096822024253374480801756464253      
   6.01278024856018605471178502927050838      
   5.99160052857996402820682927962441677      
   5.96966978359204078892296129833584746      
   5.94697609631220427503904602368795204      
   5.92350764833391827496188871970840661      
   5.89925271225923958160678712916355519      
   5.87419964564923465469364111782109535      
   5.84833688326823832903104975047870936      
   5.82165293156882579655547265184160724      
   5.79413636149114055868129671090720330      
   5.76577580255850294560601583803078054      
   5.73655993692426987517595476658019953      
   5.70647749143637105765575707384021215      
   5.67551723188091947736718606073289271      
   5.64366795549287175004726910009287023      
   5.61091848318546910225417796555318761      
   5.57725765330749600821724814725107754      
   5.54267431312285766210353945498558502      
   5.50715731134547245682095531499042144      
   5.47069549057757645163074761521495694      
   5.43327767977610091505687450469145433      
   5.39489268699763793787157136825699669      
   5.35552929216807083497964787373615049      
   5.31517624011216181369482973118139288      
   5.27382223434192210281324409906077869      
   5.23145593089782948095581125755616601      
   5.18806593252219591891790664161865078      
   5.14364078375803377464498498522721592      
   5.09816896607364223665396142495332261      
   5.05163889388215958690032766323840611      
   5.00403891035862801150867786222183985      
   4.95535728438289618621970494508265636      
   4.90558220844894938140579002607237573      
   4.85470179530297636083942405591705248      
   4.80270407568686838694472460651532667      
   4.74957699812354828529079405032461343      
   4.69530842644239199090089022489264870      
   4.63988613849690968303826176568004273      
   4.58329782650684591048384519654932768      
   4.52553109623962542755166050050796947      
   4.46657346548647488474191880951123540      
   4.40641236582338719244603854590794123      
   4.34503514042437235949898130852625658      
   4.28242904661504222741495808954628035      
   4.21858125415183115731817062430812593      
   4.15347884631810507726477670892588337      
   4.08710882008350459263361671209369662      
   4.01945808717062847142139773956074085      
   3.95051347375772288343044427714052418      
   3.88026172089003655205279286096551631      
   3.80868948623826896286624715394335412      
   3.73578334268630577207210430713357850      
   3.66152978147926655841891091495972076      
   3.58591520954453400852964530824876758      
   3.50892595339556621472112361944730804      
   3.43054825662694364568801606865589203      
   3.35076828323985504484511128756049862      
   3.26957211529559992375847467533086874      
   3.18694575629491405523011508114731756      
   3.10287512899333171279447214079577475      
   3.01734607811963159149971896703918479      
   2.93034436896324276095391715387352196      
   2.84185568929202726025341968644090548      
   2.75186564864541441938509541543976710      
   2.66035977932991608037687573021226883      
   2.56732353659136970130349548028072831      
   2.47274229883231329343158886698707000      
   2.37660136825295263695294676664663755      
   2.27888597083463320148216858504903227      
   2.17958125691424869138066341644955382      
   2.07867230110984033246985247915033541      
   1.97614410296219484734573577123606638      
   1.87198158692801717027370221436672325      
   1.76616960270028842823348920972005283      
   1.65869292534123117477327570532676844      
   1.54953625552721271670333529374579187      
   1.43868421994482455039972385162731033      
   1.32612137078960254435236225576644434      
   1.21183218713576875086943446590615845      
   1.09580107376340339980482253154597039      
  0.978012362215875524069787826446688613      
  0.858450310345918199798725241573933020      
  0.737099103534317419373782242864906303      
  0.613942852497934936295389074581671024      
  0.488965597021030487053605350791385098      
  0.362151302079304177538125032094494119      
  0.233483860972213785317026853819661153      
  0.102947093369206109516592076978105030      
  -2.94752522609747634813427711212690358E-0002
 -0.163799501660674698018206549148535407      
 -0.300042051633450363613218548585714239      
 -0.438219372391035279529885999578136046      
 -0.578348006220623966595541003268033353      
 -0.720444566570968468428038115614229125      
 -0.864525741078903476327490564927837206      
  -1.01060828801782060277044552032804362      
  -1.15870903722753601433644063750119351      
  -1.30884489305629419185332240999097850      
  -1.46103282869450199073698021095416695      
  -1.61528989095005509313864341117315694      
  -1.77163319951102926550325658476489059      
  -1.93007994266475381245516258843794410      
  -2.09064738282965701994957285096857524      
  -2.25335285549723646402208737852483285      
  -2.41821376345161472677626514007939622      
  -2.58524758448268308682802264343072952      
  -2.75447186813064330429332360433219570      
  -2.92590423351723931051349355184753552      
  -3.09956237143648055471218221295046661      
  -3.27546404564037274946269954515091853      
  -3.45362709176923050368199991020395782      
  -3.63406941411802388009218223389455387      
  -3.81680898950733885706334852153649592      
  -4.00186386698128257338478988546972480      
  -4.18925216627698480332676022782107244      
  -4.37899208044955479337839722522882485      
  -4.57110186833540253232074599639339505      
  -4.76559986371506268648161946346435288      
  -4.96250447293207492573111807156713322      
