   6.46114229515578832787994501293249882      
   6.46114229515578832787994503858969363      
   6.46114229515578832787994507460013469      
   6.46114229515578832786445253264714950      
   6.46114229515578830736877830827186222      
   6.46114229515578543430523330539042381      
   6.46114229515567986084553770699508275      
   6.46114229515405411085426338063358039      
   6.46114229514024780706459903500280863      
   6.46114229506340386795096743379654136      
   6.46114229474944116454416911059089955      
   6.46114229373255762115088668951205323      
   6.46114229097773987428915092124737272      
   6.46114228449084290515885341544142816      
   6.46114227083410622832803720617962725      
   6.46114224455776934369802192806980486      
   6.46114219769051490536362139379000659      
   6.46114211915224511739774362244295337      
   6.46114199424398481566967883647415674      
   6.46114180423514998526304661908034431      
   6.46114152603598669277213690869101710      
   6.46114113198128141829716589790871571      
   6.46114058973777811096125953897589867      
   6.46113986234534642449465525720243551      
   6.46113890839869927226297352135807864      
   6.46113768237137321462172701354422189      
   6.46113613507649694218697773229920930      
   6.46113421425010348182105787786284798      
   6.46113186523350310900396232670637569      
   6.46112903171021093732715459965928880      
   6.46112565649030668201265055296366670      
   6.46112168232505002704980661557558923      
   6.46111705254716689263654026831537034      
   6.46111171171985740045269589405265685      
   6.46110560612798553039963098690586611      
   6.46109868412139657305498914587905289      
   6.46109089628250260896529322216411476      
   6.46108219547674009585898868955557068      
   6.46107253662368440327858400465305226      
   6.46106187655178911724227555399606289      
   6.46105017332109108224143236430892333      
   6.46103738575000370537483096327234492      
   6.46102347271712714627462665998607034      
   6.46100839242451730958125903305184282      
   6.46099210159457075960619204001352512      
   6.46097455463346382124694298077478919      
   6.46095570279001131491852876978624470      
   6.46093549345227719419950168128731720      
   6.46091386934491252785367241665538096      
   6.46089076772756180963917736700019932      
   6.46086611981225854362502611966215832      
   6.46083985016469283520582095790793926      
   6.46081187620903046606406609253828936      
   6.46078210778293787239332732359138833      
   6.46075044678680067458900307656707533      
   6.46071678694811044961707340519894009      
   6.46068101358062899025540956463553635      
   6.46064300352563288711903861237379830      
   6.46060262498111649790120090141460917      
   6.46055973753853817785539291292075595      
   6.46051419221333156743155442662270401      
   6.46046583157313492934874538129782407      
   6.46041448976093517174634773867396636      
   6.46035999279830412121709378324175222      
   6.46030215861664281832514954186753741      
   6.46024079726302121901019003457860390      
   6.46017571106140712661402081656189303      
   6.46010669486645002683385951976153595      
   6.46003353622623091532427875413876184      
   6.45995601544523128061646808004598627      
   6.45987390580988176174972071437904934      
   6.45978697371712392483242823702742057      
   6.45969497867515394978231222841293551      
   6.45959767339206169611426049391488547      
   6.45949480380817397528618553859954713      
   6.45938610900742554058957295457336173      
   6.45927132112761517421672742463427948      
   6.45915016526520080277768407878527079      
   6.45902235936644800188778712956487413      
   6.45888761384271474305003409219110478      
   6.45874563132243193711084375084920706      
   6.45859610626718693916872400057823337      
   6.45843872456458769012026859540419622      
   6.45827316303899915958308606190107495      
   6.45809908888297174723975348744166355      
   6.45791615899412243727547098465862124      
   6.45772401911091388501701220927465194      
   6.45752230369173261944878608188649235      
   6.45731063412643623615020487039022246      
   6.45708861849412680974132849565773784      
   6.45685585025299443592115490348028004      
   6.45661190686235891000238977395515906      
   6.45635634938207114710542238120978936      
   6.45608872080186686074075041546026152      
   6.45580854250833606899800306539660166      
   6.45551531760761960265873267358720481      
   6.45520852538245400140568548935419821      
   6.45488762077399896469478828250599248      
   6.45455203206081618908922461307157722      
   6.45420115941187587895542971527938178      
   6.45383437393330161220845443995866839      
   6.45345101230040993480841078708504208      
   6.45305037836423789643899453277463496      
   6.45263173740064966139869471740793559      
   6.45219431536632446053988619769083000      
   6.45173729503897655205241843329861976      
   6.45125981322963504186288663157257565      
   6.45076095834869251199200905317079278      
   6.45023976613159191225872647773882061      
   6.44969521566065165757176241443369318      
   6.44912622693671326510522072318470152      
   6.44853165539346779357701285120895775      
   6.44791028824264213946981998541312258      
   6.44726083939779576287615888877089776      
   6.44658194489807626419709760850286429      
   6.44587215709574320470281675394987833      
   6.44512993935304689868087691152187103      
   6.44435365974378832610583989678580044      
   6.44354158485967539047576690901028800      
   6.44269187247216010127268548137498614      
   6.44180256441935888739633991682178769      
   6.44087157819968855309239566996316925      
   6.43989669897110918231909401507716268      
   6.43887557029382857389616974833618432      
   6.43780568408864475916315133318156546      
   6.43668436983747499767404082083990043      
   6.43550878383082155553228159843175369      
   6.43427589665507368454707980871817609      
   6.43298248011953544966027275428619497      
   6.43162509309530052462796951669797158      
   6.43020006624613536018416594058962334      
   6.42870348585176677881878691573171487      
   6.42713117597563333993398970534004130      
   6.42547867959650522117822373431175107      
   6.42374123823695079046986109844433756      
   6.42191376996871924700677341388800150      
   6.41999084577108674709055585933452519      
   6.41796666481800642558045305849012478      
   6.41583502667893859628294761583333491      
   6.41358930380305516990580224471134176      
   6.41122241053120971733784369248671885      
   6.40872677134215618120144483202468577      
   6.40609428822214228690752145064795999      
   6.40331630649771056116898150552570084      
   6.40038357970631832326797343787749529      
   6.39728623674918414639949454699455888      
   6.39401374847173489306541204555313552      
   6.39055489738527703968627727118188544      
   6.38689775279249693906923085460217478      
   6.38302965086172379317858833048627005      
   6.37893718330587230874258336324880687      
   6.37460619729890555932906190388087709      
   6.37002180852730761400858715172684024      
   6.36516842914611278652089882950301062      
   6.36002981150907786369401048270862255      
   6.35458911046646699417255735918238546      
   6.34882896122941308353191864063810029      
   6.34273157164376990944567715882148266      
   6.33627882713629674303061984931202934      
   6.32945240065536848688170784972292617      
   6.32223386561224993043732337763192526      
   6.31460480744194620499378456160243310      
   6.30654692267128252256224709943404259      
   6.29804210998885181686576380451112011      
   6.28907254473648684912782383756624453      
   6.27962073712028883841839017574962515      
   6.26966957351499583162926432918272853      
   6.25920234159841114151206681299812894      
   6.24820274501367574636822634597149172      
   6.23665489927203055181854673733575034      
   6.22454332724128884047990817597656120      
   6.21185293346734784029073661985938040      
   6.19856899318801978676934721676218411      
   6.18467711997774984115563571995364349      
   6.17016324004858425713667424350523806      
   6.15501356816167513638463969637323245      
   6.13921457850203777898601172032876961      
   6.12275298074811785207586718280321472      
   6.10561569653059506326614736369483830      
   6.08778983766001594402642960247246427      
   6.06926268753268427970708414852889217      
   6.05002168273019227764499008972314064      
   6.03005439861913235273678543696832954      
   6.00934853528662599917644823277999692      
   5.98789190579382613057626198138143855      
   5.96567242626339657485422798314929803      
   5.94267810673507737639783749790678955      
   5.91889704339260175767996414748553105      
   5.89431741175274709297565019165765042      
   5.86892746027433060155588299118857599      
   5.84271550525877166197761319783810991      
   5.81566992455948382972854356391527188      
   5.78777915385818995956692466893262881      
   5.75903168020289004101776701473673445      
   5.72941603868569595791039929977569169      
   5.69892080563211366267153696698870010      
   5.66753459396002070522398475855928705      
   5.63524604815190582665967015550488293      
   5.60204383746022128316009325690351572      
   5.56791664981143255697786598598654264      
   5.53285318712109993845782300514718531      
   5.49684215642227139016654424651404954      
   5.45987226470495075768487508201515600      
   5.42193221178997952266996481635374135      
   5.38301068367897122767061314109428996      
   5.34309634581836844603703383686072560      
   5.30217783657629781103607207892299237      
   5.26024376097007444006888303132909019      
   5.21728268441790606120464644520947620      
   5.17328312718173616111998303525193389      
   5.12823355874629198354914617738901124      
   5.08212239296516172490563341312604184      
   5.03493798301775390790710724411269917      
   4.98666861768491307234627807180037606      
   4.93730251696414841750341609203315255      
   4.88682782948838274193938519123562373      
   4.83523262878140891454296516868385546      
   4.78250491044752556634258294665942451      
   4.72863259106783758161342196904424565      
   4.67360350536745500502559913055737435      
   4.61740540455635634305806419009821836      
   4.56002595576034279909253670486425572      
   4.50145274111314732726381978524838800      
   4.44167325573918976780594901240791742      
   4.38067490866595429775699375009014965      
   4.31844502125899093181398198223653494      
   4.25497082840910710217858845312248702      
   4.19023947693215298279383000714810609      
   4.12423802722248431813652806773319297      
   4.05695345207779127176929915886853121      
   3.98837263782717322551770854226578855      
   3.91848238433944058432011490746603732      
   3.84726940514920240484207202801083696      
   3.77472032913865491253378987442361345      
   3.70082169893414201693770987465565537      
   3.62555997357800913137512701742324386      
   3.54892152706660210978656881052723928      
   3.47089265103393354815094143234092892      
   3.39145955263039003306003735366925158      
   3.31060835796681989148855554889786830      
   3.22832510975736217191906254809376837      
   3.14459577057945441881516531728122715      
   3.05940622071103401507936398617824196      
   2.97274226112786823163304567837460179      
   2.88458961168423838978372993980502755      
   2.79493391375694715344338456005280116      
   2.70376072837306477147295677246779493      
   2.61105553889838645165877362867926298      
   2.51680374962418506783852352760081300      
   2.42099068744529950892622355862339620      
   2.32360160109977951578388202713637430      
   2.22462166263924172345396152176902773      
   2.12403596681710876820607490152598654      
   2.02182953206787028745057812720253245      
   1.91798730037397001125894311360615495      
   1.81249413759939081745520496645857846      
   1.70533483420297672809153931131825955      
   1.59649410478036383487080965954492058      
   1.48595658888304499852600814684220948      
   1.37370685100183080854915444348721635      
   1.25972938048008259479201671903141696      
   1.14400859274430845372087847676110614      
   1.02652882832477869274045602874511588      
  0.907274353144946252087597860435067297      
  0.786229359955930353260871539029255541      
  0.663377966871947284827491805125884462      
  0.538704218367955431140723797524334169      
  0.412192085351962189079299635339319466      
  0.283825465478860633759395194639422291      
  0.153588182643174969048418393145274253      
   2.14639875850934761716959572406426927E-0002
 -0.112563441855859089993060886472834086      
 -0.248510500980932059804288502207871733      
 -0.386393658607217267238083468616745448      
 -0.526229455162754015998050487620466384      
 -0.668034504812890631931160557496253964      
 -0.811825494513444298056283087997362288      
 -0.957619182169659058605712861919112959      
  -1.10543240111941688552494410666543947      
  -1.25528205381897958019312214175290169      
  -1.40718511681551031087915354614104818      
  -1.56115863970493414882540576401470481      
  -1.71721974236579020330309363536264166      
  -1.87538561750768262470173442760599042      
  -2.03567353144338355412831961673197742      
  -2.19810082062588739646875208093017239      
  -2.36268489298606497612421544389230112      
  -2.52944323149052942264195496654373500      
  -2.69839338781885756784117729766263515      
  -2.86955298564592218200238319096555988      
  -3.04293972373163141724394580057588084      
  -3.21857136803144528694299075712767664      
  -3.39646575892241893512381069447547055      
  -3.57664080745093577591025477531825074      
  -3.75911449810384883922380799544803416      
  -3.94390488304753826081815658675517025      
  -4.13103008853608203240441086023638483      
  -4.32050831243637284753765392950602738      
  -4.51235782522177144759144331449347513      
  -4.70659696444180693185093593945234111      
