   6.46114229515578832787994501293249882      
   6.46114229515578832787994503858969363      
   6.46114229515578832787994507460013469      
   6.46114229515578832786445253264715027      
   6.46114229515578830736877830827153173      
   6.46114229515578543430523330508497594      
   6.46114229515567986084553766506538074      
   6.46114229515405411085426163965447571      
   6.46114229514024780706456661907444519      
   6.46114229506340386795062428931494892      
   6.46114229474944116454176591951889272      
   6.46114229373255762113856337691430631      
   6.46114229097773987423950279936959106      
   6.46114228449084290499345338013219671      
   6.46114227083410622785320711097764838      
   6.46114224455776934391724569198896425      
   6.46114219769051490291456658098118204      
   6.46114211915224509991235012294914141      
   6.46114199424398471375397114479240511      
   6.46114180423514948437994492481207054      
   6.46114152603598456556924125028588053      
   6.46114113198127345333370039050186967      
   6.46114058973775137685988544132428763      
   6.46113986234526487068637302643148394      
   6.46113890839847053786122968522109943      
   6.46113768237077762615143916959893030      
   6.46113613507504529272241298174250196      
   6.46113421424676827693990379711745678      
   6.46113186522623638337192135431940479      
   6.46112903169511814529493686818816554      
   6.46112565646029054073648918257038356      
   6.46112168226766370791720734274668395      
   6.46111705244133210442152369660989421      
   6.46111171153099827698323095265834302      
   6.46110560580101317468879255023431200      
   6.46109868357084490708942803000022327      
   6.46109089537900074886985133552344794      
   6.46108219402880125481299497416703041      
   6.46107253435634738974069019118013499      
   6.46106187306851710244030515216242523      
   6.46105016807041944595627637523669813      
   6.46103737797180382909587203890875715      
   6.46102346138610733364114641752150613      
   6.46100837616976868214029798731156041      
   6.46099207860939558318365769274585983      
   6.46097452256551389805395787871862092      
   6.46095565861099993797270944323090501      
   6.46093543330436425915924062469621502      
   6.46091378836152584694391534445370208      
   6.46089065982563485924015836131339025      
   6.46086597745299999604352570488116181      
   6.46083966407985085231576754820209410      
   6.46081163508947347757419592355435421      
   6.46078179792626233744095554002281199      
   6.46075005170057124047198329150565780      
   6.46071628690482786483640721003983088      
   6.46068038512188402408058009016885006      
   6.46064221890942937820898692676128350      
   6.46060165157160824058562776504443451      
   6.46055853713147021518144244503741841      
   6.46051272029436416021466486392441197      
   6.46046403650438585252475124911110475      
   6.46041231189274327122834493570238957      
   6.46035736349786142438764681259197846      
   6.46029899921563807278600064823863506      
   6.46023701791326555659958279593278803      
   6.46017120950027123016316239550671626      
   6.46010135507066445215186953917884420      
   6.46002722697935968910682709294657821      
   6.45994858878852583031028946209399590      
   6.45986519536881078895974021542777613      
   6.45977679292480197268262954273869154      
   6.45968311886056184517766247389267403      
   6.45958390173587029707180029272949655      
   6.45947886116719491820474531143202734      
   6.45936770759022465493792773399477558      
   6.45925014203060201102679810142214824      
   6.45912585582160206432804354374101584      
   6.45899453035835198856726162908207062      
   6.45885583654419492459063603479801183      
   6.45870943435001848265979761126521667      
   6.45855497224061693183956184341651044      
   6.45839208657126476652882735053501694      
   6.45822040089409028012803487029587165      
   6.45803952517410571346485102666816729      
   6.45784905491670731955576937847134596      
   6.45764857001069195799996071492632427      
   6.45743763434755689858702878020821810      
   6.45721579387165109799422396516059958      
   6.45698257594452221410831153817988556      
   6.45673748785504188668815303047642166      
   6.45648001516723517044151835362819832      
   6.45620962075529155573694498443801143      
   6.45592574320450581231753890271458416      
   6.45562779123510500629629410723828852      
   6.45531515023546286951473887920591560      
   6.45498717286569296808575000741490101      
   6.45464317958767495291491520490430129      
   6.45428245554821969647062774143059141      
   6.45390424924894319213148353633094422      
   6.45350776968801433087144845998594476      
   6.45309218226196919034708195308680410      
   6.45265660842998384683843822160249336      
   6.45220011987151521010902552192616835      
   6.45172173714339375889637677136808949      
   6.45122042509151967925982351150462232      
   6.45069508920359732695535050837324319      
   6.45014457228786410264031060012184459      
   6.44956764967210412962999818954942314      
   6.44896302458234237225165149968571998      
   6.44832932376869577886339126230203744      
   6.44766509218726448335892416311362632      
   6.44696878758099992359481002029480596      
   6.44623877445227688599606364938298750      
   6.44547331848979933878904333002695477      
   6.44467057904345005849154623912866198      
   6.44382860314834132218676996922673334      
   6.44294531689672369799669653386974785      
   6.44201851861522028668969196450459748      
   6.44104586949442794633414326312720992      
   6.44002488424440797009181274634283800      
   6.43895292218805701861342291689010368      
   6.43782717625547466629056696419915042      
   6.43664466186925103626924115482264749      
   6.43540220513836363579875337528361167      
   6.43409642997490587001814214599503561      
   6.43272374452622958865970400799773752      
   6.43128032661875117788918508565221822      
   6.42976210825545897251904762399011857      
   6.42816475891287026183939325706855055      
   6.42648366801611442446548563041922908      
   6.42471392608903380952431911858924246      
   6.42285030486799832499343309783767172      
   6.42088723610424053408458760458403501      
   6.41881878951079393049534408300042887      
   6.41663864923755296819569394114523884      
   6.41434008959892233788117118416575801      
   6.41191594972546740052974471346254845      
   6.40935860763931806472070297387040195      
   6.40665995417990307950433876035331262      
   6.40381136542873653108238239167690470      
   6.40080367881058065921970312232724087      
   6.39762716665285063701899551216263394      
   6.39427151419435378012167636140825225      
   6.39072579965361138861084180020660555      
   6.38697847828428955621885504098194820      
   6.38301737257891415328190809740605722      
   6.37882966800352192595224103812854439      
   6.37440191823664337267150850724930937      
   6.36972005872722677127168078419670286      
   6.36476943178999263333740297050727136      
   6.35953482291089389872261590638727471      
   6.35400050836989883540191440072885842      
   6.34815031386872408257510736438294545      
   6.34196768414908853299423884174692364      
   6.33543575958365761380277687509104584      
   6.32853745936959861141765472469862961      
   6.32125556527296995950945286756065167      
   6.31357280826691688512557362207254996      
   6.30547194587502882818508412939005909      
   6.29693583864519489231301185852381975      
   6.28794751275195608742832208202670457      
   6.27849021315604209988554774294401929      
   6.26854744954683137081537139783112869      
   6.25810302167240129246595277501760059      
   6.24714104830663786901912462177583474      
   6.23564596873922121849293480082303561      
   6.22360255214867970555764752532545844      
   6.21099589049362600258203088371254843      
   6.19781138836157224632675124683456206      
   6.18403475296634012433747354269113427      
   6.16965197457278339654244588535016570      
   6.15464931113963687457409341310242286      
   6.13901326982023397601753715901979556      
   6.12273058887657029766132697653917176      
   6.10578822042790294709107804093869248      
   6.08817331353699961468579538132933600      
   6.06987319879815488878182757899245370      
   6.05087537438411274458022177796099427      
   6.03116749244347992069449467263365205      
   6.01073734787440199586189259491759990      
   5.98957286702659901122039250286609848      
   5.96766209783930586809242073747108405      
   5.94499320128126780264566342257532915      
   5.92155444286634267248087473888162182      
   5.89733418438319497247779656124766529      
   5.87232087719184054379508402949563165      
   5.84650305441198674802868015658105755      
   5.81986932359630722961005572340027299      
   5.79240836083123170203258330902980759      
   5.76410890130431650586589354433577487      
   5.73495973409088068150365324450424780      
   5.70494969301281363569743014369699124      
   5.67406764918634209666107961202777712      
   5.64230250308562402514963209667594992      
   5.60964317674676189178400902043009853      
   5.57607860459085466976549395857649517      
   5.54159772557655069939396281172345420      
   5.50618947540141737540798314926696297      
   5.46984277747845474722735133374735591      
   5.43254653560744612647558135699861194      
   5.39428962617663089738282018772275295      
   5.35506089090719865025922030981978068      
   5.31484912999180045669167895745506499      
   5.27364309580228293483201253643500019      
   5.23143148659145571321624298187018940      
   5.18820294171413095206254693021917203      
   5.14394603648311631888152441856039261      
   5.09864927764913728691666895779981020      
   5.05230110033575858273452325096899021      
   5.00488986398753871746221691987157363      
   4.95640385005210454730756415520953426      
   4.90683125904302812250111771443871274      
   4.85616020928692090672907434443765373      
   4.80437873564522658044372887572194483      
   4.75147478665609306241782882212151987      
   4.69743622569772253294165967397201158      
   4.64225082895762543970034676380830737      
   4.58590628514404801108569239449972702      
   4.52839019616839960195127173222747865      
   4.46969007612481581822878041738266190      
   4.40979335116152277926381505717888840      
   4.34868736154692142059323142288329952      
   4.28635935951160861668300789844924993      
   4.22279651173629516332968938544147374      
   4.15798589802503711169963878735414179      
   4.09191451371017384756245901836150660      
   4.02456926811756982706237859532733957      
   3.95593698725195218887710410858037271      
   3.88600441217504799853849742342843296      
   3.81475820177203873665452527057069947      
   3.74218493147550252192420364625899623      
   3.66827109509316437036225728172267169      
   3.59300310469806856465551121339269556      
   3.51636729091787669684955617611312697      
   3.43834990536129162428577622002013072      
   3.35893711779229450389319812720471396      
   3.27811502041133963805224981459998506      
   3.19586962453873008301527147644641286      
   3.11218686478843307522683499542880206      
   3.02705259670036658333681831840560280      
   2.94045259822214822525579043946733765      
   2.85237257027132993208928354363922282      
   2.76279813675770647088414125952069199      
   2.67171484503474168140086863833969056      
   2.57910816619309736945341873232753075      
   2.48496349570067915998645572768234071      
   2.38926615301978714299638313738040598      
   2.29200138258844800213708786720867219      
   2.19315435357575556518314622117368615      
   2.09271016059144407133203108120938803      
   1.99065382332646684417442381901147689      
   1.88697028741817887940602929471824315      
   1.78164442419827081308162167209186784      
   1.67466103085137103895668273583252653      
   1.56600483109650457718649025374746445      
   1.45566047466170216905547218134788726      
   1.34361253820339367437672481024690048      
   1.22984552469783521765903690362696691      
   1.11434386384867606384160000706825080      
  0.997091912712510842908372098430710691      
  0.878073954955636069132785341420006025      
  0.757274201633280340544655914182427395      
  0.634676791328628069096090809014610293      
  0.510265788861657085559792937642801424      
  0.384025188331473259425292210809835493      
  0.255938909847853228289432608855837792      
  0.125990801769063655837981544867320918      
  -5.83535973690654215854996916424952206E-0003
 -0.139555871383708278211507253368772099      
 -0.275187100793953977765257831486987760      
 -0.412745489725518407539536955525638259      
 -0.552247549299047503466472184506279283      
 -0.693709865224092553250079405631252086      
 -0.837149093255022531332290585917012310      
 -0.982581961532240226175546409461382531      
  -1.13002527181929407486149388616775098      
  -1.27949589419030611790313186802790194      
  -1.43101077259834091713413066437335678      
  -1.58458692400056212324206146345713910      
  -1.74024143348158640033878508547609966      
  -1.89799146036276204848927687399794919      
  -2.05785423605805697053716900508806307      
  -2.21984706065802614278737669485265501      
  -2.38398730790813277001841722479027474      
  -2.55029242206192239381151344030837052      
  -2.71877992167677416076911670620762836      
  -2.88946739169007901091101511880439703      
  -3.06237249086201041086607528631672720      
  -3.23751295121292425401431444375892552      
  -3.41490657504133842103422994299723207      
  -3.59457123246901026426316023028956573      
  -3.77652486872147536212998383128387805      
  -3.96078549990664894958442127454191954      
  -4.14737121107086916069552938905879081      
  -4.33630016007855173295310966862248702      
  -4.52759057622779810674489709400687077      
  -4.72126076116896361432369725505361131      
  -4.91732908230954338101751553143713993      
  -5.11581398255624184096690211282017496      
