   300.978532456069162132856044161749454      
   300.978532456069162132856044161749454      
   300.978532456069162132851380527156010      
   300.978532456069161555061098139799070      
   300.978532456068454609946002451934406      
   300.978532455984012490765849010447138      
   300.978532453367369071825205606306279      
   300.978532418982347316137176805869164      
   300.978532165784611636735429984523294      
   300.978530926028918400637550550591340      
   300.978526416584903241231248413783949      
   300.978513287347990307462132090345603      
   300.978481058773780113676961734456714      
   300.978411834304294670230640696826338      
   300.978278139979589637093704077669480      
   300.978041197376507820914658129090699      
   300.977649822740616018248560265797233      
   300.977040033527505310033090066640537      
   300.976135307411792886648873016931335      
   300.974847409764288613414055873106400      
   300.973077637707444612059663591257038      
   300.970718328634625776091631137115795      
   300.967654487172906285587111233389255      
   300.963765400363208119560751975619346      
   300.958926136817201962644279421597071      
   300.953008854759539129190743689074565      
   300.945883871171846191847060696861658      
   300.937420473424505364125305637596170      
   300.927487479821513891145086964525762      
   300.915953576090609912873927441669548      
   300.902687470568508577170224886795212      
   300.887557922897187641867615592225238      
   300.870433693254732693522569643143550      
   300.851183475789988641923235078304964      
   300.829675856802154760716087459058176      
   300.805779339103198877299232609899613      
   300.779362459008909113979211306263591      
   300.750294015900446705436690896463812      
   300.718443408863293587856870816901165      
   300.683681107948203712982512773471018      
   300.645879200467655264227879452070913      
   300.604912038595756054831749030487401      
   300.560656947757023472862943349574599      
   300.512994976679633662637208715824180      
   300.461811665396151537379647332956833      
   300.406997806423601244452515581378768      
   300.348450181402692079023027632668311      
   300.286072242922896668900347027783138      
   300.219774760911747312845725014767527      
   300.149476358032655865602423532386445      
   300.075103983046169360994918665128705      
   299.996593286749336786938620933811344      
   299.913888902457131905076729291249911      
   299.826944631055167470655650705552264      
   299.735723522889676905930727031257674      
   299.640197867342111429997016083687766      
   299.540349098476701174284514567544935      
   299.436167660876384693300871224751301      
   299.327652669645401539640915861318786      
   299.214811638889380342410387891038361      
   299.097660083350908757063617064877958      
   298.976221071992905585569194540584383      
   298.850524736354156429879044414512047      
   298.720607761959688450234648321112300      
   298.586512823989276661204093058750480      
   298.448288003441508170430534124267634      
   298.305986195872667050404953844627960      
   298.159664514273849019233222607986157      
   298.009383659941136806347780556863882      
   297.855207332997868126201227669733482      
   297.697201624508635751872982939203625      
   297.535434436285802332252452040536610      
   297.369974884154847328396535283462499      
   297.200892750991772397004193776448865      
   297.028257918612475016292119286367376      
   296.852139870171354854532622024771970      
   296.672607179187306310710491396501552      
   296.489727024398756480493954841862632      
   296.303564755740561934571294772953060      
   296.114183453553347258406649914260046      
   295.921643501076331604952563487575744      
   295.726002229718981212300037528985041      
   295.527313546290884039791155404361678      
   295.325627597414477629933743748366399      
   295.120990450635117673721196726345077      
   294.913443802681835551882813917067720      
   294.703024682970856167707398942991203      
   294.489765176954137194730743275637619      
   294.273692281417551381566475350344788      
   294.054827555542342403984272059873858      
   293.833186920614467355138993823680059      
   293.608780440332397134836104186207728      
   293.381612332778994807595968205963741      
   293.151680124940933307981370666966045      
   292.918975444831257405612126741592278      
   292.683483017428313987860240637187039      
   292.445180789252650175734867273460351      
   292.204039751585998065706254625634571      
   291.960023519690927691147579019101107      
   291.713088556388101831380108625692985      
   291.463183426512898207737180039692907      
   291.210249020397278098898498067484633      
   290.954217993501343650435424091529606      
   290.695014747716782503049034592663247      
   290.432554959435982410117374341874044      
   290.166745388901117499604541074173877      
   289.897483524094107571347830175561017      
   289.624657248139141043316608158025039      
   289.348144419341727444479866504730422      
   289.067812316726837614179941686767286      
   288.783517680347132967530612120514229      
   288.495105581478607621756254888516057      
   288.202409142176741829855993374455994      
   287.905249005615812808101876766610143      
   287.603432533827294992299713133431312      
   287.296753146416925967413729255086580      
   286.984989492935544719061232172117943      
   286.667904598283902652089646552273530      
   286.345244847729673507015423393736401      
   286.016738993491655082457657181884502      
   285.682096903267604635948146212084372      
   285.341008326404965583870419460013134      
   284.993141566084355048194988740382517      
   284.638141745106710864654824214197725      
   284.275629317856809549736609283468484      
   283.905198060414858665679696269048133      
   283.526413123692769516424554866817686      
   283.138808747136518219541358505892952      
   282.741885837250627801479532975375912      
   282.335109272372353725583625125933647      
   281.917904970100764420593813442469302      
   281.489656707291325233643916648174085      
   281.049702627239231711208988389305220      
   280.597331457490826302029038482936026      
   280.131778425931240574368554082637168      
   279.652220863462748716412245486857027      
   279.157773214378908978560504493424350      
   278.647483009939924054037348335069392      
   278.120324226276921225920273574106271      
   277.575192664093700203758419909723920      
   277.010900164784412479302830510924645      
   276.426169030519751387393069801440776      
   275.819626647767096241578849036154890      
   275.189800563774074239987214260777572      
   274.535114390810653039128737155415029      
   273.853884878344766242888652053075685      
   273.144320880521109933612073403199673      
   272.404524727013208848003141433105684      
   271.632497000720674619951060871444290      
   270.826145563431257788607260450445040      
   269.983299853769059174864604094735965      
   269.101731618322946076226959150202164      
   268.179182850485774212689970732673018      
   267.213401597356511658052582385733245      
   266.202185185411247831034714813304551      
   265.143433078207513261379773799043577      
   264.035200320073932215976171737221142      
   262.875757796013214519727427440394515      
   261.663648294832830385770344313276172      
   260.397735880059742295763008991165665      
   259.077242709821590046690240286186667      
   257.701768523092275510998505956017516      
   256.271289576412493337145998477547112      
   254.786136196687267077745012561251088      
   253.246950704508304345887973825602456      
   251.654630177628215424802261616293337      
   250.010260092249270806314571327063376      
   248.315045318376245151858932487388598      
   246.570245086249132725492119548772906      
   244.777116214007473773139150318834804      
   242.936867989858067104936314844999410      
   241.050630156434337725203559850872080      
   239.119433078594705745760181198079823      
   237.144199628408324555274373492940559      
   235.125746161941059268210796146009144      
   233.064791533904949122789996948340278      
   230.961970843319634316127472030747942      
   228.817853359612359866555276438391623      
   226.632961330745002493077042144741136      
   224.407798454199214747867513138079820      
   222.142861806576074405726868260462117      
   219.838670778472935219285812958653712      
   217.495787368502848144170025354219972      
   215.114837511297187753266870334461070      
   212.696531537625043118234060411713580      
   210.241683548028514727207473299446760      
   207.751229651841182571046635694629350      
   205.226245045812587657500635106054354      
   202.667959485239428210833414294906715      
   200.077770856705454524176949907385668      
   197.457256851522329495642772103241354      
   194.808184405781543694026991052091135      
   192.132516316302832550005032286829495      
   189.432415137012894543071428384986329      
   186.710243627657854901198533965047928      
   183.968561959259680201904514093447886      
   181.210120997190810955159992324438459      
   178.437851903873064506846561755364856      
   175.654851941224443627841881818688375      
   172.864366297312528468431702803225450      
   170.069766541501777557547453767582913      
   167.274525732161893140464876159256196      
   164.482190882688187328689258881241235      
   161.696353070478842659051705475779882      
   158.920616432817436322515959270985130      
   156.158564921918958025211121837237859      
   153.413731852302192991207324820501100      
   150.689567372117289448505471914016583      
   147.989408856476688720510684411290770      
   145.316453073367261975740373440479182      
   142.673731337344069918338252555226586      
   140.064087638559787681527210314868277      
   137.490160508421836649533797659217827      
   134.954368611216119819109625260423101      
   132.458900161624470174725321020144060      
   130.005706245624360506206268054189763      
   127.596497837955148072018730200865481      
   125.232746117047399249418120013244189      
   122.915686004856314696813604673942528      
   120.646322504820687390467142852848429      
   118.425439253354616266736622476150669      
   116.253609170062924508088702905932284      
   114.131206444908266901196329590462001      
   112.058419869854815081164194798785730      
   110.035266748502105814393745634504002      
   108.061607395807296646091287648644766      
   106.137159712145449550723957130938517      
   104.261513538827936633006485930536301      
   102.434145104901202048419761798648240      
   100.654429919981303483387443210261520      
   98.9216568246507494819732948767753143      
   97.2350395893597298628064951887959479      
   95.5937285393968737008162011984828882      
   93.9968213223992079411373350116221521      
   92.4433726481836794028524797137096072      
   90.9324031809604867296311724180216669      
   89.4629078349207098360835669072018044      
   88.0338628828063461281863695073525434      
   86.6442326492951855112591204866564807      
   85.2929751958577847429777293518375397      
   83.9790474953965911541489886483136989      
   82.7014098770353615373979456189847405      
   81.4590299274108853348294262383192449      
   80.2508857976823896832372575749619574      
   79.0759691246678597860790171295040435      
   77.9332873413633113683292324079633582      
   76.8218657910167959008444405786574909      
   75.7407492839981502753454951396916553      
   74.6890034883206924839346043817992201      
   73.6657159379001435177871951459986079      
   72.6699968558788147645359269256284304      
   71.7009797012237229662340808209077706      
   70.7578215816767469872592400744232627      
   69.8397034396790254581936960557974725      
   68.9458301546137529440789383628668769      
   68.0754304715046587788722621086131961      
   67.2277568479537393295848212398353980      
   66.4020852120925764559002833716484831      
   65.5977146347223721012593975155061382      
   64.8139669429919816802219662410580242      
   64.0501862957152933125162037367913718      
   63.3057386898561473184335721878061596      
   62.5800114633813505367280741816671358      
   61.8724127574813448571907140024590898      
   61.1823709541861978830066575879188022      
   60.5093341211777020680928486913290805      
   59.8527694322289290025396172039173085      
   59.2121626484251164091900956301807176      
   58.5870172734760413869449219898995097      
   57.9768544021816229263566227075365841      
   57.3812118381653091817725526663790037      
   56.7996436289518907926127863471498996      
   56.2317195003214987557691358950311010      
   55.6770243123924965934495475384493340      
   55.1351575045074886310365576255420601      
   54.6057326321765652916047486037061684      
   54.0883767889767317130433479082693377      
   53.5827301727727967381916300745109271      
   53.0884455676185544251681829003160139      
   52.6051878914811404210081579112124230      
   52.1326337609771517016255497493515878      
   51.6704710188055802592317964684583338      
   51.2183983673792531875603214261469128      
   50.7761249014989423334867944315208056      
   50.3433697680020286884575838614686170      
   49.9198617536019280710121243377863359      
   49.5053389177522015057698749041466948      
   49.0995482974036457771389541549865037      
   48.7022454766684211779663602883880704      
   48.3131943489665173396180469401778958      
   47.9321667555216241076675545067367034      
   47.5589421784256405132294458652937726      
   47.1933074923827137205212564282534476      
   46.8350566638771285744477449425975588      
   46.4839904498071901730269847262520788      
   46.1399162111063929312389852709067261      
   45.8026476267848061128680143471796640      
   45.4720044189147752267231713527010307      
   45.1478122116748815371547871477054155      
   44.8299022630054697545031333840111725      
