   92.6087792172520498870326289728459773      
   92.6087792172520498870326289728459773      
   92.6087792172520498870311940083557000      
   92.6087792172520497092495686583997166      
   92.6087792172518321876756930621336616      
   92.6087792172258499971587227724452354      
   92.6087792164207289451769863403384459      
   92.6087792058407222511191313127613480      
   92.6087791279337266574570546624233444      
   92.6087787464704364309653814687728452      
   92.6087773589492009973016541042454538      
   92.6087733191839970176781911706961372      
   92.6087634026996246503460950014785350      
   92.6087421028628598984527338348972940      
   92.6087009661475660418630108897904049      
   92.6086280607312331745905317347656772      
   92.6085076377663433870963864508725708      
   92.6083200103161554719080790416857406      
   92.6080416330497824077176958550797578      
   92.6076453568505503018861705468130604      
   92.6071008116022905682500750865520663      
   92.6063748703450749481764282872388087      
   92.6054321498993556826076576725337553      
   92.6042355078040636339884745784633602      
   92.6027465036360604239267498107073747      
   92.6009258014644670250478960837964063      
   92.5987334988220839005037639926402335      
   92.5961293764382379057798854143654778      
   92.5930730707141036325790770859039836      
   92.5895241772580836320296101373514596      
   92.5854422986350249103869163954679567      
   92.5807870531956802298433099310307066      
   92.5755180594551327974628990166792571      
   92.5695949156106417045021324514567121      
   92.5629771866729903131207448667610508      
   92.5556244119612977921617511697906081      
   92.5474961410982646230638810409904898      
   92.5385520046415512280504775586167182      
   92.5287518176607848788680949016229198      
   92.5180557247350793964283405411114926      
   92.5064243680363180168880092699699275      
   92.4938190865801463381853531558913863      
   92.4802021341780986075627741895223559      
   92.4655369102058274797710880337730756      
   92.4497881958892702902098624854064598      
   92.4329223884871310733741772071698631      
   92.4149077279166517545102820709388973      
   92.3957145065071486112615020775134265      
   92.3753152678432567104254648556257014      
   92.3536849714493681459491601912991718      
   92.3308011383777619146028499194584740      
   92.3066439668121400098960565267326914      
   92.2811964182904389500644049106716924      
   92.2544442745555718649626881689344311      
   92.2263761591975938847290183335001325      
   92.1969835471049133602005834352927357      
   92.1662607226289663189509649817999356      
   92.1342047302135146608591965779668587      
   92.1008152937891922959129542791041607      
   92.0660947163172099782494107707902745      
   92.0300477610144736915417432184032527      
   91.9926815138296804205336514535991615      
   91.9540052319946004345081682139889432      
   91.9140301873532725499024643746650076      
   91.8727694925330052406402402003822005      
   91.8302379211062958761300257211148829      
   91.7864517254620553501708721110652792      
   91.7414284528664645507804047656476971      
   91.6951867516717979609333901255967108      
   91.6477461897186518682833980739337113      
   91.5991270670689819898033005184633862      
   91.5493502372594287086734962242345812      
   91.4984369234560083526183172732304659      
   91.4464085499214155144252392939969359      
   91.3932865669716723249997518128749618      
   91.3390922976215871372044741965305745      
   91.2838467801130155710057615672328079      
   91.2275706183881579220519360336559033      
   91.1702838482722093488361419658747483      
   91.1120058016028518810692181811833057      
   91.0527549743959102173268939668059022      
   90.9925489174311792201864615887122539      
   90.9314041212648914473953092370409785      
   90.8693359126741790447810761734974425      
   90.8063583562337797174338624313423180      
   90.7424841642236277652871264167728778      
   90.6777246051182356672230037341771094      
   90.6120894179722546230881728108846793      
   90.5455867668865378707283040308318801      
   90.4782231363568574944184490473177247      
   90.4100032646583703329656445586306370      
   90.3409300803251965386006015402909832      
   90.2710046990263665550670658111286043      
   90.2002261706173747160618029081182728      
   90.1285917177922578687860438410213852      
   90.0560964279980758349882594368793471      
   89.9827332903417552681970465626949571      
   89.9084931412393370696727915139736133      
   89.8333645342827102377550829430626326      
   89.7573338080477142477402722090180331      
   89.6803848558291738659026129463369389      
   89.6024991946116323596744581130074954      
   89.5236557908258269903276024386153481      
   89.4438310537573297350473137342216149      
   89.3629986899177760142261330653647467      
   89.2811296428449868466189676199619224      
   89.1981919828769242523840286994643934      
   89.1141508031169569681685453842760440      
   89.0289680552109793687447168463533654      
   88.9426025471854802847236947548366596      
   88.8550096162436297601597460202497092      
   88.7661411159161525852142256855731119      
   88.6759451609270579830937839073428656      
   88.5843659955937700429663765532211358      
   88.4913437449318885474885526054144830      
   88.3968142093884767296898849362580925      
   88.3007086077142194402181274407703620      
   88.2029533118167377393733169801783544      
   88.1034695317599257628072204018005507      
   88.0021730073387321053411323725019773      
   87.8989736210391730126931891109675603      
   87.7937750132236177236775725789977677      
   87.6864741706949508734314312628791091      
   87.5769608937847754379649358932228276      
   87.4651173284101665060898873040326014      
   87.3508173477009781963288342847502762      
   87.2339259478330437840039862056951079      
   87.1142985403249959122421709537034622      
   86.9917802025646065777932645047668204      
   86.8662048444216091808893246847134370      
   86.7373943010153626501057625455242984      
   86.6051573503896936152629659452587114      
   86.4692886345701730438420840252965772      
   86.3295674923745654676738338744531455      
   86.1857566999562438094179394200309672      
   86.0376011171526287119152292676342486      
   85.8848261459533308126283738945862743      
   85.7271365098890700892297484566645326      
   85.5642141948942411704793477614890054      
   85.3957170487580363079071537143135385      
   85.2212770122789809763036467240635707      
   85.0404984226133731771093948872018734      
   84.8529563874598301085360044214499941      
   84.6581953048997674135864897104153127      
   84.4557276619032128606998197086711096      
   84.2450331885109819914589131563699645      
   84.0255586233921315525358231900387155      
   83.7967182447788191517349946837280110      
   83.5578954419871712969457294830603198      
   83.3084456413180972562413656853101224      
   83.0477008633651316460661091432399452      
   82.7749762442004591319423153521178277      
   82.4895788092516352581201577115908411      
   82.1908186214327391064989911251326112      
   81.8780221795174528869437205838930954      
   81.5505487324490729479358065385459937      
   81.2078066431235844440153830437054749      
   80.8492717698120120266729452087112646      
   80.4745044234929776983835338354074425      
   80.0831641450723507150576632450959291      
   79.6750205412099296745781292717985026      
   79.2499587450356061287648914146202847      
   78.8079786055419346066645188537357897      
   78.3491873562192985857298851651335076      
   77.8737864351294835474041717233560641      
   77.3820538159573749809117879759797643      
   76.8743236801935458413150038871254119      
   76.3509654542606815983517046012411954      
   75.8123641408026357365878916239835280      
   75.2589032310208003263095328604726940      
   74.6909512807721464221133934019057420      
   74.1088522858600715639923127340167924      
   73.5129199830588229338116393225393656      
   72.9034354922053571367051935323570063      
   72.2806478495951273466891640540351331      
   71.6447767281893049671675925270618664      
   70.9960169257262587106249488782492272      
   70.3345431878116685969126016057396774      
   69.6605189094716820823378779092276730      
   68.9740991624321661645762875487513669      
   68.2754400578377426202691322827767252      
   67.5647047750347622391826132938572444      
   66.8420703689894512293882239459680155      
   66.1077342869734762363394649502429892      
   65.3619206366492514407195236623361997      
   64.6048861136185642276141255553157748      
   63.8369255979711696951465171232238235      
   63.0583773331150040196613289573038510      
   62.2696276340702028486786145637651028      
   61.4711150406806610392160778911973232      
   60.6633337407902611233987900891736013      
   59.8468364655786770083123661002381572      
   59.0222363754976694601582600903626154      
   58.1902081262931029415823003417295537      
   57.3514879066448598317047303537846799      
   56.5068723923276114439542154155416947      
   55.6572165413213820602062335730525418      
   54.8034302331794994952424717977361758      
   53.9464737317648770478793282148414264      
   53.0873519496841822225027268055234444      
   52.2271076582473258135120107007721504      
   51.3668137323769162217563431757979259      
   50.5075645264827580473840560087204587      
   49.6504666430308783127893934052626047      
   48.7966293195523902092723508481803771      
   47.9471541860645934097037688570324703      
   47.1031259286309225582866247117343372      
   46.2656023070604645023520734104006276      
   45.4356051254825038415721292916078603      
   44.6141117995916564146927559444558769      
   43.8020478167876361358710000438540138      
   43.0002801574069470137777928491352769      
   42.2096118840599032810960872778715495      
   41.4307778520986989195886676930948976      
   40.6644416325094617287858798725168173      
   39.9111936317907589031015312417185483      
   39.1715502776782226629015226310552057      
   38.4459543113296148341565761273586558      
   37.7347759627994491645743427882071524      
   37.0383150263811629562115219883619300      
   36.3568035891849035790973192069362941      
   35.6904093516328269756143052317037768      
   35.0392394032636906033482483762924251      
   34.4033443614117730566750243293253804      
   33.7827226468548867531790561812086802      
   33.1773249964419536542166402500079504      
   32.5870589319270416213401320010689006      
   32.0117931512535128637519947258145731      
   31.4513619872275689447887189244971188      
   30.9055693215762062522760249675809083      
   30.3741929096236285417042549314503428      
   29.8569878919359987129383664727412095      
   29.3536903498936990664718249884886949      
   28.8640205837749921076430144811335516      
   28.3876860602129816303263494078653432      
   27.9243841482441349477984611368167530      
   27.4738045834190532088390168675776556      
   27.0356316808523646682096098795905767      
   26.6095463161322836419356332330683939      
   26.1952276728595977773353225138959123      
   25.7923547986457521739519710180824064      
   25.4006079427644664500933629390785635      
   25.0196697393598079175536461519884489      
   24.6492262073587363201427213473932012      
   24.2889676195108266693851445484155267      
   23.9385892022689028425975372859210167      
   23.5977917700897212356837651744743756      
   23.2662821904541370387369877108671113      
   22.9437737976843353504063982442452029      
   22.6299866953483393524548715401879944      
   22.3246479938727299628780110041603499      
   22.0274919794660341255794856201797498      
   21.7382602230129713196744472980408931      
   21.4567016426319121329035596078579941      
   21.1825725160870024656978620615813391      
   20.9156364674715268256486407182209309      
   20.6556644067271781825191522511060701      
   20.4024344557900923746063487860980640      
   20.1557318449123918545870908713074202      
   19.9153487900674738986201513904762086      
   19.6810843593416086815361908593141551      
   19.4527443242555039940705433583935681      
   19.2301409994482446226867416232442088      
   19.0130930817240228112364660016784164      
   18.8014254718014854910763947997299905      
   18.5949691063825137967064380849563685      
   18.3935607776755341802537912488226133      
   18.1970429750721650268796187834814345      
   18.0052636222637657076979265891920758      
   17.8180760370044172786331882558780167      
   17.6353386517290100241925965548522199      
   17.4569148785398788224112280924920703      
   17.2826729252053176525153910156576293      
   17.1124856440875221953086847153996068      
   16.9462303467493420333079989294749806      
   16.7837886706255627632836154746018034      
   16.6250463951392464760892092603358468      
   16.4698933175357836418803144378123235      
   16.3182230846947276686566697839132214      
   16.1699330629381895418417513225508487      
   16.0249241977567221901630234781582329      
   15.8831008716906181149991327547646057      
   15.7443707959818992400398970144062631      
   15.6086448579627526275480079738590163      
   15.4758370305150796603833840898174772      
   15.3458642269042993760119570739456869      
   15.2186462136721352935034499313632606      
   15.0941054935452693418229366824155128      
   14.9721671917658578468593835536580539      
   14.8527589782136865547965833412953853      
   14.7358109531199126648558791826465476      
   14.6212555582451032853821335186143214      
   14.5090274994109692168595897034463379      
   14.3990636514327319300587219394761222      
   14.2913029695753166479836346358432819      
   14.1856864324701341014091584143523727      
   14.0821569497080383202772453039519056      
   13.9806592843429573175083687548025543      
   13.8811400084985046165148715769458559      
   13.7835474120380787095641403326921496      
