   92.6087792172520498870326289728459773      
   92.6087792172520498870326289728459773      
   92.6087792172520498870311940083557000      
   92.6087792172520497092495686583997166      
   92.6087792172518321876756930621336493      
   92.6087792172258499971587227724452477      
   92.6087792164207289451769863403611873      
   92.6087792058407222511191313169829001      
   92.6087791279337266574570549073479538      
   92.6087787464704364309653877592414208      
   92.6087773589492009973017434065063362      
   92.6087733191839970176790038970600344      
   92.6087634026996246503513497457604625      
   92.6087421028628598984787110786271336      
   92.6087009661475660419666405700044524      
   92.6086280607312331749378952502284452      
   92.6085076377663433881054238590651151      
   92.6083200103161554745099147879045333      
   92.6080416330497824137877761659217973      
   92.6076453568505503149062241741769316      
   92.6071008116022905943319933208443533      
   92.6063748703450749522154552734440649      
   92.6054321498993557118215044956283303      
   92.6042355078040637743203425073842054      
   92.6027465036360610181914846093928595      
   92.6009258014644692762052931814022235      
   92.5987334988220916244109412109323271      
   92.5961293764382621664727972775047312      
   92.5930730707141740361865344076296113      
   92.5895241772582739022423410655418095      
   92.5854422986355071283613475170895033      
   92.5807870531968332827200718354577418      
   92.5755180594577480017656053723045881      
   92.5695949156162944261221798062147861      
   92.5629771866846830613618671795169638      
   92.5556244119845301247355736373706492      
   92.5474961411427505094676291186542554      
   92.5385520047238871533530833424682037      
   92.5287518178084733415193293373596258      
   92.5180557249924331476642336947774905      
   92.5064243684729102730332334297429030      
   92.4938190873026304554709102533666880      
   92.4802021353463952979134145952286191      
   92.4655369120548661031210322641478096      
   92.4497881987576697934598174131402510      
   92.4329223928544119051270754254848576      
   92.4149077344507778280530091146683411      
   92.3957145161244056491953971459533961      
   92.3753152817826707098067871690893693      
   92.3536849913640575817744839817830151      
   92.3308011664457891909190921782621323      
   92.3066440058695808421442976960262985      
   92.2811964719895187949790376044537856      
   92.2544443475508232896827551064699755      
   92.2263762575055829836534603852073702      
   92.1969836779644138361419313167848946      
   92.1662608951519266438064694613801422      
   92.1342049556014418874048468286134621      
   92.1008155857055265976359083146731918      
   92.0660950913060466430588969705438815      
   92.0300482389685170130620527741644688      
   91.9926821185101681601759917729853045      
   91.9540059916058733951393098225534705      
   91.9140311351745485040933760298138747      
   91.8727706676094900088045353283688042      
   91.8302393690020427571129472741472606      
   91.7864534990764465967413349436868542      
   91.7414306133164215421949703383532999      
   91.6951893692408723292232294379666357      
   91.6477493448752665122507405123564799      
   91.5991308515554133651730332778535352      
   91.5493547552516538885275707975440599      
   91.4984422927972666939235252294564397      
   91.4464149034300523576494161907389758      
   91.3932940538243752290270125247360216      
   91.3391010848140079407267285019264466      
   91.2838570539985671065528005762169448      
   91.2275825862957178720784138436887840      
   91.1702977402092067166929503292334345      
   91.1120218720344575269602768270266750      
   91.0527735041165278532880796599917563      
   90.9925702155197443992362388553618583      
   90.9314285271309593324247938788577796      
   90.8693637981975990819394571314436822      
   90.8063901279996506086709022360746276      
   90.7425202658598584464368218995287786      
   90.6777655197212546629832968442308034      
   90.6121356706873870672927463380253633      
   90.5456389283861666241345869199226719      
   90.4782818222490454520248239410275518      
   90.4100691434480755761590446273771960      
   90.3410038730939049426002583330379165      
   90.2710871834103049115060300198798707      
   90.2003181842532795791751922170574474      
   90.1286941617333660035269449051027822      
   90.0562102702480788722371526981764457      
   89.9828595698389068308416551991292778      
   89.9086329718255121851327230098529185      
   89.8335191088809936073749406385575693      
   89.7575044031497877424829528314663309      
   89.6805728362576600134844246208680018      
   89.6027060182122780096507281789021243      
   89.5238830137380656167428130281138759      
   89.4440803359465840802036170860223246      
   89.3632718008396432314548335434639280      
   89.2814284675938689621655554946265620      
   89.1985185285398260242849237262217582      
   89.1145072056615646996355448872546182      
   89.0293565868833729933819534169499678      
   88.9430256234318108443175993965289727      
   88.8554698044346523782136404978502559      
   88.7666411437917534238257199442007433      
   88.6764879256347169636860104740779246      
   88.5849545733628769225521095911716167      
   88.4919814013907241361998266635047052      
   88.3975044104461586533628104353873151      
   88.3014550312199084659802985525507724      
   88.2037598599085172619730218358529571      
   88.1043403440626451262191411004556637      
   88.0031124750293168542757062961233186      
   87.8999864015225478419917496325688840      
   87.7948660464837914655612631885290586      
   87.6876486963950508539465301322507497      
   87.5782244684158923274692519031948147      
   87.4664758453606504332007801279602300      
   87.3522770574227258434557293903263163      
   87.2354934795879519494705150593102734      
   87.1159809252817830633520872039089036      
   86.9935848982550743403440731930222244      
   86.8681397604779388099492677770673678      
   86.7394678264456228007486589291342325      
   86.6073783820579603141029112431905965      
   86.4716666069939302775626311605418572      
   86.3321124085895502735771980920514747      
   86.1884791632749195013376739632213581      
   86.0405123631351038008441969830641863      
   85.8879380760072382056619069764309904      
   85.7304617197811199991275595190327253      
   85.5677660073540351809286685334458016      
   85.3995095397598727766618070640410987      
   85.2253250338047839011850051860556293      
   85.0448176189800572651196489365573099      
   84.8575632021574906960638624208701874      
   84.6631069787135785554170575385969842      
   84.4609622080883761538787200709131765      
   84.2506093540527188204465392492330077      
   84.0314958234223956431999003610247012      
   83.8030364635075888995062805070784091      
   83.5646150974291797447070097445110827      
   83.3155874093636872360578137836933759      
   83.0552854447193397426180268741546102      
   82.7830240973873101658921703011148730      
   82.4981098174994130983691744211605524      
   82.1998517255711114278683460649003884      
   81.8875749781613523627524466762842744      
   81.5606370679510437937556451078012783      
   81.2184442135272135420639776371955579      
   80.8604697924562862809627520650656450      
   80.4862713905748690574490982475923821      
   80.0955057101924307439229422953010501      
   79.6879395604730488381346093118933687      
   79.2634554848926248812091524078943703      
   78.8220511039927062584661835736355916      
   78.3638319118188867761802760879252391      
   77.8889981669031959066500522394002888      
   77.3978272472718018006799821890553797      
   76.8906532847036219135071276183623901      
   76.3678461223504700178332507781714730      
   75.8297915357663291513493198012248457      
   75.2768740243139733953953255743971820      
   74.7094632439738578493032056397248418      
   74.1279043368069190015140948267335140      
   73.5325120514115978094405164967856345      
   72.9235683913008886468373154956794156      
   72.3013230696523975101256667122266127      
   71.6659962131186606016440942771271214      
   71.0177828091560183963114890576543567      
   70.3568575328178284988216970944502513      
   69.6833834651936064940901597309947717      
   68.9975151175166829141170233449136801      
   68.2994077541404050708434812282498835      
   67.5892234952656851524163395872669016      
   66.8671380873184553786782897617758451      
   66.1333474454639419741940505010863423      
   65.3880739247615513994430677052532055      
   64.6315722631685374217898191159444023      
   63.8641351815835236510281558690755349      
   63.0860985862243448533957161043317394      
   62.2978462884944138208552398529899622      
   61.4998141915481623998741567964217833      
   60.6924937154941779560936858153781867      
   59.8764347467529887320410503667342944      
   59.0522475463356685279567643083584084      
   58.2206038595154788796732674343501979      
   57.3822369957815510893883755111797749      
   56.5379408235507811061489691772600938      
   55.6885676293950481041193416400304751      
   54.8350247889600733467368688951340098      
   53.9782702987158274979406086653179320      
   53.1193070732462596526280706236253973      
   52.2591762196218645605589068310986430      
   51.3989492921498278487174454353426867      
   50.5397197326146649903593568427901352      
   49.6825936434133742169304279686531713      
   48.8286801935618723106338995853493006      
   47.9790813969898864008663463606153607      
   47.1348827309985527605971942977306859      
   46.2971431769762416179695931211350387      
   45.4668861584796255428931349573731208      
   44.6450910532389633032254229877641150      
   43.8326856318439259709964623032217143      
   43.0305394305747587768183001292893631      
   42.2394582837737159970874028385086030      
   41.4601799883100440647519221692143369      
   40.6933711847051551681170905554644359      
   39.9396253935468582102646033363364458      
   39.1994621932892530685090354866096319      
   38.4733274443686696025506289496070434      
   37.7615944356513605663349732887611967      
   37.0645659192848135279861976027132237      
   36.3824768207828418010462299821197809      
   35.7154975234317668061916522446784943      
   35.0637376379007770057039818399256422      
   34.4272501252425674329876773633021256      
   33.8060355622903758701903597323958201      
   33.2000466534506521352595048772929878      
   32.6091926949558433616957739287986917      
   32.0333439794421180177243531201269302      
   31.4723362467751413328486441989218620      
   30.9259746202847961065530200576640752      
   30.3940379213986607757784780589329075      
   29.8762822094365787820129828358105450      
   29.3724443390375333677255535543544937      
   28.8822452499115976718479907581965761      
   28.4053929277815705913876063975717104      
   27.9415851433996954183895002976479108      
   27.4905119549040772617152846117913971      
   27.0518578766711467925253797222667678      
   26.6253039315915677601082486737129751      
   26.2105293681097807875207525773353598      
   25.8072132362067499567876093873613729      
   25.4150357383525344814572708771434721      
   25.0336794117471821626914805360892162      
   24.6628301374335440832299493969045267      
   24.3021780173696485546220583919389878      
   23.9514180785088035366422565148012678      
   23.6102509116420666664569695741513434      
   23.2783831406104588587091125350582935      
   22.9555278419527273076325504237990221      
   22.6414048462483825859254626004386176      
   22.3357409859411001439298294124552624      
   22.0382702595667778609235036490024594      
   21.7487339475635929602299444395402468      
   21.4668806745540631553576559111026053      
   21.1924664258706786307492895645462948      
   20.9252545320838127163741151117891532      
   20.6650156134901719766763777624003352      
   20.4115275057130176963638272721630147      
   20.1645751554484331339202703188794116      
   19.9239505015417908749243210091924112      
   19.6894523399567812379236304082527515      
   19.4608861759831990865604474796830823      
   19.2380640650248828142372028849078193      
   19.0208044503032791225986609357502020      
   18.8089319869916220544073521865695729      
   18.6022773729027610435306702108592084      
   18.4006771681224934309809535634794425      
   18.2039736369873972608890383842982553      
   18.0120144871230554823083472589630528      
   17.8246528235957215614886458028028331      
   17.6417468776614229615260508014506339      
   17.4631598634093410629682494770978774      
   17.2887597998040974881249355257390861      
   17.1184193558997374959863452032350483      
   16.9520156669344726260082633584208505      
   16.7894302001431309599965401000730777      
   16.6305485712791990613655619602579323      
   16.4752604195363541551833676496965006      
   16.3234592402417032002312977180417101      
   16.1750422528427579955218384055851780      
   16.0299102622738519825929863473599396      
   15.8879675157660767579971111739703823      
   15.7491215938437362838107304241777931      
   15.6132832585315930187045786284648661      
   15.4803663606778793458553359442603332      
   15.3502877030604101208596196910330233      
   15.2229669317577603265019057033379336      
   15.0983264483135141405171548222031890      
   14.9762912730611535959454838411478688      
   14.8567889765386159703830427886527015      
   14.7397495634550308198713895143726135      
   14.6251053837645017493528774363889181      
   14.5127910545460500303346336931143813      
   14.4027433659734132708464456098387402      
   14.2949011916181315070559061952488105      
   14.1892054308769217245486475946627611      
   14.0855989184313762208524989860460429      
   13.9840263447881651464526965483551360      
   13.8844342092542275252114912463842702      
   13.7867707374927328785490988540697391      
