 0.42941814937961E-09
 0.42941814937824E-09
 0.42941815161374E-09
 0.42946900570118E-09
 0.37661990932634E-09
 0.45339284703880E-09
 0.11915457456722E-08
 0.84994280784571E-08
 0.44652247700423E-07
 0.17326590261401E-06
 0.51998841670837E-06
 0.12848109207187E-05
 0.27372444727796E-05
 0.44788945028527E-05
 0.10348714813865E-04
 0.13361450175476E-04
 0.20439159637162E-04
 0.32351395306977E-04
 0.43807392507150E-04
 0.57837543620422E-04
 0.74276212726095E-04
 0.93581879910489E-04
 0.11480315154609E-03
 0.13833925976707E-03
 0.16387018112922E-03
 0.19121876317144E-03
 0.21950989890260E-03
 0.25181597383078E-03
 0.28180693824684E-03
 0.31215825547272E-03
 0.34668007744846E-03
 0.38174914881349E-03
 0.41682015923991E-03
 0.44589518074308E-03
 0.48216468472027E-03
 0.51382410047843E-03
 0.53938888297387E-03
 0.56720533583167E-03
 0.60635308852522E-03
 0.64704321048898E-03
 0.67040672244294E-03
 0.69282997676410E-03
 0.73036424049697E-03
 0.75498505910459E-03
 0.77291940329148E-03
 0.79055669933517E-03
 0.81898837816111E-03
 0.85020767102313E-03
 0.88369026581217E-03
 0.91662396118232E-03
 0.93918514130969E-03
 0.95680405013770E-03
 0.97478932058429E-03
 0.99404810195884E-03
 0.10147112036810E-02
 0.10455120362461E-02
 0.10854929311690E-02
 0.11171504496690E-02
 0.11412790925676E-02
 0.11627955738231E-02
 0.11916759319448E-02
 0.12219816540179E-02
 0.12523872691787E-02
 0.12911958606551E-02
 0.13283211529197E-02
 0.13579758689998E-02
 0.13862112468463E-02
 0.14162091425430E-02
 0.14510109225236E-02
 0.14928121888199E-02
 0.15391099728711E-02
 0.15857270752348E-02
 0.16334904684283E-02
 0.16722138093102E-02
 0.17018811211185E-02
 0.17489585871853E-02
 0.17666045392389E-02
 0.17747035835039E-02
 0.18828741813741E-02
 0.18963581369590E-02
 0.19815250471951E-02
 0.20183969139933E-02
 0.20455106602625E-02
 0.21019674892436E-02
 0.21371761024517E-02
 0.21917923611452E-02
 0.21977432603204E-02
 0.22201918187711E-02
 0.23199478211286E-02
 0.23752349901062E-02
 0.24530946607155E-02
 0.24688690907644E-02
 0.24648301522820E-02
 0.24681903761505E-02
 0.25937049154199E-02
 0.26372056860255E-02
 0.27396387694339E-02
 0.27776921025401E-02
 0.28177263587634E-02
 0.28012673999812E-02
 0.28040607529178E-02
 0.27847888894208E-02
 0.29280941411553E-02
 0.30034453178202E-02
 0.30424434631751E-02
 0.30783969022199E-02
 0.30982535322238E-02
 0.31574960923689E-02
 0.31911349516558E-02
 0.32285916920493E-02
 0.33065375783439E-02
 0.32948913638470E-02
 0.33637314825827E-02
 0.33857956752894E-02
 0.34297741010786E-02
 0.34609060778857E-02
 0.35193925561147E-02
 0.35491264363440E-02
 0.35701126419029E-02
 0.36409668828956E-02
 0.36684709654763E-02
 0.37023564626418E-02
 0.37533120088525E-02
 0.37680338124950E-02
 0.38094715316911E-02
 0.38398970323159E-02
 0.38604258850589E-02
 0.39041964738016E-02
 0.39533454375734E-02
 0.40026132256724E-02
 0.40365380905108E-02
 0.40660629225730E-02
 0.41318704388906E-02
 0.41984346704626E-02
 0.42232557705573E-02
 0.42699936606273E-02
 0.43241683651291E-02
 0.43936301344558E-02
 0.44513942292851E-02
 0.45259236707504E-02
 0.45892078842469E-02
 0.46321831052798E-02
 0.47101557160127E-02
 0.48098259611429E-02
 0.49137924906007E-02
 0.50473003109826E-02
 0.52132652593988E-02
 0.53435238150865E-02
 0.53439254647606E-02
 0.54146165840154E-02
 0.54883333880946E-02
 0.56561730910348E-02
 0.57880424996731E-02
 0.58830011989405E-02
 0.59582701059990E-02
 0.61364560956768E-02
 0.62553376891152E-02
 0.63441478789418E-02
 0.65222178560189E-02
 0.66836240583231E-02
 0.67799435378002E-02
 0.69732474557740E-02
 0.71500483168340E-02
 0.71132938959809E-02
 0.71359159421217E-02
 0.73127301400142E-02
 0.73744342397156E-02
 0.74906530876481E-02
 0.75737169895304E-02
 0.76814537637510E-02
 0.76905669489707E-02
 0.77712670534152E-02
 0.78020078806612E-02
 0.78194954743725E-02
 0.78334007637470E-02
 0.78198308186897E-02
 0.77905192181663E-02
 0.77587798534650E-02
 0.76873378214046E-02
 0.76194936001683E-02
 0.75139720807075E-02
 0.74077226116699E-02
 0.72361381140800E-02
 0.71312496297852E-02
 0.68902813543285E-02
 0.67540825970858E-02
 0.66176548750857E-02
 0.64492709287911E-02
 0.63918699677366E-02
 0.62365593770090E-02
 0.60170193552684E-02
 0.58559422892874E-02
 0.56080161459089E-02
 0.54349511864374E-02
 0.52492579092743E-02
 0.51522879452744E-02
 0.50581552400403E-02
 0.49935267539144E-02
 0.49708357077472E-02
 0.49020240558546E-02
 0.48514596136195E-02
 0.48333351523259E-02
 0.48098688176175E-02
 0.48422305520414E-02
 0.48072386881920E-02
 0.48043572898617E-02
 0.48366954732659E-02
 0.48631059878966E-02
 0.48388747003461E-02
 0.48994341673370E-02
 0.49437694173272E-02
 0.49432987172701E-02
 0.50307695471970E-02
 0.50769241331139E-02
 0.51330142769623E-02
 0.51752276978987E-02
 0.52151732216792E-02
 0.52177423204782E-02
 0.52891919740421E-02
 0.53499015453699E-02
 0.53347478212818E-02
 0.54398659942743E-02
 0.54352181671519E-02
 0.55050164303046E-02
 0.55411687716443E-02
 0.55499462823789E-02
 0.55999456800284E-02
 0.56099168355970E-02
 0.56534314058775E-02
 0.56717604451361E-02
 0.57194865653611E-02
 0.57282418759044E-02
 0.57916159479133E-02
 0.57972744089680E-02
 0.58420398967599E-02
 0.58708906036633E-02
 0.58591783940832E-02
 0.59362366801010E-02
 0.59075035433747E-02
 0.59956820327020E-02
 0.59533211975308E-02
 0.60434208518749E-02
 0.61073328578024E-02
 0.61673487573779E-02
 0.62083946270052E-02
 0.62000748232332E-02
 0.63031720102225E-02
 0.62962924893884E-02
 0.63527633440092E-02
 0.64383848511884E-02
 0.64809920830852E-02
 0.65900181178210E-02
 0.66298151204147E-02
 0.65615732851747E-02
 0.65591116791048E-02
 0.65676441126488E-02
 0.65609047887270E-02
 0.65650836205900E-02
 0.65591405808490E-02
 0.65698481605351E-02
 0.65703294893345E-02
 0.65286217135874E-02
 0.65388111646320E-02
 0.65342257586434E-02
 0.65259206472652E-02
 0.64674309644934E-02
 0.65217444149549E-02
 0.64926444068883E-02
 0.64818611062189E-02
 0.64924615744876E-02
 0.63959389297379E-02
 0.64390003901251E-02
 0.64035530963362E-02
 0.63445619193987E-02
 0.63803046225654E-02
 0.63842201182160E-02
 0.62946200505606E-02
 0.62478144032072E-02
 0.62938559429878E-02
 0.62816281820482E-02
 0.62692304308236E-02
 0.62363689227886E-02
 0.62396687628586E-02
 0.62191507787731E-02
 0.61080421800931E-02
 0.61782344412299E-02
 0.61564894663792E-02
 0.60443880032011E-02
 0.60684060802603E-02
 0.61052773326819E-02
 0.61069212473119E-02
 0.60477775521779E-02
 0.59563150336532E-02
 0.59937704071656E-02
 0.60451552685141E-02
 0.59835147180972E-02
 0.59291783453936E-02
 0.58587176033462E-02
 0.58923946015722E-02
 0.59106496718861E-02
