   6.46114229236431383104529813515576879      
   6.46114229236431383104529816081295975      
   6.46114229236431383104529817226036609      
   6.46114229236431383103206506856877309      
   6.46114229236431381055519544997338260      
   6.46114229236431083984706774068563506      
   6.46114229236420195234286392963631503      
   6.46114229236254095905252372942004490      
   6.46114229234854779997729692784349328      
   6.46114229227107931182928365286144193      
   6.46114229195560062329864172553069191      
   6.46114229093578403339083762805930434      
   6.46114228817612974621203109300674521      
   6.46114228168203900467417259673400171      
   6.46114226801502506179150476979190306      
   6.46114224174589671981700324894588976      
   6.46114219488510186342164460740619565      
   6.46114211632814968485234649253851157      
   6.46114199134822822418806003378355824      
   6.46114180116068017451128576863274075      
   6.46114152257783035364811355216729044      
   6.46114112777420881462995745779738835      
   6.46114058413946248607866226188895195      
   6.46113985430217133840108894740994343      
   6.46113889623968817190367061695852258      
   6.46113766353602597041477490765679759      
   6.46113610575858589956381990082508495      
   6.46113416894283168885035332911660878      
   6.46113179616102113742540966253068169      
   6.46112892814419613692518046978668897      
   6.46112550391998676241955034834722780      
   6.46112146142630566912591027254196708      
   6.46111673806088299965015597068488708      
   6.46111127113011668606799172640129660      
   6.46110499816606965332123910387741862      
   6.46109785708863761068429695820475050      
   6.46108978619775075181054242936971406      
   6.46108072398995428840507095743017800      
   6.46107060880118450554133762291493894      
   6.46105937828544357168615857418801311      
   6.46104696874409933429737940722404291      
   6.46103331432567769036772511979958300      
   6.46101834611777283828826101589576248      
   6.46100199115487150793808066443847896      
   6.46098417136516556188909422533112426      
   6.46096480247892820039761117404199060      
   6.46094379291879514543941688840746800      
   6.46092104269021404429978845980533178      
   6.46089644228727418293572546238662441      
   6.46086987162935722296074136346451952      
   6.46084119902154028385607209710605946      
   6.46081028018483102987600999193508509      
   6.46077695730995246354414606082099346      
   6.46074105817243326359792336402146777      
   6.46070239529480206171942028622314698      
   6.46066076515556661480132547865718055      
   6.46061594744136239627703573034595888      
   6.46056770433703628048996564234556806      
   6.46051577984784253840317794027376065      
   6.46045989914664248079144381332970525      
   6.46039976793911178128296682555707011      
   6.46033507185911153708557837255915199      
   6.46026547577232490963666743336834834      
   6.46019062325043564764913259196235239      
   6.46011013586503056342567216397212277      
   6.46002361253836761645027951123374916      
   6.45993062884951807755171922688296306      
   6.45983073630289199962308577922849148      
   6.45972346155194594941602433320879830      
   6.45960830557042079687404911356697280      
   6.45948474276418500421946074099325998      
   6.45935222001660942037989316554725879      
   6.45921015566075857162087318892104435      
   6.45905793837162674802400388034058111      
   6.45889492597212383189812306553689129      
   6.45872044414633147498278050112128648      
   6.45853378505371305748746138583593482      
   6.45833420583812342609260671664997346      
   6.45812092702537260470036067718211747      
   6.45789313080316253016591085928724695      
   6.45764995917715534123842008070916301      
   6.45739051199815377768227899048520129      
   6.45711384485236403167805930835546057      
   6.45681896688362490268955098514625279      
   6.45650483811291778366800671271340738      
   6.45617036727421187485239411240666487      
   6.45581440884923720348368955695864040      
   6.45543576023814986073107241505546676      
   6.45503315869567244948694508775023966      
   6.45460527808460602725408630297051194      
   6.45415072543861697018866240016647850      
   6.45366803732706445957105588809661258      
   6.45315567601531102070030340801975853      
   6.45261202541005202509857476116259518      
   6.45203538678433824179565139623988417      
   6.45142397427395842475320805090920463      
   6.45077591013493486259713048237873459      
   6.45008921975495278170242358158311283      
   6.44936182641278804092367864709223988      
   6.44859154577244876343734991068880066      
   6.44777608010942650198071295315552152      
   6.44691301243413858230739425300833906      
   6.44599979949286467227964038703262275      
   6.44503376606955017227239339019045918      
   6.44401209746914718895362522413904609      
   6.44293183242554409022420978926664252      
   6.44178985556263185651401903228297088      
   6.44058288954888651658969868363219873      
   6.43930748694329428993666486484704962      
   6.43796002173948647391073356443198330      
   6.43653668061358547405875341377159927      
   6.43503345388766763409415497616860788      
   6.43344612622847226977467519661534026      
   6.43177026710381496008781063805877706      
   6.43000122102868234060080184027877589      
   6.42813409764449233999381621524611149      
   6.42616376168355338881104785481615787      
   6.42408482319924447170731445967980656      
   6.42189162631412229001671970110766332      
   6.41957824099889176150362002174832207      
   6.41713845230454708673679654857821893      
   6.41456575131274288361970421684420961      
   6.41185332636146814337036002025290007      
   6.40899405498030690775952751631283370      
   6.40598049672883283232241927059710918      
   6.40280488717142594201432574436019818      
   6.39945913320192302430373104373534408      
   6.39593480998807942591458713778489960      
   6.39222315978516558721581111997310827      
   6.38831509288011175642943757308854821      
   6.38420119092300627891870513822974611      
   6.37987171288241121371424364828277940      
   6.37531660383970796478733334666518809      
   6.37052550749103326008209461653530056      
   6.36548777835558407375114771747343865      
   6.36019250399579926320615741988853999      
   6.35462852369180716723654635859948535      
   6.34878445357625124192046040274149590      
   6.34264871401379394645375305773166409      
   6.33620955961986837393403139538693760      
   6.32945511149393678565434053117689707      
   6.32237339116416290401916530189073631      
   6.31495235561681544203275562663237829      
   6.30717993270731666056878425372256564      
   6.29904405619207828603193840712347252      
   6.29053269959465452181913382965275775      
   6.28163390812344912830314031327022409      
   6.27233582790314791337995281208469506      
   6.26262673184908339719946810864293026      
   6.25249504161007202663707135895044692      
   6.24192934512571147527644904571007955      
   6.23091840948202708999824766703911679      
   6.21945118891582906081070819967056669      
   6.20751682798348387129394630167980375      
   6.19510466009149613324901441571352707      
   6.18220420174383134499522225483631068      
   6.16880514266008921951620317117565426      
   6.15489733453094503325500782982635456      
   6.14047077344415297566811748306794675      
   6.12551558450791495829407196306122198      
   6.11002200321808192945532203670216899      
   6.09398035672962986353430926109353702      
   6.07738104516249525372375929681179285      
   6.06021452339486544664971262236308599      
   6.04247128369797348815146215633816042      
   6.02414183949826386564980217315230937      
   6.00521671045053753924780213010458094      
   5.98568640891885391389352300585370351      
   5.96554142792531715240282666340366225      
   5.94477223034927066346564541926973381      
   5.92336924057768112471431600901524006      
   5.90132283526788462478164431760054137      
   5.87862333768044211951343217288031399      
   5.85526101187966816298817889551284088      
   5.83122605820502672446863877081550021      
   5.80650860962130216953994672019397860      
   5.78109872885414563557825557754521550      
   5.75498640617975138616785044335912391      
   5.72816155779693574629592072011997080      
   5.70061402466209911096309940314742909      
   5.67233357174853910632133226686345175      
   5.64330988760899549983194007568353721      
   5.61353258422320561871978189817463720      
   5.58299119705300225440680188969065186      
   5.55167518525874065492590160929053013      
   5.51957393205484210899548852607510372      
   5.48667674514807213163049220554147901      
   5.45297285725644837185084493353120109      
   5.41845142654506939738668489490827837      
   5.38310153768524367242797910995383286      
   5.34691220170067342648108609044168321      
   5.30987235709518377988964390338551669      
   5.27197087028258692602142962196079738      
   5.23319653616411132785386025589284656      
   5.19353807867068016508640288371317400      
   5.15298415127736028717921755542572962      
   5.11152333749816249143932971846638432      
   5.06914415133929553052602511019719692      
   5.02583503772870421064442485265371814      
   4.98158437292227701504464455261597808      
   4.93638046482333986378556664056801224      
   4.89021155337440065555888205834524167      
   4.84306581082295457148239110415733920      
   4.79493134200409487349447160983693252      
   4.74579618457863128934788938790013566      
   4.69564830925395333673729888843784994      
   4.64447561997316778262716578221515666      
   4.59226595408483437992179254357902167      
   4.53900708249483189988985742045588648      
   4.48468670978203839076990746962194586      
   4.42929247430671261645629271174043874      
   4.37281194830017027770332772464036944      
   4.31523263792395160694855124383532889      
   4.25654198333503143799083866885004391      
   4.19672735871631599815129830017015681      
   4.13577607230604258920560044099467866      
   4.07367536641101811487457390519473751      
   4.01041241740621154444994776367937382      
   3.94597433572764788082859934959274735      
   3.88034816585212580102854288431854669      
   3.81352088627381669277703707390395004      
   3.74547940946498817232973217190471720      
   3.67621058183684929956784386707804001      
   3.60570118369016948140716352735461079      
   3.53393792916064268449142544859167333      
   3.46090746615899596706707594259288067      
   3.38659637620484168003558461963095977      
   3.31099117478265393648758224429620325      
   3.23407831061201308806395225289369788      
   3.15584416602383219797548938709931373      
   3.07627505676951101307777937091824503      
   2.99535723193577626427295888575520411      
   2.91307687386290444617837130029086149      
   2.82942009806272005765546833549523866      
   2.74437295313352612638373285420906144      
   2.65792142066984600544698634627711945      
   2.57005141517713606749510519641550460      
   2.48074878398372823550083184964316692      
   2.38999930715204127988192507805390800      
   2.29778869738931361596786756067176343      
   2.20410259995981529320584607740292323      
   2.10892659259501570900432701604247274      
   2.01224618540763157813574826321322552      
   1.91404682080198881003100600282592462      
   1.81431387338813677053388036584576149      
   1.71303264989452251980906032016487725      
   1.61018838908519322746889795180868551      
   1.50576626167177345892244801245226787      
   1.39975137023354112279546856831710655      
   1.29212874913430373863569408772719353      
   1.18288336444060206554844776883555176      
   1.07200011384422246009000744248218861      
  0.959463826582839168251092974195748997      
  0.845259263364058978455719029401359206      
  0.729371116290292623134399707778260196      
  0.611784008785530117400319082497157779      
  0.492482495523512099740089511995640886      
  0.371451062357623248326813074560334919      
  0.248674126252255071556779684293062714      
  0.124136035217051552930263504321241360      
  -2.17893175885801295747329085467305377E-0003
 -0.130286564770542209568191682368481929      
 -0.260202723056377873969474716483738783      
 -0.391943335058906333197640122590535493      
 -0.525524398483774269095006651191620129      
 -0.660961980351968332120421444475299369      
 -0.798272217057092584346323475400052630      
 -0.937471314415411335615822923554892463      
  -1.07857554771653183392756230631766033      
  -1.22160126177162061096265994204240979      
  -1.36656487095979677067767279034334634      
  -1.51348285927204380690595732598791532      
  -1.66237178035415601876162676847541874      
  -1.81324825754768780356933177582739160      
  -1.96612898392758034488285334900931758      
  -2.12103072234008373741987370488358642      
  -2.27797030543742193715677900372707496      
  -2.43696463571004980499838010404191954      
  -2.59803068551885422194721668544373176      
  -2.76118549712471941928107149535059682      
  -2.92644618271587916164242129654616543      
  -3.09382992443238970093834336180151214      
  -3.26335397439036639021086320435127653      
  -3.43503565470596354449034566995773051      
  -3.60889235751231072574218284087370696      
  -3.78494154498032438394717238097623993      
  -3.96320074933595700643737429748069065      
  -4.14368757287135902998625781694892219      
  -4.32641968796078521153953636613235526      
  -4.51141483707450516240178546459482958      
  -4.69869083277998990664973893471202800      
  -4.88826555775933860567047961200641501      
  -5.08015696481045965646019505372480568      
  -5.27438307685012047545121360156835832      
  -5.47096198692369107275718021541331082      
  -5.66991185819498981321538902562295579      
  -5.87125092395992620063052182423924346      
  -6.07499748762857029125675604920269640      
  -6.28116992273965807488986574900656809      
  -6.48978667293493824181542898342461359      
