   6.46114229236431383104529813515576879      
   6.46114229236431383104529816081296052      
   6.46114229236431383104529817227285690      
   6.46114229236431383103206516576121446      
   6.46114229236431381055521835175994370      
   6.46114229236431083984799112296912432      
   6.46114229236420195235632476232241966      
   6.46114229236254095915726543186039972      
   6.46114229234854780105862264208676645      
   6.46114229227107935157514449947330634      
   6.46114229195560126750334476251637159      
   6.46114229093579062591362775971304772      
   6.46114228817617727686823467226000834      
   6.46114228168229904096819959391045662      
   6.46114226801616503078098920038569092      
   6.46114224175006894506457824286236056      
   6.46114219489825961408761145109645088      
   6.46114211636480279061188670720292736      
   6.46114199144022034253151222370887215      
   6.46114180137204971221949230254733084      
   6.46114152302827707186189978875068187      
   6.46114112866777361165193354643397882      
   6.46114058583409808758454652449832311      
   6.46113985735389117187661034214350427      
   6.46113890150677577628161435998711181      
   6.46113767229287128802998892233956405      
   6.46113611984211176663882509497329998      
   6.46113419093180333130471358467085653      
   6.46113182959082739166183989055634200      
   6.46112897775894196516455730516931226      
   6.46112557596291838452281680375872901      
   6.46112156396876985561923463303397130      
   6.46111688136930395391677450782377589      
   6.46111146806987277873590002867748837      
   6.46110526464074492173149458091392104      
   6.46109821251294798875919040267768159      
   6.46109025400241177967775275622927332      
   6.46108133215701168305123131422148430      
   6.46107139042860684620008979005126358      
   6.46106037218032191704653935515991843      
   6.46104822004436614776801265062194042      
   6.46103487515081993609292070769612618      
   6.46102027624973344340149092433482164      
   6.46100435875091497499523039561039924      
   6.46098705370506481532091255629166227      
   6.46096828674944584997125094924945648      
   6.46094797703878787873794710771005575      
   6.46092603618022049651202904947595450      
   6.46090236718764918066694725970528714      
   6.46087686346846610663637090274372869      
   6.46084940785209697926985768121441113      
   6.46081987166958230675519172718547043      
   6.46078811387469653211172205860874293      
   6.46075398024055319349187633806132366      
   6.46071730258977765507808351258083348      
   6.46067789808560967935357490300534691      
   6.46063556856851754171202118235419240      
   6.46059009993488611154540491995845462      
   6.46054126155172315940031828176809774      
   6.46048880570004081906945546016691103      
   6.46043246703986946714016048050066101      
   6.46037196208856423802967250206939812      
   6.46030698870468741351100482617306880      
   6.46023722556898068079224660626413900      
   6.46016233167465228544215379452454307      
   6.46008194570507336322854133072491825      
   6.45999568556025934650921416088868696      
   6.45990314768316581122317066364921478      
   6.45980390642235091070063710548357263      
   6.45969751333042425329932027149134414      
   6.45958349640619082705531843288975609      
   6.45946135927351851610325448543809883      
   6.45933058029055803226299849783300958      
   6.45919061158269516307123455317879511      
   6.45904087799303226352982131916015446      
   6.45888077594432308677760659208486453      
   6.45870967220634305841344947528856157      
   6.45852690256270909862733360157830392      
   6.45833177037133925840899818921758903      
   6.45812354501276614239096144421898421      
   6.45790146022038672018617398080530932      
   6.45766471228614939735888800010078292      
   6.45741245813779016436010972445490902      
   6.45714381327809123245547303481362821      
   6.45685784958589363746700202909050545      
   6.45655359296384278458752484998500729      
   6.45623002090487120321096852858111948      
   6.45588605956710362469059720762396347      
   6.45552058130409694377800255751444514      
   6.45513240142763297527877367950410288      
   6.45472027507236874550448637175693932      
   6.45428289381322117198686426689659986      
   6.45381888209020887629563642847312101      
   6.45332679342454475959877122642449678      
   6.45280510642300088315153917102520186      
   6.45225222056083642312952072156610911      
   6.45166645173415192357555836372400909      
   6.45104602757346100021812851487730550      
   6.45038908250961911510336460658384349      
   6.44969365258214380519692794334037912      
   6.44895766998233814058020224953135340      
   6.44817895732050123789988839008277963      
   6.44735522160856478097903678910079144      
   6.44648404795024751643624772769648121      
   6.44556289292909130555234050569739302      
   6.44458907788567908933193783990193256      
   6.44355978093121676379331000122346073      
   6.44247203044147454241831224422741044      
   6.44132269650042279762923020211608748      
   6.44010848283758510532266665166656531      
   6.43882591827589138865043269102316737      
   6.43747134785072739699091116693998739      
   6.43604092360689191280957684993910237      
   6.43453059508561827758753959076576555      
   6.43293609951727236361422930126418536      
   6.43125295174511854504319203820353945      
   6.42947643391443667745148683062385999      
   6.42760158496830696181646918100286118      
   6.42562319000782012537185013651300651      
   6.42353576958648681093251594697401379      
   6.42133356902453866514656209918502973      
   6.41901054818449371541144433532567257      
   6.41656036989506260942335674805450108      
   6.41397639185158698336770535334029003      
   6.41125165612923775448185446919812488      
   6.40837888088776812888675270204469499      
   6.40535045278867061459948101926830467      
   6.40215842064024059825511226564228513      
   6.39879449053112753027626900355651726      
   6.39525002272214023378896831519950466      
   6.39151603058311886957982478042621298      
   6.38758318184035820145651174897965756      
   6.38344180239936489996078313468160579      
   6.37908188298363306563725054666277744      
   6.37449308876921458334703560495288013      
   6.36966477216590236489898522671947178      
   6.36458598949677683342626771584637959      
   6.35924551750509917527298829791017672      
   6.35363187969161349227159281290321096      
   6.34773336894477344651688204037932830      
   6.34153807615532852456957786397602184      
   6.33503392047037673756606440664371098      
   6.32820868143046317213495842398624811      
   6.32105003245498632760619553931698652      
   6.31354557509633831056895134781988249      
   6.30568287344769606304946856254868707      
   6.29744948803896949180809090295439097      
   6.28883300859276982960808700765459543      
   6.27982108499659728561850044386758743      
   6.27040145591518296087888547010104766      
   6.26056197451448794331600980850463230      
   6.25029063085029729406465776880873859      
   6.23957557055801126092354034673556000      
   6.22840510957443897201369306674893057      
   6.21676774472737534483288694097096125      
   6.20465216013632887915990560055819584      
   6.19204722948529476670843410965376521      
   6.17894201434308596319146480270564467      
   6.16532575842987876520339777120555745      
   6.15118788062996863916675489629652607      
   6.13651796095452918956943189475972760      
   6.12130572866305496239862748315331574      
   6.10554104630017381439033716081293080      
   6.08921389305091562118567736446072064      
   6.07231434741722525139708093512608689      
   6.05483256971504209146792452744117198      
   6.03675878480414814879663535546249856      
   6.01808326539548398043019569957015177      
   5.99879631621339939311395355606958289      
   5.97888825920756616427515255623235287      
   5.95834941996935706181268119174392980      
   5.93717011539433683986039921613225708      
   5.91534064245413761589214589429273270      
   5.89285126929733108991498526507485296      
   5.86969222533970354839448273848475061      
   5.84585369489631425184205031833285674      
   5.82132581062001058114040379321216556      
   5.79609864820336986923866783407204350      
   5.77016222195684142874138479914858769      
   5.74350648118164609699615036008605680      
   5.71612130723551464178463491823471102      
   5.68799651119895875221534912164405158      
   5.65912183206482973542021857002961678      
   5.62948693538756195842371215071159517      
   5.59908141227570007639350656144943018      
   5.56789477872810062527656093828559292      
   5.53591647521909651979947987971861872      
   5.50313586652214071566988426935662035      
   5.46954224165739232815867225425652615      
   5.43512481401870263229040495437191195      
   5.39987272161155941989248708047950588      
   5.36377502721395355698166524066897838      
   5.32682071927238319577137300716815413      
   5.28899871149280940728968361212164415      
   5.25029784386013238058567560959189689      
   5.21070688293457240755999973353325726      
   5.17021452231605196137332566261908882      
   5.12880938310336394458718041750016351      
   5.08648001434633738362605905493374385      
   5.04321489349523297533277268073755196      
   4.99900242678313730846951509849572990      
   4.95383094968802599469154034799222164      
   4.90768872727537205778501581394322954      
   4.86056395456563704785302910643743051      
   4.81244475687072251793414269375333380      
   4.76331919010409213555338770581347098      
   4.71317524106903160049772483499665186      
   4.66200082772261547798189300932831781      
   4.60978379941636695469385557249021754      
   4.55651193711481126427003779494265238      
   4.50217295359335196093087251912336056      
   4.44675449361415037183323443454819270      
   4.39024413408377213554987334198745358      
   4.33262938419105679613648757289214648      
   4.27389768552822855292045207711045028      
   4.21403641219502038121342710956678304      
   4.15303287088730046511116538846165657      
   4.09087430097101717853259447489980804      
   4.02754787454261485322019142969282746      
   3.96304069647750015540939321640278611      
   3.89733980446526548476457375654921517      
   3.83043216903546622303133142054802887      
   3.76230469357186945038568442256784923      
   3.69294421431878640118718887361910341      
   3.62233750037856268318298307569408160      
   3.55047125370078240171708816212875080      
   3.47733210906325430254268839434673646      
   3.40290663405037016666726412381871648      
   3.32718132902075200250241823792323012      
   3.25014262707080994145593401709505413      
   3.17177689388551909803566349539914245      
   3.09207042815119349101983633697116955      
   3.01100946079713187295133412684241784      
   2.92858015543060831631588945538065945      
   2.84476860815678362115094977186480726      
   2.75956084751926726235918887992587441      
   2.67294283444115588631868533527091641      
   2.58490046216086213189401157323417575      
   2.49541955616918324763974667214301421      
   2.40448587414310236661794890759266339      
   2.31208510587848692929923964621996766      
   2.21820287322337132002639711212977197      
   2.12282473000646613969372563678891651      
   2.02593616197297684107851069538503592      
   1.92752258671038910202647055113838392      
   1.82756935358221013266353196111518220      
   1.72606174365523902611358305754427623      
   1.62298496963359980695388112952056721      
   1.51832417578723978697212870084509730      
   1.41206443788539062420692865317083282      
   1.30419076312447556912585558528394653      
   1.19468809006729880293546624798750725      
   1.08354128857073506789899863791497010      
  0.970735159722914473565577209284592185      
  0.856254435777218889739957757890671588      
  0.740083780090035340491036215346876981      
  0.622207787057301685977259245492910697      
  0.502610982053544537616956765330511138      
  0.381277821371995197997699422399393396      
  0.258192692165516895432942081672077541      
  0.133339912389836326971681473848248201      
   6.70373074713151498481955239789228312E-0003
 -0.121731673368428022843305699270132000      
 -0.251982189923385722288538266897389355      
 -0.384063778296450030463838701326945614      
 -0.517992467327746436089715517242723848      
 -0.653784355368875405329228956019527486      
 -0.791455610327930498689694170372478716      
 -0.931022469715493092875233022363509930      
  -1.07250124068687686867909308972835280      
  -1.21590830008557888620408498062949385      
  -1.36126009448186284138731483941051255      
  -1.50857314021196573093244687063477105      
  -1.65786402341423078875779645699523560      
  -1.80914940006459558574895932913611208      
  -1.96244599600943131247157212141582868      
  -2.11777060699902826626290193121614517      
  -2.27514009871316837249076590938726226      
  -2.43457140679409187064093931982559167      
  -2.59608153686879641543401115377493261      
  -2.75968756457672157884531419590118093      
  -2.92540663559133173489954017174094124      
  -3.09325596564261116381677290777821149      
  -3.26325284053511500796580110897616280      
  -3.43541461616494343666349404445424790      
  -3.60975871854139126809179820042443300      
  -3.78630264379418314683862049813935466      
  -3.96506395819116974085384910367427252      
  -4.14606029814889840390203243197625097      
  -4.32930937023821248619997552282764475      
  -4.51482895120188879583364821783280399      
  -4.70263688794636098030523588360365500      
  -4.89275109755960647622321855696977382      
  -5.08518956730793774318345011581016367      
  -5.27997035463606275701088036959466363      
  -5.47711158717320360642351149414225296      
  -5.67663146272291985441351095568052966      
  -5.87854824926795570362342463636055464      
  -6.08288028495767625086664036576990240      
  -6.28964597810979207650670592752171547      
