   6.46114229236431383104529813515576879      
   6.46114229236431383104529816081296206      
   6.46114229236431383104529817218684950      
   6.46114229236431383103206471581573413      
   6.46114229236431381055513345234654221      
   6.46114229236431083984501495860814658      
   6.46114229236420195231684547643859599      
   6.46114229236254095886230617304248187      
   6.46114229234854779178538079430723449      
   6.46114229227107911823774721351445079      
   6.46114229195559795895902429612739318      
   6.46114229093576014477340510376828475      
   6.46114228817597580489164870484532491      
   6.46114228168127430456077121331511081      
   6.46114226801194249945086396770918099      
   6.46114224173541527894726780012290631      
   6.46114219485413014658078053237159241      
   6.46114211624673276945617393335443786      
   6.46114199115423599679612990500661048      
   6.46114180073898980039587414475061320      
   6.46114152171586627810369501713905130      
   6.46114112610993172960823162591260377      
   6.46114058110276374544962761970790803      
   6.46113984900837976784383131015898518      
   6.46113888737213291829187515382343626      
   6.46113764919502477326644000785924307      
   6.46113608327734093334022369517851404      
   6.46113413466789926604395491325747475      
   6.46113174519586398073835738023657895      
   6.46112885405526213123823903357834052      
   6.46112539840568257770912486727204652      
   6.46112131395007467851980203399236263      
   6.46111653545023929637763604306932786      
   6.46111099714394645084531633288806060      
   6.46110463303270652768248138987933958      
   6.46109737701716348651583500862921696      
   6.46108916286473860446357336519545624      
   6.46107992400337913625608517815349680      
   6.46106959314271752031973267182642599      
   6.46105810173162057886418221366137926      
   6.46104537926615142781450362001689610      
   6.46103135246714476466440007240397659      
   6.46101594434820460464365357219539514      
   6.46099907319745608286742717208597893      
   6.46098065149537346694939391774701401      
   6.46096058479090960049617424883340542      
   6.46093877055583151258369436989411862      
   6.46091509703516273213370462589784484      
   6.46088944211281464205640664833561504      
   6.46086167218198965316067319439287454      
   6.46083164108427800620789329186333916      
   6.46079918905432310196905365998692470      
   6.46076414172458911270426735488148652      
   6.46072630917246964071525118560775783      
   6.46068548501268105006085938254968134      
   6.46064144553270213053594194482435706      
   6.46059394886777594545924162377821209      
   6.46054273421052471286898925471325039      
   6.46048752104948653696440909308039885      
   6.46042800845380047267327818674082123      
   6.46036387426160062626653545147273576      
   6.46029477448526401468265763491301224      
   6.46022034251916865961138458258369817      
   6.46014018843278413384826546868446681      
   6.46005389823009104172000980338548340      
   6.45996103308498805477538084150768787      
   6.45986112854500557748852506964563808      
   6.45975369369552171936106156272283519      
   6.45963821027685759727982496043713154      
   6.45951413174705610272095007256859679      
   6.45938088228272751718143446952919428      
   6.45923785571126143276573570902292270      
   6.45908441436705869422618223817523561      
   6.45891988786523257280734466231684294      
   6.45874357178602007462722285720578270      
   6.45855472626313942940063318680704455      
   6.45835257446971225450430012657527252      
   6.45813630099440625427182408658315312      
   6.45790505010376107202350284082884604      
   6.45765792388202561448745250511450489      
   6.45739398031394428635698565742282378      
   6.45711223089451957942096140998027313      
   6.45681163873786658729880602757208953      
   6.45649111592988203262975704033420208      
   6.45614952101668205606424197257414429      
   6.45578565627541787797715765893842153      
   6.45539826481788285905317641586847176      
   6.45498602751797486918668966718678033      
   6.45454755975677221528361199905810943      
   6.45408140797976880150447329622446243      
   6.45358604605433184442696329302368207      
   6.45305987142491775054650199023485323      
   6.45250120105720147920915630055265334      
   6.45190826715864180633731133650979908      
   6.45127921267613287620636511596527145      
   6.45061208655541823766310080449407579      
   6.44990483875983342542308838323885139      
   6.44915531503658266438018870410447875      
   6.44836125160227903751287124738688489      
   6.44752026873053970516954089997258336      
   6.44662986564967747644397160265439551      
   6.44568741365364103756946576617072395      
   6.44469014965050872274287409653186608      
   6.44363516928451058862155569464604229      
   6.44251941976681693465959467536690654      
   6.44133969241365326382927546281925029      
   6.44009261489265977092692389798645148      
   6.43877464317982938052956005466225620      
   6.43738205323515290709136245047685465      
   6.43591093240627685135519132467588955      
   6.43435717057655470273043887416462753      
   6.43271645107789776353208298370399513      
   6.43098424139885100930384220719060396      
   6.42915578372173181749524486902618254      
   6.42722608566730570807790677043505757      
   6.42518990940004175015410494275909370      
   6.42304176375431235543617522650749252      
   6.42077589355630823224332040595644781      
   6.41838627052831646139155813754690246      
   6.41586658423772829763330437549230493      
   6.41321023349312820429700737891891944      
   6.41041031834757950147761914174419889      
   6.40745963288399546464971610033541094      
   6.40435065898579303543816200757899614      
   6.40107556130521532871726822322140443      
   6.39762618366589351785215750630511557      
   6.39399404714722203967193224166270346      
   6.39017035010846384445377159107464511      
   6.38614597041661998362388204997885266      
   6.38191147013790706665482081153550914      
   6.37745710363452756665459669010971559      
   6.37277282519144690583631875723658849      
   6.36784830656356614467328258434215493      
   6.36267295112634770036382042674194736      
   6.35723591473590325934273737037032235      
   6.35152612935617421959042664065062551      
   6.34553232996188181647103040050542622      
   6.33924308452957526944469175038228221      
   6.33264682669887941664981708700834487      
   6.32573189058211157944514275443491459      
   6.31848654700669175265679213202490042      
   6.31089904039490330093676388857523867      
   6.30295762536427540961096764756486129      
   6.29465060210461328766685246830473097      
   6.28596634958591336461143690872146669      
   6.27689335569620081987444910580072312      
   6.26742024349649508048807405658573372      
   6.25753579290424069694027366225759198      
   6.24722895728177788428725231375048458      
   6.23648887460914911531902669664228842      
   6.22530487314407148951600774273463495      
   6.21366647171202446722188193003727960      
   6.20156337499094063529087679492680801      
   6.18898546435306434815155356675037290      
   6.17592278464014232805746227830748051      
   6.16236552973471820931420967619932978      
   6.14830402235161644455871782060362849      
   6.13372869638329188189289476258282956      
   6.11863007661896833359578434565735696      
   6.10299875894122531726192577146505116      
   6.08682539111473194000029077815031695      
   6.07010065455917245150337889061049827      
   6.05281524741267683638056857929823167      
   6.03495986907104357532202432288835567      
   6.01652520631426830327794402951183275      
   5.99750192104906257058016748017374640      
   5.97788063941900261851496907694551177      
   5.95765194361639520425924583372979251      
   5.93680636263586921495682482763289428      
   5.91533436696982133593970088071682209      
   5.89322636307973179928289000741045177      
   5.87047268921733175946735472780116306      
   5.84706361216516984675428157584055500      
   5.82298932476859192180693378138176796      
   5.79823994414652243333981669883369467      
   5.77280551046969128334901463635072633      
   5.74667598621349583484783939521172496      
   5.71984125579512045317239883822201394      
   5.69229112552432850597151826817472154      
   5.66401532379738364196751091062355076      
   5.63500350148152368871141583294935002      
   5.60524523244217831503859533784631387      
   5.57473001416842044817882186146301633      
   5.54344726847372007492972318335269678      
   5.51138634223160745555589526849936622      
   5.47853650802619698601601431998303233      
   5.44488696538240034115502149159620291      
   5.41042684077554600839317129191106048      
   5.37514518888769983376483259307867716      
   5.33903099316856512712325712258412916      
   5.30207316650435306655441394309811446      
   5.26426055184765908738086085836975954      
   5.22558192280587585560716195065008567      
   5.18602598418895207913350040801308649      
   5.14558137251318799188669025298146553      
   5.10423665647270284764630338742727971      
   5.06198033734436506613544258124022793      
   5.01880084939396298579901571955793239      
   4.97468656019927329295396318029698181      
   4.92962577098344847700841878054765678      
   4.88360671683955289011703417369644823      
   4.83661756703989347022121614005034596      
   4.78864642520098433846153004835424483      
   4.73968132947552873317964571598431994      
   4.68971025271101503486919913418244907      
   4.63872110257999019196189737434324726      
   4.58670172168303625839405392003267852      
   4.53363988764066997381693145743218762      
   4.47952331315543230971602503088812523      
   4.42433964606470037047766360477155901      
   4.36807646936501855810991221640469233      
   4.31072130123759251639619795913708134      
   4.25226159504517142965799608607849734      
   4.19268473932298815567790569659407225      
   4.13197805775619712456987294570235028      
   4.07012880914862573605562399912017471      
   4.00712418738539986344544929884864139      
   3.94295132137284049705113263651054537      
   3.87759727498846017518999476410138901      
   3.81104904701234080194077021851171134      
   3.74329357105515135963090533909417079      
   3.67431771548439573000006455540029449      
   3.60410828333722189272039582931430696      
   3.53265201224244944996576829787325661      
   3.45993557424287740269758469574592851      
   3.38594557603680025075615611360270030      
   3.31066855836808403898223741171117584      
   3.23409099628101323382472938491799614      
   3.15619929892955223702673307298524160      
   3.07697980947343754842020745681621740      
   2.99641880497544093566666642488119736      
   2.91450249629707886699368445705011181      
   2.83121702799353777315132022008320884      
   2.74654847820885920929008989630943652      
   2.66048285856776278038306061845041464      
   2.57300611407097973648484905523543792      
   2.48410412298957503921606375200695742      
   2.39376269676038193862869393127938519      
   2.30196757987887578559051354352729255      
   2.20870444979874090266577698335541195      
   2.11395891682214839177224733401048355      
   2.01771652400634826520631366479381038      
   1.91996274705616174156732626338788995      
   1.82068299422459522484808616412877301      
   1.71986260621496096983993080437694112      
   1.61748685608588585645437170902585357      
   1.51354094915137649115679284073455576      
   1.40801002288944274921312639425363264      
   1.30087914684826096993124027906133748      
   1.19213332255520376704165800812692886      
   1.08175748342863781782652287912642098      
  0.969736494689801964226393796939094885      
  0.856055153273999101863056700161997909      
  0.740698187754192424619212822508161581      
  0.623650258252914000839650356022659738      
  0.504895956363657961944888992979121367      
  0.384419805074565896828258620842110936      
  0.262206258690658810899699770095933598      
  0.138239702761137946994174728165076454      
   1.25044540066489253633628116537565373E-0002
 -0.115015239750597743945073822471284452      
 -0.244335199655664104446895665394892969      
 -0.375471315882986030540606823498920981      
 -0.508439547705498359047886958684607727      
 -0.643255923552097194851934873406791855      
 -0.779936541069342070532597961284452974      
 -0.918497567179054327086526170948875610      
  -1.05895523813251918782992392889695469      
  -1.20132585956587006402086977896817383      
  -1.34562580654983665696734132467816997      
  -1.49187152363974139534091433227931400      
  -1.64007952492341800296401846318295055      
  -1.79026639406542926298933057031730177      
  -1.94244878435064294714882076374463428      
  -2.09664341872594170351183106367966093      
  -2.25286708983946027270611919850230436      
  -2.41113666007721555546934725222956991      
  -2.57146906159815802133099948019936891      
  -2.73388129636933390549299306308651687      
  -2.89839043619421095387443041538655708      
  -3.06501362274426698696906100424000496      
  -3.23376806758657077545967002445561925      
  -3.40467105220721347745628268688353802      
  -3.57773992803725366290623004438931098      
  -3.75299211647344969764316794719555676      
  -3.93044510889815930635341129028885076      
  -4.11011646669666270371206386973433859      
  -4.29202382127446153285598393625692324      
  -4.47618487407280149511164885999394921      
  -4.66261739657643408205124926329302763      
  -4.85133923032974423953004816979125375      
  -5.04236828694177695996960025732572075      
  -5.23572254809698075181910936588268876      
  -5.43142006555915350528010156204338456      
  -5.62947896117228801558252985376110527      
  -5.82991742686685798120100509651525903      
  -6.03275372466055623830327734096241548      
  -6.23800618665027783601254351438875935      
  -6.44569321501859856433681905347445606      
  -6.65583328202188980238374441097106792      
