   6.46114229236431383104529813515576879      
   6.46114229236431383104529816081296360      
   6.46114229236431383104529817219500619      
   6.46114229236431383103206474922214226      
   6.46114229236431381055513875072280488      
   6.46114229236431083984517825046974004      
   6.46114229236420195231881140242755041      
   6.46114229236254095887660871983808009      
   6.46114229234854779269439602478456818      
   6.46114229227107913842453993494125592      
   6.46114229195559822266896256685884508      
   6.46114229093576240583173960913077706      
   6.46114228817598982171847987715312487      
   6.46114228168134161268652624569538724      
   6.46114226801220583427107738698450159      
   6.46114224173628722043034375040079490      
   6.46114219485664621977891012168995784      
   6.46114211625320722272795802425633448      
   6.46114199116936790622915110074668714      
   6.46114180076794720741193573246885137      
   6.46114152178116350779078796765607834      
   6.46114112623367088762761695310449443      
   6.46114058132552023870280468943697663      
   6.46113984939190808991015727634505382      
   6.46113888800723041208443690909900233      
   6.46113765021123192945478904407026350      
   6.46113608485463352317102664509618664      
   6.46113413705048187984605812484225231      
   6.46113174870812031693538522134744672      
   6.46112885911985947304490209081775671      
   6.46112540556377293968242205778496680      
   6.46112132388348728360978098040783718      
   6.46111654900552522153779393123121727      
   6.46111101535811475149427566616689309      
   6.46110465716048583722582481782487896      
   6.46109740855963365869096270392047648      
   6.46108920359919713486511446338634808      
   6.46107997601434163453753870694199495      
   6.46106965885398812218948371373397188      
   6.46105818393941139667174962884827867      
   6.46104548117327718364232723875009099      
   6.46103147771835763542847368940835460      
   6.46101609706678126750269088515179796      
   6.46099925802317810411363281587889612      
   6.46098087362408244120825023022106133      
   6.46096085001583676472241552141196542      
   6.46093908531092561488838629343784877      
   6.46091546844065746909724099105225418      
   6.46088987802316186034272792813627961      
   6.46086218123697239256731107109100959      
   6.46083223276248506370842706414598105      
   6.46079987373025651889783948525580440      
   6.46076493072915557944222664393789626      
   6.46072721485717722424516582483621449      
   6.46068652081776443507230013659690417      
   6.46064262605937682556622508671785063      
   6.46059528995481571950838408617394852      
   6.46054425301533586672004101984310573      
   6.46048923613384687205529941182955934      
   6.46042993987343904780741764684940117      
   6.46036604366427697834467455760024747      
   6.46029720520895714300539364782614891      
   6.46022305969855303911698790682851336      
   6.46014321911026376444862879257589626      
   6.46005727147223133203986876253776796      
   6.45996478010444102896222143848867225      
   6.45986528282802780821342430620160227      
   6.45975829113517719220411744736951326      
   6.45964328931201166867629291249531087      
   6.45951973350727279747809061146812871      
   6.45938705073915839160202743567063650      
   6.45924463783367848252852873787818637      
   6.45909186028713536150471915008912729      
   6.45892805104624040332271224727334708      
   6.45875250919906918908711365051541146      
   6.45856449857014739227629238856286438      
   6.45836324621334793919736986537761441      
   6.45814794079499681342061730371695805      
   6.45791773086393902018988162123605106      
   6.45767172299781635518553619861542516      
   6.45740897989248691403595327425085875      
   6.45712851798920388408887872006543790      
   6.45682930557714688100158282927711358      
   6.45651026016438187692855124975111032      
   6.45617024597307919318408785757025638      
   6.45580807121899682129309805285059658      
   6.45542248522477902290521904054680561      
   6.45501217535861708748863464643613489      
   6.45457576378750626633316153203282844      
   6.45411180404633711927190782256487136      
   6.45361877740661966093291445254658541      
   6.45309508904208359408483851178133103      
   6.45253906398482839631175973360023014      
   6.45194894285791648780039795517622436      
   6.45132287738541067174891671905476796      
   6.45065892566403961678067650011106523      
   6.44995504719509611922017853079986922      
   6.44920909766360865176530976336710396      
   6.44841882363051297021706948171766209      
   6.44758185615862717875244416706138136      
   6.44669570568823320944766967090238190      
   6.44575775518412890446326482842362532      
   6.44476525369153617567101909500975394      
   6.44371530947127910274222734101239976      
   6.44260488284283878599253215954299618      
   6.44143077873447852527343166847825772      
   6.44018963894025295942598294964111655      
   6.43887793408683318148745504478950935      
   6.43749195531707427655761815595468538      
   6.43602780569990894138420891214515485      
   6.43448139138228351616754781350748523      
   6.43284841250374804048046316030931328      
   6.43112435390024894825886819438478784      
   6.42930447563621930784313337111820171      
   6.42738380372424814307748578568473213      
   6.42535711925740348751960041151107877      
   6.42321895044755881479084940124592681      
   6.42096356195463534480952575414751156      
   6.41858494573913376441822686889786327      
   6.41607681196003482741638811132393331      
   6.41343258030500542131625334389031530      
   6.41064537191868768101731148184765397      
   6.40770800209739563890234256475559241      
   6.40461297395354421244345448021960952      
   6.40135247326233231345225950062207355      
   6.39791836472506377433408810815327823      
   6.39430218989689585358510030382085774      
   6.39049516703402459205632687169160866      
   6.38648819312592165600164184715575154      
   6.38227184837266257753499556024087358      
   6.37783640403679905142138579903409121      
   6.37317182983200451156725284623452454      
   6.36826781116118332800586454260665430      
   6.36311376297784361152125776780330887      
   6.35769885032633330322889458983292384      
   6.35201201162720219930001573473690028      
   6.34604198524177621185707704445628388      
   6.33977733912572828474549446958843355      
   6.33320650318410160522069081954801194      
   6.32631780380757823747980725722926728      
   6.31909949992067626456955704487301953      
   6.31153981973816686303122428854706856      
   6.30362699735023482607027296004166100      
   6.29534930819443399150154651997113330      
   6.28669510247825877588017420159522075      
   6.27765283565419619812533782473783856      
   6.26821109512962721333345616704488210      
   6.25835862251342274572909558169558984      
   6.24808433086006229442325086458802319      
   6.23737731656374725003414991228658677      
   6.22622686577646878671058320839766223      
   6.21462245545724979777613430848809142      
   6.20255374938294998027549048941101711      
   6.19001058965058789705871706488006956      
   6.17698298400945723594988425341293594      
   6.16346109194119470542385543447298333      
   6.14943520471739246927321010745452795      
   6.13489572802235814332636068389254200      
   6.11983316177072285306653008420710694      
   6.10423808032078025292073097834765940      
   6.08810111318860946183350562441892727      
   6.07141292668710995868139792191874679      
   6.05416420679911992569325299816222448      
   6.03634564349478080591224048552462879      
   6.01794791661166857696520211257348086      
   5.99896168334207460568780609293508019      
   5.97937756708093524695762873171153974      
   5.95918614902850082260762726486362277      
   5.93837795864202420368934201867260870      
   5.91694346815809571321504458346014616      
   5.89487308684860717550481735988041779      
   5.87215715665967521175580428365569224      
   5.84878594878639559233245205218464965      
   5.82474966106070026485430897785041441      
   5.80003841603487558971309933324684349      
   5.77464225965051002269531182181743126      
   5.74855116039529234343422091581169074      
   5.72175500886172190895672424527866659      
   5.69424361762792663038421827768166733      
   5.66600672139820501857196586393092716      
   5.63703397733824139688516499479621967      
   5.60731496556582980660902291699299367      
   5.57683918974709005893500355973082734      
   5.54559607777098747348088708528923509      
   5.51357498246789274315203390731528012      
   5.48076518224371372485221801163689223      
   5.44715588231439155222074742631548467      
   5.41273621468279191221645197631038225      
   5.37749523941244595657228904535791466      
   5.34142194517798884980477438813152241      
   5.30450524993663636178657815918170700      
   5.26673400155629075308926846298943050      
   5.22809697841243348049209644854621761      
   5.18858288993185314329683518789051873      
   5.14818037710732065063107745766858945      
   5.10687801296382136459348903239186946      
   5.06466430298232071931574992108416665      
   5.02152768549472253977981889232667768      
   4.97745653203302131189674750745463471      
   4.93243914764177061915532065016029753      
   4.88646377113465814680877643424983366      
   4.83951857538423072661903482766906666      
   4.79159166751162685183567287294091513      
   4.74267108907273960746145378098839361      
   4.69274481622571686972106146096876861      
   4.64180075986326070180815953830924021      
   4.58982676572415651351146461746769696      
   4.53681061448250456229442443236750197      
   4.48274002182433640530062393361338301      
   4.42760263849005736446275440817802378      
   4.37138605032095390733507303094485034      
   4.31407777826527395477256545530342835      
   4.25566527840878089415954894132662652      
   4.19613594193357749204260495425552727      
   4.13547709512540988841868118676747052      
   4.07367599933810908207580493569348743      
   4.01071985095104280138742443149841837      
   3.94659578132146615493994065439674454      
   3.88129085673343177136748590434431554      
   3.81479207832847668209786321337291496      
   3.74708638204426210781998467764832410      
   3.67816063853011450674436132740579161      
   3.60800165307365944573092795583509960      
   3.53659616552054665196085313369055185      
   3.46393085009153859680014847298105318      
   3.38999231564407622136018464156508211      
   3.31476710504116431962632541604209574      
   3.23824169542286808861900573638119358      
   3.16040249801117936358390533802388652      
   3.08123585800942436993850442023900603      
   3.00072805450089522519193531607561840      
   2.91886530034458015217718694742505866      
   2.83563374207158899340768219220942957      
   2.75101945978046270727324561970017869      
   2.66500846703259752499383521551788174      
   2.57758671074611736400171391121448513      
   2.48874007109332613072788533113111325      
   2.39845436139068176721551963552598349      
   2.30671532800352913872235839445202272      
   2.21350865023590804097786775706003125      
   2.11881994022990345474517448585021985      
   2.02263474286391428205591510349961903      
   1.92493853565302516528042078385679906      
   1.82571672864847974167335872110471774      
   1.72495466433990058322641403696070574      
   1.62263761755874427988129270774343123      
   1.51875079538293035986357446624741219      
   1.41327933704362534011969318796442554      
   1.30620831383051302067339859330888491      
   1.19752272900439005192722294914717814      
   1.08720751770658962891145508074553351      
  0.975247546874568086904114924014782125      
  0.861627615150714165785231982166570913      
  0.746332452805814877709724228009512007      
  0.629346721653095889689435111247793449      
  0.510655014970289016408239229562498435      
  0.390241857421225927981419857183076233      
  0.268091704981287170735380488516144259      
  0.144188944860948857459920973011542523      
   1.85178954394591400860534343922949235E-0002
 -0.108937193811925387738224029448049093      
 -0.238192142391040858617754271083083127      
 -0.369262838835007267372237205772628865      
 -0.502165240781500717859362209238648906      
 -0.636915375030842559185658625301357205      
 -0.773529337606439187507110337410470840      
 -0.912023293809938102904875519980749096      
  -1.05241347827914559855428489399394209      
  -1.19471619503940353592267410471822171      
  -1.33894781755573853698224569304493629      
  -1.48512478878225155319688895546720804      
  -1.63326362120858664258755152081511448      
  -1.78338089690580508928531401277089659      
  -1.93549326756859987100189511910580790      
  -2.08961745455754894861852843003134627      
  -2.24577024893788877113553529523887858      
  -2.40396851151545393101007834128168828      
  -2.56422917287332089755323198721509698      
  -2.72656923340550821722885377076138665      
  -2.89100576334495514949563891806104122      
  -3.05755590279687625291212703162442364      
  -3.22623686176268119153674850967435007      
  -3.39706592016828024339073229760706483      
  -3.57006042788572965150308182403170317      
  -3.74523780475564111590050800336507262      
  -3.92261554060726589380412154164147038      
  -4.10221119527507449044718507144389122      
  -4.28404239861623869713617683775590441      
  -4.46812685052419199492672876033803174      
  -4.65448232094057523991351661572054497      
  -4.84312664987043418781225940261252303      
  -5.03407774738279979197633412986192685      
  -5.22735359362451035221496221592004265      
  -5.42297223882166680858407775960157316      
  -5.62095180329117667376605088644793522      
  -5.82131047743025970246498870052366545      
  -6.02406652172332752379065386072237129      
  -6.22923826674863017701293452926429396      
  -6.43684411315815026505135975570532740      
  -6.64690253168472719498836517598100562      
