   6.46114229236431383104529813515576879      
   6.46114229236431383104529816081296283      
   6.46114229236431383104529817222888330      
   6.46114229236431383103206489897685183      
   6.46114229236431381055516363523609915      
   6.46114229236431083984596960697100131      
   6.46114229236420195232854851691039501      
   6.46114229236254095894733945416575964      
   6.46114229234854779646955187898318926      
   6.46114229227107922487360106974386501      
   6.46114229195559938060232661714437999      
   6.46114229093577254431471230051022107      
   6.46114228817605380283940395740910037      
   6.46114228168165359714983892225221752      
   6.46114226801344283576987005481536621      
   6.46114224174043139261572608020626650      
   6.46114219486872926660120684121809775      
   6.46114211628458836745482813559880730      
   6.46114199124332119581438051110595722      
   6.46114180092847032558718381344579837      
   6.46114152210483596522268187662446694      
   6.46114112685083435529565256066099575      
   6.46114058244283585981517915435468149      
   6.46113985132563007601752824306028500      
   6.46113889122467115932777107728919164      
   6.46113765538216173214102467371089320      
   6.46113609291351579795035966721681856      
   6.46113414927020629359198360934908617      
   6.46113176678560832561788627796166651      
   6.46112888527360469786048397826360694      
   6.46112544264307777215737625704350306      
   6.46112137548889040508909798203849243      
   6.46111661961971965204807747795530392      
   6.46111111048652586184203317352331969      
   6.46110478348063506051822969703318121      
   6.46109757407845623223135310306282029      
   6.46108941781757883492643471851319073      
   6.46108025009831548897974746522640007      
   6.46107000581222317551601563681213332      
   6.46105861880685484170912321282521905      
   6.46104602120106382770301404274311494      
   6.46103214257031301404071978934168947      
   6.46101690902310116209484234054969702      
   6.46100024219203128441483661667853809      
   6.46098205816210677886690431362294706      
   6.46096226635860614125088882967792006      
   6.46094076841460247038125640691565779      
   6.46091745703614845376191538559991884      
   6.46089221488350839225983444757373583      
   6.46086491346226658214784149580969840      
   6.46083541207818829687369282557822773      
   6.46080355680557462230595707102056524      
   6.46076917951429781487620249786903210      
   6.46073209694125552099972229609127885      
   6.46069210980859680268037594843940575      
   6.46064900198633036956982832244069054      
   6.46060253969578935024078395898973665      
   6.46055247074889763955471880258813410      
   6.46049852381746332178337753109009281      
   6.46044040772568880432023316080608951      
   6.46037781078321223347679153072570940      
   6.46031040001277833028055604779914082      
   6.46023782059237311555005702639381141      
   6.46015969508820723508957785910957754      
   6.46007562276810321990139114671340931      
   6.45998517887336510379963834290333024      
   6.45988791385963804513285259612128860      
   6.45978335259890078563785997261702500      
   6.45967099353516466949194930514382339      
   6.45955030778635870809422143460917938      
   6.45942073818529099130642404253714358      
   6.45928169825263984660310108747742989      
   6.45913257109491164624292993757801652      
   6.45897270822086997094152156718824172      
   6.45880142826962651078290866216039501      
   6.45861801564390507816321389555521163      
   6.45842171904205025601925239268662259      
   6.45821174988230423783130705758921210      
   6.45798728061294274582572882750037371      
   6.45774744290186700601952630458846794      
   6.45749132570237777191852519693695822      
   6.45721797325202750153673538697104688      
   6.45692638260043115735300915624278844      
   6.45661550162363156615210367692012342      
   6.45628422628496545577927586269258667      
   6.45593139802280306101636231418309868      
   6.45555580091765643919614678358334284      
   6.45515615868493055515063730134466481      
   6.45473113149116606746996233564708863      
   6.45427931257834370196529170453809831      
   6.45379922469773760506301593478589337      
   6.45328931633943962713854745870868823      
   6.45274795775234435694709554072919029      
   6.45217343674819810378842280056546753      
   6.45156395427833340452784044974934126      
   6.45091761977852415949713906461146668      
   6.45023244627328836159995652186066543      
   6.44950634522940539029887826438817993      
   6.44873712115464256644186149347638464      
   6.44792246610366741255243520863301595      
   6.44705995309539789140533151025571429      
   6.44614703080567462248589716120722940      
   6.44518101649362736135382631879601401      
   6.44415908934631853939757944564041824      
   6.44307828339425933742445742208330990      
   6.44193548012779268091174684640963162      
   6.44072740081890387009926834824652118      
   6.43945059854413954758430003612238605      
   6.43810144991654348997935516285710790      
   6.43667614653465842648362416049290413      
   6.43517068615790018811540661668331807      
   6.43358086363184371862843428258649363      
   6.43190226158090429459399740326156054      
   6.43013024090709307156178540580903427      
   6.42825993113030524182810521682469759      
   6.42628622094690147744674370640922945      
   6.42420374721940896520360063030503287      
   6.42200688693103762034398516818360818      
   6.41968974646263312238800602467501087      
   6.41724615246320401399701486333382665      
   6.41466964283326064989377291800906001      
   6.41195345822723011124896877998644818      
   6.40909053425489113216901116866007155      
   6.40607349455568816374999013435733107      
   6.40289464497274508942014216981324499      
   6.39954596904590253386157750245687694      
   6.39601912506819391966421043070208772      
   6.39230544496060072354687905920194362      
   6.38839593522380559515205951101473649      
   6.38428128022436908393776365868920396      
   6.37995184806733562481645304657529065      
   6.37539769996986100243345256856412814      
   6.37060859923707652508248406756796604      
   6.36557403017774570520066998874690529      
   6.36028321360274922155382232871429488      
   6.35472512895747412097297926217536448      
   6.34888853906567386190440820377270959      
   6.34276201795351863885463221001046742      
   6.33633398149635253842758160122018643      
   6.32959272044001724384182364592132444      
   6.32252643524546914142105661639804327      
   6.31512327205065773079827328123021686      
   6.30737135896828804127859249028446267      
   6.29925884185036591545931121180371920      
   6.29077391863304728561927117434708665      
   6.28190487138538424102021305606401088      
   6.27264009523953011620566707982624260      
   6.26296812346805954758600856408309452      
   6.25287764809372030163010510725909203      
   6.24235753557547604565041881869064119      
   6.23139683729602073753276950142694779      
   6.21998479477950632987075960060270110      
   6.20811083978714935433788489240156062      
   6.19576458963457796167468675678489766      
   6.18293583825648823526182863748678408      
   6.16961454336617513674478201650097139      
   6.15579081239927092204249417199420960      
   6.14145488292833105470608096149169336      
   6.12659710539891191054396996849159351      
   6.11120792331877709373829840350893186      
   6.09527785383244687683238421143455159      
   6.07879746881132131261844638502040534      
   6.06175737683895935340325098775603085      
   6.04414820640429487793987050677831178      
   6.02596059049443145927892650748198094      
   6.00718515270208003903105513798651418      
   5.98781249489607545112607430031871165      
   5.96783318621145957273484342694884286      
   5.94723775468645290283122686201956895      
   5.92601667785555569982159576646614288      
   5.90416037722141103695507956056489299      
   5.88165921251671730201058818699642124      
   5.85850347730247550426338984391222341      
   5.83468339548878305031978085287940945      
   5.81018911864930081125795476789504578      
   5.78501072402100896992672881921052773      
   5.75913821308216278351071370936317314      
   5.73256151061575652665221899909919975      
   5.70527046416789980065331387199059781      
   5.67725484383545230015590764477400592      
   5.64850434230782399964390789816975959      
   5.61900857511360852561367756852601285      
   5.58875708102307234529321222544130196      
   5.55773932256432917317018802537674309      
   5.52594468661820036286389647897182344      
   5.49336248507380738546281970935030295      
   5.45998195539267747899003692859954606      
   5.42579226178352598658900216350607692      
   5.39078249514059085987587793883770703      
   5.35494167425659204978019517579156780      
   5.31825874634455709061977161854920763      
   5.28072258766617922643786455904465070      
   5.24232200413075523249249027966224082      
   5.20304573186717083388376735935813720      
   5.16288243774681887533283618418975907      
   5.12182071987720662312487316966043979      
   5.07984910805184762112192206708016843      
   5.03695606416799993770961112878729066      
   4.99312998260577643758829540176011711      
   4.94835919057399022748082649484686029      
   4.90263194838336177302210370778963757      
   4.85593644978368128161015904569337909      
   4.80826082216328014944518229689693653      
   4.75959312677825179461717972854414269      
   4.70992135893623025748745741618370110      
   4.65923344816142881556872870256883508      
   4.60751725832999490143365258019357311      
   4.55476058778570606944782856315151669      
   4.50095116943336063142183644343764229      
   4.44607667082228534666224563877520386      
   4.39012469418163550496320855209989358      
   4.33308277649254186417056235362947594      
   4.27493838948190846398734848159907068      
   4.21567893965579272783983374810797143      
   4.15529176829278686219956693518708318      
   4.09376415142757603727229950711098771      
   4.03108329983404992112331308100130362      
   3.96723635898440023893879332222963832      
   3.90221040901826640514973285055329933      
   3.83599246468378160953088599374559935      
   3.76856947528816401075780923406801486      
   3.69992832463112384946004905087124046      
   3.63005583093780791861064666562071831      
   3.55893874678458885658385351089243679      
   3.48656375902228986959479384387095399      
   3.41291748860841881775372014872106963      
   3.33798649087498536196213871580462642      
   3.26175725489298526489774330883202799      
   3.18421620375908473300810091209349579      
   3.10534969440357838558984233736959806      
   3.02514401749665952569522403066886253      
   2.94358539735095196658352098229427053      
   2.86065999182745635357903983253326064      
   2.77635389223173191447468020274121587      
   2.69065312321829104520400852381013830      
   2.60354364269047306978869912510756225      
   2.51501134170052695945580244816519751      
   2.42504204435037453863463971812884400      
   2.33362150769219236512437633759256370      
   2.24073542162844715060709233282152966      
   2.14636940881563874149133623920548796      
   2.05050902456504653719584001707152204      
   1.95313975674600595420348290774181911      
   1.85424702569077644062920737676114208      
   1.75381618409899918996037547192386160      
   1.65183251694508790436147833451225922      
   1.54828124138487740759995689889959813      
   1.44314750666536365365109284580316595      
   1.33641639403543167727560420636587073      
   1.22807291665577091036230800654790486      
   1.11810201951694993750798008856906592      
   1.00648857934985017228339310624247164      
  0.893217404545895123294534167896228728      
  0.778273235074084976363625493678113514      
  0.661640742402001085534572623515757333      
  0.543304529417836149233644619264637602      
  0.423249130354826413386464608037652162      
  0.301459010717070121328226549691767471      
  0.177918567207407576992963699852472049      
   5.26121276575760449632582086078855288E-0002
  -7.44760490411054222153452750010112152E-0002
 -0.203361773002554988789609092915348064      
 -0.334060923410892734992128696872738441      
 -0.466589448583279232293321657515406773      
 -0.600963366029009846869850163888868245      
 -0.737198762509649272737845389959000745      
 -0.875311794093218213396365757202529464      
  -1.01531868621071702643705466492209176      
  -1.15723573370652307437044380296171039      
  -1.30107930088998461820250776485469208      
  -1.44686582158358025989103864548816511      
  -1.59461179916861459993229526911023114      
  -1.74433380663005560793240091976439818      
  -1.89604848659905251980088864228833119      
  -2.04977255139302303179275027975372041      
  -2.20552278305451090586589374925171479      
  -2.36331603338672296346619126580875586      
  -2.52316922398912055859556307788030084      
  -2.68509934628939881890897654672301964      
  -2.84912346157387984183184596681453496      
  -3.01525870101766073833912339227828873      
  -3.18352226570941472771793822367864885      
  -3.35393142667783847755525549769346077      
  -3.52650352491404383621021384271486837      
  -3.70125597139473609651308148415059003      
  -3.87820624709713096177210855551232736      
  -4.05737190302075827512003659356079748      
  -4.23877056020164144965436706356285623      
  -4.42241990972512982009660030390081730      
  -4.60833771274034651588582172478640176      
  -4.79654180046916989335252878526972028      
  -4.98705007421527141512761597045018897      
  -5.17988050536999421208070198314172959      
  -5.37505113541822056604319746417787043      
  -5.57258007594204061605482334422870545      
  -5.77248550862261675715818373092586448      
  -5.97478568523900046574019757168192428      
  -6.17949892766705990387911911287837463      
  -6.38664362788066087808991494546878819      
  -6.59623824793778446309803605663421483      
