   6.46114229236431383104529813515576879      
   6.46114229236431383104529816081295898      
   6.46114229236431383104529817224803629      
   6.46114229236431383103206499618279705      
   6.46114229236431381055518118431438388      
   6.46114229236431083984655939480222561      
   6.46114229236420195233609012981465599      
   6.46114229236254095900238762382111926      
   6.46114229234854779860361165190699266      
   6.46114229227107927655030323737973402      
   6.46114229195560010478239570405393955      
   6.46114229093577912821655543563952125      
   6.46114228817609669621066210632907615      
   6.46114228168186853963084632978624268      
   6.46114226801431546545723540124023294      
   6.46114224174341597937909087949848102      
   6.46114219487759168524639548914516997      
   6.46114211630798173719508369099757184      
   6.46114199129925669737668177115266824      
   6.46114180105148099045132581618778552      
   6.46114152235578052827868380404787484      
   6.46114112733450232648771186034671617      
   6.46114058332711913992103217407917237      
   6.46113985286989640644895486368994474      
   6.46113889381549724665037905248189373      
   6.46113765957800186517448872529335189      
   6.46113609949920944014695143594324330      
   6.46113415932202778587997916541636769      
   6.46113178174731203709181504804916473      
   6.46112890704364093744207234430574418      
   6.46112547367287919512447813453952978      
   6.46112141889187732219712521994564908      
   6.46111667929047940148557429409101151      
   6.46111119122948371063012895683803734      
   6.46110489114747212230134768808025776      
   6.46109771571354581701168834062601766      
   6.46108960181077978111716027606341910      
   6.46108048634460510168163019671834435      
   6.46107030587780498367334390837637819      
   6.46105899610158844666422649347963764      
   6.46104649115727645549051013030634280      
   6.46103272282824200654916459108468361      
   6.46101761962348364095260301839452553      
   6.46100110577645532786644012357814207      
   6.46098310018200697552538529774858987      
   6.46096351529385977978505401603778661      
   6.46094225600282940869074679903250373      
   6.46091921851392043922497065752705788      
   6.46089428923746442885923774418157411      
   6.46086734371025488007807259096449787      
   6.46083824553612335354438591110801469      
   6.46080684540040783168395238981730730      
   6.46077298010126028777771970876276155      
   6.46073647164340327783585529736064491      
   6.46069712637714877089518966261937063      
   6.46065473418290738399181569692540961      
   6.46060906769763611111480273260375418      
   6.46055988157807324298126755765418585      
   6.46050691179496304270985795944807622      
   6.46044987495131344043867512573488303      
   6.46038846763711274605839434462944517      
   6.46032236570250432026014006618923016      
   6.46025122370254469835084176165137948      
   6.46017467417475648371721557357432104      
   6.46009232697809718198480621862446854      
   6.46000376859473919783991721130865718      
   6.45990856140147623822066825185199278      
   6.45980624290286114973798165727237138      
   6.45969632491863491615130070096062304      
   6.45957829271800795993575942433696590      
   6.45945160409370182533728396610129113      
   6.45931568836871301136370988005632982      
   6.45916994532883789565459531954208397      
   6.45901374407447328766432587995319397      
   6.45884642178495662221017120369750682      
   6.45866728238906312679435563896670647      
   6.45847559513535573567961848949335815      
   6.45827059305601177837770130231768687      
   6.45805147131698907046000805404647421      
   6.45781738545125539427597809633159019      
   6.45756744946359353712511551006305317      
   6.45730073380817553832209196658907808      
   6.45701626329806290190244966513676112      
   6.45671301452272149813062943671086937      
   6.45638991377592448314291882640957943      
   6.45604583419815831605192680084061368      
   6.45567959305407045509648090721451910      
   6.45528994878141319762583549302585002      
   6.45487559786134490904667373092770339      
   6.45443517150537284656020243755808114      
   6.45396723214628741541771507056933380      
   6.45347026973276390028575651533290015      
   6.45294269781386236983912583387654381      
   6.45238284940765756447859160521962128      
   6.45178897264890312953946738545812406      
   6.45115922620292639053818689525766257      
   6.45049167444052668435814039120669728      
   6.44978428236577199051114749324200663      
   6.44903491028891468573295106094952015      
   6.44824130823361406248657819854697794      
   6.44740111025278004713739849157578303      
   6.44651182762479729811407158100582989      
   6.44557084336168193775990611739747626      
   6.44457540490367959039271749994908697      
   6.44352261724465703346758876132129668      
   6.44240943561942293393915095183344329      
   6.44123265788719285036928796398123594      
   6.43998891661518205887367474972423605      
   6.43867467086098029990855162609808102      
   6.43728619766277611643918136276772501      
   6.43581958324609220353045686667523056      
   6.43427071396248360682327222620691940      
   6.43263526698160187698884010880396447      
   6.43090870076396959025239488781771750      
   6.42908624535335641710660231872501235      
   6.42716289253373092183569567132987504      
   6.42513338623259135737537068157758926      
   6.42299221138079096519052055057308104      
   6.42073358580979473068523523276077072      
   6.41835144949872180901026304975443946      
   6.41583945549935496639494098083976206      
   6.41319096104947862980202667299792278      
   6.41039901930539503226684679459454425      
   6.40745637187456919692664951231298606      
   6.40435544235381022642490873973226257      
   6.40108833109841875078435801175359474      
   6.39764681145940823979507821200054110      
   6.39402232774245136778086734722858233      
   6.39020599514585988299172847192981027      
   6.38618860193684928376365322695088383      
   6.38196061411435621292209369713705651      
   6.37751218279208534263868311523201486      
   6.37283315520812731617584191664185518      
   6.36791308537982206385216378377014886      
   6.36274125477686285777954144482058216      
   6.35730668950833378302969309939826613      
   6.35159818408308971428967049105068930      
   6.34560432759915885642240560442382144      
   6.33931353281460714199664487907853121      
   6.33271406772811885309092032735576483      
   6.32579408919903708077154279772343742      
   6.31854167800614025973287499628599227      
   6.31094487462755261125395382551717002      
   6.30299171496884391877851714566095398      
   6.29467026519884174158116590889801438      
   6.28596865485733290004050597798168408      
   6.27687510742329389634474667341797585      
   6.26737796759817534296186093989700533      
   6.25746572465185759341911072413673043      
   6.24712703130211189065462746074316002      
   6.23635071774945516327062604345258593      
   6.22512580066508471871408946253004971      
   6.21344148711686890125160463928008653      
   6.20128717361888825071954099147274569      
   6.18865244066327940022772661798482798      
   6.17552704288862829195152384685599102      
   6.16190089785188639204558499492711521      
   6.14776406803939810803379345664754234      
   6.13310674530378647501358680288719523      
   6.11791923182797503746115544344609135      
   6.10219192101651535159561543954734639      
   6.08591527843944604825932382359907199      
   6.06907982329264269342020118384905849      
   6.05167611075979908470986982413003027      
   6.03369471555194782445345842330089842      
   6.01512621681065915728929926151148178      
   5.99596118449335107322756773602021352      
   5.97619016726172865914599859791700270      
   5.95580368166806929704407206059601602      
   5.93479220387007695648205388347334752      
   5.91314616041182531136826196717838061      
   5.89085592268499711427925361016829852      
   5.86791180123416280648779961321489184      
   5.84430404135554192719957281184270313      
   5.82002281959126083822502452908949019      
   5.79505824100039386915097631744692237      
   5.76940033710305830038114821541291354      
   5.74303906439104946801319572108744449      
   5.71596430331330798269309170789994908      
   5.68816585765885729977815352175985666      
   5.65963345426021313254704601738326469      
   5.63035674295545642619513264509989750      
   5.60032529675575649606909555477429304      
   5.56952861216995550296638205967352759      
   5.53795610964697439417238834702722406      
   5.50559713410876880782322224765121389      
   5.47244095553194287706304602040006419      
   5.43847676946571253584132907797580286      
   5.40369369813711234535821657652343664      
   5.36808079036272911577426639681476629      
   5.33162702270542263899151795326265107      
   5.29432129995974690776338313721475485      
   5.25615245574732937083688887546161927      
   5.21710925309405853974280800826224398      
   5.17718038496626870138777447929114750      
   5.13635447478048961594398549967919561      
   5.09462007687584407667930452518647324      
   5.05196567694923034445322362094340705      
   5.00837969246550991862483832383255665      
   4.96385047302432749165678938736985493      
   4.91836630066378138861699029938368478      
   4.87191539022215635251214152356763689      
   4.82448588956616710776953961364292235      
   4.77606587984525246329260775503149997      
   4.72664337570402405445327293734061639      
   4.67620632547878842458609411921775133      
   4.62474261133840192450252653353442591      
   4.57224004945672783800105294597070364      
   4.51868639009414372329009482647097452      
   4.46406931772661987164922407697007812      
   4.40837645110061794478381031952865356      
   4.35159534331542615954091741953395388      
   4.29371348185565806355246853496125743      
   4.23471828862244397044107494532908700      
   4.17459711995581776079987816986178329      
   4.11333726663882970424652720776582492      
   4.05092595388781293928926069298970195      
   3.98735034133648582909275475876502669      
   3.92259752300958295521057270673824604      
   3.85665452728598727735194327291380096      
   3.78950831685876748976890922398867654      
   3.72114578868397767423244588174701221      
   3.65155377392250529504087223851958211      
   3.58071903787882342577558395968585136      
   3.50862827993515366901516921207546634      
   3.43526813337875756596590808218562488      
   3.36062516573486743993279339792047300      
   3.28468587805564763198800856013310237      
   3.20743670527363745434279024806596172      
   3.12886401600274015865070377856203557      
   3.04895411245049998202942844781361346      
   2.96769323033301749714273722177800074      
   2.88506753877798171953633955939568199      
   2.80106314023841208864710943670765292      
   2.71566607039345737535107325930503411      
   2.62886229806234386810952108746635547      
   2.54063772510371723647262897902879408      
   2.45097818632409758932750338330500420      
   2.35986944938287972491329422895377133      
   2.26729721469774082849999145199310277      
   2.17324711535125029692430045259897116      
   2.07770471699662486711235280158544996      
   1.98065551776497794741100450175609726      
   1.88208494817408505514693030868388483      
   1.78197837103581513674140534032326496      
   1.68032108136608228143560626649446617      
   1.57709830629647982769188217363280634      
   1.47229520498695390053682902507317812      
   1.36589686853524692841953749072776656      
   1.25788831989751741933170158190499397      
   1.14825451379900503649876092196020989      
   1.03698033665654676575502550666827660      
  0.924050606493905978119560676861381784      
  0.809450072863916317911317680903202358      
  0.693163416771966157006887840462354786      
  0.575175250598918702457650220737984135      
  0.455470118027716452872994616369570506      
  0.334032493971520059086320665818346308      
  0.210846784501712529845757789228997826      
   8.58973267816241179043728238425335261E-0002
  -4.08316110023193713079854592056226561E-0002
 -0.169355829704390480831541620840152093      
 -0.299691199282241167931758340712686060      
 -0.431853658858941404933647495899006253      
 -0.565859216781037442485830671286480564      
 -0.701723950676589527777422525087413069      
 -0.839464007509472288060853325900155119      
 -0.979095603633602240097662122941717078      
  -1.12063502484383661060672843392294855      
  -1.26409862642521531281003387107878538      
  -1.40950283320034465910943799042892293      
  -1.55686413957511917515642696783335702      
  -1.70619910958242438747170582617807389      
  -1.85752437692321221485844349160197501      
  -2.01085664500655407794680791069826597      
  -2.16621268698690793653801238183668212      
  -2.32360934580045402074343459946556710      
  -2.48306353419936890722416097392093185      
  -2.64459223478142640560523611365463124      
  -2.80821250002285964705522609582381941      
  -2.97394145230519303005068442331418980      
  -3.14179628394208270176698037648062941      
  -3.31179425720461669572695867663004821      
  -3.48395270434049229845398328821258518      
  -3.65828902759731524928392646157778344      
  -3.83482069924464059110597133594914574      
  -4.01356526158366026976923223616127906      
  -4.19454032696688605783108871625525801      
  -4.37776357781610492927120754903523941      
  -4.56325276662394936759607832678691901      
  -4.75102571597053915930020047006576568      
  -4.94110031853472193125802083997711916      
  -5.13349453709051833188348799339195822      
  -5.32822640452306398097669281758704916      
  -5.52531402382467380163019721332341349      
  -5.72477556809828646086061308290949970      
  -5.92662928055800292782619349011489950      
  -6.13089347452494636934442416496965273      
  -6.33758653342745095264907851935773759      
  -6.54672691079249054880225350354709734      
