   6.46114195192883683103959025933776710      
   6.46114195192883683103959028499496191      
   6.46114195192883683103959033641956864      
   6.46114195192883683103158735674021461      
   6.46114195192883681879160483330752547      
   6.46114195192883493268378169085141712      
   6.46114195192876095064885207973882292      
   6.46114195192756615335425113744470459      
   6.46114195191704308887303137333429214      
   6.46114195185675354259359978390035766      
   6.46114195160454524312183734994059194      
   6.46114195077148500055031592949003934      
   6.46114194847694065805638786784471161      
   6.46114194299674668232296575885363637      
   6.46114193131721726823601385165846686      
   6.46114190862321693907465954636050391      
   6.46114186774977199392085002243882573      
   6.46114179864461826127600698415368575      
   6.46114168791500889708655676677806649      
   6.46114151835713012752737155640755610      
   6.46114126860727537773010059593180841      
   6.46114091289958870944002767568835044      
   6.46114042096578543117801670186714527      
   6.46113975801133791131586532464054490      
   6.46113888485043854619598525363666921      
   6.46113775817551289863758704622051966      
   6.46113633092953368104422438039886738      
   6.46113455284105687358138446628526593      
   6.46113237100998411917517519355681411      
   6.46112973057600386050551439128710213      
   6.46112657538481665983371596580976605      
   6.46112284872222642992012457213291729      
   6.46111849391067242154946773356818328      
   6.46111345482428205387872707959978239      
   6.46110767631478032703016599907660535      
   6.46110110447137118836396218920372493      
   6.46109368672177339318417195083856360      
   6.46108537173964046232852436052546850      
   6.46107610925962314932633352396189772      
   6.46106584956982732030135772946822645      
   6.46105454319317279483966861148422709      
   6.46104213995015206071382243678649410      
   6.46102858829256092710558531715720565      
   6.46101383442702930363645849864697335      
   6.46099782139492446162971718718338128      
   6.46098048811554112568511862904832539      
   6.46096176840412258876584769365610936      
   6.46094158996201174177831448375629714      
   6.46091987346503861448242578674753262      
   6.46089653176779280253366134634010521      
   6.46087146879121713131267843229968207      
   6.46084457880953799568266886986142556      
   6.46081574566386413195364189144514383      
   6.46078484204188430768706810440247402      
   6.46075172882190204583800318756645738      
   6.46071625444453984015827061220723464      
   6.46067825434974492540483454869067773      
   6.46063755057333868923090339476328036      
   6.46059395110568665929583133588246992      
   6.46054724957140496267179578146132976      
   6.46049722478013450038215242547312258      
   6.46044364031052043771941659249771835      
   6.46038624412627773193699481243827525      
   6.46032476825716686976124398887726896      
   6.46025892829919510857731662182648666      
   6.46018842314816453162026944363177294      
   6.46011293449935338805605302924574660      
   6.46003212638319230008415414414203065      
   6.45994564470015890088367440733142699      
   6.45985311667731264049986951827142992      
   6.45975415035635127102482191976192609      
   6.45964833381315639253819652266936134      
   6.45953523458226175815813105738035896      
   6.45941439886949175429622430883857395      
   6.45928535072933531760688283902617178      
   6.45914759108369321880344597823874943      
   6.45900059671443538390679017872812857      
   6.45884381923399549340373322047979404      
   6.45867668382251554013554007370388745      
   6.45849858795850820865387827667136425      
   6.45830890001666062266951710192932129      
   6.45810695776248000340884650233666465      
   6.45789206623880376836882690828444163      
   6.45766349743559806676151010969663405      
   6.45742048664257164011663032596453959      
   6.45716223171577703751172193943052477      
   6.45688788953017184104670541844157490      
   6.45659657609166636404189633619906230      
   6.45628736071418670249849870898566878      
   6.45595926658360190320112266146782511      
   6.45561126615381109802990264364246308      
   6.45524227874583567372767810490875644      
   6.45485116691346375731606464031078783      
   6.45443673384278048609610127793958855      
   6.45399771897735673987846870356987380      
   6.45353279479018784039225039895422720      
   6.45304056339384986044219509584976588      
   6.45251955086499346116053899065831903      
   6.45196820437349932114196360260484202      
   6.45138488646913229205650511687746026      
   6.45076787001188759288125307126935884      
   6.45011533409562086296261487086983493      
   6.44942535802126958042780183717431831      
   6.44869591464493089483353251613389609      
   6.44792486606035526223109685849356937      
   6.44710995531388833150827126395863145      
   6.44624880143456932094694618248648208      
   6.44533889104882564654415193320096386      
   6.44437757195185206183998999312196264      
   6.44336204435223674236043005088359397      
   6.44228935399275939130722379164150387      
   6.44115638267496595258767520609961084      
   6.43995983934013888623070121192344148      
   6.43869625149737879291874102020201154      
   6.43736195510253604988257058755120878      
   6.43595308449094136628079805342179895      
   6.43446556169350804497990685449204683      
   6.43289508640547492218051739370184688      
   6.43123712394250276664643577361142935      
   6.42948689406554725729515040834426265      
   6.42763935917395203919489009820513582      
   6.42568921257111776385238390377401612      
   6.42363086548492533283004480385207195      
   6.42145843616260132420767993502701486      
   6.41916573639045224228632016682504804      
   6.41674626024524197054609942044333092      
   6.41419317235671677399983356951648240      
   6.41149929668761443666464650205870340      
   6.40865710623365971321801069999152961      
   6.40565871423678919543260839574454798      
   6.40249586497017364118199636875112914      
   6.39915992928880734089998219052582794      
   6.39564189897692650498047203976422805      
   6.39193238521175674085249728822480870      
   6.38802161921116407551968754511850528      
   6.38389945564134890836746912359380059      
   6.37955538022721642324803742880575877      
   6.37497851808932270884969383597170025      
   6.37015765233048919754354227209818573      
   6.36508123379493605441311279681663739      
   6.35973741303049728071018124168626248      
   6.35411405585659999232835161491390891      
   6.34819877456455525319330883214276939      
   6.34197896003901520603815573412470139      
   6.33544181295244454572560855978881502      
   6.32857437793358651567123768750846544      
   6.32136357901669163279540092308088937      
   6.31379625722426883536449028846822138      
   6.30585920328892651776450675180121729      
   6.29753919252272210757649771996569411      
   6.28882301875014067488902885377919063      
   6.27969752489424609724894961505360659      
   6.27014962973501571853706696212150490      
   6.26016635350873172359505500113600036      
   6.24973484229599882611763404168400928      
   6.23884238482144038557654599638995656      
   6.22747642983099781893614195742916605      
   6.21562459882637361103714816236376145      
   6.20327469470652318642108313089326760      
   6.19041470886527081618010739993279824      
   6.17703282443237548455023374083806803      
   6.16311741548074472418355989249309214      
   6.14865704596317174218978582829249468      
   6.13364046434544384467319620886930401      
   6.11805659493112069936428266964170258      
   6.10189452977325157349870212280497999      
   6.08514351652746039916894833405713990      
   6.06779294569400522635860773073840372      
   6.04983233699409249829539146795343435      
   6.03125132370194485523086409059769649      
   6.01203963788696038439116331068599511      
   5.99218709454675579271634379181519746      
   5.97168357599734230318023957711104301      
   5.95051901636730309784042774480951017      
   5.92868338734481963682022366131188775      
   5.90616668428139845642120239860528780      
   5.88295891263358358086299402459171320      
   5.85905007601546078537313686107561182      
   5.83443016585514686160817805126660779      
   5.80908914939573212636248687121219161      
   5.78301696339880436480023603992401913      
   5.75620350342714941147682479194399150      
   5.72863861913544620599785990106463659      
   5.70031210680855904618851361319705316      
   5.67121370471951211353296765128189626      
   5.64133308854163877615504583304029488      
   5.61065986776506415629289401082724582      
   5.57918358274552522954038307813900969      
   5.54689370204659342429592950657410346      
   5.51377962025232869953491302162528522      
   5.47983065725350466038416275874778776      
   5.44503605635582451713979667576954409      
   5.40938498377877357333316748157242477      
   5.37286652727876312631852356937900237      
   5.33546969807175432218157924185942733      
   5.29718342741412326271463965990679441      
   5.25799657016056431006757106691932484      
   5.21789790106485048273994592434977086      
   5.17687611927164588964365314448671671      
   5.13491984404002717897084984625488272      
   5.09201761970891750900920707935689482      
   5.04815791200104615361620395321764298      
   5.00332911172551936993703217235493413      
   4.95751953272576210166638494906560408      
   4.91071741382514062456247536703721352      
   4.86291091947949926330710839702194847      
   4.81408813898776201302675769916838045      
   4.76423708722000086332998897446764301      
   4.71334570660778530786104903854931780      
   4.66140186460059720962659275696941110      
   4.60839335752704223732001278238354436      
   4.55430790829265366863434847502444380      
   4.49913316819291325170519126541513169      
   4.44285671566167711030562596338360055      
   4.38546605917670970054886140054730926      
   4.32694863480554221503008753950358947      
   4.26729180855445361060195063407266087      
   4.20648287460577964152736525655215561      
   4.14450905794125398779090094995883498      
   4.08135751248610388767474438287077572      
   4.01701532247119398337650260812112624      
   3.95146950170871708664935371295554947      
   3.88470699502847306986282032350431779      
   3.81671467706954121998713564537031914      
   3.74747935290914218757110363611252848      
   3.67698775878690215018956170456719129      
   3.60522656114352851193019014684785437      
   3.53218235754611625606892917534678343      
   3.45784167613547746580494005734718490      
   3.38219097631683009582287578612745790      
   3.30521664791567283646927703852088762      
   3.22690501257158386860898839309653318      
   3.14724232231470057693456225668785282      
   3.06621476064100566132258074661769040      
   2.98380844196964337855124136772100365      
   2.90000941150517898637219736174526928      
   2.81480364643045679157733814869186964      
   2.72817705423332721034101137838603699      
   2.64011547396704659178943399796806236      
   2.55060467539640528180725763357191919      
   2.45963035986870354313095415614518378      
   2.36717815925422522520145980579205495      
   2.27323363687346463403449827011991916      
   2.17778228690073242577261419447379027      
   2.08080953451358877944690140689131705      
   1.98230073591785859495102137806800271      
   1.88224117814114760271687764098211762      
   1.78061607920876229567426868583099802      
   1.67741058798536937776037615884550813      
   1.57260978402414249972188532109129378      
   1.46619867793743830491378479869728260      
   1.35816221089233111112136175510418517      
   1.24848525478045309697380573030371905      
   1.13715261221565044646702910251831059      
   1.02414901637347969673364738922548639      
  0.909459131152065459925848383072384008      
  0.793067550971652834398526926561417885      
  0.674958800555920837231138751450707709      
  0.555117335329387845789685568948383174      
  0.433527541194681036000486769084031696      
  0.310173733978908688987761167677559404      
  0.185040160481776002060567194923207354      
   5.81109975165880159582798972950646769E-0002
  -7.06296478670905311451819958485607194E-0002
 -0.201197738251146857736503925817048797      
 -0.333609306157136644544914362612735682      
 -0.467880453846959509561361990246622785      
 -0.604027353418573085719688574477576925      
 -0.742066247042967166174086069200132916      
 -0.882013446589174832336026830809851804      
  -1.02388533399290703898495298325250915      
  -1.16769836117685645718307819704155646      
  -1.31346905015079820675680029917220159      
  -1.46121399288862352148749558107531156      
  -1.61094985143187106255010443588904724      
  -1.76269335799111868143552567518628442      
  -1.91646131481150436332849580441429733      
  -2.07227059437281828236295135816132912      
  -2.23013813935117512913351037472691197      
  -2.39008096242859497087018230711733845      
  -2.55211614652951957126634710127225893      
  -2.71626084512761205239896540474209954      
  -2.88253228146878528725656954550140075      
  -3.05094774923623099525481511348447818      
  -3.22152461238519574887142683576522661      
  -3.39428030521116269627086760107963468      
  -3.56923233214942496213877714521302696      
  -3.74639826813077777650382714073579524      
  -3.92579575811292746722966366616693766      
  -4.10744251749443967418854183506588620      
  -4.29135633198674612107287404795317839      
  -4.47755505769967034552397222079761358      
  -4.66605662083017231801985664222800311      
  -4.85687901798386896656759903192779749      
  -5.05004031621372968467169305037056916      
  -5.24555865257400766998488610980220820      
  -5.44345223476040870458599023322517841      
  -5.64373934043135821971085118923208018      
  -5.84643831773348833144282774666919358      
  -6.05156758488041255043920584874674217      
