   6.46114195192883683103959025933776710      
   6.46114195192883683103959028499496191      
   6.46114195192883683103959030219465800      
   6.46114195192883683103871537251477180      
   6.46114195192883682895426219553571456      
   6.46114195192883639689348619992797579      
   6.46114195192881540594955320448319498      
   6.46114195192841660788678200534721416      
   6.46114195192442628699965723577854646      
   6.46114195189909330495978900462742616      
   6.46114195178381116864336586340786572      
   6.46114195137535778598858859423174687      
   6.46114195018165180824402510142157718      
   6.46114194718250706192191443401567738      
   6.46114194050472350956795757518992498      
   6.46114192702478144660797360639373768      
   6.46114190192249564312373881284461313      
   6.46114185821383695357040302495629242      
   6.46114178628716668609569678032945742      
   6.46114167347599992374550247665808671      
   6.46114150371327874058286051246980065      
   6.46114125721399957536303035009778178      
   6.46114091026679194260415127144524348      
   6.46114043513972446365646425876328418      
   6.46113980009380788605684728946275362      
   6.46113896951661555588267106156943142      
   6.46113790417996137243829331361771711      
   6.46113656159242433874871381176729997      
   6.46113489648116745730760364543490722      
   6.46113286131887223454786649761013175      
   6.46113040690885652129593821357259699      
   6.46112748297899460137487982510115729      
   6.46112403873678654438325788661157071      
   6.46112002340393932474794663570358046      
   6.46111538665683109145589355904089089      
   6.46111007888909688210661940090261425      
   6.46110405141673419148667476954429481      
   6.46109725650738501984505611277544542      
   6.46108964727114361896384643144383476      
   6.46108117740729005500195363494583082      
   6.46107180081706459348500568495023482      
   6.46106147107350772428227184908217303      
   6.46105014078801535128714875884970383      
   6.46103776112373724750741940000038031      
   6.46102428075569380129724814794530435      
   6.46100964518032572155400584252351869      
   6.46099379588014231482753458715157513      
   6.46097666947835808412953201514320573      
   6.46095819691434625276646710427498271      
   6.46093830261709927068512330839199962      
   6.46091690372133951160240253666853066      
   6.46089390929413279939705462632236967      
   6.46086921961476472762322674876396919      
   6.46084272571819832815130954060546778      
   6.46081430850474891710537361449318933      
   6.46078383830210558353183489832536220      
   6.46075117432780376551394044874190716      
   6.46071616421197729682077732118868979      
   6.46067864356896678351763083792945610      
   6.46063843556391832610662354795315396      
   6.46059535053724212347917407260889010      
   6.46054918570262284924780255235669548      
   6.46049972472580097519402883370945364      
   6.46044673737625332267491650091469940      
   6.46038997917901697186889879400993548      
   6.46032919114765495834262803273451022      
   6.46026409930062076369559259664684770      
   6.46019441431993008132901976189781528      
   6.46011983115379622256329206118376276      
   6.46004002844302209104356514916070429      
   6.45995466825166615669122876944997313      
   6.45986339529934942607004970118347404      
   6.45976583644445525991577428757473720      
   6.45966160000645121417560539611278954      
   6.45955027509756754301440100404075838      
   6.45943143072572221137356361443221818      
   6.45930461502482733860249141803099279      
   6.45916935423679161949825232160485984      
   6.45902515164995591417520340543111776      
   6.45887148658938066688986086693446806      
   6.45870781310949798888067786981199105      
   6.45853355861223452556677530322458733      
   6.45834812249406914856120813022657474      
   6.45815087454515971155245743832849147      
   6.45794115330444487161838552620159706      
   6.45771826426134233025186390405674048      
   6.45748147794781777476382991544280555      
   6.45723002794505098594233603488433126      
   6.45696310822167655179830713967319535      
   6.45667987159423902525978995067393619      
   6.45637942703952353050911282045898303      
   6.45606083636334416204034964287984614      
   6.45572311231121348930827464691025334      
   6.45536521351387565007058678243974812      
   6.45498604460384268628591181862578094      
   6.45458445031027280762883231830319831      
   6.45415921386560314331901713958379670      
   6.45370905081514894410176658230499599      
   6.45323260477336509242924962306640421      
   6.45272844753694149172922651082875044      
   6.45219506918604247930210208158929244      
   6.45163087711366170656912538793472753      
   6.45103418918033120321021472634286097      
   6.45040322855655612607525703347819417      
   6.44973611857583984498799432934240803      
   6.44903087680227333655685934393301094      
   6.44828540902511186320989853863110428      
   6.44749750192240645809577152323625824      
   6.44666481639665941245474795529142250      
   6.44578488124735062733904937102520042      
   6.44485508445330551582186392685326885      
   6.44387266588510995972755229596375145      
   6.44283470743179057877168093937316299      
   6.44173812678000961750360458940956249      
   6.44057966602861409041344634643019853      
   6.43935588238562298260388711735194563      
   6.43806313865314169379418188266806947      
   6.43669759206511512978980010443457634      
   6.43525518368094240937410862977133230      
   6.43373162653177224741317728281884273      
   6.43212239448258582297773121902377833      
   6.43042270933635120066402063372540383      
   6.42862752843170411919998849872934432      
   6.42673153190967597519283379563151366      
   6.42472910945799694467352623280679669      
   6.42261434741118461070597696911862336      
   6.42038101478822777075934687185846742      
   6.41802255087175833082606417927907622      
   6.41553205184527988352593270036569268      
   6.41290225922844304402628854134970243      
   6.41012554781826462416249807074388452      
   6.40719391476891748822135258573341623      
   6.40409897094788002281220890673640291      
   6.40083193315927921096683442428417406      
   6.39738361933612337268033332776532938      
   6.39374444412275241695912453292290652      
   6.38990442078252497177291110180253831      
   6.38585316322281745442175593528258683      
   6.38157989264940505885481026801209865      
   6.37707344956373426016237307980309455      
   6.37232230721686978566741786859609871      
   6.36731459123161597841228889156245696      
   6.36203810199243629853382671540898084      
   6.35648034127411132789842697867504303      
   6.35062854441615625015367893415366910      
   6.34446971044363628024937801612853536      
   6.33799064023779292010415431059407475      
   6.33117797267460645444910858942530616      
   6.32401822254101130508625799183003524      
   6.31649781808016744527102383007567322      
   6.30860313923985712902394068252920016      
   6.30032055068576335486776583115367617      
   6.29163643987248161738531839173566102      
   6.28253724180330907579827508184503926      
   6.27300947302171174096678487227152009      
   6.26303975170052600454079896495323856      
   6.25261482092620005058671414929369561      
   6.24172156673762140615658220173124006      
   6.23034703198685824315021436323234415      
   6.21847842763751011637053076722665682      
   6.20610314283365958901910511320505620      
   6.19320874868761352855553731180147033      
   6.17978300314794398879783560740114481      
   6.16581384980397686733242609705235729      
   6.15128941848997688014846912865236226      
   6.13619802090039973765632045745795913      
   6.12052814487887285019774789117169410      
   6.10426844807043541535856522752523284      
   6.08740774986421113845404305283751791      
   6.06993502108733758636450604115346432      
   6.05183937373453362767745832595953686      
   6.03311004892865989841654613985695304      
   6.01373640418285534773419115799879465      
   5.99370790078023883203926897348037863      
   5.97301409092317363297009942291890715      
   5.95164460210452165692113402195929386      
   5.92958912613132935471384301626177663      
   5.90683740345844797142783474893654656      
   5.88337921240059575353650489126392837      
   5.85920435449316340408955565532260254      
   5.83430264391466062530069343982420217      
   5.80866389634153205662675892127861497      
   5.78227791760665667667040604828126253      
   5.75513449549510654035681701196122445      
   5.72722338932084231486780710681086062      
   5.69853432316701899088554124997747202      
   5.66905697873219823944178515192710405      
   5.63878098886818000380197531353225530      
   5.60769593203987552264273411097980087      
   5.57579132763983959055124648447766488      
   5.54305663183510997850859738286678310      
   5.50948123422674328582511812868535314      
   5.47505445475891859236839299902058508      
   5.43976554136894651826199683030279298      
   5.40360366823074547904975230912323259      
   5.36655793382052200119084294918704790      
   5.32861735994592706896136748625795195      
   5.28977089068521407043961047432899424      
   5.25000739183245301670090412215393955      
   5.20931565058924686181868278488288283      
   5.16768437488512663957866515517817365      
   5.12510219357495888261187394327055702      
   5.08155765674529149606890321775611071      
   5.03703923547345027776756432320406598      
   4.99153532176940811163992174852684660      
   4.94503422966480801917890135728433112      
   4.89752419504405109895968682881737245      
   4.84899337567739309756603745440413350      
   4.79942985265992945519042213130839898      
   4.74882162967337069444426607540341815      
   4.69715663411872312814723997289140194      
   4.64442271722870032147057780734019502      
   4.59060765482399684490542625538783305      
   4.53569914710986210909838621782361482      
   4.47968481995188791819139434081254129      
   4.42255222446251411048845136440888870      
   4.36428883775036261655964118816724771      
   4.30488206321534163907306993767088767      
   4.24431923098130746272524967553485054      
   4.18258759785059839930834928782910686      
   4.11967434833106659079715647565618911      
   4.05556659390243652208672487439620444      
   3.99025137435754018007353132690337140      
   3.92371565731505916969947669348870507      
   3.85594633849006204263005371036205839      
   3.78693024243074161342789239234471842      
   3.71665412206925366984318111243015733      
   3.64510465940462117738057849514708470      
   3.57226846528265349488731390403554622      
   3.49813207989666228665134817936981685      
   3.42268197248369984114185058517716493      
   3.34590454199901296674830291698662954      
   3.26778611677940684521079843745186039      
   3.18831295491288668502926404380919620      
   3.10747124401654348115621703409093530      
   3.02524710174691626739310751542131284      
   2.94162657542161075204922933752335240      
   2.85659564246507121128069983461197711      
   2.77014021025924824182151706589360410      
   2.68224611602629305114581891834783781      
   2.59289912727096088972116297875372817      
   2.50208494171037324866270693925167393      
   2.40978918693755664561571217576080057      
   2.31599742081431560905723521077872532      
   2.22069513127367375621690265266277511      
   2.12386773652363679292427737031113682      
   2.02550058487545594796184258649079563      
   1.92557895503228588556619376397489717      
   1.82408805548462966175995378857006287      
   1.72101302514537640525088862909413866      
   1.61633893327887051333016989673716040      
   1.51005077898043997444105408214721869      
   1.40213349166704152524330169050158462      
   1.29257193088621909979278122609081371      
   1.18135088615678774016365426080871338      
   1.06845507739261014448260465584646547      
  0.953869154268441463058041764265415241      
  0.837577696633091636882353725525271993      
  0.719565214634847471459662370178154978      
  0.599816148129307783637027405074096071      
  0.478314867023727055798516194869816203      
  0.355045671423535475922734409385124025      
  0.229992791106172087070810020662233450      
  0.103140385931239438989281798468588233      
  -2.55274542798999679088228229937981851E-0002
 -0.156026709839855037145695673325781475      
 -0.288373431308032745921377370384250416      
 -0.422583739257490725670355590446395805      
 -0.558673824499228151408679317792284250      
 -0.696659948008677085109633785233537743      
 -0.836558440967660910492932122634423884      
 -0.978385704799025943356322215349762867      
  -1.12215821115505780554969871516157500      
  -1.26789250209579619540152863644490956      
  -1.41560518974239514260828020347443791      
  -1.56531295665857286477712173069921691      
  -1.71703255570591167284273053214802078      
  -1.87078081007256140937263971078692275      
  -2.02657461328773278819557374884619185      
  -2.18443092928525144919644192919259962      
  -2.34436679224197301990419465503351208      
  -2.50639930695675537541505613802479678      
  -2.67054564833362349655531343070386922      
  -2.83682306184546986159041127685444153      
  -3.00524886330124343817797658330850089      
  -3.17584043898060310292116078517533357      
  -3.34861524560845941310899758204528043      
  -3.52359081030195191118504328266852178      
  -3.70078473042238047636987640719249330      
  -3.88021467397253584063968650606482998      
  -4.06189837945279508110351629026030514      
  -4.24585365543924804381124166967484858      
  -4.43209838123239418502243054785614679      
  -4.62065050644254242289964999245973332      
  -4.81152805107940514423302601439525818      
  -5.00474910550918458312674841597405812      
  -5.20033183063308714123732237861590524      
  -5.39829445762007120157623050669731062      
  -5.59865528818782624558829895986474125      
  -5.80143269406727432851181709288927002      
