   6.46114195192883683103959025933776710      
   6.46114195192883683103959028497732578      
   6.46114195192883683103955342050463729      
   6.46114195192883683017430238725564584      
   6.46114195192883631202681782740535124      
   6.46114195192879374822693999873149653      
   6.46114195192773441005277255814272999      
   6.46114195191562482401552310689179077      
   6.46114195183430361539618157383443032      
   6.46114195145963036336053262290293315      
   6.46114195014853042430603044493761499      
   6.46114194641592134843974194371081601      
   6.46114193734681725670779604332394901      
   6.46114191784723225085580533934026637      
   6.46114187997182702559416734678833801      
   6.46114181212237914218539848152989162      
   6.46114169833557317228781548280537120      
   6.46114151771306590801917492862775627      
   6.46114124397968087723011618233046265      
   6.46114084518253992164985592220892076      
   6.46114028353841432740217994034309924      
   6.46113951543879504050645418563221037      
   6.46113849156223786165679576552394809      
   6.46113715725697073912109375640745183      
   6.46113545296654561132723104862744741      
   6.46113331483432402035932150235590028      
   6.46113067542170318480103994648584807      
   6.46112746461215571880955685904574052      
   6.46112361049746139337193751625641493      
   6.46111904023946994675881861732866550      
   6.46111368102283088847907036316233062      
   6.46110746083164356308950523935179699      
   6.46110030903562328331527232652311092      
   6.46109215690416900092822629155268008      
   6.46108293799512043516697922692596560      
   6.46107258796843544699668593710480140      
   6.46106104446471781780719198697268381      
   6.46104824672771303232901165462956326      
   6.46103413492902895814387671828617755      
   6.46101864927945109616258406888285077      
   6.46100172900389538840684806364403651      
   6.46098331143001083440547532111276404      
   6.46096333047839912836669047548302614      
   6.46094171548283694816703774520834097      
   6.46091838984698877438008553689169576      
   6.46089326971422947372756429028868058      
   6.46086626259317183309098401538979161      
   6.46083726613149009734381767935197147      
   6.46080616701128820854409816329454785      
   6.46077283955937590938349891401980144      
   6.46073714476146675773326209495529246      
   6.46069892926799654990265696578661249      
   6.46065802445482732041672922438154433      
   6.46061424562149106980648679788412390      
   6.46056739112012111322443995189887520      
   6.46051724185052876011064840217239217      
   6.46046356043259875052249164321301033      
   6.46040609069727135695593270260822675      
   6.46034455711681385216089457574291441      
   6.46027866435628729019109069288891653      
   6.46020809679046100870413579164387552      
   6.46013251798328408212654892308874236      
   6.46005157021809066205180642941204815      
   6.45996487410608188204347685317644053      
   6.45987202804355691329657589681151907      
   6.45977260768719950469770121625063660      
   6.45966616544510212972513008286413819      
   6.45955222984337685606050349801475742      
   6.45943030493334650017633384365598153      
   6.45929986916075183954999760182515223      
   6.45916037567089752392780612248888617      
   6.45901125021613560064178343446028693      
   6.45885189088374242550717781416773378      
   6.45868166680459852879657663479076807      
   6.45849991790959064832100351936517153      
   6.45830595206544632684020988212031179      
   6.45809904520504113354915479315298139      
   6.45787843894873318047376092303722049      
   6.45764333969278158124219171002811319      
   6.45739291688190410490880004898882781      
   6.45712630027738713070961466699537032      
   6.45684257916524699329398925398002257      
   6.45654079982204622468714735929094980      
   6.45621996313981337698177122389945506      
   6.45587902177476252291563259190227156      
   6.45551687901216776114414988335384004      
   6.45513238470080000810242443078785011      
   6.45472433264705820893522211628022146      
   6.45429145798786814039124101807274442      
   6.45383243348065629481136420823892304      
   6.45334586579932291969419990331103089      
   6.45283029296863173553313234360189961      
   6.45228417911497364891759572099512874      
   6.45170591137788146985098003419000869      
   6.45109379511336792915062716874972680      
   6.45044604924601828772190891123460003      
   6.44976080197067613904441129201846130      
   6.44903608543838953120951803419400918      
   6.44826983021297485383898716128082771      
   6.44745986007614875182449123652602376      
   6.44660388587608630090148338686489233      
   6.44569949979650661240467882477910791      
   6.44474416818639522631949142292620580      
   6.44373522573745158798788485739991824      
   6.44266986785064045255351605706229956      
   6.44154514351783366253152171829162595      
   6.44035794728148455707263959422176809      
   6.43910501191030313894441330538370899      
   6.43778289914413448756195445064996581      
   6.43638799222562589639721721835625143      
   6.43491648574958650088995111091489518      
   6.43336437695987989944760317709744508      
   6.43172745625937021670318286344164671      
   6.43000129710330487700136749014406675      
   6.42818124626523450917111284231305648      
   6.42626241311555876669564923512087538      
   6.42423965905636527731158828342167300      
   6.42210758861320583751888906954017132      
   6.41986053559861123350852460321573219      
   6.41749255610548676622695501987781212      
   6.41499741682847782560738879304636033      
   6.41236858535776965577486247521049213      
   6.40959921873514186022311506395683201      
   6.40668215941182164905882395590786374      
   6.40360992374207716427722389412372215      
   6.40037469475891145300332241750406649      
   6.39696832085089823168633436586068488      
   6.39338230782963215911339423484619397      
   6.38960781966073505981389255684266823      
   6.38563567839621891594547884551232501      
   6.38145636584382565378793626539798532      
   6.37706003174036435966583172377152558      
   6.37243649869417474549155777156607591      
   6.36757527786910601174136701006865794      
   6.36246558294116004999089761055942213      
   6.35709634624004709839179185446851851      
   6.35145624543306731969995607087519561      
   6.34553372475659658506802915241359728      
   6.33931702526588091274673608104988126      
   6.33279421911993784747671197296818368      
   6.32595323835640421279681459025539502      
   6.31878191724207787710991603997588794      
   6.31126802405147859153049255519209526      
   6.30339930157253555448767423190110781      
   6.29516350374445328592484246717950197      
   6.28654842983394041281868760982613696      
   6.27754196024202591536381642411983231      
   6.26813208540375322111508826334102284      
   6.25830693323191496304522958116779711      
   6.24805479153731883230740975069876841      
   6.23736412652077712865794446127494547      
   6.22622359414082546330665150121001533      
   6.21462204974582658907326499824166585      
   6.20254854818962948920538744009040572      
   6.18999234257190645317541070500311881      
   6.17694287592989781288085776013269566      
   6.16338977202042944651730048130896701      
   6.14932282067415137634859398695378796      
   6.13473195891726598079514591550787179      
   6.11960725642530811527696372238960807      
   6.10393889237414465196998536524518892      
   6.08771713797534020306585607299558357      
   6.07093233638570413062118116967102469      
   6.05357488360565454227177734979940663      
   6.03563521167685835437329419405632319      
   6.01710377131020539137301135044319084      
   5.99797101652935651362436580360287162      
   5.97822739255385780178284805678933656      
   5.95786332192149784236778713112481921      
   5.93686919617040729725843293075850601      
   5.91523536489609681357938959803291093      
   5.89295212896237155496684923962522493      
   5.87000973454598054933268362820151047      
   5.84639836640600633817152934583947914      
   5.82210814563280005680589768009180417      
   5.79712912442249226063026754690574568      
   5.77145128429441739602948168164464886      
   5.74506453372637127995346332548455127      
   5.71795870701336383902095258470173667      
   5.69012356314460709416038859455826582      
   5.66154878488309576408024875903540177      
   5.63222397885997604109672410443050128      
   5.60213867523312484454284766322973743      
   5.57128232807438808345899849015863421      
   5.53964431432301817133941167092806620      
   5.50721393712129227112155237070138818      
   5.47398042353525219893180696290218541      
   5.43993292589107051772244166293355200      
   5.40506052324445625655405594412811969      
   5.36935222049501415321886757000016966      
   5.33279694999614729918995847145336701      
   5.29538357162013390298238449512198804      
   5.25710087407488624200451184464996082      
   5.21793757447557649237853499315228548      
   5.17788231969298034784923648327748603      
   5.13692368630708290770817638960003117      
   5.09505018149519010623301097141641829      
   5.05225024318379715166440674694824919      
   5.00851224046779318944439199585662869      
   4.96382447433024598721554577402628761      
   4.91817517751702295839462742027063893      
   4.87155251511649880360720766959422150      
   4.82394458492781052226451005032287770      
   4.77533941746381411223380019358997403      
   4.72572497633670490358874784967298846      
   4.67508915844773646397446242851521854      
   4.62341979416745190163504263943964657      
   4.57070464739246841882579446479729917      
   4.51693141591725356792733902430942762      
   4.46208773119031586334386471180504827      
   4.40616115870025438294021766414253465      
   4.34913919792557280577820896174573439      
   4.29100928246094189818005690149851346      
   4.23175878005799895655329472798691478      
   4.17137499251574425604522922302398867      
   4.10984515569190146264833366845171036      
   4.04715643994758670691263055947161717      
   3.98329594953050045054462178596392251      
   3.91825072292827416220288313616720715      
   3.85200773276926435536506984953095981      
   3.78455388565396494947749149544526871      
   3.71587602239393678590261879556240963      
   3.64596091764918195992796328679398411      
   3.57479528015557618066352877150113970      
   3.50236575234676846971556939387949603      
   3.42865891079555932342140181412426516      
   3.35366126519973349889294210717651414      
   3.27735925990259107085130256622512102      
   3.19973927206608256079589467191992338      
   3.12078761254462497005465664377411107      
   3.04049052582612401587200123646926717      
   2.95883419151539927002962705222192041      
   2.87580471470254504433612834899172440      
   2.79138814549074729926955596827095215      
   2.70557045958350988650108267449456925      
   2.61833756606317322745386530826282751      
   2.52967531005961593698544907838089375      
   2.43956946666189847511375226815225562      
   2.34800574245359513136520566416994186      
   2.25496978241959113838294484763572703      
   2.16044716032779088013259815451766971      
   2.06442337840086068609700113359020477      
   1.96688387993369355138351647129590935      
   1.86781403424386569037823575434008829      
   1.76719914576922174205924754579510895      
   1.66502444872138428472244807631940680      
   1.56127511096202828535118998250861928      
   1.45593623186763174512760236591824902      
   1.34899284366215358090398683395551501      
   1.24042990804537711826081288157520272      
   1.13023231898430157196444803791869143      
   1.01838490730195977188005308680560165      
  0.904872427502360360397865948313602875      
  0.789679564036856191222990601452981114      
  0.672790943815021367365421157754675996      
  0.554191118186977718943765167948452813      
  0.433864570454013640719869628363800585      
  0.311795715228444105556989822527565416      
  0.187968897054582766529912497767127418      
   6.23683934027375432878678105917584159E-0002
  -6.50215882869762614995595084250563411E-0002
 -0.194216910571909769171018192935422785      
 -0.325233503181970264057517670528499765      
 -0.458087365854933318478653776102679020      
 -0.592794569079202860184457236482717270      
 -0.729371250172427803302900296889175381      
 -0.867833617277955666128743233950687118      
  -1.00819794774717632868447365394996632      
  -1.15048058902834484868186707906071504      
  -1.29469795677903461507332427618203827      
  -1.44086653703298006056399379685764269      
  -1.58900288528838445821231901378553057      
  -1.73912362744822551280147109150751876      
  -1.89124545783880077895455857321035350      
  -2.04538514117491552866107397109443916      
  -2.20155951194902675504198696540340535      
  -2.35978547439880712750314858858260324      
  -2.52008000348131368948812538707896807      
  -2.68246014220767010101048564959332105      
  -2.84694300480498595698516935175898386      
  -3.01354577512106164097301086942380845      
  -3.18228570697180127882705478995365542      
  -3.35318012486404944170613532061845336      
  -3.52624642177987288258543703753490461      
  -3.70150206183536772795530316884363674      
  -3.87896457895233715253025789252950026      
  -4.05865157700571236392758845323980028      
  -4.24058073051758103886714347776937448      
  -4.42476978333245015248665570182520626      
  -4.61123654958793685126876582005661963      
  -4.79999891372809449877059091444051667      
  -4.99107483022202179276734773766173587      
  -5.18448232360496138651708708871809603      
  -5.38023948870824702544941423915957830      
  -5.57836449117100629703660545900224363      
  -5.77887556483424184475961095448267508      
  -5.98179101526410939239608269821777370      
  -6.18712921772297751957588718040960612      
  -6.39490861752454207163612228228476034      
  -6.60514773033739925551260049622113712      
