   6.46114195192883683103959025933776710      
   6.46114195192883683103959028499496191      
   6.46114195192883683103959038314688000      
   6.46114195192883683103933437568524517      
   6.46114195192883683025891172982611113      
   6.46114195192883663959148832328961797      
   6.46114195192882621076599271632286318      
   6.46114195192860943047317098194032067      
   6.46114195192628156557475613697369542      
   6.46114195191063804838686994306207012      
   6.46114195183604903718070592319100583      
   6.46114195156129158568324652269820625      
   6.46114195073147490937862680728174272      
   6.46114194858713846675207774018211618      
   6.46114194369521191365123262313522220      
   6.46114193360875928849804601635654676      
   6.46114191447257334186126151078009353      
   6.46114188059782917798440553381132323      
   6.46114182403109220198211469653624393      
   6.46114173414187926312461346737807701      
   6.46114159723942254606121597187086284      
   6.46114139629026817320052777870171993      
   6.46114111067335386058153394089268831      
   6.46114071602315626284468620256981633      
   6.46114018420109506761611181458886599      
   6.46113948336843878909937437341764427      
   6.46113857817265266672175479586454547      
   6.46113743004669182651917565372494405      
   6.46113599758741965084348199186468070      
   6.46113423704394241975550874981105632      
   6.46113210282849564589575507859108555      
   6.46112954806275646030476257068920799      
   6.46112652511124018085310859187598121      
   6.46112298606857384469456093696160692      
   6.46111888316017226614208012467951093      
   6.46111416914025352778438074945559374      
   6.46110879741480601456427525423731536      
   6.46110272215448447167678782421523915      
   6.46109589823852232653375699846397231      
   6.46108828106631683171423226065902972      
   6.46107982624530216150842121036211480      
   6.46107048916268616690741739596668469      
   6.46106022445713080502201327789335128      
   6.46104898536027937240524208368320641      
   6.46103672308667069261886620208749975      
   6.46102338616444777444979070520471021      
   6.46100891951529447472594446131618131      
   6.46099326375562374391165046286770120      
   6.46097635442536208985340088406267356      
   6.46095812122364644752818724913106821      
   6.46093848728055375464636431842007469      
   6.46091736844184670143727153414284883      
   6.46089467260311420225624468274050258      
   6.46087029905641756130359405507341907      
   6.46084413793134368717323279345944215      
   6.46081606971500426397580233704442139      
   6.46078596468672536352128400335160139      
   6.46075368244060039819895064393651420      
   6.46071907148065005197165907893968049      
   6.46068196883259423953320610569063685      
   6.46064219968784814590001750848346541      
   6.46059957702530581203763821467618917      
   6.46055390131259505891551029741170075      
   6.46050496016387070591921522154377110      
   6.46045252805961004906384635593415199      
   6.46039636593244800896311027269116000      
   6.46033622085955482341056437943758796      
   6.46027182568702487507045098145301302      
   6.46020289871304428136029424672625827      
   6.46012914315436376679362324313453483      
   6.46005024679596454594318494952214748      
   6.45996588137940528263796824816030756      
   6.45987570215583454473207416260946004      
   6.45977934725434439370249355824117091      
   6.45967643695592121460855945676061038      
   6.45956657301967630568180461718084456      
   6.45944933786846985748711735968554980      
   6.45932429367149771564696077975853717      
   6.45919098145696201268840649291263426      
   6.45904892001549381174012382807729174      
   6.45889760475907194310277114424200124      
   6.45873650644503861410601583499361783      
   6.45856507008195721502018278566399396      
   6.45838271317663632179635181357759317      
   6.45818882434253451297286645575922437      
   6.45798276159726234467395750219616870      
   6.45776385057177832861208234547567668      
   6.45753138258051623170035640690732262      
   6.45728461259947793250440563386232335      
   6.45702275707353492771036394143222168      
   6.45674499150035914033117499968105138      
   6.45645044807971549483842354908322821      
   6.45613821241399760539834307540780020      
   6.45580732195506571013986535310870537      
   6.45545676245860904040488794796337361      
   6.45508546296549607286190679220643582      
   6.45469229597378094750285326289143621      
   6.45427607090916638394945276877449369      
   6.45383553126583146394407424386924673      
   6.45336935110026424755053281286316096      
   6.45287613056924081989028673057979297      
   6.45235438975662768140361411074092285      
   6.45180256633403045327318327558697155      
   6.45121900995468065757097705645828736      
   6.45060197474590214761734571684488030      
   6.44994961708733039105234968949394743      
   6.44925998670870640509809592863432778      
   6.44853102233967837272830482027131982      
   6.44776054446158447644254911138720941      
   6.44694624790420867144059659455372393      
   6.44608569509458387700606951901294862      
   6.44517630832280093448857971834600023      
   6.44421536134412452752781044836085908      
   6.44319997057094099525360141683116577      
   6.44212708744453158144683765283956702      
   6.44099348662895790479501382389638156      
   6.43979575859770083507929353266622385      
   6.43853029816488387467922151707084187      
   6.43719329324960856689205565605308005      
   6.43578071472960087807778999600032639      
   6.43428830357288998348908336764876581      
   6.43271155918165578475047333457431471      
   6.43104572749763670436545900616623917      
   6.42928578558614268555251915264875143      
   6.42742643186706555660807594369793278      
   6.42546206936368420506877442180995836      
   6.42338679350059735743625295291277334      
   6.42119437771876050108397819246603860      
   6.41887825974345134122032007249974203      
   6.41643152798572683002949882906491480      
   6.41384690814090488174459807253900193      
   6.41111675118186713838556020533411016      
   6.40823302194798032933697684178639530      
   6.40518728848829983550259483981007272      
   6.40197071407344194315112634485690697      
   6.39857405108012904738927287925522229      
   6.39498763689660823535147858676182111      
   6.39120139357121317592359197951315902      
   6.38720482943174965885235986361141807      
   6.38298704639623195579061049218450508      
   6.37853675069183394441680787139511164      
   6.37384226801957162838034914428089164      
   6.36889156126256125776925524838699539      
   6.36367225573300263910076029510535016      
   6.35817166573804914325306736599541772      
   6.35237682801174470150302408096971830      
   6.34627453406237060241894756693637190      
   6.33985136991929186285631232375271481      
   6.33309375392769886606636911587680720      
   6.32598797653685687356448989071104582      
   6.31852024012541013197163176760185995      
   6.31067669712111462068453599885079895      
   6.30244348991039891853673034511971764      
   6.29380678015053591843561862651901972      
   6.28475278594136865187428664519200603      
   6.27526780622768215545479228938899705      
   6.26533824671785331462804655987003561      
   6.25495064205701099615001934074957258      
   6.24409167097411279814538531764043882      
   6.23274817224570363440436252329780702      
   6.22090715356227822018900920652053401      
   6.20855580149331516373174969932733187      
   6.19568148383935079468151442553263920      
   6.18227175409642588486122170504124242      
   6.16831435064920708376102662833119862      
   6.15379719585716761680599326606857079      
   6.13870839229982042447205772153350259      
   6.12303621662244993982025736508882766      
   6.10676911588298340303709201050630113      
   6.08989569754753616527799451717968825      
   6.07240472183668107391864585506526764      
   6.05428509317843154628522168926484555      
   6.03552584745972007822543085073265042      
   6.01611614369420325606200656898360914      
   5.99604524995581711322572323022265401      
   5.97530253331508293003474942971358382      
   5.95387744641503511431969202757429231      
   5.93175951463889349374316945211532059      
   5.90893832497421679483362815877628915      
   5.88540351295282002666342147602686256      
   5.86114474999850248374813018716008093      
   5.83615173349211112989558937571081632      
   5.81041417329117955774460187894429745      
   5.78392178266223862189987752811417782      
   5.75666426793414562469325942410683607      
   5.72863131921492904600569455691950648      
   5.69981260162124836482236401310571961      
   5.67019774787006587144170584536086981      
   5.63977635094785051068805625255903110      
   5.60853795752015450176464459365332625      
   5.57647206288513467247613655592809919      
   5.54356810551491033854037077884163124      
   5.50981546296276342888382137795347858      
   5.47520344801294007832880784572645250      
   5.43972130554710431785369653511576367      
   5.40335821000143253869797509298229404      
   5.36610326310234217492853466410132808      
   5.32794549159660063916475739900195676      
   5.28887384652413191042455497084069715      
   5.24887720143520365614299862671692306      
   5.20794435211740707261993727360138384      
   5.16606401529075483799375172873983357      
   5.12322482877499805944437651728315835      
   5.07941535084281387113948687017969876      
   5.03462406057259894268961827254983685      
   4.98883935722615000011082129033814767      
   4.94204956088028748275632419393543087      
   4.89424291260159054730479128016026733      
   4.84540757421560888800584776295135866      
   4.79553162947268195699695742959835444      
   4.74460308334716105102454423566496974      
   4.69260986343855533706086845002229756      
   4.63953981956946586344376804287520832      
   4.58538072467073341818557809527625576      
   4.53012027493090495980668653503235068      
   4.47374609037801004984158268597710951      
   4.41624571516250330648350820112624436      
   4.35760661790598194716642247444728825      
   4.29781619232030945833050540425400705      
   4.23686175726084328880291779320334726      
   4.17473055744736801661860611778597819      
   4.11140976307838650058389283068433052      
   4.04688647129616065186026982385286367      
   3.98114770546907173991303792896509627      
   3.91418041577708595098415662033010633      
   3.84597147983150150131136024956965284      
   3.77650770238409808544089471526223205      
   3.70577581602402994673636834658913835      
   3.63376248099024705643480123766482656      
   3.56045428574009440257211680086937487      
   3.48583774685980251779231644908148588      
   3.40989930940814311437970372131463599      
   3.33262534694224921600500032829728973      
   3.25400216179513728591983479914357541      
   3.17401598516741165675599955643063389      
   3.09265297699908709935595723399936186      
   3.00989922670820362390195230235036596      
   2.92574075240360095449147383252943375      
   2.84016350190113436024629497848552164      
   2.75315335198430283397159761107214819      
   2.66469610914824719437653892051137484      
   2.57477750912790096478187478845590702      
   2.48338321726554564770784074368798615      
   2.39049882869746375033406273927450883      
   2.29610986787220378910585860425300853      
   2.20020178894628708503674435274425984      
   2.10275997591676195833364538169911161      
   2.00376974234902128541240077793340015      
   1.90321633165993440964669069715034235      
   1.80108491692209013917224747420499597      
   1.69736060109263619626119521445038560      
   1.59202841666923156678166225866688729      
   1.48507332623571795241251224568551175      
   1.37648022193920064764217530932260010      
   1.26623392578292489312297389667165140      
   1.15431918964554274812481271920399927      
   1.04072069500807919759607258763567329      
  0.925423053275974779809695146134908548      
  0.808410805557225014391009593265063143      
  0.689668422712882972857825996900398071      
  0.569180305394111590795370658103028645      
  0.446930784004854860313731051674804162      
  0.322904118585315096648477268145255605      
  0.197084499047983475521033306160334059      
   6.94560449057322152077760528922872725E-0002
  -5.99971947859576173572721908589869018E-0002
 -0.191291240906170141071904720129134490      
 -0.324442185024366237552828636838163018      
 -0.459466188881123766196997783490307884      
 -0.596379484642251464718232649186772176      
 -0.735198374805047020821291447830405487      
 -0.875939232255058794793484184863258410      
  -1.01861850032511525887669368599140680      
  -1.16325269275902770645330345769201513      
  -1.30985839365994130788843288527937137      
  -1.45845225759329824556687007897756561      
  -1.60905100965115270250531150516825955      
  -1.76167144526710091374932355923617116      
  -1.91633043035177488129569818708089624      
  -2.07304490131399128390996856570578970      
  -2.23183186505561262001782481658971824      
  -2.39270839900399538664596737707209075      
  -2.55569165094694957670808454376013943      
  -2.72079883937657683099380962869685259      
  -2.88804725299316681524646852554053105      
  -3.05745425120414392971787250768569517      
  -3.22903726389613103447093916022562349      
  -3.40281379141179271916365423142872067      
  -3.57880140465914016513640713024152593      
  -3.75701774495537803720225329704970390      
  -3.93748052418710902858807995224883505      
  -4.12020752479645526815478064025026235      
  -4.30521659949700541327932917695494349      
  -4.49252567167070596369537737784681252      
  -4.68215273513472689548340577482093285      
  -4.87411585414847910210534195506053271      
  -5.06843316343592302459793081491781049      
  -5.26512286815634739038269478072303769      
  -5.46420324389475220825843704978094978      
  -5.66569263676666343826079911922837265      
