   6.46114195192883683103959025933776710      
   6.46114195192883683103959028499496191      
   6.46114195192883683103957010960130894      
   6.46114195192883683048992936564294550      
   6.46114195192883647002433028138603870      
   6.46114195192880499439098347548090672      
   6.46114195192798620240749295964909139      
   6.46114195191830657859719699343366125      
   6.46114195185156811627233743743886888      
   6.46114195153750688182204352741438447      
   6.46114195041930743700412066965298628      
   6.46114194718967741659395161839489451      
   6.46114193924673845928725096374801183      
   6.46114192200361641343346765220398206      
   6.46114188818363772271243392630961769      
   6.46114182712443812746553209091031160      
   6.46114172402378856065288044510047685      
   6.46114155937607949024673767291979727      
   6.46114130851037743924796279185367003      
   6.46114094126926154899257959966354330      
   6.46114042182829822018012533427358113      
   6.46113970866860144687249061351748550      
   6.46113875465824822418845744956162134      
   6.46113750739843391603298278260915925      
   6.46113590960781198025084140903868740      
   6.46113389969564394004344316633678883      
   6.46113141246197370995827553379282314      
   6.46112837989803882715050952989742242      
   6.46112473214812804016424894723158375      
   6.46112039830203000583476198198147410      
   6.46111530726672748938026829271625061      
   6.46110938865502799028597189223841556      
   6.46110257334277715822395706808463011      
   6.46109479390510881390224315979621074      
   6.46108598511499356193721611831109440      
   6.46107608382615473786801940922772737      
   6.46106502882458906187704498327033684      
   6.46105276044896186971854451750394108      
   6.46103922004391187562250556030881025      
   6.46102434914798511131826865088917619      
   6.46100808846535335836317308614952364      
   6.46099037687358601367613226017052906      
   6.46097115027914621431273826605873971      
   6.46095034022776057140149236970219815      
   6.46092787268895257281160404319050886      
   6.46090366674994808380548122506777970      
   6.46087763333931024412081443499535797      
   6.46084967392611593603966234826075443      
   6.46081967935664763115958967868531190      
   6.46078752888372238538555424929038148      
   6.46075308882727997517703206651588491      
   6.46071621170902345108131485989212614      
   6.46067673534847330631323100357193762      
   6.46063448201319998663769927523634525      
   6.46058925770703486607545657982168613      
   6.46054085137022784909311939549309746      
   6.46048903444761069053264557229227807      
   6.46043356012149369933389101226081344      
   6.46037416285171991334791286943007875      
   6.46031055786631282833222025502994419      
   6.46024244066209258698782263237601682      
   6.46016948666653415806513464897908630      
   6.46009135064519021160883712019250617      
   6.46000766625857743186158215731488672      
   6.45991804563339260741241619381305545      
   6.45982207886225216700462223597666182      
   6.45971933340356804002375213226900774      
   6.45960935356834720251064690111806193      
   6.45949165985024578257863919178297843      
   6.45936574827004132875551163984819412      
   6.45923108928139011785555999335380195      
   6.45908712782254543378233848066081115      
   6.45893328139837580759169312837828323      
   6.45876893966799532949778102258406893      
   6.45859346297007745554188842918179048      
   6.45840618176727870290150031253291420      
   6.45820639493213249377182788369070531      
   6.45799336805694858227816538522950422      
   6.45776633237557706275822687156844151      
   6.45752448267829496571119002139562261      
   6.45726697660209658119837254848184130      
   6.45699293108220731205163004672126618      
   6.45670142131669316251236408759786892      
   6.45639147885337377463800458041737790      
   6.45606208854836376215766821327729964      
   6.45571218577628468648041524700409153      
   6.45534065514747333456567677210515156      
   6.45494632647451863323635502022699927      
   6.45452797171282285941364217938145634      
   6.45408430263635520250041639317420496      
   6.45361396669187385188442916361216908      
   6.45311554346449788318178876794662071      
   6.45258754134447722575883205429412714      
   6.45202839306174681675755941252999376      
   6.45143645163495721152066236687510282      
   6.45080998588332619338265224838872550      
   6.45014717538395010996717567048361471      
   6.44944610627189324151979928874745668      
   6.44870476539945487970512318287436725      
   6.44792103481503460714682516384596302      
   6.44709268654065908469754597099417572      
   6.44621737591374808882193767803660249      
   6.44529263586465589841745389402642420      
   6.44431586939122841407851231967881317      
   6.44328434357389945467221510719826493      
   6.44219518183620432029847049980505362      
   6.44104535647017584620938582401178041      
   6.43983168027235619723625635734006813      
   6.43855079921726644881614269802093118      
   6.43719918296833378509508025711144081      
   6.43577311662837926357489669653700128      
   6.43426869093448972176235420790973599      
   6.43268179322072142565374345509438989      
   6.43100809716642697474269650613944919      
   6.42924305360699971485563628170039145      
   6.42738187876618763745560287210274781      
   6.42541954508567850937600605835956911      
   6.42335076977712833277674039643259333      
   6.42117000525159851533588399049587815      
   6.41887142625553663230055790519783800      
   6.41644892179485760886650847811514068      
   6.41389608444319812286001882241210178      
   6.41120619920373809134675192606992093      
   6.40837223542316591223786017098314888      
   6.40538683844610741934433598682100379      
   6.40224232171119307870902324299691398      
   6.39893066194994663384885707912877765      
   6.39544349155398539278355934769958589      
   6.39177209990544146200733574860734881      
   6.38790743052686131893315265422846344      
   6.38384008145337746720233369281605060      
   6.37956031238582366832160604478422376      
   6.37505804997507225697820544152625735      
   6.37032289820074773801554257946675243      
   6.36534415262027049269799190829834438      
   6.36011081787427812464980882672918840      
   6.35461162586855509500682811207689331      
   6.34883506195456558292923017039978278      
   6.34276939037645518631299170319366609      
   6.33640268308754625997139483105771319      
   6.32972285434229154311073447437396425      
   6.32271769649809573625171736203846217      
   6.31537491126362044890927867825152672      
   6.30768215099945274817342351314106039      
   6.29962705331350900764949740029801411      
   6.29119727828436711408655175027452111      
   6.28238054116755033255052729222427610      
   6.27316464655308169628976064769396360      
   6.26353751651248397348106398634310798      
   6.25348721527910955417908600085809464      
   6.24300197139861381306482027193539776      
   6.23207019326006144752465118001033358      
   6.22068048219396358744736298980530397      
   6.20882163734259385424799082382825986      
   6.19648265827714289119542117272726320      
   6.18365274189784128618477602664208698      
   6.17032127442617131918300479149548235      
   6.15647782214219076054362953819422999      
   6.14211211688342710153867227532121844      
   6.12721403831617258266309856232033004      
   6.11177359722555427985823976584857572      
   6.09578091530308392946036954323764828      
   6.07922620841702756824244943125206252      
   6.06209976435450583547442871459242493      
   6.04439192631883448893480799844081752      
   6.02609307374525039852545659632101080      
   6.00719360715509293334005507479458756      
   5.98768393348143944233594625923472074      
   5.96755445049960515334978108139195317      
   5.94679553710795870039195011916882534      
   5.92539754188572601965079754076099492      
   5.90335077271870928352258623752063353      
   5.88064549126498351303196862969038417      
   5.85727190477724939666473776103542436      
   5.83322016080507550179719575140541577      
   5.80848034359044099597187800386801921      
   5.78304246972277980047050609592037180      
   5.75689648543679644069577951868881246      
   5.73003226470001247169044796159339826      
   5.70243960723591253309191251789316075      
   5.67410823787634331138631862662617631      
   5.64502780536925468498441531813757206      
   5.61518788215853066698205438752573658      
   5.58457796415213107090452808409263048      
   5.55318747105657501540768367207172035      
   5.52100574594491163987301319006107963      
   5.48802205578732683769587853411333180      
   5.45422559289094983569297678519242339      
   5.41960547397790390230635477413055569      
   5.38415074186067472326241140942966699      
   5.34785036483943670157318575691278414      
   5.31069323819490860565858648556919603      
   5.27266818438995636559970552664033613      
   5.23376395371101136991322564230911756      
   5.19396922486303375816125172534267402      
   5.15327260540664044378363747553466767      
   5.11166263229231932439413197916146787      
   5.06912777245027111799349976186670209      
   5.02565642288366369565693577088487206      
   4.98123691147727392896570511198190844      
   4.93585749740864334791543819419519265      
   4.88950637084671609630312037354989272      
   4.84217165429681235685397068875034392      
   4.79384140181371852565390323894230950      
   4.74450360021985146842610867871017523      
   4.69414616861947032424561250701388179      
   4.64275695905145871187051979309370606      
   4.59032375661204285870018478646285884      
   4.53683427930491116113950691908598201      
   4.48227617860643392314975002476234080      
   4.42663703929928861181157449311796964      
   4.36990437988088189157584478596148209      
   4.31206565200965989239807231321251534      
   4.25310824148773481237213556434168517      
   4.19301946752510816254255030895259455      
   4.13178658323307360036294650283182580      
   4.06939677545114114579195419175414052      
   4.00583716482522338306932695742336981      
   3.94109480579621537411311376013031406      
   3.87515668662873856332028807336199668      
   3.80800972931840340259095053266896484      
   3.73964078966214895841318703643554222      
   3.67003665704254066364515120292554462      
   3.59918405480419418993220953117993414      
   3.52706963957947430171825028322642444      
   3.45368000185129126442754615189221647      
   3.37900166560961834867452448700126966      
   3.30302108917350988432946574943335551      
   3.22572465978389252197082508839524362      
   3.14709870530146469022514287199677372      
   3.06712948221567678011228566630851645      
   2.98580318011794242983125952713709795      
   2.90310592328840915673172079837577978      
   2.81902376864239088850693905497783613      
   2.73354270584732821107362412202606040      
   2.64664865640071615672701623097449345      
   2.55832747697032754312938426755773009      
   2.46856495497345766206185740078620412      
   2.37734681066714832362232693512771911      
   2.28465869814194251024660611562613397      
   2.19048620199007750026198688907590235      
   2.09481484086666042263342524232825533      
   1.99763006528409188757234429272553602      
   1.89891725632355407437320275093212858      
   1.79866173002513944625100700791597471      
   1.69684873315458812806615480924882357      
   1.59346344185762843178501865353878480      
   1.48849096924862106282162910924371648      
   1.38191635713152798941609549390069825      
   1.27372457711234422745617875468057700      
   1.16390053741507526608978104471600998      
   1.05242907635599025121587528905551000      
  0.939294955660397460248654829713401945      
  0.824482882951273523810659073107517616      
  0.707977486909525772243670442949977035      
  0.589763328594377852630749344917258396      
  0.469824900332020384822978536658858328      
  0.348146630073936647769907265995210830      
  0.224712873666317381335721443294060708      
   9.95079176815071652576888271148350988E-0002
  -2.74840207303560603689028617410421790E-0002
 -0.156278792418688298683360378730035062      
 -0.286892318131278644497213504142503660      
 -0.419340587756645257018465644816704224      
 -0.553639660544668440837871317368227279      
 -0.689805664208537768890932489881015571      
 -0.827854796770315385178251475684819947      
 -0.967803326738064833167712972573060800      
  -1.10966758952953129382831721467627159      
  -1.25346399206909243519016149293466555      
  -1.39920901128532768011354241598302143      
  -1.54691919160741720768747515479841987      
  -1.69661114882997227021655275456519011      
  -1.84830156837714081488943410392424820      
  -2.00200720502980389237229886622606489      
  -2.15774488325466176636555114208991158      
  -2.31553149767702889855565805245142394      
  -2.47538401257574723079361336570494470      
  -2.63731946332188757163962926293522681      
  -2.80135495286571789182034228941261959      
  -2.96750765588190984783922496458100882      
  -3.13579481644983138831869839223027055      
  -3.30623374939363109194089635098487321      
  -3.47884183834825805006192857743697943      
  -3.65363653766387479967211039534191814      
  -3.83063537173923561312168386865423860      
  -4.00985593491060462015922643784085813      
  -4.19131589229219227792126850065315043      
  -4.37503297797715595660671047792347002      
  -4.56102499674556584377567841719998675      
  -4.74930982355144872636571132109606129      
  -4.93990540330400610953381831425640314      
  -5.13282975127138754843585263515614198      
  -5.32810095344026290475637324166697595      
  -5.52573716425553089195968688431017874      
  -5.72575660965588586070028519989016439      
  -5.92817758540375889713231821100773279      
  -6.13301845727063585734281338902999683      
  -6.34029766143331133704286264556598943      
  -6.55003370462756550989560996786391414      
