   6.46114195192883683103959025933776710      
   6.46114195192883683103959028499496191      
   6.46114195192883683103958883419781351      
   6.46114195192883683094878622695195710      
   6.46114195192883674554542114057999050      
   6.46114195192882724578038811664953021      
   6.46114195192853281687883537130476477      
   6.46114195192455674858463253793414161      
   6.46114195189412607985574743856268860      
   6.46114195173839499924541135369677695      
   6.46114195114450148722021162771130892      
   6.46114194932830152037348679123323247      
   6.46114194464088415666532119039410749      
   6.46114193405087043723473599866617890      
   6.46114191253192985807584470702280173      
   6.46114187239959758298997780995252575      
   6.46114180276490140553402932959205302      
   6.46114168886665176814049250093858714      
   6.46114151158175832391468953142355285      
   6.46114124704520503493789610881987618      
   6.46114086638124344190474617824050929      
   6.46114033555826309663753891424284363      
   6.46113961537283864583180637105342428      
   6.46113866164967623278783830657465223      
   6.46113742546404255154429388696690604      
   6.46113585361597280952580429201805109      
   6.46113388918199661138169495268855110      
   6.46113147219795378185128920876338159      
   6.46112854038285816317943305573981414      
   6.46112503003446342301547987473115639      
   6.46112087675850314743169833359391107      
   6.46111601622539864729839647731091530      
   6.46111038483424311177469316884573594      
   6.46110392020755571256214446113413073      
   6.46109656164270645873837813916792464      
   6.46108825013833156047633199618138522      
   6.46107892847279319624683891215528506      
   6.46106854100130338936353863694654213      
   6.46105703309185623800062754039736740      
   6.46104435060073545185971115917077663      
   6.46103043909244440788063993506773761      
   6.46101524293930182617069994647662609      
   6.46099870434927985915874031107073955      
   6.46098076225032567884548432626072249      
   6.46096135118177236573656621216525791      
   6.46094040023018918484370556007466593      
   6.46091783173028203237367971452187281      
   6.46089356021259490522048692272584066      
   6.46086749130583481706986706687537880      
   6.46083952070080834927285211066440872      
   6.46080953314803362282476327602237245      
   6.46077740154074189580017273200297375      
   6.46074298606208122389434988195707742      
   6.46070613351942678934410917004512747      
   6.46066667644340300113352283323019235      
   6.46062443250525962212967506142406149      
   6.46057920391842926039260151775709928      
   6.46053077687738790678819570442688561      
   6.46047892110887973848433984952399987      
   6.46042338926585688014949865797456893      
   6.46036391669074056433056524796847554      
   6.46030022079611420167857197602672537      
   6.46023200070077452233658262461019153      
   6.46015893680029942369353782865856264      
   6.46008069033509859975345496459554408      
   6.45999690292330323250541117167633277      
   6.45990719611580092404663980968718108      
   6.45981117077703286316278425895663320      
   6.45970840660597193448539213981597484      
   6.45959846152455214345647909507619703      
   6.45948087092235658529423829089894304      
   6.45935514697304805247601968937953262      
   6.45922077778575781747965406347594191      
   6.45907722652194085914667400694494231      
   6.45892393043462151225290861355151249      
   6.45876029937492554753041049093305347      
   6.45858571578314267046156598571644525      
   6.45839953205895064149683198465915986      
   6.45820107001792731671062614397376207      
   6.45798961864019329234596516131074390      
   6.45776443403165729196187016206571688      
   6.45752473582846941016279678162768003      
   6.45726970630700277923751500493117065      
   6.45699848811158531667925893344578362      
   6.45671018199604110067772152861952471      
   6.45640384527846462312870858778660469      
   6.45607848863875066606728556041405117      
   6.45573307339553765625598148397013874      
   6.45536650919326069018546607545754665      
   6.45497765091243592991526865808339749      
   6.45456529545851057319147909649083639      
   6.45412817837291674937442120200750481      
   6.45366497111291060316374732388765507      
   6.45317427556687458549050195285217732      
   6.45265462201622066536097020922135254      
   6.45210446360766526438805837210093179      
   6.45152217302745424621853521560598555      
   6.45090603702642576842083776253076370      
   6.45025425201929180073836686612428436      
   6.44956491841465153966221204153090791      
   6.44883603622799080711563806940011492      
   6.44806549840450686758928049648348580      
   6.44725108512053307007719695201276635      
   6.44639045788337438204695243741633053      
   6.44548115250529582320316816319231126      
   6.44452057232645989152132862053637137      
   6.44350598142058726504599293420500239      
   6.44243449601642589962763143186374855      
   6.44130307757374942055229609104287459      
   6.44010852435342999043903492539224390      
   6.43884746245505694350906343798639796      
   6.43751633679869425510186470196574810      
   6.43611140254111297892365119051825399      
   6.43462871496346083560355983028357327      
   6.43306411854623792661508744140271477      
   6.43141323880504417495429973502170169      
   6.42967146949192292133265411212732791      
   6.42783396346524707849635099190623830      
   6.42589562034943909183248080831393386      
   6.42385107630947231553488892993068578      
   6.42169469225285674884003941602349721      
   6.41942054269404425576914798531946153      
   6.41702240445797215888270265859497292      
   6.41449374701075967202865468534726246      
   6.41182772019334659704454297919308991      
   6.40901714565528217012836730537491474      
   6.40605450900369331408491061397608491      
   6.40293194996677551602067481215429395      
   6.39964125762490671016847260794830013      
   6.39617386401951451128433857111659005      
   6.39252084388659300366181113040822103      
   6.38867291212323316542734338688461988      
   6.38462042512549122891710504002146670      
   6.38035338875213425992617428926869446      
   6.37586146261322415103132605774737434      
   6.37113397314585445440681726796767102      
   6.36615992862035247167852237814922202      
   6.36092803398169965688511162105494473      
   6.35542671502026975765754643740059081      
   6.34964414113276740668593757906483828      
   6.34356825338799496670348860080886058      
   6.33718679476818448779235531919406136      
   6.33048733548164981651649248158495322      
   6.32345732193182012723099096324482021      
   6.31608409339255815937860230734476123      
   6.30835493412144364955264462028851075      
   6.30025709331284773309788013967094986      
   6.29177783218016885078202069788949289      
   6.28290444704213269243489823584767799      
   6.27362430721350024354970743081556489      
   6.26392487965252796570255532336312488      
   6.25379375595055465255575895037773304      
   6.24321867312474587223867177045020488      
   6.23218753394810687211153117716310844      
   6.22068841906834439771902554393817866      
   6.20870959919295282146452049671911575      
   6.19623954025669614922838223670426852      
   6.18326690645755067630514313829939481      
   6.16978055773217945851109872229295771      
   6.15576954577099261111285603708371396      
   6.14122310484899038006647520356430947      
   6.12613064048777996448433964196748658      
   6.11048171580029195167031558881958011      
   6.09426603553157217144007947887828696      
   6.07747343255702102164148045276759906      
   6.06009384249296737310333715711700114      
   6.04211729590770435551928813408468424      
   6.02353389355967814207630919764088320      
   6.00433379404963663152953797591181237      
   5.98450718894090505867314275145045580      
   5.96404429934170602635971465859049962      
   5.94293535117201019802980828803412723      
   5.92117056677653413780687686334989752      
   5.89874015288868494237409033379542364      
   5.87563429002801905741498171209169884      
   5.85184312197085990209899948318018149      
   5.82735674906996937629172553201708371      
   5.80216522148313671932803874148629080      
   5.77625853318741200508118530265164041      
   5.74962661482030340410544863730982380      
   5.72225933531572319935206526977888331      
   5.69414649171412615351480042915841306      
   5.66527781231548759365294308105091445      
   5.63564295110633893188629451887173855      
   5.60523148760438908652736151724577417      
   5.57403292650205182062033373991080572      
   5.54203669426910981254769159756326769      
   5.50923214266774048967079249832278657      
   5.47560854458388743457643535788212886      
   5.44115509711669156702039096619613374      
   5.40586091951724212558461876239516937      
   5.36971505476342433741611520972802054      
   5.33270646573039011738226438005760154      
   5.29482404704544088702599786677377958      
   5.25605661218573256220520845820668235      
   5.21639289833230847057831087677721279      
   5.17582157441043208497365415067626049      
   5.13433122811895302206206472080456351      
   5.09191037700863551912528097187705694      
   5.04854746748423888116609447206861205      
   5.00423086992671438206224189234076488      
   4.95894888446002242275889538521980226      
   4.91268973834580930969884465745951997      
   4.86544158882421090765408504476616870      
   4.81719252159735980491347291730387869      
   4.76793055224532560268826010606468700      
   4.71764362562420910088082974104690017      
   4.66631961761243302034976633428080259      
   4.61394633386051095010141273244667678      
   4.56051151117143749511416018056353659      
   4.50600281729163194782259680318137910      
   4.45040785099207516008194061672197548      
   4.39371414269920905245866237870894988      
   4.33590915441333188224818978794196639      
   4.27698027963357677616510605464526643      
   4.21691484398229903516648809805276952      
   4.15570010514796321296628468835377010      
   4.09332325283667157102724121345528466      
   4.02977140887322276210697405931253777      
   3.96503162762146660339847556962987688      
   3.89909089557151866687453438220807199      
   3.83193613176026133084397803234634572      
   3.76355418763293012105036761877319172      
   3.69393184696917949093785365179453249      
   3.62305582627138254290531981156194619      
   3.55091277440582786773620395191919702      
   3.47748927267308991148221645654558153      
   3.40277183502231892649420674759654213      
   3.32674690778936325730426438030046667      
   3.24940086973665245859591612583239063      
   3.17072003202081553363595823229998425      
   3.09069063824841203947080157031655230      
   3.00929886463552687557068575190955336      
   2.92653081919976838602038463855627758      
   2.84237254272735669027323198296994472      
   2.75681000777837609752124160061001598      
   2.66982911954439199847255343606512604      
   2.58141571493287620077880467069687208      
   2.49155556317005217899174339026918071      
   2.40023436547157285640757322521223290      
   2.30743775492257355771712552040203012      
   2.21315129654857405036333117865541701      
   2.11736048719061622286369996922889920      
   2.02005075545715038721683027512990727      
   1.92120746157132963409147156670195826      
   1.82081589757129613168773639301306073      
   1.71886128696361943723283857827059123      
   1.61532878485584012588401263304756231      
   1.51020347758266510790495039931985433      
   1.40347038292582281160668154958276966      
   1.29511445032122651107159859991970150      
   1.18512056006523539825490963304777395      
   1.07347352382318322659212026174694360      
  0.960158084343991311798123353070926064      
  0.845158915494170345631403366485717156      
  0.728460622040981052720795853180474798      
  0.610047739802270163020671676883325895      
  0.489904735523854637291853610025690723      
  0.368016006708132211089580611004001111      
  0.244365881668794734086135477109422590      
  0.118938619433726831172333831450359036      
  -8.28159028778477767847952715002219733E-0003
 -0.137310627175611421510392604277064532      
 -0.268164440328189723798507462275059694      
 -0.400859048329915402467165225914399461      
 -0.535410539284048750846334092849907750      
 -0.671835070872182884330723110169319682      
 -0.810148870393711186319567978148213346      
 -0.950368234809092862076315516059729494      
  -1.09250953078086115276498807086903706      
  -1.23658919495085929999039390014378771      
  -1.38262373306513281497979287259353954      
  -1.53062972133781572460780865873031094      
  -1.68062380561428246913474119170815062      
  -1.83262270160723794054585976193543993      
  -1.98664319496634448166029916024478881      
  -2.14270214128857476301023557272029864      
  -2.30081646615433868637188787980154839      
  -2.46100316513616299172743110270251158      
  -2.62327930384612458386213476607332905      
  -2.78766201795001502955472342016314373      
  -2.95416851317250819329948322469766413      
  -3.12281606533978140618567306855442633      
  -3.29362202039103736671271596131867861      
  -3.46660379440584565601254785533942436      
  -3.64177887358192647089258724674120866      
  -3.81916481433716008532566397197412564      
  -3.99877924315634082157690710115907573      
  -4.18063985669228834078886200361666342      
  -4.36476442203456951320180261040302103      
  -4.55117077620113160419419299365048545      
  -4.73987682650042908356700450812638990      
  -4.93090055103544277895797459504685183      
  -5.12425999662168618993925383838690244      
  -5.31997328146492134760099415057276208      
  -5.51805859368687973220692698708382577      
  -5.71853419185240603660950491068877166      
  -5.92141840399781329596524934833390767      
  -6.12672962898025149879088353056202450      
  -6.33448633708768289408453364906330674      
