   6.46114229236431383104529813515576879      
   6.46114229236431383104529816081296206      
   6.46114229236431383104529817227398319      
   6.46114229236431383103206518038900444      
   6.46114229236431381055522301635322329      
   6.46114229236431083984822061153828449      
   6.46114229236420195236017476593871076      
   6.46114229236254095919017569053548464      
   6.46114229234854780124730735043882004      
   6.46114229227107935617000515107502213      
   6.46114229195560135203080120234375191      
   6.46114229093579161978343403064540057      
   6.46114228817618532968121679133476209      
   6.46114228168234770628497896258953903      
   6.46114226801639749025960894751823677      
   6.46114224175098578225298758035920567      
   6.46114219490134739355417224642490129      
   6.46114211637391987931243050141738712      
   6.46114199146432183464378099390378246      
   6.46114180143006866447126320591168029      
   6.46114152315722938378811221869715605      
   6.46114112893540625902590818262616908      
   6.46114058635247627959828983826501903      
   6.46113985832348010873810960799630024      
   6.46113890322984507633375670136126644      
   6.46113767523572911650651246975110359      
   6.46113612469426508469915119725584723      
   6.46113419868421856558936596638982551      
   6.46113184163186973869821592145477593      
   6.46112899598943844513845393488425447      
   6.46112560293141160952720171192306184      
   6.46112160302761220554040821728093969      
   6.46111693685182278663158747238638087      
   6.46111154548845651504973453409861426      
   6.46110537090535696233264910783312328      
   6.46109835616935049595284375772539239      
   6.46109044548919520772560302960389397      
   6.46108158408048613133688934736429472      
   6.46107171785458925332730245215313079      
   6.46106079294197854579025805901981356      
   6.46104875506539924666845294403499049      
   6.46103554878347687878208986829114391      
   6.46102111662734565645761409482999917      
   6.46100539815492420788393777538545631      
   6.46098832894669028419191968859186525      
   6.46096983956643166399072604450458915      
   6.46094985450781636080707632360197332      
   6.46092829114582369063520883127211489      
   6.46090505870855921350742420868106213      
   6.46088005728248809038150444094680437      
   6.46085317686069896419128755621559422      
   6.46082429644104779101806688962436561      
   6.46079328318031024529974042403250105      
   6.46075999159452813792632537803469154      
   6.46072426283203996821370431128470452      
   6.46068592398226291415069499675885240      
   6.46064478744100176790076988630460425      
   6.46060065031741533062242293393859337      
   6.46055329387804464773676350544262745      
   6.46050248302051265582991300081453812      
   6.46044796576975949980373257957360831      
   6.46038947278843287325221834297966261      
   6.46032671689362232729288575323196077      
   6.46025939257154161267211188149921795      
   6.46018717548205255638542542897411002      
   6.46010972194502247380322775701854566      
   6.46002666842055978484393666074554433      
   6.45993763086175485819328926190160028      
   6.45984220420234368393983979664703228      
   6.45973996162957677599123643808482057      
   6.45963045388046932308267285077490321      
   6.45951320846096448442054972688089939      
   6.45938772879642326835651476829593286      
   6.45925349330715740421857450664657157      
   6.45910995440283517973301046000336343      
   6.45895653738988434904598630079247901      
   6.45879263928593055208715241577938995      
   6.45861762753550296557691824195468787      
   6.45843083862134241038193395665728697      
   6.45823157656550669481258491679803925      
   6.45801911131474104298243020982783418      
   6.45779267700420900561935580974690321      
   6.45755147009374879956970604616313608      
   6.45729464737023584587375512903589181      
   6.45702132381278889951535136003723247      
   6.45673057030946656649125037826247247      
   6.45642141122429740715427420918992063      
   6.45609282180527274135470353071735134      
   6.45574372542644869134962039188264918      
   6.45537299074255197837466831464337671      
   6.45497942826603518535124435210394590      
   6.45456178751271690820006123213453253      
   6.45411875323300323517574435104368289      
   6.45364894178416231174399321595322323      
   6.45315089722434381994169385879636418      
   6.45262308718773779466264855039669272      
   6.45206389852961824324843630024812102      
   6.45147163273438892247515217367626206      
   6.45084450107402766447492779049678696      
   6.45018061951078597073026689224559072      
   6.44947800333120701894595064979466140      
   6.44873456150251150261579001207931426      
   6.44794809074217753892062896931947158      
   6.44711626928841157126178542156687222      
   6.44623665036392950579214544662924944      
   6.44530665532253184053173928716356956      
   6.44432356646863246182105384939003700      
   6.44328451972421443756612721982589946      
   6.44218649609288961937016287712826890      
   6.44102631441609881990219457634139180      
   6.43980062221416794876229115202662243      
   6.43850588692310879064071988803199038      
   6.43713838663869147367901214358064051      
   6.43569420051805133666874511187010004      
   6.43416919884885170958669031448720681      
   6.43255903280525491794037178736241846      
   6.43085912391623027691514968946235406      
   6.42906465328148311034470107726068563      
   6.42717055058110730901227647864526477      
   6.42517148293871042599843751063780329      
   6.42306184371391631022338847222044454      
   6.42083574131546449783935994341046210      
   6.41848698814940046487152950008120352      
   6.41600908983629188527032920582116603      
   6.41339523521476713411559021877278051      
   6.41063828524275939247773470222475818      
   6.40773076602103859595315171639665419      
   6.40466485969896623908471495536886544      
   6.40143239823059967041573441422593602      
   6.39802485843059726851409183755782496      
   6.39443335891696723139267949656498672      
   6.39064865923510305191618811546411970      
   6.38666116145254559378494033568655456      
   6.38246091449366908830612647251689926      
   6.37803762145205513662491868133067891      
   6.37338065006230850459972789053120980      
   6.36847904645801957995635747566986903      
   6.36332155227059212625722677797932534      
   6.35789662500200496749586254003133768      
   6.35219246227367992836802299484747488      
   6.34619702548091904608727886414442261      
   6.33989807297730195907190155674703197      
   6.33328318856594090495433749030973635      
   6.32633981506482569609171647972218760      
   6.31905528834749178757181992429954936      
   6.31141687192567279186719393732743175      
   6.30341179146693688497248063260027805      
   6.29502726863166824350353500985742190      
   6.28625055365676590039318244325586431      
   6.27706895611235719445108182025841246      
   6.26746987333939312971953112902652893      
   6.25744081612801559437314714048618936      
   6.24696943126687880811648347553389752      
   6.23604352067262454575977962915760785      
   6.22465105688270297628956005897141666      
   6.21278019477338552047596141522888444      
   6.20041927944600603280250634450143268      
   6.18755685030293840550897925436094367      
   6.17418164142095811996533804107235764      
   6.16028257841147698878927164114231747      
   6.14584877173230744978916628257826207      
   6.13086950869623307566362193694030648      
   6.11533423964244726283724586551493549      
   6.09923256556438303994617207061443362      
   6.08255422230969630654432652021294182      
   6.06528906408186071833760507761885363      
   6.04742704628017546052016504604571740      
   6.02895820813044299164165655965584190      
   6.00987265547566049883328211869501980      
   5.99016054405405282477907031820408563      
   5.96981206353132687755181531997044779      
   5.94881742249137435934923484681336955      
   5.92716683453376542913226678834257842      
   5.90485050557317269002318944579521539      
   5.88185862221387618441890948435665027      
   5.85818134228397979000495332446505097      
   5.83380878469397638256845156290078641      
   5.80873102248831023067956510616919197      
   5.78293807593415482388615159983918506      
   5.75641990686466357248009393365517052      
   5.72916641395677242788705636267325913      
   5.70116742884944498548224820535056537      
   5.67241271300876911353558603129863380      
   5.64289195524813445279348112553610758      
   5.61259476981751645275287183208849677      
   5.58151069498005179972691114497101442      
   5.54962919200294278653441292239490385      
   5.51693964449535213112065451990502151      
   5.48343135803357813034724122679931776      
   5.44909356002105212427986510074294245      
   5.41391539973802124920087325048183659      
   5.37788594854002170978409509300046504      
   5.34099420017237523305207732279979255      
   5.30322907106655079170142523500899799      
   5.26457940124769947539875028634948179      
   5.22503395414235867394897627262649761      
   5.18458141760700420826433110311084692      
   5.14321040434420906369217673709267021      
   5.10090945245307023125153898874039077      
   5.05766702598259818398367041748489753      
   5.01347151542686384334709401627364561      
   4.96831123829372851844593038566198562      
   4.92217443956116595554684797073433817      
   4.87504929215461145572734503993362244      
   4.82692389738879578799125901361856544      
   4.77778628538416045190255438177496700      
   4.72762441545284035499429983169160217      
   4.67642617646062667007625046490979600      
   4.62417938715769860413136191603877447      
   4.57087179648565318911071544480958641      
   4.51649108385712566335781519057450533      
   4.46102485940982353401494285221527690      
   4.40446066423890539396088139015631206      
   4.34678597060275600911351373019878959      
   4.28798818211123140004134324514885673      
   4.22805463389000153436347506082853313      
   4.16697259272774162654673461211607310      
   4.10472925720360540907708525938391577      
   4.04131175779932901746600715593642337      
   3.97670715699455596941255844978773686      
   3.91090244934724733467496175719495638      
   3.84388456156008976783017062868677055      
   3.77564035253593751810213267905052229      
   3.70615661342015481345936734967418336      
   3.63542006763181780338073500159916100      
   3.56341737088411399362073120663634894      
   3.49013511119974128271948068235859415      
   3.41555980891255282946598190339807158      
   3.33967791666496012569999930273545552      
   3.26247581939534559880607413282958022      
   3.18393983432439644843894650869903267      
   3.10405621083508592079665587330717854      
   3.02281113083126463106024353138845236      
   2.94019070810940927761184450817306704      
   2.85618098873009494795093025066708710      
   2.77076795087201368262933047470624528      
   2.68393750478716367736040231909042681      
   2.59567549275153789031481365064396695      
   2.50596768901967281224889862413530145      
   2.41479979976815308689957359219679445      
   2.32215746304023793509543689530411602      
   2.22802624869650696443544852438186712      
   2.13239165834948826195471609176907542      
   2.03523912530913477841651810018972630      
   1.93655401452432527919369143802338934      
   1.83632162252017901167726494089226810      
   1.73452717733739628429155412718201064      
   1.63115583847252331301651694358253298      
   1.52619269681801700197599294794191628      
   1.41962277459745441783523790465430251      
   1.31143102530773395669783815971656273      
   1.20160233365659909752872366517591033      
   1.09012151550394496691378879955089388      
  0.976973317801308813113072593837680957      
  0.862142418532527242836532770333518038      
  0.745613426656129256373152454982666294      
  0.627370882048375250933304733560117828      
  0.507399255446184752486975085410720790      
  0.385682948391903402190402803643308299      
  0.262206293178687832725192646051186110      
  0.136953552797710524792231541822040541      
   9.90892088713195151558443265092537740E-0003
 -0.118943478320549477363610250539876262      
 -0.249619590046558912667436870591372950      
 -0.382135429014191386149670813014609162      
 -0.516507079494696982587488579438550394      
 -0.652750695353958528362337541743155494      
 -0.790882500094993017361389635507994320      
 -0.930918786900470850930653662352467778      
  -1.07287591867385102156898903316857650      
  -1.21677032807764738561953057169102798      
  -1.36261851757172469547408385763163940      
  -1.51043705944923073484093237588275877      
  -1.66024259587155236150063617214325622      
  -1.81205183889987454580688740586691102      
  -1.96588157052698454105412252556814529      
  -2.12174864270764697442841318895883965      
  -2.27966997738476198111162331362982987      
  -2.43966256651735976317804609091546442      
  -2.60174347210425046770750955101516462      
  -2.76592982620836005312024392019200356      
  -2.93223883097656479815052043429562117      
  -3.10068775866013424568006388726040210      
  -3.27129395163193068986215835706047428      
  -3.44407482240452091499293044217834954      
  -3.61904785364621561752796148535410156      
  -3.79623059818850088669738393848880904      
  -3.97564067904277799378688604804756628      
  -4.15729578941004219787761695829286786      
  -4.34121369268732189570477449909107448      
  -4.52741222247346449986863511822340302      
  -4.71590928258083726118173873883355142      
  -4.90672284702761011655243190096380531      
  -5.09987096005014302361820666249644057      
  -5.29537173609941082962635004978498760      
  -5.49324335983624037461083430409553514      
  -5.69350408613848607745285964085180021      
  -5.89617224008125722809643777745667439      
  -6.10126621695148488734684408024818976      
  -6.30880448221704618266305179685809441      
