   6.46114229236431383104529813515576879      
   6.46114229236431383104529816081296360      
   6.46114229236431383104529817227431907      
   6.46114229236431383103206518743170501      
   6.46114229236431381055522609072252361      
   6.46114229236431083984840938375230088      
   6.46114229236420195236390953693877335      
   6.46114229236254095922636082663673550      
   6.46114229234854780146716340861659592      
   6.46114229227107935750677190561110652      
   6.46114229195560138756389830544956088      
   6.46114229093579209909450441069455471      
   6.46114228817618970072063848714980670      
   6.46114228168237700776661997973927101      
   6.46114226801655090122995624958270795      
   6.46114224175164239615611302730043124      
   6.46114219490372707911446627258194342      
   6.46114211638142697407222102131338717      
   6.46114199148539483161034100313370472      
   6.46114180148364852107921198728988528      
   6.46114152328242515901089705328346023      
   6.46114112920746111130273402106573211      
   6.46114058690769718274860133648477943      
   6.46113985939087758541186765830120333      
   6.46113890519715310675102750433109185      
   6.46113767871558089694370426901207861      
   6.46113613061586511799583252718893863      
   6.46113420842883123169991004272892617      
   6.46113185719193711779726285035309381      
   6.46112902016848484304409187291409432      
   6.46112563958630340044907047225065932      
   6.46112165735650958196485816018834879      
   6.46111701573049600826477308351806291      
   6.46111165785696111906093965468429335      
   6.46110552820641868848047847087572207      
   6.46109857283930143442468703488791715      
   6.46109073950187961066953862482259186      
   6.46108197754436763953564904550056988      
   6.46107223766317883901678175884508811      
   6.46106147147787894559513999252438803      
   6.46104963095846287616456870641769949      
   6.46103666772402211130173776509170323      
   6.46102253223581210828430644979419271      
   6.46100717290998866760669413237159413      
   6.46099053517438675393804805427831615      
   6.46097256049354931065258773106321434      
   6.46095318538336284628189129091062132      
   6.46093234043504008991384381600219665      
   6.46090994936444060606930976671118533      
   6.46088592810028557693307569469472907      
   6.46086018392134573819356259025572141      
   6.46083261464972106803343551202534480      
   6.46080310790476452957260495783922654      
   6.46077154041919722492127864960306490      
   6.46073777741724545770178103526858397      
   6.46070167205349786730005048210633070      
   6.46066306490154669453861362095121630      
   6.46062178350379527208001382347769655      
   6.46057764195482133372951851254422110      
   6.46053044052638340739781264453204846      
   6.46047996532073975895137076025619895      
   6.46042598794485773150360985508030294      
   6.46036826519752954504344269442814344      
   6.46030653876113853948753948346064290      
   6.46024053488951555438943498290794913      
   6.46016996408423959209217386849701084      
   6.46009452075115215107388343085265172      
   6.46001388282954308348101704092210856      
   6.45992771138672667554309262757987785      
   6.45983565017082031646756083146947618      
   6.45973732511494097847454752930280256      
   6.45963234378641502378901590045410433      
   6.45952029479938486430688664848261261      
   6.45940074704450150835992700004122379      
   6.45927324906322970585591047593693793      
   6.45913732813782436170595787355662668      
   6.45899248939495030136788282299929144      
   6.45883821480132039440427857048109957      
   6.45867396206492441812721816537369862      
   6.45849916343653205553721929257794367      
   6.45831322440665709821951526728336455      
   6.45811552229230872137715170993177914      
   6.45790540470896483617981139481772723      
   6.45768218792201446996594296649929923      
   6.45744515507254041826108237439442665      
   6.45719355427190127360192753967611952      
   6.45692659655850264760747513629678698      
   6.45664345371353452191706877537415162      
   6.45634325592507560108271339795134547      
   6.45602508929894164394556848865983541      
   6.45568799320610414313258878583650865      
   6.45533095746030024872029166615522725      
   6.45495291932059984998129736031901398      
   6.45455276030609654066943933158681503      
   6.45412930282338941985629453918879390      
   6.45368130667842579446634437317227597      
   6.45320746495267864838651418447117941      
   6.45270640047106214661401601027275863      
   6.45217666126831117374305465228572190      
   6.45161671618391900750630072486754802      
   6.45102495013668610483081115982088270      
   6.45039965913729050588249900018730091      
   6.44973904502802602515527689975475968      
   6.44904120993722246914272205247479934      
   6.44830415043556782163718319310173151      
   6.44752575138380904050816513628523397      
   6.44670377945500254788415976585261186      
   6.44583587632203227179088666625903036      
   6.44491955149440652378307584469338556      
   6.44395217479371195596126436408089476      
   6.44293096845217555103943497158158148      
   6.44185299882577856372450521295566285      
   6.44071516770770672786450660228896008      
   6.43951420323520907963255515951115901      
   6.43824665060899549037671536290627828      
   6.43690886130993376197034864689764199      
   6.43549698395832798034891062630732996      
   6.43400695278652853621435944916540077      
   6.43243447664640830245151349280739093      
   6.43077502744858455063841368440584087      
   6.42902382823939990119332024245733593      
   6.42717584095429934112470290894920880      
   6.42522575390351287750659201507551426      
   6.42316796905839058060298189917239609      
   6.42099658923134575576502157336086054      
   6.41870540526334759405515866778845294      
   6.41628788336111132827547040999155133      
   6.41373715275852550978311780506812240      
   6.41104599390305141703959474801868888      
   6.40820682741622427518326988547823748      
   6.40521170409495219979867687418442971      
   6.40205229666443652169400924757635301      
   6.39871989133880486557394608770060582      
   6.39520538508626345571830366706789540      
   6.39149928181593104671758864525837856      
   6.38759169307566708828773723512088057      
   6.38347234159059390821027582483230654      
   6.37913056827952320747864830342990351      
   6.37455534300093147818478675190843810      
   6.36973527918518689985738075336152641      
   6.36465865240509334167185770659748935      
   6.35931342280777919519017362301064629      
   6.35368726119532721419955157085205692      
   6.34776757840200850551047450474562534      
   6.34154155817819949830360241052455934      
   6.33499618890511667073784622009864723      
   6.32811830360480055147305824850739007      
   6.32089461410061369866671845511763561      
   6.31331174859749901016111954783161316      
   6.30535628798498110879367037647729585      
   6.29701480086773665288483508295924867      
   6.28827387674409546825252897804416821      
   6.27912015685104031220110872658914126      
   6.26954036227989400013181280109095031      
   6.25952131911646173767910561434920901      
   6.24904998041209894922817438847799094      
   6.23811344490591395438638800065260155      
   6.22669897248365837100587449767196263      
   6.21479399641715755124078408599476468      
   6.20238613246854971501042788323341877      
   6.18946318497505660182574887735377681      
   6.17601315004909649174877931625847713      
   6.16202421604312817905789367616377611      
   6.14748476107632265271861469626854827      
   6.13238335007677257379354125761664504      
   6.11670872566594459074412096555710918      
   6.10044980118393171586052382155801498      
   6.08359564983228353336074352255017306      
   6.06613549277443439496624176340968796      
   6.04805868604766724106700709155417860      
   6.02935470653971724254462132918666461      
   6.01001313734641111674678302122103574      
   5.99002365278379301408180868203389510      
   5.96937600332573997132324943770546600      
   5.94806000071447425791805192785459916      
   5.92606550346241113689916613002523487      
   5.90338240292979459161783083342209343      
   5.88000061012810614112578279645749007      
   5.85591004336247138570468665841754325      
   5.83110061660470341106706374196397070      
   5.80556222981160835379659127810541118      
   5.77928475816527687461215708437397764      
   5.75225804446383287213760950535897189      
   5.72447189131291448934024667773038394      
   5.69591605447302493616775077111988853      
   5.66658023706443869499495902687791825      
   5.63645408457008030400530281940649335      
   5.60552718057083182733045358678538549      
   5.57378904314688922710549170540478842      
   5.54122912187771401747655048121206300      
   5.50783679537615988855665055534760805      
   5.47360136929337243903071399477542727      
   5.43851207473723869932806352242513270      
   5.40255806704893921443208652405528780      
   5.36572842488824793175462776085589354      
   5.32801214958327917400025525129588451      
   5.28939816470227190497777101896114302      
   5.24987531581297242829273544185859146      
   5.20943237025987068901529255230404934      
   5.16805801778957523492304986237834694      
   5.12574086975417411860010536562504135      
   5.08246946002351964859496014661389287      
   5.03823224507345760387590181010054943      
   4.99301760432934383141870813830493161      
   4.94681384053752343081685521254777874      
   4.89960918015955975659756713105236160      
   4.85139177378067954597600925113574258      
   4.80214969652608188803685798447006383      
   4.75187094847520543245634796707227343      
   4.70054345507392991468057968535683214      
   4.64815506753578933849294769859346744      
   4.59469356323216932187922695334648597      
   4.54014664606850661497180580873070926      
   4.48450194684292886525856576051509762      
   4.42774702358907352530559469594568730      
   4.36986936189889858407974842654341869      
   4.31085637522777445812945203766940567      
   4.25069540518053519525713134978359610      
   4.18937372177775307700354623338248860      
   4.12687852370361011554789456654521881      
   4.06319693853628498619271794353578323      
   3.99831602295882208305047072869059975      
   3.93222276295544696568161188841555403      
   3.86490407398758593510602545526641532      
   3.79634680115778161388517958771442507      
   3.72653771935475201201896266200313512      
   3.65546353338950647261678339512620674      
   3.58311087811241254735847780436424499      
   3.50946631851910275134765994629495912      
   3.43451634984754173858116776753138563      
   3.35824739765856493533389648375643472      
   3.28064581791078089300777184880600732      
   3.20169789702122268341005929214179485      
   3.12138985192147551984188152168212178      
   3.03970783010009786174111940482755888      
   2.95663790964205886760180019889452419      
   2.87216609925778405476236430626021234      
   2.78627833817248094097603020488137879      
   2.69896049668845841769209578076450823      
   2.61019837535747631730538284266940102      
   2.51997770556112518486451640592448314      
   2.42828414936564364987007995656708759      
   2.33510329951600410305374930331058185      
   2.24042067942992420892660960035152072      
   2.14422174318732588880858603230401554      
   2.04649187551575994785445105928207966      
   1.94721639177329728512907295856329497      
   1.84638053792896580827586223454633268      
   1.74396949054172962996957307527923879      
   1.63996835673577060064612892894667318      
   1.53436217417457732141946492097040306      
   1.42713591103503851992295574591044182      
   1.31827446597711933856370256495409452      
   1.20776266811684623884035894960141575      
   1.09558527699345339243241431471169894      
  0.981726982539370681955470264955721935      
  0.866172405048916283762765471557061153      
  0.748906095145286244000814395452278260      
  0.629912533749311194548441813363486123      
  0.509176132046102544697061330575999093      
  0.386681231453467587263574861410304810      
  0.262412103589554186520043483350735451      
  0.136352950240728791479011680824748944      
   8.48790333030680401135125048584357286E-0003
 -0.121198975112349477597796044827928598      
 -0.252723692983036779143763630691537973      
 -0.386102328131881580244436977625413954      
 -0.521351028393701752315661289252340268      
 -0.658486011614421894652762652633643631      
 -0.797523565680377017818732279156759076      
 -0.938480048544218782593280293565401755      
  -1.08137188825108316200064906305116264      
  -1.22621558296243598539792114482448296      
  -1.37302770098110975227752935372702145      
  -1.52182488077332621582104703036052942      
  -1.67262383098946787080413454962370919      
  -1.82544133048498746205519494030214636      
  -1.98029422833975836017983122183666849      
  -2.13719944387689868996623145238730025      
  -2.29617396667603615131856919239048415      
  -2.45723485659409506216829817609527982      
  -2.62039924377414371031148737669486989      
  -2.78568432866216744150551741250834085      
  -2.95310738201573347236792592564567045      
  -3.12268574491707247494701959135126093      
  -3.29443682877862717930707070528867844      
  -3.46837811535374667538482394323908884      
  -3.64452715674075857110952123321038120      
  -3.82290157538906290469642300152773007      
  -4.00351906410370627579555091183108724      
  -4.18639738604180232535802112750961205      
  -4.37155437472068625744998976976749209      
  -4.55900793401120659438905850537905878      
  -4.74877603813874722754161628016585201      
  -4.94087673168278498274090532208701270      
  -5.13532812956403289126561620346143999      
  -5.33214841704394507928665967386128935      
  -5.53135584971513471557247724301976522      
  -5.73296875349678235625881009584930423      
  -5.93700552461601197329943968178368447      
