   6.46114229236431383104529813515576879      
   6.46114229236431383104529816081296437      
   6.46114229236431383104529817227405791      
   6.46114229236431383103206518160337107      
   6.46114229236431381055522346415821198      
   6.46114229236431083984824483300979247      
   6.46114229236420195236060911420620877      
   6.46114229236254095919407048599372016      
   6.46114229234854780126988460907924291      
   6.46114229227107935649866012710540345      
   6.46114229195560135859744652759073775      
   6.46114229093579170235923092475907191      
   6.46114228817618603745507940272345776      
   6.46114228168235219279731406196093468      
   6.46114226801641981931899667124503921      
   6.46114224175107704869870793088674613      
   6.46114219490166453512502726477416286      
   6.46114211637488254211807704306547822      
   6.46114199146693011890741993256716436      
   6.46114180143648757065821495374248909      
   6.46114152317178238911610979441546783      
   6.46114112896615884242620011773291786      
   6.46114058641362854470905564373062882      
   6.46113985843841792410326476004070480      
   6.46113890343693514152537786446193355      
   6.46113767559393813659483589898056254      
   6.46113612529184691324819830332652164      
   6.46113419964944251101095353606501050      
   6.46113184314632749884217237973890444      
   6.46112899830418485748408452372930544      
   6.46112560638614777249398817476925207      
   6.46112160807306606585806866081911452      
   6.46111694407542728549075632775414813      
   6.46111155564337470649244953474889565      
   6.46110538494285786397242587689614710      
   6.46109837527450991884087068380776753      
   6.46109047111987279241901934712713267      
   6.46108161800952778806349373008239236      
   6.46107176221520654403434146721046271      
   6.46106085027628053422990867003606557      
   6.46104882837607848827042886697682358      
   6.46103564158868852082878445935416613      
   6.46102123301885977509872691673945249      
   6.46100554285968032940915336091931164      
   6.46098850739192222155016938581268664      
   6.46097005794858411055383055384907852      
   6.46095011986550838114394726221505714      
   6.46092861143716155991103833999487579      
   6.46090544289312873572097593542739235      
   6.46088051540838797141265018663081855      
   6.46085372015700367616779609061637085      
   6.46082493741609957595121312478306100      
   6.46079403572612861425394274944322681      
   6.46076087109838622269195600124226443      
   6.46072528629444145717417722715559577      
   6.46068711014288838284140440828870102      
   6.46064615691250183301366027780212589      
   6.46060222572757343476374387925522157      
   6.46055510002071223063497617236170682      
   6.46050454701572465538928411903672991      
   6.46045031723341096364826847484684111      
   6.46039214401189903690744372971334552      
   6.46032974303368537089621459154218897      
   6.46026281185099790906113067502468860      
   6.46019102940133673164945868642452590      
   6.46011405550521242035271027273947023      
   6.46003153035637936891524741762309286      
   6.45994307389301399417061686748925322      
   6.45984828528891548269242738026887000      
   6.45974674224471481183287354716325333      
   6.45963800029597141609002553192139624      
   6.45952159204587833364755350076067578      
   6.45939702632969427084150145119788134      
   6.45926378730462079174653062051585433      
   6.45912133345901996373210758538092915      
   6.45896909653507183717260164703465107      
   6.45880648035897019345363822463800119      
   6.45863285957291370564893950304372004      
   6.45844757826320871508995521054237006      
   6.45824994847881763095806088644200745      
   6.45803924863473427308053451630142139      
   6.45781472179437287948227344272794187      
   6.45757557382541240166911896095649575      
   6.45732097142157480115932750408773245      
   6.45705003998994079805785790516765156      
   6.45676186138746182444031434959463395      
   6.45645547151190876071547681077613191      
   6.45612985773320257511568547865674854      
   6.45578395615806626648522381244585236      
   6.45541664880508918405975032720018854      
   6.45502676023172584338424467036245361      
   6.45461305467137957156052985839161353      
   6.45417423231547006821546767167570280      
   6.45370892570888402592029252793158523      
   6.45321569587395735678998271255944859      
   6.45269302821685075104565343677758303      
   6.45213932820364349499804699158523412      
   6.45155291680181526137007252173840051      
   6.45093202567198057532302980652852512      
   6.45027479210509160779970241752706002      
   6.44957925369143534825564965932661245      
   6.44884334271308947911506593577230215      
   6.44806488024981980591925076259359966      
   6.44724156998633770025048113840137053      
   6.44637099171298349731108128979319356      
   6.44545059450866340258350392360289430      
   6.44447768959680771677645113237059665      
   6.44344944303502146101559150176872298      
   6.44236286726526356600847903344079501      
   6.44121481382836974640117762515394347      
   6.44000196428224186914405658665757449      
   6.43872082145486473298560132379000327      
   6.43736770021135101355813503854306045      
   6.43593871787319446951905572460969881      
   6.43442978429840162247484203225820502      
   6.43283659164045464436903060595173715      
   6.43115460381017880627011424712112841      
   6.42937904567241260170811941141373372      
   6.42750489202296061865279499510398274      
   6.42552685640164981912401716315793490      
   6.42343937981510492512275237005393222      
   6.42123661945687464331938541068433429      
   6.41891243753696046025949187705349481      
   6.41646039035012970696565106493363552      
   6.41387371807220859145162425352708429      
   6.41114533353609284113461052725898865      
   6.40826781486239980128323172143203161      
   6.40523339615112084775434578297737296      
   6.40203396087305759086158733116916676      
   6.39866103653955039902335797758606234      
   6.39510579121590989613258235545453529      
   6.39135903217883525949177027353708105      
   6.38741120701288075583620487773855696      
   6.38325240741665417563699954008499497      
   6.37887237597748877610956294331485034      
   6.37426051609561624600325057142453505      
   6.36940590520753792150186972786630128      
   6.36429731136311926078061000468723042      
   6.35892321312188929817702535391635582      
   6.35327182334982530725038597884555397      
   6.34733111254067390935617724784334377      
   6.34108884162065947979841938692834016      
   6.33453259023793651724502737095268775      
   6.32764979015316753539632691752565706      
   6.32042775918710310362617911152356793      
   6.31285373579662181991969896378089918      
   6.30491491366274778629870222501100764      
   6.29659847568620512791902780685923449      
   6.28789162680234855191273375809659418      
   6.27878162505938241051988447452128794      
   6.26925581045837471242461924757023687      
   6.25930163111666220573037881763544822      
   6.24890666638641485353991792028098601      
   6.23805864663274705510866311053440160      
   6.22674546945397256156030105047158079      
   6.21495521219770898000501348944479703      
   6.20267614070651877980373592092101713      
   6.18989671430024964256048296635659835      
   6.17660558708166914667767340177419000      
   6.16279160573182894477130514678196612      
   6.14844380371407993442429768620413064      
   6.13355139421330402675702640428164581      
   6.11810375696927079082071621044415325      
   6.10209042665826219210644774015759380      
   6.08550107762745475439685528436981445      
   6.06832550781906356003348690025346282      
   6.05055362189961788860966169537530677      
   6.03217541404728551905250333808285257      
   6.01318095077662228045995828976951935      
   5.99356035413925688395920854194789701      
   5.97330378558282254133409632647495490      
   5.95240143069180275413468641919149944      
   5.93084348497369588928278333361466813      
   5.90862014080291673658261866489439521      
   5.88572157539707358727427977694198969      
   5.86213794101995948763132010701203664      
   5.83785935433370744827716594926224211      
   5.81287588913307187761337347901513623      
   5.78717756903523078773725680902183093      
   5.76075436146489551381296884445978253      
   5.73359617259785546478989060767093201      
   5.70569284317158179393529146355566834      
   5.67703414507135200430068461921807724      
   5.64760977859853101376165242487507025      
   5.61740937033628245750675376356072733      
   5.58642247152911504816075614313976214      
   5.55463855690150179023851834541445890      
   5.52204702384686644483286334648276080      
   5.48863719192555109704633520933494946      
   5.45439830261652712989755058080258614      
   5.41931951927574609010226734271645828      
   5.38338992726004686842192776239220446      
   5.34659853417935172261543127237799370      
   5.30893427013430686756987274693570987      
   5.27038598862132793278018327094863304      
   5.23094246625092138797286294768811623      
   5.19059240379499237598113110022022276      
   5.14932442657456184848353868340574313      
   5.10712708499954614754604693569052890      
   5.06398885511525221933502342064782226      
   5.01989813909486205488839927602934686      
   4.97484326580806414970155519241307061      
   4.92881249128037927787457230990492878      
   4.88179399917504254588958624965529947      
   4.83377590124191453770682816780320606      
   4.78474623774001492878648647493587660      
   4.73469297783436684009172571543270534      
   4.68360401996445458512181864612168083      
   4.63146719218690240708832539135004055      
   4.57827025249166192865807637146283578      
   4.52400088909133705952686709015249873      
   4.46864672068681370575943121915487737      
   4.41219529670721919875281101974219160      
   4.35463409752907919723645403200423043      
   4.29595053467158223893336109235918231      
   4.23613195097159642235594252531605340      
   4.17516562074014289674996063241786942      
   4.11303874989912820753439017437627145      
   4.04973847610098848540860347139129851      
   3.98525186883367210259752262081407592      
   3.91956592950727087614018546858908891      
   3.85266759153126907805546284254073123      
   3.78454372037365976035741577572863245      
   3.71518111361211493406756575022596599      
   3.64456650097197525048088389118863371      
   3.57268654435247929581384684957362274      
   3.49952783784756639886705197997820359      
   3.42507690775392592990622398740749173      
   3.34932021257561216686235403572677414      
   3.27224414301407474581656798729981176      
   3.19383502195879210628046786518295052      
   3.11407910446827914635405580175499965      
   3.03296257765775368592879757599373097      
   2.95047156103377111667165268631486415      
   2.86659210590008449176914267248938839      
   2.78131019570514487482266765887789838      
   2.69461174590187646363167436559030882      
   2.60648260390550825526951246432394690      
   2.51690854904254215504874062790015833      
   2.42587529250617172903051620664059064      
   2.33336847730140651292775622463294562      
   2.23937367819157669325715838057352737      
   2.14387640164692924056395829910186554      
   2.04686208578450620590685056816898926      
   1.94831610031357658405793460377399198      
   1.84822374647566591327006675405705518      
   1.74657025698728185141191982251938430      
   1.64334079598042744425073735841703130      
   1.53852045894250629995811841786574927      
   1.43209427265928218751255798645780798      
   1.32404719515322184683533355364741088      
   1.21436411562367793426076965849811187      
   1.10302985439229182995076550690163119      
  0.990029162841126128007681477866311119      
  0.875346723355478252132853577157889533      
  0.758967149267990687810703566637259123      
  0.640874984802744474072120941685772505      
  0.521054705018226313675395195626128130      
  0.399490715755271830670492005489627358      
  0.276167353581431885311383501266674259      
  0.151068885740779828895845865297821796      
   2.41795101023137508872805321741655121E-0002
 -0.104516644890723891029967758130176997      
 -0.235035520267958230097076648689284162      
 -0.367393126580777802494549006697336770      
 -0.501605543946229694928206636283202322      
 -0.637688922092973816726589856289159196      
 -0.775659480403757816054452686093057209      
 -0.915533507957285061198737114264986968      
  -1.05732736356769583939972740224797820      
  -1.20105747582353953215108865915971875      
  -1.34674034312503988876746379638894046      
  -1.49439253371915672018454440414793233      
  -1.64403068573455050510219236603959447      
  -1.79567150721197536777191795903710123      
  -1.94933177613657686170351633853222253      
  -2.10502834046721489624308258270725477      
  -2.26277811816205024679044276491959401      
  -2.42259809720620509470160734305446310      
  -2.58450533563692029515004220523462502      
  -2.74851696156282293820490743641563406      
  -2.91465017318875012977805698888755382      
  -3.08292223883237475451327178527679044      
  -3.25335049694530236618485083221511577      
  -3.42595235612427457410580309472254916      
  -3.60074529512961560487343386051239481      
  -3.77774686289762655040261083779061945      
  -3.95697467855206231270230922127462907      
  -4.13844643140972320025844584750466562      
  -4.32217988099570381508549962190153947      
  -4.50819285704573268167177964985627192      
  -4.69650325950705763291259642397169952      
  -4.88712905855380776989757534674373877      
  -5.08008829457508484543216633782557808      
  -5.27539907818216658050674393229273516      
  -5.47307959021047852985461712741988563      
  -5.67314808170562644578489352686308574      
  -5.87562287393325699546174524566520390      
  -6.08052235835879705585493608950577033      
  -6.28786499665438286434890734987179094      
