   6.46114229236431383104529813515576879      
   6.46114229236431383104529816081295898      
   6.46114229236431383104529817227422200      
   6.46114229236431383103206518473577594      
   6.46114229236431381055522471914305155      
   6.46114229236431083984831663682768689      
   6.46114229236420195236195001398705386      
   6.46114229236254095920646253332136400      
   6.46114229234854780134276831853071815      
   6.46114229227107935690846645683608624      
   6.46114229195560137434156652429042291      
   6.46114229093579191545651234647886879      
   6.46114228817618792273100081201623549      
   6.46114228168236447449182587507961942      
   6.46114226801648241815271043764135878      
   6.46114224175133832867599191798176725      
   6.46114219490258947323485616085875470      
   6.46114211637773704361152994160487291      
   6.46114199147478016833578624755950328      
   6.46114180145606752700262902491204439      
   6.46114152321671852361797449545960915      
   6.46114112906217580459660631959765786      
   6.46114058660651111701803903217412841      
   6.46113985880056131855155152467597494      
   6.46113890410187606593754569135197541      
   6.46113767675331165063971332125483385      
   6.46113612724032856683003250674648094      
   6.46113420281838623962493467191590597      
   6.46113184815046648352677646235367151      
   6.46112900599866860806032004743953105      
   6.46112561793477268784309541640638596      
   6.46112162502837175944297873118828683      
   6.46111696847113492030913615829337774      
   6.46111159009945754686085978955294234      
   6.46110543278336230047794719349104342      
   6.46109844065812668958574656362473341      
   6.46109055918316226160763363333591988      
   6.46108173502268055691819635428782817      
   6.46107191575021601318166900041324106      
   6.46106104938747706890811901116401311      
   6.46104908379305946474527455647664063      
   6.46103596592180537412334784233833001      
   6.46102164097756731247926800146125348      
   6.46100605148422764620015271914891114      
   6.46098913629900812211540164987672496      
   6.46097082959179516405586461116198479      
   6.46095105981148607989167242622381743      
   6.46092974865862266648743389710074890      
   6.46090681007997206068202149244612879      
   6.46088214929824346022107304958988397      
   6.46085566188668698886474244664191083      
   6.46082723289548502413591113545347349      
   6.46079673603559325196958116245431721      
   6.46076403291355471566644453252078153      
   6.46072897233583650437581503994120107      
   6.46069138965600863946217643243700984      
   6.46065110617809899552926172443447149      
   6.46060792860412187495652981592026606      
   6.46056164852064975268528645173021131      
   6.46051204191705083675742889232158125      
   6.46045886872816120002005194666137683      
   6.46040187239299952705859170260714825      
   6.46034077942163472426378159335278756      
   6.46027529896185712590921180638275583      
   6.46020512235739261459235709366182421      
   6.46012992268974677559259157216904425      
   6.46004935429555309432389763436492314      
   6.45996305225202463595302404046786232      
   6.45987063184594925809601659284106544      
   6.45977168788788742959002372603485427      
   6.45966579417626235431854136900516631      
   6.45955250270907085271695716926653005      
   6.45943134291997884306868056498086948      
   6.45930182082432561625679609612913248      
   6.45916341808608489835885701024978012      
   6.45901559100027393606282121726536989      
   6.45885776938467517238522457422552239      
   6.45868935537558670289429765151781566      
   6.45850972212171950519291243757150191      
   6.45831821237108233543112063117267203      
   6.45811413694483010248202768792738458      
   6.45789677309294482190653991866517821      
   6.45766536272588687579894727805710751      
   6.45741911051621522293603323901351184      
   6.45715718186520261403845487170633029      
   6.45687870072724220232982439883872201      
   6.45658274728670233561580380423968459      
   6.45626835548092008477239750734963578      
   6.45593451036290647577591828170616482      
   6.45558014529299972399183972368202514      
   6.45520413903266740960246144667091121      
   6.45480531231245611582129288530098973      
   6.45438242485547106581342746823340107      
   6.45393417159035497819039139834616227      
   6.45345917894938564576219214056561995      
   6.45295600089656695361370624681509074      
   6.45242311472957236271496510444378354      
   6.45185891665050009914684385966006666      
   6.45126171709172045428215620978497774      
   6.45062973578876431070603632231833198      
   6.44996109659015694043414866890666590      
   6.44925382199279212439345585501058661      
   6.44850582739249719774435942197905657      
   6.44771491503884839300285109042067662      
   6.44687876768464407157416007976774390      
   6.44599494191662149054185967736440448      
   6.44506086116005969728432324462241386      
   6.44407380834534159510391546986630330      
   6.44303091822712657338178428291600295      
   6.44192916954473001331301316625372502      
   6.44076537589866192472896762882260762      
   6.43953617801359864248176789996184600      
   6.43823803396112216949403546718663210      
   6.43686720981489889113601636250560711      
   6.43541976979100574712308546679513612      
   6.43389156603735993143542165612320398      
   6.43227822808891418611591861656237074      
   6.43057515201519726219085590914856037      
   6.42877748929474654700576625823709702      
   6.42688013546218749910787586732633438      
   6.42487771859148582960942202177044410      
   6.42276458769010657489454723645469271      
   6.42053480110120879003385533423937154      
   6.41818211503165130779114736482289776      
   6.41569997234600566478750732354242811      
   6.41308149179588023835748579518675039      
   6.41031945824309653182752688414878534      
   6.40740631197249568926383993233329211      
   6.40433414250009547068869587102655012      
   6.40109468048698245783856022640218414      
   6.39767929290448245626977599887853921      
   6.39407897987593306349035959067951638      
   6.39028437381451150236736968877026198      
   6.38628574116186670107154299758877214      
   6.38207298700908331200218664198529507      
   6.37763566284520044129588186855023489      
   6.37296297762090803897396887739934613      
   6.36804381223936775644596628171506740      
   6.36286673750093148202104123290872472      
   6.35742003543851599911559458543400314      
   6.35169172453902614656112563486950659      
   6.34566958449123838042852112927536830      
   6.33934119021928987264392037750930040      
   6.33269394131102770897049598449911838      
   6.32571509628391940932000086609760044      
   6.31839180715030396820632098779275631      
   6.31071115430617738869281805379703892      
   6.30266018113840938542065583771062524      
   6.29422592773683759372791565163743448      
   6.28539546315802700697815556895282183      
   6.27615591573024267958722779537885640      
   6.26649450095388868522416383184554093      
   6.25639854662558372863146656292796987      
   6.24585551488852535539435921733604441      
   6.23485302098323079857089227335160847      
   6.22337884854450999221147639497706378      
   6.21142096135541520829676649672438719      
   6.19896751153203656715764650147492832      
   6.18600684417527242894915990196896055      
   6.17252749858490009991304356509672604      
   6.15851820619458418050188441233165797      
   6.14396788513117294318101404183837129      
   6.12886563363837877808638510086460519      
   6.11320071760968350474518780607768299      
   6.09696255964423992561848999684098583      
   6.08014072453480758359266720290542983      
   6.06272490391098640522433569928183567      
   6.04470490002639689078587612671428732      
   6.02607060911383970557173262272748965      
   6.00681200466611806940180028779781335      
   5.98691912097196054556153449216425400      
   5.96638203718619361232452142283056779      
   5.94519086216091037197089444466528461      
   5.92333572021292821700675370228300931      
   5.90080673795039470400726756270831417      
   5.87759403203886880895896023698603539      
   5.85368769918280412530400416090818079      
   5.82907780508852453564957726230800625      
   5.80375437689346729630122056855416703      
   5.77770739546382213117091199972411537      
   5.75092678898867061340778516918968000      
   5.72340242753014344041087294772791935      
   5.69512411844686132966459497134079607      
   5.66608160260461953776062900099252934      
   5.63626455128739104630599939479877245      
   5.60566256372648130042824429661713227      
   5.57426516516680658509746344189612597      
   5.54206180539816311372308106583854624      
   5.50904185768168458114898212910945089      
   5.47519461801134167595318959146952851      
   5.44050930465450392708884485587095777      
   5.40497505792333679097969231833425450      
   5.36858094013396063230986456953268308      
   5.33131593571626296182736421860341203      
   5.29316895131802599283351977285344223      
   5.25412881664882058355024557545577919      
   5.21418428404126227277324764132854959      
   5.17332402947295507946139048440216178      
   5.13153665288185896497025194869557763      
   5.08881067866579085255393676261202027      
   5.04513455614718596111352350565819777      
   5.00049666012533509469255217555417026      
   4.95488529133533333140922477699259971      
   4.90828867693722439263822705335487911      
   4.86069497098167777619466244473413363      
   4.81209225485459667908496615760822436      
   4.76246853770205716121755287161991825      
   4.71181175683022067718785129783941027      
   4.66010977808252742294882321306866757      
   4.60735039619210551941593762851664657      
   4.55352133510876972295296008043878492      
   4.49861024830425101647874128487043299      
   4.44260471904977521549340799260835446      
   4.38549226067480412463834479139118624      
   4.32726031679957185395301478458172934      
   4.26789626154946230864868013934334531      
   4.20738739974701529351072483360664025      
   4.14572096708401166866126013473971478      
   4.08288413027831868657173612153130299      
   4.01886398720882215258480294736189769      
   3.95364756703829925491605713498828935      
   3.88722183031780404742389658556902294      
   3.81957366907864966598776903137051411      
   3.75068990691005288943749845598478488      
   3.68055729902409536919392643099034771      
   3.60916253231297781564165971678573679      
   3.53649222538525711953161424051747062      
   3.46253292860627163036716766242475058      
   3.38727112411993146504194111784270596      
   3.31069322586075710049415705143749208      
   3.23278557956759772322865596310287239      
   3.15353446278014363628901856966480090      
   3.07292608483605796886420686455588367      
   2.99094658675813202139848340988403738      
   2.90758204164652589133722685379623511      
   2.82281845402686736386933712763583058      
   2.73664176025609277770186144021870425      
   2.64903782838158878625052234244057635      
   2.55999245810713141952819219501992898      
   2.46949138075552286792881300417045499      
   2.37752025923017063319138275232330218      
   2.28406468797108103534047832469620121      
   2.18911019291243843751158641755052157      
   2.09264223143531280757612753700653170      
   1.99464619231945281281695958335232306      
   1.89510739569723806160399214306349821      
   1.79401109300006726057168110459486982      
   1.69134246690735509404345389822083571      
   1.58708663130032677550105138282715054      
   1.48122863120170739932843229569981872      
   1.37375344272946414149894822288194237      
   1.26464597304310219358627680878074259      
   1.15389106028917091651539995656757092      
   1.04147347355004325381288160825545693      
  0.927377912793093908238284806737206271      
  0.811589008816839496541151996515977514      
  0.694091323200689082884101138384418038      
  0.574869348255855718135501611564003846      
  0.453907506973416213553319906060851526      
  0.331190152975701745609233130474756332      
  0.206701570470060043962745061076857803      
   8.04259741991139323201925856644355568E-0002
  -4.76524906031946896420093270860855567E-0002
 -0.177549748258932434295340479348338169      
 -0.309281792687426435866621491006727846      
 -0.442864687450003673158961657642415455      
 -0.578314565790693817491554351172507788      
 -0.715647630676517322448339622172372133      
 -0.854880154836608725760075915137235471      
 -0.996028480798731745672744947463936487      
  -1.13910902092692931479884156417267962      
  -1.28413825745579135803935180208723302      
  -1.43113274252289632239007134574231340      
  -1.58010909820126946277379392667691514      
  -1.73108401652999551855301006805455614      
  -1.88407425954212219524095116924396062      
  -2.03909665929300151063722572932904980      
  -2.19616811788590356941858658662406299      
  -2.35530560749524428726645017530414640      
  -2.51652617039191654258089306245535247      
  -2.67984691896099057294902718170572928      
  -2.84528503572424757731211434435835375      
  -3.01285777335596536598984549268090278      
  -3.18258245470128695073847593617602996      
  -3.35447647278959870647151901735407477      
  -3.52855729085175587098897561213100675      
  -3.70484244232589293594506513004931342      
  -3.88334953087023397933762452935257121      
  -4.06409623037370017297378119058683708      
  -4.24710028496416845300258470018327737      
  -4.43237950900650270835397797802776342      
  -4.61995178711298699737313947525539411      
  -4.80983507414864276587433426215276446      
  -5.00204739522301513443351010398386362      
  -5.19660684569548692747437321183396007      
  -5.39353159117584291857687330416296347      
  -5.59283986751211849304430928827901516      
  -5.79454998079746776905358066588688316      
  -5.99868030734926431976770287631471243      
  -6.20524929371165588088005875426539506      
