   92.6087792172520498870326289728459773      
   92.6087792172520498870326289728459773      
   92.6087792172520498870311940083557000      
   92.6087792172520497092495686583997166      
   92.6087792172518321876756930621336616      
   92.6087792172258499971587227724451245      
   92.6087792164207289451769863402223601      
   92.6087792058407222511191312909728865      
   92.6087791279337266574570533627366693      
   92.6087787464704364309653467958325490      
   92.6087773589492009973011397951546408      
   92.6087733191839970176732852307162378      
   92.6087634026996246503128018044268433      
   92.6087421028628598982799284891347164      
   92.6087009661475660411395031930961601      
   92.6086280607312331720472949477817142      
   92.6085076377663433793573145789118690      
   92.6083200103161554510293591495109693      
   92.6080416330497823568259004108020998      
   92.6076453568505501880510585510760899      
   92.6071008116022903312896498054636510      
   92.6063748703406574086988182495343023      
   92.6054321498852269620292213423654572      
   92.6042355077630167747127056640178719      
   92.6027465035264970164387566604028510      
   92.6009258011931654043982554153220723      
   92.5987334981937123051616222976046841      
   92.5961293750672632595316675995636513      
   92.5930730678791494876385452805914757      
   92.5895241716724169681594519819006777      
   92.5854422881000219694452158809598392      
   92.5807870340972279405391691203549181      
   92.5755180260563624579017591829112249      
   92.5695948590885286310433240749746249      
   92.5629770938414533375047273406715311      
   92.5556242636196489714039435783321544      
   92.5474959099412281172938272218588652      
   92.5385516526654867621325049310734273      
   92.5287512930001326445743640362087464      
   92.5180549578628627629639702493244244      
   92.5064232672632727166662288254197254      
   92.4938175327872626128470757630074757      
   92.4801999747181748948758366458156249      
   92.4655339519098887205673978198900844      
   92.4497841971138844597253451708324795      
   92.4329170501383595504993355577121585      
   92.4149006833858535008026687615937394      
   92.3957053104526102196393245151539070      
   92.3753033837522461466633590629443244      
   92.3536697579118768037369406504132426      
   92.3307818340038246167733545055590968      
   92.3066196737236988574359510860811831      
   92.2811660841173091308453395932860972      
   92.2544066691829345076840815519738415      
   92.2263298669228246371902859546107284      
   92.1969269253494525659248010167261759      
   92.1661918885660565429746969752443292      
   92.1341215316157383477555640311564325      
   92.1007152806031662942385574804612457      
   92.0659751102680799596002935112359548      
   92.0299054231820336298510554241446754      
   91.9925129101499603129836143744757097      
   91.9538063966160309558149288117874260      
   91.9137966837894822332700976367271029      
   91.8724963726064013725044301824539752      
   91.8299196815832945547188424655851163      
   91.7860822623655289512589506886355415      
   91.7410010133915977996441030016693332      
   91.6946938837338905021691320317783389      
   91.6471796889956218162545450288229412      
   91.5984779215052042698121053956956296      
   91.5486085691140637518656658591092916      
   91.4975919286817358771275062431807445      
   91.4454484348974015339525890246375668      
   91.3921984825659833302391175657647266      
   91.3378622704268929010762244000395361      
   91.2824596408821644693568714231298620      
   91.2260099275735091217510853582999313      
   91.1685318183652380496659326312318987      
   91.1100432167328634515745828159839480      
   91.0505611063281131714934168623742845      
   90.9901014384091485389847539838456918      
   90.9286790133166664456070047554538505      
   90.8663073731979555482185996840556599      
   90.8029986998118940999112265303362907      
   90.7387637202189085082540353974379658      
   90.6736116116486538777120198322077575      
   90.6075499097724792305993153901812681      
   90.5405844595907858091722318692733014      
   90.4727193066961271423352628696598535      
   90.4039566222941705557799984279273517      
   90.3342966359461376818623157413534236      
   90.2637376263415468369294748616250012      
   90.1922756568651649803108843286237434      
   90.1199048150332806316407316889526034      
   90.0466168909290929980319179614985833      
   89.9724014061235389917018487540936373      
   89.8972455508651816294669150125547235      
   89.8211340439946384288514777019360007      
   89.7440491898680676619972484226098410      
   89.6659706319592386285344339521354478      
   89.5868754198913161863196794988115115      
   89.5067378108835607061253359080426263      
   89.4255292506099115578483698435627363      
   89.3432182133208870380262910769074125      
   89.2597701212006211213075993543065206      
   89.1751471813033952486841036148355401      
   89.0893083927221795418275755923528284      
   89.0022092034567316553172741359300016      
   88.9138014719038341312923415364071134      
   88.8240332718159857346972858630761299      
   88.7328487278016329666350768222243627      
   88.6401877592383644254532049334779188      
   88.5459859024066404329955405735517971      
   88.4501740416855589454562675839452336      
   88.3526781367546054536303767106477664      
   88.2534189475751899537825458800668275      
   88.1523116794442923071634581111469200      
   88.0492656460072372225705870470309802      
   87.9441838782122573564129170553031774      
   87.8369626860276320412567050941997022      
   87.7274911941429715784131880936921292      
   87.6156508194302017670768654643263645      
   87.5013147187200563495354196065012702      
   87.3843471592101252839469079068519779      
   87.2646028334747334775183859256360376      
   87.1419261348614079484767822387784353      
   87.0161503260802848098324986043480927      
   86.8870966679218617071595849995097877      
   86.7545734445402159497722379004657131      
   86.6183749175258267696340845277312342      
   86.4782801852164183400451336489519818      
   86.3340519470124902582368434421835858      
   86.1854351849432109300854782429088315      
   86.0321556458726199452239903176491249      
   85.8739186911825477695883789788599580      
   85.7104072086586377540647485578991649      
   85.5412802819696759698367795310273964      
   85.3661714181432938436470730629770912      
   85.1846868622308917270574084649823535      
   84.9964039456027799337978772683422927      
   84.8008695601086167714042202183523723      
   84.5975988410589954697445031299317095      
   84.3860741638334088482804062609864879      
   84.1657446442063098066384436548493407      
   83.9360262992842304823496637851089658      
   83.6963031016698304112024656042922707      
   83.4459291936629242002765933443770040      
   83.1842325410250595700181242878864593      
   82.9105203190377286249020442204078186      
   82.6240862957874229316189259352209497      
   82.3242202702328702030062333070976853      
   82.0102204653312576439831270645373632      
   81.6814067314816494547626486980840880      
   81.3371367432289699258286626874411205      
   80.9768226167825866459860564511827838      
   80.5999475891117028699428271128608680      
   80.2060813501876411288369368197593332      
   79.7948925352932338489358412335359554      
   79.3661569677202164886807834280438393      
   78.9197605714673880296211733204097490      
   78.4556963567523931232691731317673102      
   77.9740556862425916248567457898302363      
   77.4750145574018424406204504697695633      
   76.9588164057265560018635730522847955      
   76.4257531968136866062252588478709668      
   75.8761464513134272745132860227283268      
   75.3103299227776538179445376565074165      
   74.7286349812855845962810087674010750      
   74.1313793819052707033773345083744673      
   73.5188596572438034775480625014236317      
   72.8913469531244422501754552249502891      
   72.2490859763222994503790479833085427      
   71.5922965085303763701633198023680490      
   70.9211769465422365640526707243660680      
   70.2359088120644633996825024970435741      
   69.5366652714636693106321628760899368      
   68.8236145867643279148682157261500837      
   68.0969297391002739201250719488205475      
   67.3567954923363423907959494570584952      
   66.6034160323802230813150669783435523      
   65.8370225528125848537320601067354561      
   65.0578807080557686022235528515688223      
   64.2662976924782671065372377338282354      
   63.4626291090572215062080607362808916      
   62.6472851832978446941100752813025058      
   61.8207365294022488504482262800854292      
   60.9835191326090540133603985782180125      
   60.1362384976503522489738751968953745      
   59.2795727932975898550113670117235925      
   58.4142748316745084079191976256540190      
   57.5411728282111190034677758313714407      
   56.6611696265802786601126437654248722      
   55.7752404918554594344014400340245849      
   54.8844292718479536921261862485293285      
   53.9898429320488827095524125647950110      
   53.0926445005147531863760267271786150      
   52.1940445002587732031230507700656227      
   51.2952910182201756792773734300471982      
   50.3976586083515343291148914775096941      
   49.5024363424789603297196108823636245      
   48.6109150983374350402411022753338452      
   47.7243749031304001846283990055968621      
   46.8440720319551383993612495911072837      
   45.9712267705784234970407039560160251      
   45.1070115109073554653208123248380067      
   44.2525407004596359271993455342446625      
   43.4088611877066536535670033754224253      
   42.5769444754193819402170331692356782      
   41.7576804625959902320415821242550354      
   40.9518728205683432857515428272880501      
   40.1602359596155122055277907113516664      
   39.3833936051410481240304641546176989      
   38.6218788090482515604133190452822802      
   37.8761353148983449259832254079419669      
   37.1465200598272189414338253647197018      
   36.4333066933133391648315493525474820      
   35.7366898840445144220185158752585184      
   35.0567902177213646230445741280970454      
   34.3936596013117630332315192472588886      
   33.7472868998516813403853815661466657      
   33.1176037186199155674569106286660392      
   32.5044902342673203772319401985733645      
   31.9077809051960635187189587267194417      
   31.3272700053605999255617003328956065      
   30.7627169995083428758399028336990621      
   30.2138513269664846120516113668714020      
   29.6803774180578702162547999186052169      
   29.1619788106463682865282875236468408      
   28.6583221703265026979925424285064665      
   28.1690609153345522050038362846931498      
   27.6938384756800828756316907913505259      
   27.2322912123979968032684908441107324      
   26.7840510195941256089469148821792971      
   26.3487475922267082847841387816591620      
   25.9260104336477775085950578847876398      
   25.5154705836169851059972402583181827      
   25.1167621154974831123129486500268934      
   24.7295233929621717061586770169653647      
   24.3533981471868244146212127295102415      
   23.9880363634442341171450704802701681      
   23.6330950076760541010194307295790764      
   23.2882386191430207220228304874309065      
   22.9531397642515187082597206116972049      
   22.6274793938412226464377078147073899      
   22.3109470954498319021555761873582249      
   22.0032412648363904775305342020633917      
   21.7040692068708585276724755084512386      
   21.4131471700419076192295423166630805      
   21.1302003352867913088948530728687905      
   20.8549627523136772424723314224064256      
   20.5871772442204229117935105971558495      
   20.3265952786987795777242094018942602      
   20.0729768133618301889513365230689693      
   19.8260901219517179978045262094570449      
   19.5857116028204353187142469086111269      
   19.3516255727111388525330889807632353      
   19.1236240576222582912449705086034543      
   18.9015065684344922779525734829633820      
   18.6850798780642757703979999886432356      
   18.4741577924410042269160822629010664      
   18.2685609231286171889119856865544360      
   18.0681164601798930456810891971754538      
   17.8726579664527439676930756830517685      
   17.6820250659183223271137947228685631      
   17.4960633624514982373288556820628319      
   17.3146241289913253133747270676122590      
   17.1375641224093052606977149821728916      
   16.9647453768652021096563177999249140      
   16.7960350057549346397818994112957140      
   16.6313050062494404461152945748981753      
   16.4704320726054796347345976763472910      
   16.3132974129962912478130319350832046      
   16.1597865738186689800148054263202642      
   16.0097892696412484607191217902263632      
   15.8631992198964857866048952730831750      
   15.7199139901188839978108899016016592      
   15.5798348401484407262627173590756533      
   15.4428665778042402365714960712289514      
   15.3089174174045871204986562056912971      
   15.1778988458360718003336563875246851      
   15.0497254917349346912208940583600387      
   14.9243150009318221729728522300299423      
   14.8015879167177197167722816579115620      
   14.6814675648155733670520327936820627      
   14.5638799439738694654354338917935558      
   14.4487536193562794358089794992635344      
   14.3360196219189369270916390729558031      
   14.2256113514016189974652146906535530      
   14.1174644826928369179183059994702965      
   14.0115168777505254308497526933515453      
   13.9077084992882202932414110830188170      
   13.8059813292530656179443015554386151      
   13.7062792909098907382437766638801503      
   13.6085481730845507244793353561552235      
   13.5127355586746664419336701223253784      
   13.4187907557637916890132911924487617      
   13.3266647314879675380620123158866575      
   13.2363100488410803504495964573830372      
   13.1476808058919533113405819201231719      
