 0.13548723707728E+03
 0.13548723707728E+03
 0.13548723707728E+03
 0.13548723707728E+03
 0.13548723707728E+03
 0.13548723707730E+03
 0.13548723707789E+03
 0.13548723708563E+03
 0.13548723714262E+03
 0.13548723742166E+03
 0.13548723843664E+03
 0.13548724139174E+03
 0.13548724864568E+03
 0.13548726422658E+03
 0.13548729431823E+03
 0.13548734764887E+03
 0.13548743573894E+03
 0.13548757298984E+03
 0.13548777662569E+03
 0.13548806650739E+03
 0.13548846485304E+03
 0.13548899589897E+03
 0.13548968553416E+03
 0.13549056093771E+03
 0.13549165024246E+03
 0.13549298224194E+03
 0.13549458615121E+03
 0.13549649142593E+03
 0.13549872763807E+03
 0.13550132440236E+03
 0.13550431134378E+03
 0.13550771809334E+03
 0.13551157430263E+03
 0.13551590966183E+03
 0.13552075391229E+03
 0.13552613684471E+03
 0.13553208827655E+03
 0.13553863800417E+03
 0.13554581573130E+03
 0.13555365096723E+03
 0.13556217290822E+03
 0.13557141029595E+03
 0.13558139126240E+03
 0.13559214316518E+03
 0.13560369241855E+03
 0.13561606432580E+03
 0.13562928291682E+03
 0.13564337079730E+03
 0.13565834900598E+03
 0.13567423689608E+03
 0.13569105203021E+03
 0.13570881009665E+03
 0.13572752484671E+03
 0.13574720805562E+03
 0.13576786949348E+03
 0.13578951694046E+03
 0.13581215619408E+03
 0.13583579111329E+03
 0.13586042367330E+03
 0.13588605403650E+03
 0.13591268063646E+03
 0.13594030027561E+03
 0.13596890823307E+03
 0.13599849837620E+03
 0.13602906328498E+03
 0.13606059438084E+03
 0.13609308205759E+03
 0.13612651581364E+03
 0.13616088439193E+03
 0.13619617591169E+03
 0.13623237800447E+03
 0.13626947794440E+03
 0.13630746277765E+03
 0.13634631946073E+03
 0.13638603497840E+03
 0.13642659645943E+03
 0.13646799129567E+03
 0.13651020725452E+03
 0.13655323258089E+03
 0.13659705610138E+03
 0.13664166732644E+03
 0.13668705653622E+03
 0.13673321487178E+03
 0.13678013441856E+03
 0.13682780828608E+03
 0.13687623068402E+03
 0.13692539698877E+03
 0.13697530384393E+03
 0.13702594917789E+03
 0.13707733230965E+03
 0.13712945399642E+03
 0.13718231650482E+03
 0.13723592362386E+03
 0.13729028087013E+03
 0.13734539532226E+03
 0.13740127588280E+03
 0.13745793325513E+03
 0.13751538000891E+03
 0.13757363070135E+03
 0.13763270184537E+03
 0.13769261211234E+03
 0.13775338230051E+03
 0.13781503551468E+03
 0.13787759718283E+03
 0.13794109520579E+03
 0.13800556004099E+03
 0.13807102483903E+03
 0.13813752549661E+03
 0.13820510092043E+03
 0.13827379309173E+03
 0.13834364724187E+03
 0.13841471203142E+03
 0.13848703978247E+03
 0.13856068665009E+03
 0.13863571286233E+03
 0.13871218302428E+03
 0.13879016634778E+03
 0.13886973699244E+03
 0.13895097441866E+03
 0.13903396373053E+03
 0.13911879613045E+03
 0.13920556935089E+03
 0.13929438817414E+03
 0.13938536496506E+03
 0.13947862030354E+03
 0.13957428364799E+03
 0.13967249406816E+03
 0.13977340106779E+03
 0.13987716547192E+03
 0.13998396041350E+03
 0.14009397240824E+03
 0.14020740254049E+03
 0.14032446775312E+03
 0.14044540225621E+03
 0.14057045914035E+03
 0.14069991174024E+03
 0.14083405583191E+03
 0.14097321127538E+03
 0.14111772409847E+03
 0.14126796859938E+03
 0.14142434951990E+03
 0.14158730422459E+03
 0.14175730482950E+03
 0.14193486020310E+03
 0.14212051768702E+03
 0.14231486441128E+03
 0.14251852801333E+03
 0.14273217651641E+03
 0.14295651712232E+03
 0.14319229363173E+03
 0.14344028221626E+03
 0.14370128542461E+03
 0.14397612353906E+03
 0.14426562504278E+03
 0.14457061415855E+03
 0.14489189756577E+03
 0.14523025049010E+03
 0.14558640329913E+03
 0.14596102991320E+03
 0.14635473930394E+03
 0.14676807118375E+03
 0.14720149664206E+03
 0.14765542380817E+03
 0.14813020818975E+03
 0.14862616664556E+03
 0.14914359349291E+03
 0.14968277762383E+03
 0.15024401876760E+03
 0.15082764225364E+03
 0.15143401127872E+03
 0.15206353631667E+03
 0.15271668185941E+03
 0.15339397038717E+03
 0.15409598403184E+03
 0.15482336431190E+03
 0.15557680828419E+03
 0.15635707264400E+03
 0.15716495834464E+03
 0.15800131262427E+03
 0.15886702102617E+03
 0.15976300054487E+03
 0.16069019202782E+03
 0.16164955179299E+03
 0.16264204262436E+03
 0.16366862381151E+03
 0.16473024065204E+03
 0.16582781303558E+03
 0.16696222341894E+03
 0.16813430416680E+03
 0.16934482441521E+03
 0.17059447664969E+03
 0.17188386308630E+03
 0.17321348238526E+03
 0.17458371669771E+03
 0.17599481955874E+03
 0.17744690492812E+03
 0.17893993770940E+03
 0.18047372608828E+03
 0.18204791597973E+03
 0.18366198784000E+03
 0.18531525591722E+03
 0.18700687042419E+03
 0.18873582173901E+03
 0.19050094774064E+03
 0.19230094304492E+03
 0.19413437120070E+03
 0.19599967697112E+03
 0.19789520184323E+03
 0.19981919963464E+03
 0.20176985288848E+03
 0.20374528947374E+03
 0.20574359911567E+03
 0.20776284933519E+03
 0.20980110067906E+03
 0.21185642086008E+03
 0.21392689776360E+03
 0.21601065103422E+03
 0.21810584228304E+03
 0.22021068394023E+03
 0.22232344649374E+03
 0.22444246449868E+03
 0.22656614127097E+03
 0.22869295225670E+03
 0.23082144739603E+03
 0.23295025250736E+03
 0.23507806948664E+03
 0.23720367688098E+03
 0.23932592770695E+03
 0.24144374880383E+03
 0.24355613877287E+03
 0.24566216569316E+03
 0.24776096461544E+03
 0.24985173484861E+03
 0.25193373706686E+03
 0.25400629045565E+03
 0.25606876970038E+03
 0.25812060204087E+03
 0.26016126429672E+03
 0.26219028004550E+03
 0.26420721677470E+03
 0.26621168317965E+03
 0.26820332656403E+03
 0.27018183030367E+03
 0.27214691149940E+03
 0.27409831867007E+03
 0.27603582961347E+03
 0.27795924936896E+03
 0.27986840828601E+03
 0.28176316023374E+03
 0.28364338087451E+03
 0.28550896609348E+03
 0.28735983049183E+03
 0.28919590599108E+03
 0.29101714053142E+03
 0.29282349684577E+03
 0.29461495132456E+03
 0.29639149297279E+03
 0.29815312238956E+03
 0.29989985087874E+03
 0.30163169957802E+03
 0.30334869867625E+03
 0.30505088666751E+03
 0.30673830965985E+03
 0.30841102056284E+03
 0.31006907925757E+03
 0.31171255086250E+03
 0.31334150603895E+03
 0.31495602030265E+03
 0.31655617359749E+03
 0.31814204987313E+03
 0.31971373672118E+03
 0.32127132501211E+03
 0.32281490858115E+03
 0.32434458392448E+03
 0.32586044992137E+03
 0.32736260756933E+03
 0.32885115975237E+03
 0.33032621101590E+03
 0.33178786736074E+03
 0.33323623606068E+03
 0.33467142547221E+03
 0.33609354488095E+03
 0.33750270434891E+03
 0.33889901457516E+03
 0.34028258676890E+03
 0.34165353252154E+03
 0.34301196370772E+03
 0.34435799237628E+03
 0.34569173065556E+03
 0.34701329067418E+03
 0.34832278446837E+03
 0.34962032391944E+03
 0.35090602068238E+03
 0.35217998611756E+03
 0.35344233124175E+03
 0.35469316666985E+03
 0.35593260256611E+03
 0.35716074860139E+03
 0.35837771391197E+03
 0.35958360706511E+03
