   92.6087792172520498870326289728459773      
   92.6087792172520498870326289728459773      
   92.6087792172520498870311940083557000      
   92.6087792172520497092495686583997166      
   92.6087792172518321876756930621336616      
   92.6087792172258499971587227724451368      
   92.6087792164207289451769863402292380      
   92.6087792058407222511191312935980184      
   92.6087791279337266574570535953341438      
   92.6087787464704364309653548870299194      
   92.6087773589492009973012854288996554      
   92.6087733191839970176748962436575881      
   92.6087634026996246503250957171773459      
   92.6087421028628598983501183954861018      
   92.6087009661475660414575088181466964      
   92.6086280607312331732418956677034345      
   92.6085076377663433832043303437797285      
   92.6083200103161554619272864933809186      
   92.6080416330497823845389342634514114      
   92.6076453568505502523448191472490232      
   92.6071008116022904691854614022059431      
   92.6063748703450749291761404628447603      
   92.6054321498993555476304468707006382      
   92.6042355078040629965221859980755443      
   92.6027465036360577652396611959211665      
   92.6009258014644570907221395735020401      
   92.5987334988220502345650838815196260      
   92.5961293764381333415000392074538427      
   92.5930730707138032694514502934995495      
   92.5895241772572793886418196295322531      
   92.5854422986330038744488852882913786      
   92.5807870531908850564780701313776021      
   92.5755180594443343259216704908638106      
   92.5695949155874536719264018345827471      
   92.5629771866253148195498749502217498      
   92.5556244118670992690137980541498210      
   92.5474961409188214263555838214305287      
   92.5385520043110210638240411870189302      
   92.5287518170705382743709008504857435      
   92.5180557237108027187379843199608792      
   92.5064243663053651051410962179855533      
   92.4938190837260291091534180605446998      
   92.4802021295783600692919782571021803      
   92.4655369029488448375011222449846621      
   92.4497881846648036531781459545470242      
   92.4329223714446790303480684311139772      
   92.4149077024849163919709208839149779      
   92.3957144691671579791606701502286149      
   92.3753152138469777028194287685195766      
   92.3536848944749569139999278182426497      
   92.3308010301119818427193535669306376      
   92.3066438164499305291520809976736223      
   92.2811962119411565818677727360302071      
   92.2544439914933195886469260760470443      
   92.2263757827150879978029104955225131      
   92.1969830467459837042410559089447130      
   92.1662600639436282937067045795805527      
   92.1342038709062560412197699303923026      
   92.1008141823315141910815432009598273      
   92.0660932903890851501954159464396083      
   92.0300459457642493710681655705323975      
   91.9926792199425029337964946401076511      
   91.9540023535596743634945929959220305      
   91.9140265995206946632279572696933511      
   91.8727650489525148403863215985053678      
   91.8302324511392105548146034640982455      
   91.7864450311596789241375617419499188      
   91.7414203057073531650437386283209627      
   91.6951768890538529068156321396187890      
   91.6477343111977710159282921155143700      
   91.5991128303385466950293912534017357      
   91.5493332538704037096725939919889507      
   91.4984167542671485329673959788995383      
   91.4463847002776549438236872439874422      
   91.3932584816067056330193817669236884      
   91.3390593552773281859752745394497107      
   91.2838082878731336726432107814069019      
   91.2275258057230839392730916573315631      
   91.1702318607714959602700781213751633      
   91.1119456944297750220746768581239195      
   91.0526857054037819958803711412882298      
   90.9924693399733282806951584564359953      
   90.9313129766723085799688555625285822      
   90.8692318223905246857002651938286472      
   90.8062398136015746779620724745236142      
   90.7423495258944421810049917613817113      
   90.6775720821409655697209385257073517      
   90.6119170663115560240858580984923106      
   90.5453924777056320514079513059558715      
   90.4780046259577937696670752758035564      
   90.4097580635882786375158123061559632      
   90.3406555223210869281083253474208656      
   90.2706979094649922621884030338842699      
   90.1998840538534307277787793925616394      
   90.1282109446166864437836254921606824      
   90.0556734226671318658669281850767294      
   89.9822642159368276402819976686458614      
   89.9079738850931132580609949220445362      
   89.8327906926383504936183433417137164      
   89.7567006695808284966436935491086109      
   89.6796873841419167199432381911430075      
   89.6017320110253613358054308586723601      
   89.5228131550085804241066879771260931      
   89.4429068434071007479522640772884242      
   89.3619863799613912591635508406548391      
   89.2800222828533204771691283051122562      
   89.1969821737305073302813705585360591      
   89.1128306717063683915994996886073694      
   89.0275292272457733148844172914079978      
   88.9410361218305990685104867946021246      
   88.8533061340234463571773535799174997      
   88.7642905277148784999776728679610464      
   88.6739367948399248429751814285055283      
   88.5821885212273533847957912571390880      
   88.4889851357732358905360028548596098      
   88.3942617026751021979142122184877521      
   88.2979486616659118852627915324005888      
   88.1999715602975129184914334738374837      
   88.1002507368087271263619290281499143      
   87.9987010035790083666056921261437555      
   87.8952312647405552632526217243840545      
   87.7897441303392232992648836499863917      
   87.6821354773402901740319759906051268      
   87.5722939447913683421818813348966849      
   87.4601004410815458845929459750826793      
   87.3454275278923184038860074307834495      
   87.2281388100380427884702911164471009      
   87.1080882232097659077379139930590435      
   86.9851192791867880418339421749947830      
   86.8590642280896169578785875561591579      
   86.7297431454458859394669782306631921      
   86.5969629454953852273186873684499161      
   86.4605162975607403268836000265035234      
   86.3201804550296398053913779686895567      
   86.1757159926622517474093253504849544      
   86.0268654528384549789969448564511113      
   85.8733517971751421827001058134602667      
   85.7148772062132751816073180819779570      
   85.5511210051430287553772433622890277      
   85.3817382840963092779955556309784995      
   85.2063581490138135179100738291376995      
   85.0245820426275342676694315877727733      
   84.8359821548289510498783534206194745      
   84.6400999867198079584445278683657706      
   84.4364452107743582324472315388214204      
   84.2244948957143946761840271339143865      
   84.0036933691931898414413812691988760      
   83.7734528636528468561814931678131744      
   83.5331552327603499625054269865547248      
   83.2821550150870354876368226675590816      
   83.0197841873726714112193976884926760      
   82.7453588633062484941913076066546993      
   82.4581882369395831343734885236523388      
   82.1575858972139055181320839154237360      
   81.8428833218417317955499324968134511      
   81.5134462480825138742883565749852432      
   81.1686909196174334303217761029677018      
   80.8081022886169962844160366474907962      
   80.4312506164482904951163687569583174      
   80.0378057770797945643493894156554626      
   79.6275475250564457941405103938008049      
   79.2003703618188357664844304474082255      
   78.7562821490478234133725066673615900      
   78.2953963505728062279795433710875079      
   77.8179186012387740532120089483951425      
   77.3241289344333000204970002426705070      
   76.8143616365611702217831395357915953      
   76.2889845603843136881019343183059132      
   75.7483798642333011454525751566480462      
   75.1929273753951245519799452614710155      
   74.6229915973816687817728142809637285      
   74.0389125029283087872397328880909311      
   73.4410000964642762301746783399595663      
   72.8295323675287335269338719039857383      
   72.2047559338189640694757642150522374      
   71.5668889501448788299093768551837689      
   70.9161255504093560347957763493387431      
   70.2526408076185121511480041508246373      
   69.5765993470674453849605594625554649      
   68.8881584433970220628952416750793235      
   68.1874773115053129060699700926915204      
   67.4747230903231958440555005761203724      
   66.7500777209795192855174450700916869      
   66.0137443292144331360324958254826734      
   65.2659535114004308899618562896796144      
   64.5069692046260052846143385458634748      
   63.7370942608032041896614732129604213      
   62.9566755439574042857976107150535799      
   62.1661085924242842010207622343389409      
   61.3658416627897681794033973117264980      
   60.5563791045341364350647316199330154      
   59.7382840937573011607707513673813499      
   58.9121804385132803221210744663165214      
   58.0787534477693709183369538619913776      
   57.2387498510067676471842905953704540      
   56.3929765478336959302228271073862069      
   55.5422982498284092176259096321517727      
   54.6876339233908624371932375685777881      
   53.8299520572710929932347524075606972      
   52.9702647603449036802889929304263235      
   52.1096208132539529390773423810292206      
   51.2490977491507114643129730146267221      
   50.3897931402257747525733599459391409      
   49.5328152584284072376116208899363653      
   48.6792734210896555515683999803812639      
   47.8302677472404864713614780812713691      
   46.9868798108432334450243099930215380      
   46.1501627670648229848386016163094745      
   45.3211323679979032754901553162154006      
   44.5007587156443206022976702455720670      
   43.6899588105610605984332642141889312      
   42.8895901950948227880992150383147538      
   42.1004456955663294601251467594427472      
   41.3232493402289325008068936093469073      
   40.5586534715712678155972024632776098      
   39.8072370044270126869784843984347880      
   39.0695048600444905632316405455780770      
   38.3458883735192705254768429662531287      
   37.6367465927679175385762280334682663      
   36.9423685105087607851711819083385305      
   36.2629758868504732730679779281086740      
   35.5987266330363358982384342816273601      
   34.9497186745451549669657340707784914      
   34.3159941037602123949555490947300459      
   33.6975435167719320572979748820557720      
   33.0943105153793638173835925925306061      
   32.5061961689537807580591354646143459      
   31.9330634249100458516960971108553768      
   31.3747415069902356799302740317947016      
   30.8310298317588738253300587704796015      
   30.3017022835095675463797033679253231      
   29.7865107008728995909213630148844049      
   29.2851883840605170666393422115220037      
   28.7974533305126663263990212018427850      
   28.3230111508166928618764479997050865      
   27.8615577624012023055309272453225681      
   27.4127818072207074576234331537131243      
   26.9763668344026313814348213326890937      
   26.5519932431456557039512799422387387      
   26.1393399954265230813700587275933808      
   25.7380861426353069574595165279577016      
   25.3479121324392691561460476815339173      
   24.9685009676730781317800221439618475      
   24.5995391885238162251338197008837012      
   24.2407176949244343367301101593556126      
   23.8917324600492082174835818763502348      
   23.5522851244075298867880373909656447      
   23.2220834526377161031374952152993562      
   22.9008417298857408110511249403536626      
   22.5882810588667786549938302986120248      
   22.2841295749043585225943571726661363      
   21.9881226175259250407261285069309281      
   21.7000028236433326807106045342145851      
   21.4195201850333596047850280388753353      
   21.1464320532464066491506457944673824      
   20.8805031233118040106127820519651115      
   20.6215053666271427559060669457183024      
   20.3692179541301732490703000828802958      
   20.1234271494941883565064328983704312      
   19.8839261836068694690027346120656653      
   19.6505151195167343971467881553447308      
   19.4230006990549501051564006201236859      
   19.2011961882217887761163694299668420      
   18.9849212046161358675183773607207650      
   18.7740015499537876645565525117814768      
   18.5682690328858977026387609505608139      
   18.3675613151802224384636067804055287      
   18.1717216383697469509343966538604178      
   17.9805987891619434165934700407721366      
   17.7940468285485501780206596755329385      
   17.6119249342011727838407035413098279      
   17.4340972340535801066811577057427845      
   17.2604326277471462799217086353238280      
   17.0908046353334921109237499924512688      
   16.9250912135139965595638259981129397      
   16.7631746188665443163558754481310964      
   16.6049412296220378240716229830253620      
   16.4502814199078110101566759542495794      
   16.2990893877487130749446836382128925      
   16.1512630373902333928198432189849963      
   16.0067038251642090011879178405825452      
   15.8653166318344206457769833701715216      
   15.7270096412025326494655904677226681      
   15.5916941986198913718107882900083914      
   15.4592847180761767364691198640984970      
   15.3296985364480680896591269437382718      
   15.2028558283210893214369981104099239      
   15.0786794869229740591391575505984050      
   14.9570950141772074854267903215573213      
   14.8380304436471336025774310638126733      
   14.7214162237651264833294692535492930      
   14.6071851306818029094957197464564105      
   14.4952721945313280583676928891193144      
   14.3856145989923305910366990494224946      
   14.2781515971395539722895040436200488      
   14.1728244569853932240031326585849989      
   14.0695763616010188193691479071071201      
   13.9683523418740265543898732625868713      
   13.8690992252310379265683675715012261      
   13.7717655467193412129318871304439652      
