   503.353983595366473674394243594379533      
   503.353983595366473674394243594379533      
   503.353983595366473673271516425147768      
   503.353983595366369793408749357133350      
   503.353983595264853940454767898678721      
   503.353983585190643146242959322675080      
   503.353983319046950696591273097012052      
   503.353980281542872744856605515443220      
   503.353960572508662755580698569925365      
   503.353874527613739350831832108695495      
   503.353592707148076591626419759879579      
   503.352847687549384054463030928921315      
   503.351175282679030486200284368301356      
   503.347870051838639560536072673897933      
   503.341965039413120220570892901165868      
   503.332238566128067501114792547573227      
   503.317244876517060188763832392190253      
   503.295362075881047460181198269893700      
   503.264849500526568389710310311150389      
   503.223907881619556401338526989122217      
   503.170736645252171768669346922576170      
   503.103584855681068346986207553479114      
   503.020793786173744321252959445784446      
   502.920830417367268860882452553779303      
   502.802312072667595290237771764161004      
   502.664022971240006215232865032772177      
   502.504923779672546083506362524069549      
   502.324155339714496030214931562430812      
   502.121037715884885611475206035102177      
   501.895065596131150137939621542996183      
   501.645900932625822910484270088937267      
   501.373363556637293425753540235774662      
   501.077420356766436849632318750664790      
   500.758173502077794163044299645015533      
   500.415848051112150104787214414985138      
   500.050779264375735057965498187158903      
   499.663399836874653427941503883742893      
   499.254227236506385919330029959387118      
   498.823851335580330795121187073169769      
   498.372922273000853926429029451668239      
   497.902139112381943493009732360229670      
   497.412238808255464745930344709669223      
   496.903985941451451263865328152673672      
   496.378163165240074635226885092733308      
   495.835562416543735032522511737297373      
   495.276976905400443918177453619037299      
   494.703193980368078243195987301577868      
   494.114988578322351657551736757612237      
   493.513117874938956400505620960521740      
   492.898316426305901580165390927162348      
   492.271292145863006651873506782699009      
   491.632723028655886954765562254488038      
   490.983254560178473738589429783634908      
   490.323497743415451327078272264756137      
   489.654027869179275309752856377112952      
   488.975383296242230293027265733148182      
   488.288065575136016677575948086112592      
   487.592539244092075617762165129517367      
   486.889232316237029913582992345857281      
   486.178537039371097863509696810611318      
   485.460810962326003480140869216556150      
   484.736378052066610130848320261282958      
   484.005530104912667388671209274262481      
   483.268528500234668020518455608585952      
   482.525605727409492081470494467658245      
   481.776967032094870164613267608310488      
   481.022792193598012356087041848775234      
   480.263237391337941384144303866394070      
   479.498436496853946358203622563030877      
   478.728503193261415764481650009823378      
   477.953532445138617201853329341212084      
   477.173602159462929249524534801387221      
   476.388774464950311146429600595870297      
   475.599097354744080099406154021496417      
   474.804605475327118103377757811794239      
   474.005321836007126539426382186080377      
   473.201258691241687601755202848067625      
   472.392418425697409897698568697713778      
   471.578794692150043673039504044056432      
   470.760373076972253941779883403473733      
   469.937131408571384433004866313865847      
   469.109040842653713661710243540547109      
   468.276066098816812216804904120889750      
   467.438165899367498957870261936805261      
   466.595293269677122134131770439222323      
   465.747395836144535130525931631499006      
   464.894415717700119725504995417364915      
   464.036289584667250589397705783416929      
   463.172949546511090368980789909901838      
   462.304322113933101567237206091027356      
   461.430328119752651085275766240235583      
   460.550882717646265783484409243621362      
   459.665896384444291534524559643769107      
   458.775271301845219594181302296924764      
   457.878905831894379571465113875370386      
   456.976689906583960792376649976832636      
   456.068506788211143993873166316580966      
   455.154232507486952626603587215295861      
   454.233734198496554430607282718915113      
   453.306871340892396309209203603621959      
   452.373493674379531394883656862655538      
   451.433441359457622923873131964072008      
   450.486544252802084490195848320452187      
   449.532621274223142159374534334217287      
   448.571479334386699417632786734225043      
   447.602913154117492753208083902890929      
   446.626704025260214398864194708648067      
   445.642619156660553085197492085510525      
   444.650410275516845530534182423660561      
   443.649814390771307686349092279888610      
   442.640550240706454658416323926195312      
   441.622319102114806834306509479114212      
   440.594802824748945614531733087919964      
   439.557662917709602504385165663977573      
   438.510539071639884979769109747108790      
   437.453047900816119691128228732822664      
   436.384781395915516275510252657059992      
   435.305305004957931248658185208762618      
   434.214156500215015227934891498087692      
   433.110843531287323977816192892088740      
   431.994841825797155252801278554480609      
   430.865593127470818578089946134461592      
   429.722502887814627117472442941567034      
   428.564937286073687937872060759229862      
   427.392221229226697425387443966248747      
   426.203634751177622459632959646776055      
   424.998410342782157661231501227236482      
   423.775729310061579514805798298597709      
   422.534718270385042479816545219916763      
   421.274445239820844443209617192735092      
   419.993915254153870909349948634520403      
   418.692066389932847689066832322791194      
   417.367764815514357084625627147243525      
   416.019800001193247335578890217181424      
   414.646879535076815826626592505806284      
   413.247624412372140230258894763627479      
   411.820562161959608113204662276146341      
   410.364125299156203094138281773394542      
   408.876642096370939962537596548080046      
   407.356334601227978193450556314813326      
   405.801314574424756980905322187375313      
   404.209580899613532832194327873003129      
   402.579018776891513996582732556742884      
   400.907401127913962761808185185045853      
   399.192393807266544513911348422733030      
   397.431563542831631996998478952898986      
   395.622392560388024114603288348230728      
   393.762299101551091003403859464408096      
   391.848666089448171703631610685411066      
   389.878879061530975316006170167100187      
   387.850375888890627198733937145924037      
   385.760707466643018277560424092556075      
   383.607611695082261196203573763860522      
   381.389099035470231191525523398305221      
   379.103547091848126771261443298722887      
   376.749806831202149224880519538042345      
   374.327298379381941194185106585811947      
   371.836109891116116605975582571760526      
   369.277074234260377619681467796950072      
   366.651820252041788590576992219767087      
   363.962788850803840924054464499224072      
   361.213208577394668600877209632789743      
   358.407028669202073356353910425504228      
   355.548814847014628839654419830163269      
   352.643615910321418431458041678031702      
   349.696814030635416365746886886634690      
   346.713973550153902840809955730870602      
   343.700699861784183056060806752088997      
   340.662520270096228881690320549347192      
   337.604792789738807441742498200733227      
   334.532644417290248260938223646466358      
   331.450939058546143994478210336611098      
   328.364269858795070267407475136647025      
   325.276973042245263790253858012455804      
   322.193155359602841867640905943460088      
   319.116732150633011992199707958443137      
   316.051470775835195292119808563118808      
   313.001031305148293176148553561899647      
   309.969027674645172012486546301670920      
   306.959043222437116350770463065319878      
   303.974686350723213528732584648689619      
   301.019616453598085779222523712760408      
   298.097571215738913038790952404178949      
   295.212386666801259899684152663640186      
   292.368011596122037572777744567693594      
   289.568514786686236731119378902084519      
   286.818086807020597154998719638457861      
   284.121034947984974395105029750477083      
   281.481772422020733140450472921086996      
   278.904801194254873665505946919906282      
   276.394689187700521173628601250439704      
   273.956042316889626271004517064981993      
   271.593471633294281125276465669907127      
   269.311555413171982308417275232343595      
   267.114798494205081758421644828686498      
   265.007588020912993229353079771179306      
   262.994147541454720809038383742636983      
   261.078490043878070489247891653656446      
   259.264371238191125580245183623670521      
   257.555243998190715153533699491443377      
   255.954215543446107304212021836849918      
   254.464008280103229173512831978384541      
   253.086925361983327318867863965215786      
   251.824822274492039895957101853381845      
   250.679084979258055190133425394649844      
   249.650614759258982095749000281598162      
   248.739821684185087338761170260091272      
   247.946624816701849972419313611313793      
   247.270460121615392308434246857504975      
   246.710295727125285500047360087870856      
   246.264653392181389071932342938974614      
   245.931635808323920279383062662789538      
   245.708958729090157370099732815764253      
   245.593986682449945574998901345789787      
   245.583771559951688710696097749837882      
   245.675092852300914259467879171643168      
   245.864498682535174184638301496507919      
   246.148346693126252142987979148139078      
   246.522843744401230657512771787757421      
   246.984084386138566398608548198711213      
   247.528086893941240055906979501660546      
   248.150826751023092871749166207525397      
   248.848267342115258511395716451060046      
   249.616387601255662952646277887392408      
   250.451206398485027560476211017392731      
   251.348803921445514392515095022038980      
   252.305340004663076280614606727610908      
   253.317069420740868346661561223916952      
   254.380354466923283744006240534432738      
   255.491675384358821487836288192261218      
   256.647637542658436986780322524773023      
   257.844977497962945274243125436373535      
   259.080566704913024516539029542815841      
   260.351413622955379464803128357240938      
   261.654664538698328057762442175728903      
   262.987603048492245667016243535668724      
   264.347648603623442903195469778719629      
   265.732354149699086947791240142851161      
   267.139403110754941645992466429417249      
   268.566605806890781112308109520441300      
   270.011895436058801539867348615581017      
   271.473323762963185220329341713172867      
   272.949056512512739743769611262916826      
   274.437368683334292202537788826230227      
   275.936639767079303465854333514246934      
   277.445348932028413922921799724188801      
   278.962070174346294440472679296463888      
   280.485467660639678113233106016391618      
   282.014291048925233976698257771886598      
   283.547370961910538106798559496288533      
   285.083614641577255117062754531203172      
   286.622001661758693691305218953825192      
   288.161579895491431898415613166221304      
   289.701461586501963612739163543229714      
   291.240819645210894722740151719688329      
   292.778884034833604997881290149785677      
   294.314938438063024702766639924485877      
   295.848316999762279087541075592340950      
   297.378401288100801868652851733414439      
   298.904617411627073143296507849540929      
   300.426433276426117391080664822908229      
   301.943356021014265614913473795566620      
   303.454929559081922175399024215662301      
   304.960732314693878063885635977499903      
   306.460375043370873908753918171836111      
   307.953498810897637276360000949417686      
   309.439772903972990070569175419328799      
   310.918893738182071226790781281299179      
   312.390582116199498553231610164601794      
   313.854582325822829658151276535318987      
   315.310660535814386615927729998257655      
   316.758603332137584302101754636535472      
   318.198216498202867630897470132704123      
   319.629323651690062184045443546350221      
   321.051765267463871405250691411596504      
   322.465397413835434560458678521120582      
   323.870090935227776567776985596075574      
   325.265730296901430692721994399472013      
   326.652212918055104690249114462529382      
   328.029448126372558859519079773216166      
   329.397356529273625596073393560517324      
   330.755869239335366973299034761644618      
   332.104927118504801733603224831795200      
   333.444480311194874150976368059318121      
   334.774487376497166918599175807495587      
   336.094915029507108076113356360830400      
   337.405737353558139466362774583331725      
   338.706935422668042228929088931058028      
   339.998496917385434533830518626781994      
   341.280415450666238701608663778936176      
   342.552690391684151376502737250278967      
   343.815326435314412403249157475569633      
   345.068333084121596197974634037846428      
   346.311724488266723709964430006035118      
   347.545519160316936594933399220803370      
   348.769739411879861018110883534946776      
   349.984411358574552869982143557344239      
   351.189564606727069112370403838380761      
   352.385231797027587941910488249085522      
   353.571448638617412309166604140864197      
