   300.978532456069162132856044161749454      
   300.978532456069162132856044161749454      
   300.978532456069162132851380527156010      
   300.978532456069161555061098139799070      
   300.978532456068454609946002451934406      
   300.978532455984012490765849010446695      
   300.978532453367369071825205605787061      
   300.978532418982347316137176706785720      
   300.978532165784611636735424043528592      
   300.978530926028918400637392377907044      
   300.978526416584903241228917198482859      
   300.978513287347990307440093636682261      
   300.978481058773780113528948150013744      
   300.978411834304294669470843680782176      
   300.978278139979589633948215285456857      
   300.978041197376507809980792308478383      
   300.977649822740615985338163888373414      
   300.977040033527505222177934283958734      
   300.976135307411792674655732918594256      
   300.974847409764288143749653417350827      
   300.973077637707443642999302372474831      
   300.970718328608038998582269580070768      
   300.967654487129835417535607609575022      
   300.963765400237976290515997869053504      
   300.958926136482679730978964678148742      
   300.953008853930622714296904146168195      
   300.945883869250739313969476884079237      
   300.937420469230569034870462472532923      
   300.927487471144318201366525372854718      
   300.915953558985129947987106585668468      
   300.902687438290259507686323231301343      
   300.887557864353683002473603105821099      
   300.870433590829185142637825393484261      
   300.851183302374757263398503481890062      
   300.829675571863881924400205646986802      
   300.805778883589329750851195632253931      
   300.779361748896444574040035283685097      
   300.750292934182013267864519647767390      
   300.718441795762656834351125913635053      
   300.683678749155580680061823404140284      
   300.645875813186053317709131101811810      
   300.604907255188700816511444352725245      
   300.560650296788855930889475802124826      
   300.512985861138536578342573590205884      
   300.461799337888719488104984461017733      
   300.406981341126885890352325698468905      
   300.348428442556077701209274291348128      
   300.286043849636329235811482019364900      
   300.219738048066858653481764597235728      
   300.149429333041223998472495285991975      
   300.075044278230597059285756684380358      
   299.996518107105478704455409081832956      
   299.913794968554167385043770881833169      
   299.826828105153036149861745035045229      
   299.735579972771984297438386570063694      
   299.640022164427144321360937138220426      
   299.540135364384525358540994938184042      
   299.435909136968965657943774036693846      
   299.327341667290573140927459574270030      
   299.214439428702887538980515766644178      
   299.097216790547344075798177885057267      
   298.975695564822056129850333133330464      
   298.849904507377296462140706752880057      
   298.719878801961355015166986614835470      
   298.585659488484736698974228204672413      
   298.447292871449943168293977649116859      
   298.304829920892349938540989776047199      
   298.158325667210392501729394727074509      
   298.007838564064524655631872948426068      
   297.853429890482349089674166826251156      
   297.695163134436277028731930676690535      
   297.533103404367854095497512032019034      
   297.367316823482711378314453338588145      
   297.197869973884676725130186462716264      
   297.024829319474052124565630936698600      
   296.848260698853742206268855022340453      
   296.668228804936621293741299920768869      
   296.484796690077744720001784396546041      
   296.298025321330595582107843339393737      
   296.107973130437783237372888521922064      
   295.914695574300108447854312514394150      
   295.718244769676285304341604027094004      
   295.518669108600139321844061237817055      
   295.316012910385575370176791609320953      
   295.110316090154231419538885434454824      
   294.901613853067813596609723980653299      
   294.689936385778019476243837034288469      
   294.475308559406156770770511493112497      
   294.257749770536484334459144182509641      
   294.037273588497438698815964490433844      
   293.813887513248691306588284076031486      
   293.587592757371323572345866354976148      
   293.358384217152999764857876556225377      
   293.126249615291874307479692753194401      
   292.891170278839349678896766404577409      
   292.653120096383174230008532791585532      
   292.412065613692035169279387161887161      
   292.167965830896648710070878418987381      
   291.920771748968727657193411743266683      
   291.670426556672523375671073531296523      
   291.416864832744874053452548429658169      
   291.160012763656130124045026325771826      
   290.899787502996751855053500680159864      
   290.636097111373129645760479691502174      
   290.368840039106468974727961199932871      
   290.097904867941769324372525409246497      
   289.823169786559410289039591131087863      
   289.544502608121889217864571128003244      
   289.261759672951549143559415966796451      
   288.974785719409839834913566505745398      
   288.683413256044820938009848901036467      
   288.387462033135496640917279001408864      
   288.086738215612904454543598791330747      
   287.781033811425764172200288897634879      
   287.470125804689185858153077072560126      
   287.153775276712258549114605217537326      
   286.831726520313758883166383185552420      
   286.503705894524370147298107564152451      
   286.169420740432867150692342773713074      
   285.828558119802951175738206562176191      
   285.480783401439126990491551860365429      
   285.125738758284067491956001686189536      
   284.763041522185389857364266397749605      
   284.392282325429272922851764106223218      
   284.013023145670673102021452752558359      
   283.624795063500882385652513441584247      
   283.227095929885741822547203056825901      
   282.819387683880560215811388109513256      
   282.401093543393645039612853959016819      
   281.971594860867617799861055813897559      
   281.530227744906937143841407693691423      
   281.076279377816988901054108601653711      
   280.608984023022832625833796974393897      
   280.127518767531199601105860683588760      
   279.630998615496972607320489385947208      
   279.118472744494512382274922780255859      
   278.588917774709967245660041678991916      
   278.041233432324385710679336020400569      
   277.474236796645382100610765674039371      
   276.886656813216063433613356782513529      
   276.277128902916529754337939474945758      
   275.644189955868459507895187449563390      
   274.986273975425434393573696676150655      
   274.301708721075348820498064636139111      
   273.588713923620368542577914225160737      
   272.845401622726808300668463906825701      
   272.069779336193452820831595490090278      
   271.259756940851885664777466285833164      
   270.413158184472938095388970690518602      
   269.527737760494947219712494174105465      
   268.601204803226010155174187216782465      
   267.631253143755134356603629346479409      
   266.615601056692749327719307058614636      
   265.552033895820903537394422172883292      
   264.438456486477292521929915369424143      
   263.272947165390320947133369411149666      
   262.053812319377687037757764302082060      
   260.779636847077516509532352539504669      
   259.449325713861523467051460599399609      
   258.062131926600882745522710684553838      
   256.617667351459502270258867796221669      
   255.115894104849490603257001194621946      
   253.557097318515406017694893410139891      
   251.941841251321059652899588336658956      
   250.270913714543415867730124384086810      
   248.545264504722671732003871217878859      
   246.765943287133490515467377737229517      
   244.934042462594811567342567757493463      
   243.050648896890210916910602081534992      
   241.116806372140185210600530487752938      
   239.133490027978815498006726512178295      
   237.101592005773490402093510781369826      
   235.021917411880399224601059155591224      
   232.895188633947291851268905070519183      
   230.722056448276100567636038146652225      
   228.503116327872411490968318795158854      
   226.238926136547304021201623715804743      
   223.930036422565146119478494051292264      
   221.577002260830963209348922415379093      
   219.180415702554110405817940646325387      
   216.740928510109948395431265406728043      
   214.259276569789558785569450333049963      
   211.736304217886239895159193672535772      
   209.172986958683753059004858248311261      
   206.570453792477943116369971382009754      
   203.930007402955089570950562537977143      
   201.253142920170624176161726827722876      
   198.541564220548642373238801379930587      
   195.797197616250119811477907887923705      
   193.022202375309545767589185189769571      
   190.218977515641949591070461937188352      
   187.390164763911846457244906046885638      
   184.538646768596966279115568975645402      
   181.667540553060909138753561704203698      
   178.780185867128280869121606192152244      
   175.880128381345368507631918932905896      
   172.971097658410208034578944384167767      
   170.056980347447869659696894322583060      
   167.141788808432268484405165218204817      
   164.229626006903976121649708134409286      
   161.324647417496180158664835108310067      
   158.431020756142538811275962894340024      
   155.552884787264532593922453764765400      
   152.694308273943084633965997497515727      
   149.859250349029729744608916839368196      
   147.051521630660203648482280613493332      
   144.274751512990585746028534566892118      
   141.532356441717990400449831486171823      
   138.827514191180067717284288144907621      
   136.163142896202751375452612671726968      
   133.541885300734375800050456976542199      
   130.966098160944876840372395758570851      
   128.437846737303956420061400152491114      
   125.958904091901641304755712807099130      
   123.530754643905472444238526981320490      
   121.154601622056175865931916734286363      
   118.831377781150248440349194012218401      
   116.561758794643891284034045391336782      
   114.346178695379281261115728691300869      
   112.184846857482758875152081571115770      
   110.077766096261747708861189894280199      
   108.024751146149133127016290841381698      
   106.025447327086526589673036498043151      
   104.079349046277306371086375490156263      
   102.185817697711805445022899208624230      
   100.344098881599573231674234370453748      
   98.5533388562456545316913462418293597      
   96.8125992119721543150465887073477866      
   95.1208719743780417205144309046950357      
   93.4770919784559314958235174739459243      
   91.8801489064266868817814715171380943      
   90.3288979994616718243416379028541082      
   88.8221696897626820370932386974025589      
   87.3587782230894692383041132146466708      
   85.9375291141188775099245735708300284      
   84.5572258381841989801606077476602518      
   83.2166755847679403363776986052407174      
   81.9146941923606890455343498524756933      
   80.6501104287332621352617451637897779      
   79.4217695368099090366389251000059507      
   78.2285362548979017230746719203078152      
   77.0692972661794990801241030545627790      
   75.9429631957829305381549915600733680      
   74.8484701884876829129210538545357184      
   73.7847811344213999664078593955873078      
   72.7508865481365163183412506172874288      
   71.7458052013778255905629927306762799      
   70.7685844871975482982032774821323391      
   69.8183006007900433844739633315042152      
   68.8940585252741112530614480308008039      
   67.9949918776727763145652544380933592      
   67.1202626359204402346205503923419382      
   66.2690607352702507333065336549905079      
   65.4406036059899481694363970966164740      
   64.6341356306584096972786671683086960      
   63.8489275355180011378198362667566450      
   63.0842757472520854745525747449912002      
   62.3395017205858810271685117884825746      
   61.6139512312910761815393009096115213      
   60.9069936579102714081562032505075085      
   60.2180212473683039398905248438563095      
   59.5464483901427261698024941779563058      
   58.8917108839470077803131151484803647      
   58.2532652752718803475016220373567019      
   57.6305878440785137586068452400553787      
   57.0231743573099728136291496372740891      
   56.4305390501216624125580134512274235      
   55.8522140325355501002029197577093666      
   55.2877486191753159360705692564305277      
   54.7367086867276622239860127203828047      
   54.1986760398376083633123191571780554      
   53.6732478052892148330970584706729597      
   53.1600358364017734909932191391527269      
   52.6586661455190828596701334883343156      
   52.1687783447205008766965769160365206      
   51.6900251211822311816419116591160439      
   51.2220717169786379514553482022593743      
   50.7645954355416288431335842793461834      
   50.3172851661327206636244008630005899      
   49.8798409228599265443542103271266491      
   49.4519734077372791431059897967988553      
   49.0334035837886474163487387657177629      
   48.6238622711547211036192362629953023      
   48.2230897549575217256652306877703266      
   47.8308354113715854708417599004708309      
   47.4468573494470631199635535303619538      
   47.0709220648542918766091900999056057      
   46.7028041098602231492656716320534694      
   46.3422857788140066242943857505070336      
   45.9891568013150169699475275572306279      
   45.6432140533810563303357401794239867      
   45.3042612793365996532088198665081726      
   44.9721088222223245772422493148972622      
   44.6465733702645408753549353419691905      
   44.3274777109001719998182357437170630      
   44.0146504954416601775369496627470120      
   43.7079260143650861652116251699372153      
   43.4071439827965960268942428847830649      
   43.1121493325314093581678974646270782      
   42.8227920140747945803398794898942627      
