   503.353983595366473674394243594379533      
   503.353983595366473674394243594379533      
   503.353983595366473673271516425147768      
   503.353983595366369793408749357133350      
   503.353983595264853940454767898678623      
   503.353983585190643146242959322678038      
   503.353983319046950696591273098609298      
   503.353980281542872744856605601966865      
   503.353960572508662755580694357248683      
   503.353874527613739350831535568548909      
   503.353592707148076591620015782102963      
   503.352847687549384054387983739467013      
   503.351175282679030485622585350016545      
   503.347870051838639557285944377741464      
   503.341965039413120206239889899607616      
   503.332238566128067449088194030013557      
   503.317244876517060027512152794091119      
   503.295362075881047021589248348710285      
   503.264849500526567320341783701735471      
   503.223907881619554025123650339355099      
   503.170736645252166895067736663168178      
   503.103584855517439413358051598831396      
   503.020793785674574270362164939337893      
   502.920830415980954934295873100604982      
   502.802312069122125505953109550716944      
   502.664022962808769574128333434496387      
   502.504923760875326330846157282895608      
   502.324155300146389450048105223275322      
   502.121037636765281120645877295684232      
   501.895065445056237863108670882109261      
   501.645900655897348827096835285126448      
   501.373363068433969783511126804608203      
   501.077419524328905705205624239106154      
   500.758172125998865423814764312592590      
   500.415845839765672761492464929363856      
   500.050775801482525464719358701167053      
   499.663394541194038588405478175738449      
   499.254219312656635999178313090248873      
   498.823839715029160764985388938457607      
   498.372905544326075493070356494344216      
   497.902115439976956002860512926927622      
   497.412205838746596858895325214026800      
   496.903940697191190861730181548299491      
   496.378101924346047655157871039965665      
   495.835480579065100628135955115341493      
   495.276868845296299693281820899734720      
   494.703052883089161263857164714076232      
   494.114806263910225847358936925238932      
   493.512884606578186303469903519428296      
   492.898020704472555635165332102811697      
   492.270920488174344738375570130812861      
   491.632259735668206495995289590669182      
   490.982681467403227265568702537835584      
   490.322793949106460435626502554930689      
   489.653169488942112087439936559640525      
   488.974343149279945510605101891284821      
   488.286812893194924873797312673031487      
   487.591039360390055042280854307183523      
   486.887446343212612843797259819963319      
   486.176421535662658288697448875294204      
   485.458317589308003771668872796974506      
   484.733453221194523710848654687617179      
   484.002114614996660850579519920758711      
   483.264557165776014899687093000563121      
   482.521006999233851309305825885206977      
   481.771662609223367314991876841964228      
   481.016696627515173505339488567508058      
   480.256257682236373589963630029450524      
   479.490471684488873940897968624218195      
   478.719443938379281936694610430407487      
   477.943260603915776933147946019778269      
   477.161990353583242084126830149302589      
   476.375685642312471854962437055117775      
   475.584384344231687151811519594871592      
   474.788110534995977795385676095566016      
   473.986876191624265166428950310332781      
   473.180682068535219573818608741683971      
   472.369518576326934611418545818386116      
   471.553366902621939070620448746201530      
   470.732199683939439330301401717487468      
   469.905981286284331219404677827066078      
   469.074668890748041764345536548591159      
   468.238212714930463987398840071897511      
   467.396556437943539659521177186761236      
   466.549637487857851516713056116677246      
   465.697387318438160531931603396054018      
   464.839731308229731895231103991134137      
   463.976588751251066816393709430182003      
   463.107873767363037084566213237975008      
   462.233494244589659936358321874086862      
   461.353351699196261686920122784359217      
   460.467341275266481770706869966685739      
   459.575352722040584678179912553852462      
   458.677266673475574045071277410501079      
   457.772959229631186111984517970851436      
   456.862297181501544905015349696708708      
   455.945139776150196363893524803196545      
   455.021338108564029033177804114885635      
   454.090733393643994008469414434673638      
   453.153158180937181226149503754902246      
   452.208434171511031947801543164053226      
   451.256372358865213753351597993112176      
   450.296772202347869690293632244293437      
   449.329420924101901269879257979647136      
   448.354092356838027500080229721275974      
   447.370546668874780563914149858869967      
   446.378528630348654381876684658289808      
   445.377768388866791582639619357894502      
   444.367978156612798442290063593923408      
   443.348852720561194356164469564602221      
   442.320067596834054301236376753842112      
   441.281278318265664726286159135247119      
   440.232118569275370993171945720747282      
   439.172199372827443173916148103653730      
   438.101106893409088054958473845990404      
   437.018401468468576894571656213008737      
   435.923615805559002268877875918725372      
   434.816252378591612885300011818258602      
   433.695782567846994195614097042352638      
   432.561643637780509717038196624577694      
   431.413236724911678960437211009563500      
   430.249924607931254884570026294323059      
   429.071028622193482325819977693829643      
   427.875825811114505242883916175186411      
   426.663546287195457076851628435867444      
   425.433369246549325142421038514278363      
   424.184420123268976741414585477304761      
   422.915765975178995654494553823880113      
   421.626412080757975744952430465823492      
   420.315297255514638873764396355275656      
   418.981289442983006662306487691495239      
   417.623180893163548492764713556637279      
   416.239682924246328601264806171806280      
   414.829421141763220505011097001741143      
   413.390929167265002264402170999783656      
   411.922646485097100860410860612951897      
   410.422909130217977501035589364275140      
   408.889947888397558248482933882093988      
   407.321883268128884650866832193928023      
   405.716722733434571814764088954997326      
   404.072358967442533120525257175616614      
   402.386570178692660560937404552460632      
   400.657023087974134597229810022445370      
   398.881279569998710436973949842066049      
   397.056807427013105617808392754085517      
   395.180997577753964135453695972360737      
   393.251187717598810561329069913225089      
   391.264694712015303791084852082547112      
   389.218856860200587561667916195597152      
   387.111087251899334712585254262734325      
   384.938938847518961598978343809626657      
   382.700180783632172550950076580517281      
   380.392890179941866191436079168674427      
   378.015543111475514209999595232284846      
   375.567118373103444028529518233601014      
   373.047194944068519564168554436451154      
   370.456039722605655274306591431551263      
   367.794676213118037392507752118068556      
   365.064925461079979328892881227467731      
   362.269411147960195269514196414643956      
   359.411526227262756542993073524309681      
   356.495359169254710386999155363055283      
   353.525588505710965317573497626621993      
   350.507351204914975090665140483458380      
   347.446100149603657695209561998656062      
   344.347462119901491938956580987521463      
   341.217109031726012928101985990892630      
   338.060650264152469096642523253923850      
   334.883552289798275542486396218148378      
   331.691086811300868806055988586643896      
   328.488305492777646310853683184108521      
   325.280038261683923670253371104397595      
   322.070910481000251313352975206412681      
   318.865373392882899268682686764818651      
   315.667743640027761750385218548017011      
   312.482247536221962684044503565279921      
   309.313061998882011693244526271867672      
   306.164376451825510111670596811043526      
   303.040407268955269810732689084300780      
   299.945451299116909478197845554484541      
   296.883911663138486217537111943191755      
   293.860320806612891149348397613127860      
   290.879356881159538324448201942625453      
   287.945851787202351190362675446606542      
   285.064792664281285796007447828265865      
   282.241313444025702081943301312334991      
   279.480680243031989232637082489827893      
   276.788267966860072165196065923284358      
   274.169529272874503937690606380024514      
   271.629956841746093239873100216058332      
   269.175038349987642916211756610772871      
   266.810206523975768426313521903413787      
   264.540783656119413130766502999574103      
   262.371922857927862882807618375270411      
   260.308546879891935981101597127251338      
   258.355286457405023772664222708927947      
   256.516419472045344552911868063075056      
   254.795812928591391767863836627205827      
   253.196869389523076039959096597265124      
   251.722479605252934663481007078995228      
   250.374982861545955328614190404432220      
   249.156136140451725613372032938149782      
   248.067093346794976845016143504954265      
   247.108394949766389429214123907558552      
   246.279968419323737907894853889284939      
   245.581138592311000746643511149496352      
   245.010648857866465816886237921808851      
   244.566690411368863119499836644362677      
   244.246939593156287911705821895404792      
   244.048601594106227363726957991824672      
   243.968459020540560468402859193931963      
   244.002923751002429296962210840379778      
   244.148090648234631251511961459324813      
   244.399791721623627523002713014157534      
   244.753649470049478942821598359886905      
   245.205128349463547087830248692047064      
   245.749583506233128664003133804273977      
   246.382306065893374864745088327638892      
   247.098564448826689009143589278596718      
   247.893641531099497296830067299957244      
   248.762867382770443346366455926890561      
   249.701647679312950543604729507661309      
   250.705487751412501656884823230541980      
   251.770012669123051073936539585129305      
   252.890983425295538662282000334606259      
   254.064309641388522532067432352797657      
   255.286058989378317018409829804538028      
   256.552464270484585618005997585879782      
   257.859926983459958732985881424408400      
   259.205019764717965744255650332698471      
   260.584486448640765766756452771153663      
   261.995240695725837433855666408482614      
   263.434363321511996517825693003198521      
   264.899098479833473834409237801671508      
   266.386849246685641025559983742805437      
   267.895172337198941342525709551107345      
   269.421772443934463590919085727997840      
   270.964496262407727487902739093580830      
   272.521326220370523016628478591746230      
   274.090374190093847945955181732030503      
   275.669875083975258589772400039876712      
   277.258180554798113077166297311903438      
   278.853752767122250812417213772672260      
   280.455158309108010596207171168131288      
   282.061062267433657758521209665149699      
   283.670222534730537020879492983645662      
   285.281484299636711381203215632506285      
   286.893774797351099412000680403386386      
   288.506098271941614080793445089905544      
   290.117531207851907694993269456769882      
   291.727217787157693800166190289477529      
   293.334365579220794505699212523000664      
   294.938241499094921672518749644986331      
   296.538167958651038134287829978715706      
   298.133519252392686524025615181251498      
   299.723718169132051976888556303965822      
   301.308232805437741850011014878832111      
   302.886573548012818284549765693776844      
   304.458290280281826479187382690965851      
   306.022969736587537857813335730669953      
   307.580233057659608150302259666421165      
   309.129733457467489905058217230172171      
   310.671154075783669242043782416651271      
   312.204205790027683704438211443884718      
   313.728626043024290332351134611225533      
   315.244175968057025389117832521611640      
   316.750639517985969401037916238156741      
   318.247821715107193433667242318092942      
   319.735547232453694043983635003652546      
   321.213659040499468432315432191148161      
   322.682017172492881259877636896384884      
   324.140497540228779294863805840970012      
   325.588990862174409027996892926164413      
   327.027401631024735875518104111695654      
   328.455647186718054659052756936368569      
   329.873656805321143067131075748251670      
   331.281370891793154752575006570138660      
   332.678740203829713397768959746802214      
   334.065725128169535800037761369483304      
   335.442295018543819936999581061611131      
   336.808427554534058683312277326444590      
   338.164108168603200808700015848357355      
   339.509329490022793046046820068754986      
   340.844090840419055659758856672349599      
   342.168397754924232467139049423496695      
   343.482261532343502060085001227036042      
   344.785698825421839195306416792173221      
   346.078731251273852327350789746711633      
   347.361385017520584291449367901545172      
   348.633690598573086341826979047154267      
   349.895682407731661641225344716635051      
   351.147398498625902770166791582809468      
   352.388880297989253963440934642075989      
   353.620172336544201924009009863216428      
   354.841322009715869609043689639730413      
   356.052379353058110740141878361875814      
   357.253396828624243896585336161447620      
   358.444429121338416650322240647804034      
   359.625532960575307357156028179442332      
   360.796766946332551614262633887908697      
