   92.6087792172520498870326289728459773      
   92.6087792172520498870326289728459773      
   92.6087792172520498870311940080718210      
   92.6087792172520497092495610620606346      
   92.6087792172518321876719882855093042      
   92.6087792172258499969179042147449901      
   92.6087792164207289402637927726119497      
   92.6087792058407222027313255829693892      
   92.6087791279337263625027172964981823      
   92.6087787464704350151801560770008308      
   92.6087773589491814811428063301640549      
   92.6087733191835429331834330229863469      
   92.6087634026950832877958270611212653      
   92.6087421028301319222802140173410181      
   92.6087009659658702404282781878969674      
   92.6086280599144900214389720669542142      
   92.6085076346791158239209570721715170      
   92.6083200002123462071002169686702687      
   92.6080416037545086332130229367262241      
   92.6076452802146990779893879257842892      
   92.6071006280434733715667652123268802      
   92.6063744629369506135487014837421223      
   92.6054313036634758713280237735012378      
   92.6042338492599022573483835405728683      
   92.6027433962487011405228867849539176      
   92.6009202769614916090119691332889731      
   92.5987240639032882572077488899423287      
   92.5961138321845378273044057987798743      
   92.5930482748438520799094903092522263      
   92.5894857578896723953722107059159715      
   92.5853843168573314665105811385726399      
   92.5807016124760646218341735755973714      
   92.5753948607216414875338766924521383      
   92.5694207574473676415689730250609174      
   92.5627354106304920878222671431144297      
   92.5552942933950204588017895816480102      
   92.5470522262595032159282946681081489      
   92.5379633951201287819585345211502103      
   92.5279814030612605630202369558936361      
   92.5170593648759240792733128553180906      
   92.5051500260837542567235626011020340      
   92.4922059141099531901670253971099418      
   92.4781795094865475106006856149074400      
   92.4630234311254970870592520946821282      
   92.4466906283077125706512114621107764      
   92.4291345717486230852670453312018344      
   92.4103094386533942759884489289934294      
   92.3901702813776611788861026371124486      
   92.3686731875365761870014346894196242      
   92.3457754064246722464316211987926206      
   92.3214354580625678791056324969206180      
   92.2956132134479147588971595961109920      
   92.2682699467889555797778295205628921      
   92.2393683559290961440426515312601704      
   92.2088725701714330074277645244562676      
   92.1767480954400635468273382975197091      
   92.1429617755308641045823071757860525      
   92.1074816973118295547147532262318730      
   92.0702770866923816376421344314652633      
   92.0313181788666514971310690732738772      
   91.9905760713294732185031951735254989      
   91.9480225597848549636467920173809322      
   91.9036299558546933066359203674917205      
   91.8573708959467881946057981702001720      
   91.8092181442113857534426607499988019      
   91.7591443722668638181115378212821123      
   91.7071219418996251887102381548282349      
   91.6531226803907861961616809272107183      
   91.5971176479928807039300702644451839      
   91.5390768631223935697038200379088840      
   91.4789692167799417445309985355752679      
   91.4167620240229357455079034410876150      
   91.3524209112772318347868379008881836      
   91.2859095543256257334482181472361030      
   91.2171894274949634005278046064001651      
   91.1462195636581403287667061431357619      
   91.0729563128150521911679300227926782      
   90.9973531014027235826933162494713743      
   90.9193601878363709675585673556307665      
   90.8389244194700536771617006580733382      
   90.7559889620173405086999613789415583      
   90.6704931246263946352191725489207301      
   90.5823720232189995842781998223170345      
   90.4915563811292661345017089595086129      
   90.3979722186903365506082845002073039      
   90.3015407218580135433068387759037659      
   90.2021777645871283146319662727148979      
   90.0997938464597213492802093072303822      
   89.9942936856491301084060115101670049      
   89.8855759644964727333068565793822762      
   89.7735330389280070508772622097180641      
   89.6580506334556705413809881723013261      
   89.5390074154988371985124432902209507      
   89.4162749892043038052627326488258527      
   89.2897171488706474308059353711903598      
   89.1591897343704085032643011210891401      
   89.0245402208262462917335114334186298      
   88.8856073799305138656325015309341109      
   88.7422207738150619771747246976401684      
   88.5942003869534272739160936429976369      
   88.4413562321873388477508870910543737      
   88.2834877937174917845153391035985495      
   88.1203836114331676815145780122592862      
   87.9518207538444962385220790740335040      
   87.7775643235666759336350597743265054      
   87.5973668763273825938952406533009646      
   87.4109679269716070625377390461904656      
   87.2180933400861275423880079320474291      
   87.0184547300278456099680985808191471      
   86.8117489253465785201161530985542063      
   86.5976571977824049397331617465614497      
   86.3758451537132871166372766975989339      
   86.1459614916573810668447051236696865      
   85.9076378399303203009628171389606411      
   85.6604881231557495006265035067596874      
   85.4041080627037221249989145138727856      
   85.1380747605997231496687886099418948      
   84.8619463200059712059269795530048926      
   84.5752616040703922684996523129040910      
   84.2775400978723261516692133512445831      
   83.9682819553400287585522279939425807      
   83.6469682263790930561897345585959709      
   83.3130612946584616829992710336106317      
   82.9660056106110967329644461810297811      
   82.6052287007465176334284607622088774      
   82.2301426147689095530501171346468273      
   81.8401456612996816854549911005287598      
   81.4346245104997455796585065044130079      
   81.0129576623502953072440989359343526      
   80.5745177281455216419720543605209840      
   80.1186759383387587814587103986884606      
   79.6448064831993220592019263491789141      
   79.1522916914881123157847637552950107      
   78.6405278120974772748665246341199973      
   78.1089314369284193309665477666716061      
   77.5569466867167595161491293895883127      
   76.9840528736231554832741877999487350      
   76.3897728218281207047927239399718179      
   75.7736818105086210323917130884172400      
   75.1354167495441376304211094768141424      
   74.4746859500077328548889438357393636      
   73.7912789635162256645382100974538743      
   73.0850766067369179903068728480593040      
   72.3560601026292911065709571535127937      
   71.6043232205568601747531245200781315      
   70.8300775993632119199282669758707455      
   70.0336632532136363296911351041892235      
   69.2155551325468852424836434145264555      
   68.3763687266300365140549304504844104      
   67.5168640423221907983140974408769473      
   66.6379477258626562476105129492959205      
   65.7406729573049791766739058268828222      
   64.8262370258718153720966942957172554      
   63.8959763823700001359466311113494751      
   62.9513591017482806775933796284779212      
   61.9939746811989244960628000307614347      
   61.0255211748441081445787335586917067      
   60.0477897303630867794566546311200442      
   59.0626468816770080184352385835653133      
   58.0720147316138225377856329285817938      
   57.0778497307959266426760576754650535      
   56.0821206089791266167805374639762075      
   55.0867850554687955325697686262653628      
   54.0937688980619135690889352312390495      
   53.1049441903128707992557483466504709      
   52.1221101354524473830850838921790279      
   51.1469760544627232971901402117785405      
   50.1811468413044695289809779643110132      
   49.2261113290666793380898165977006623      
   48.2832336385823289579328974302409340      
   47.3537472478031082907900972389106928      
   46.4387520779429572096154317483993831      
   45.5392137761250323335574773931622816      
   44.6559655529408795589185800998917760      
   43.7897117225951601166919731662210585      
   42.9410328623746765010878904868201899      
   42.1103923013383381254347704092442844      
   41.2981431545275622816002473660228408      
   40.5045367724994917909557046110372038      
   39.7297306820255132522344785970981200      
   38.9737972007161079025429122350038290      
   38.2367317753259539332619923641968460      
   37.5184613644317687146868801554489964      
   36.8188522743049863442215687844748326      
   36.1377177280789250942922549566983598      
   35.4748250029911580614996711006492215      
   34.8299019687645413867296873580123832      
   34.2026431807543500477435634983174046      
   33.5927154997968581177579978399756237      
   32.9997630768838006286766763330391514      
   32.4234119345634213131790182496021521      
   31.8632740603954050088224567451662396      
   31.3189509949485606588517527756780310      
   30.7900370660087591933453543872055586      
   30.2761221970556587312601933952933456      
   29.7767944118483068532556333665620332      
   29.2916417834442932780076003030880363      
   28.8202545554953007870959955792470148      
   28.3622264935239835235585929470412494      
   27.9171562865910295652534776442416205      
   27.4846486954497633114182692379261598      
   27.0643153403786195815119385777495533      
   26.6557756364130739063622858033485867      
   26.2586572920676933321390472236841740      
   25.8725967276355827820517892128599555      
   25.4972396189227587222855730724694319      
   25.1322409617182656487867569313370223      
   24.7772653595425117402286510825678230      
   24.4319871262455063800903259131234960      
   24.0960902113317804301651491141765309      
   23.7692683578546508480990980834941228      
   23.4512248624250201420952507604439396      
   23.1416726157347474090157147831689370      
   22.8403338510685168325910908255870263      
   22.5469400935471641449200641398449332      
   22.2612318696126239338223392497467828      
   21.9829585933664166167325981895902036      
   21.7118783136017159826214309781167932      
   21.4477574876689242743537434646715320      
   21.1903707659681481523642085945729467      
   20.9395007497430581044424884056448198      
   20.6949377304244272181959687494463569      
   20.4564795051354550417293883026386411      
   20.2239310777859651992657568078345635      
   19.9971044290694070944174723198371966      
   19.7758183328135697880374270611371525      
   19.5598980465955003255414842804241123      
   19.3491751509671797115862720860735926      
   19.1434872632089540895835634510683933      
   18.9426778687961443332476917101298459      
   18.7465960880622303539620983279779297      
   18.5550964656049163663274580943458147      
   18.3680387691203400677027631818182189      
   18.1852877918815859422042763740326974      
   18.0067131898051067702865437936148642      
   17.8321892215898902347236747194017064      
   17.6615946711920126698395346061308337      
   17.4948126214819927602716043424317653      
   17.3317302842079034361783859232399583      
   17.1722388628605751103912511973422838      
   17.0162333807407829559524566833342127      
   16.8636125466463821539486326734027373      
   16.7142786094255360048870139446207127      
   16.5681372153758497585369568424163230      
   16.4250972749258490522642416772725314      
   16.2850708579520637906504304874069102      
   16.1479730390654742378971155916319101      
   16.0137218122238134024470636777367707      
   15.8822379557745915034461176696941469      
   15.7534449353161234187769178045503480      
   15.6272688054171057357162808645226612      
   15.5036380991053843984237059276275935      
   15.3824837349860764039848596795172835      
   15.2637389372648377685975811903309541      
   15.1473391379905301437579620077312908      
   15.0332218922898204359918332478602029      
   14.9213268059576439897258027005686998      
   14.8115954492695110435241245692027437      
   14.7039712904640140157731278759518018      
   14.5983996231243870831827527624074874      
   14.4948274911881482585338137021145827      
   14.3932036349327851562443015575509303      
   14.2934784193136225803170590929596181      
   14.1956037784423821040611353105736246      
   14.0995331567672859437381343310464000      
   14.0052214528193239974882059904778059      
   13.9126249680197392777868185982932094      
   13.8217013538372202454695723518806140      
   13.7324095631331389994049631828914412      
   13.6447098073804890075853317353841741      
   13.5585635047345038858275570640010573      
   13.4739332402539558831991685097499982      
   13.3907827275292168680016548394962073      
   13.3090767630752738644493090534806183      
   13.2287811916840200948186616576989598      
   13.1498628701834779847126615017364649      
   13.0722896255000652915735023516471198      
   12.9960302341309786879755695623275485      
   12.9210543775071856605048310319639782      
   12.8473326106588004443168477213453214      
   12.7748363434408831249185007625596472      
   12.7035378002474192102633624868305370      
   12.6334099968450383516076439968699325      
   12.5644267156583103101876338353818049      
   12.4965624701097058292259621666948787      
   12.4297924957126261698846417496212171      
   12.3640927143383843320093581895558901      
   12.2994397169853507597486925977236827      
   12.2358107367205928374818432998714457      
   12.1731836297486652657846180550708012      
   12.1115368594431561836930301154866011      
   12.0508494725607197461181354402014993      
   11.9911010794533642603277318075130003      
   11.9322718382196268929730555058125414      
   11.8743424332263899405518303714400061      
   11.8172940629036937684110248397329987      
   11.7611084257891370741594814621900883      
   11.7057676956167272728051878445100407      
   11.6512545152059762053470023672679106      
   11.5975519758944866410584534882014628      
