   300.978532456069162132856044161749454      
   300.978532456069162132856044161749454      
   300.978532456069162132845329656929678      
   300.978532456069161057692049592456886      
   300.978532456067999342860823074132764      
   300.978532455940342079082262657274365      
   300.978532452216446778587941755303885      
   300.978532405478539666307513378357998      
   300.978532073516673098824254138413325      
   300.978530494591840277708324171280932      
   300.978524886466424628406834103553308      
   300.978508878780673824757936805440123      
   300.978470236636426416724725217842273      
   300.978388415511332496312679378605684      
   300.978232334565993694449054461175699      
   300.977958681521670679575369597650390      
   300.977510934618395719096507076227249      
   300.976819142459034946932592160030409      
   300.975800396849079586252235157980658      
   300.974359875589853360704764556868400      
   300.972392288597800813501913278648924      
   300.969783560572838729739112009060846      
   300.966412596063752222822958952332047      
   300.962152994998083621731591157941310      
   300.956874613047853307075435246578752      
   300.950444896163859490813768739598966      
   300.942729945811240573337235777466863      
   300.933595302148821541341589942114406      
   300.922906457828885131569876224114857      
   300.910529134789612842352628210564215      
   300.896329377043434740054457361994708      
   300.880173507656799266350147617948261      
   300.861928016124481377564774883504684      
   300.841459429951727733131734820663712      
   300.818634185759485020065118067687841      
   300.793318724729919453881464904683798      
   300.765379406841878877779381465541770      
   300.734682796789217134763772553635388      
   300.701095963003527553240420246156338      
   300.664486897095516055308379410900135      
   300.624725042878189438374792897993985      
   300.581681910401312327870580502596094      
   300.535231750125646147649751696155392      
   300.485252265003908269462509859324925      
   300.431625332447944466770481320251778      
   300.374237718037501817219113910038455      
   300.312981745679618010156365288156459      
   300.247755940071844661261570542249749      
   300.178465566714029280057768761607379      
   300.105023111165087046817966369433979      
   300.027348661479143376210913105423791      
   299.945370193537656429458967066812918      
   299.859023756770723056558463995361179      
   299.768253547935779649563986405034802      
   299.673011897026645950486748540218331      
   299.573259161132925697684230458463241      
   299.468963507157410837353618523212878      
   299.360100619647061960952927968338287      
   299.246653332789987567793409662441175      
   299.128611194600721655755548362298940      
   299.005969954051164211669419712095808      
   298.878731009485698333047115498437473      
   298.746900828946627764487825217368951      
   298.610490293437077688368041029372598      
   298.469514034617209796961670318996887      
   298.323989759181298090494980115095477      
   298.173937539828671402362812721303913      
   298.019379099178860043460266922807665      
   297.860337109033396736159775272890872      
   297.696834483983144295967425679775260      
   297.528893675282635667987188408441723      
   297.356535971777148104159419457308596      
   297.179780822643042959866479298210384      
   296.998645162766452651633537983084007      
   296.813142778710272934240580264605953      
   296.623283671227830505022124870484679      
   296.429073440081951978443873724435741      
   296.230512702338496956224493460342470      
   296.027596522792062640464654544241853      
   295.820313828161340455794316888790571      
   295.608646900980696365667394527998102      
   295.392570845975289055705478079432398      
   295.172053085258800277120514403145492      
   294.947052865627855741422232542047794      
   294.717520778551690398149120663359469      
   294.483398202326320776399579398003915      
   294.244617058657667471251414768587164      
   294.001099019537321742357238385301033      
   293.752755447822068139154434795095455      
   293.499486621430093680555656282247118      
   293.241181197280635342756549589751234      
   292.977716125688719363182855746822781      
   292.708955792658112840548863180816460      
   292.434751710679488063415036604975375      
   292.154941957053790236335127425203305      
   291.869350609105665550354182742899911      
   291.577787165773984508692416844525848      
   291.280046132196296935731835986748181      
   290.975906170766201812485182591206403      
   290.665129585394017012269476968947119      
   290.347461668900409015915376672527169      
   290.022629852312008956011516105327679      
   289.690343007034144407143191991374688      
   289.350290677017710057678327059171953      
   289.002142115346244030789388487598464      
   288.645545365262964708229032410354251      
   288.280126359246261846489343181541531      
   287.905487739104624754110725155363475      
   287.521207841535784680061300760767016      
   287.126839395696110933682019948595103      
   286.721908364282456346634208272338064      
   286.305912448977791329553705118757013      
   285.878319561376587608271303411615669      
   285.438566970130755075379339936746896      
   284.986058644303578475105178416114386      
   284.520164194169912987285194377280210      
   284.040216887227438244410456231896507      
   283.545511770616129519864502104650505      
   283.035303651150301160878444816684623      
   282.508805036522827265918048697264029      
   281.965183996298428445207154790750129      
   281.403561936309141692339336440035228      
   280.823011376677065699885552321933829      
   280.222553697649870957858907951555691      
   279.601156911172273136226019468910028      
   278.957733543661135184120883029457873      
   278.291138541873156264625449587591452      
   277.600167521650049710940597959697573      
   276.883555193599102814775571540899614      
   276.139974235309413048564749262791927      
   275.368034671789875976919964689346856      
   274.566283511462370968176045816759428      
   273.733207050669076191410738253568286      
   272.867230733130691044545753575947241      
   271.966723527496646246120348469116817      
   271.030002126979598110440256128898363      
   270.055337121652687133104510463731817      
   269.040960993235552814564720496409151      
   267.985078147960287923187656962536635      
   266.885877071646633371422804901765085      
   265.741544639090410836100790150194994      
   264.550282585427926559170321018457924      
   263.310325915242800066994998709250212      
   262.019962851960385877775919499516998      
   260.677555934439748775468411501635916      
   259.281563500266410939674374694587616      
   257.830560853285536541662739856020273      
   256.323260183694386897477517545248240      
   254.758528260255030399624444204421105      
   253.135401369703851570995764766783128      
   251.453096385219510098367256310831509      
   249.711017232735385809631204697360105      
   247.908760194295969895511343198601034      
   246.046109332028605168902442957564302      
   244.123034125104452852744496730001124      
   242.139681789124815534364660969007530      
   240.096368359457130528086575611121218      
   237.993569257967472359929229688133937      
   235.831910352270235211377338369830462      
   233.612160485710874077854821805528069      
   231.335224010893597082901889176550561      
   229.002145828161962483211756753040970      
   226.614100062688139683939269852154502      
   224.172400591560006419919706983496993      
   221.678504885780022902048464594727011      
   219.134021436688423418060582031816342      
   216.540719785109427746280530087699498      
   213.900540864948008476153306194174666      
   211.215605616097926888425327153642671      
   208.488228428605248342035019340974755      
   205.720923527082701655773069214054038      
   202.916412133889673801619326964826461      
   200.077626394388789893090204799677234      
   197.207709664259765334474781993330034      
   194.310013134713895199896228465293206      
   191.388087642280663413338575198398248      
   188.445671214702802343850690890674120      
   185.486671825989481833807826974512110      
   182.515145143270799386149744542546698      
   179.535268276190535259684215008399346      
   176.551309423800770492314144348900747      
   173.567594527898815275954097525089797      
   170.588471217175781899097242980503691      
   167.618271301320371977161207507990514      
   164.661273152866529583710351224907061      
   161.721664090136405236509604228212524      
   158.803504594495280085033271456574847      
   155.910694636293118779525850382829566      
   153.046943391272705285943604428162247      
   150.215742603116481720859248445426825      
   147.420344185708694500785336229925316      
   144.663742634685218582406903356881053      
   141.948660760522566098010744426647622      
   139.277542908953360225364427672441982      
   136.652549295833971705815860606332262      
   134.075556707969299338668933998792216      
   131.548162044766297207193144148400556      
   129.071689466393687398694223062798454      
   126.647200344061265176957429730600286      
   124.275505496696939282005798518177207      
   121.957179343863871621494858351553391      
   119.692575318598196219984437396773549      
   117.481842420065885551754873828806032      
   115.324941968336289838776095092985267      
   113.221664959256428906738934233511504      
   111.171648904420924915394990285896621      
   109.174394530363883055737571424926857      
   107.229281866185946467383523688324141      
   105.335585554982056210649105039326778      
   103.492489270312432465864564765951336      
   101.699099414007373331244638834957310      
   99.9544575399702298072541705149169375      
   98.2575521094806944938489415420282284      
   96.6073286025367566888605293137227442      
   95.0026997618001723924770762884853761      
   93.4425538368524746112683263808765951      
   91.9257623170087317035240263439436449      
   90.4511868702982913021155241586716226      
   89.0176853537092420999153458925113978      
   87.6241171754911161950779113117736050      
   86.2693478631941754772616034738144500      
   84.9522530548159773675715358073493410      
   83.6717219073495369054222383209933397      
   82.4266599787373548846131608660047238      
   81.2159916452279110605494160615922965      
   80.0386620826771721648241735285595295      
   78.8936388840781356605799455619856542      
   77.7799133486574345167969717760206929      
   76.6965014614729148846747375569876600      
   75.6424446116685118892085295127095285      
   74.6168101310196702263439027387719837      
   73.6186915620836115680440410657736877      
   72.6472088154901339901077124187823458      
   71.7015081529944671972465467821634645      
   70.7807620541622810677618852624769421      
   69.8841689759655647078234298030412503      
   69.0109530197594735612734815865582721      
   68.1603635314993679232371006902198298      
   67.3316746306270508005795905761453477      
   66.5241846988514738516180910288489765      
   65.7372158235370219133327435962167884      
   64.9701132076952180326827307341568564      
   64.2222445741142695912508313111926045      
   63.4929995247791643952563399132769844      
   62.7817889152741124069676826575178384      
   62.0880442123250988908174255514857162      
   61.4112168426364459437590108319088274      
   60.7507775677692911027973511680803848      
   60.1062158286342314401768855090078569      
   59.4770391361795215276653171058442877      
   58.8627724921096969208185537626638097      
   58.2629575647070271248359114932504978      
   57.6771524404683011551653927664413000      
   57.1049308011110484728899728219135075      
   56.5458814233598409942670530249790802      
   55.9996076244050488395636649579092139      
   55.4657267277616481756480417573005178      
   54.9438695442118258637739404136388971      
   54.4336798707418798478265044590598947      
   53.9348140007179735048971543834152565      
   53.4469402544265271065356749856200732      
   52.9697385264186191007479728884604691      
   52.5028998455313668841715403893111292      
   52.0461259524220645975504228972439539      
   51.5991288920322825497978299109206467      
   51.1616306218430080159957159371239317      
   50.7333626331693465841880052054616190      
   50.3140655900685701659562551180010752      
   49.9034889771362305438601333948516426      
   49.5013907649598137929944343851169155      
   49.1075370869775693220583157933370165      
   48.7217019291255278709047698811285226      
   48.3436668317149077774055429450036176      
   47.9732206034464123355396425458856675      
   47.6101590464304485024699947465772084      
   47.2542846921154614087389259155899540      
   46.9054065480767570350619960182069994      
   46.5633398544617857073112208692643137      
   46.2279058517610018689094836797513242      
   45.8989315551405583433456551220016425      
   45.5762495398044275336816082216431727      
   45.2596977362729406379135796906685457      
   44.9491192303502486625781000337781035      
   44.6443620740457223462946594891869569      
   44.3452791030629630640877795793739595      
   44.0517277616629709793337276241805894      
   43.7635699346163842604055113307561194      
   43.4806717862313361569885099007061004      
   43.2029036054463675894661250578437320      
   42.9301396572471445429228408674225322      
   42.6622580390335612322091145922140060      
   42.3991405464690820544567203083521929      
   42.1406725389258855713260769061024708      
   41.8867428141832595485946389388368375      
   41.6372434876202472517861627944376225      
   41.3920698762120516299894291569932678      
   41.1511203848221408113900801239377577      
   40.9142964004394548371136220957104848      
   40.6815021880546241985316520566848317      
   40.4526447915793365983976467995509721      
