   503.353983595366473674394243594379533      
   503.353983595366473674394243594379533      
   503.353983595366473671824412860189310      
   503.353983595366280372088142088746695      
   503.353983595199465075430274403882887      
   503.353983579971799028965217268632064      
   503.353983201339082609379244196993519      
   503.353979074935137822231841159159871      
   503.353953254613936963855958645765056      
   503.353843772944151813233302163511579      
   503.353493674584610659881210277267474      
   503.352586442569943572232369693897805      
   503.350583967183044513958566442013249      
   503.346683098695816152163990234167072      
   503.339800338498085942086489060805216      
   503.328586099766859978117855851422775      
   503.311463787895889698673592991890099      
   503.286685538281653920644553330808969      
   503.252396289165440670694503067585716      
   503.206698675954256501812607918265046      
   503.147713341187817960700192440452443      
   503.073631240696169706204183111500232      
   502.982756248162744635346276200357854      
   502.873537690231120701994323525011222      
   502.744593338945556886900989532991661      
   502.594723907930185838790644664558615      
   502.422920344848380599863490354362557      
   502.228365251994394337652644119995196      
   502.010429684029176522375488538043875      
   501.768666421376320660675155333096896      
   501.502800640774476615394982744194442      
   501.212718730354637344174005878899931      
   500.898455844683853600793431784196105      
   500.560182654613889666596576385409162      
   500.198191387181841891560526276131203      
   499.812882892656980069621896592278094      
   499.404751524333327071258287967976508      
   498.974372358877242550423163314080825      
   498.522387643245773192779032964472579      
   498.049494185365025340780741067232373      
   497.556431079177078432883726958514562      
   497.043968181994847487477310084507308      
   496.512895320283174301068047335848266      
   495.964012291255986182029237492795071      
   495.398119668134172236439587891146496      
   494.816010531794529320792639684438888      
   494.218462826299465764800134306711537      
   493.606233000374116123209414946729112      
   492.980050171786043069014893373563594      
   492.340611222942180720668907869227237      
   491.688576709492988344967237983729138      
   491.024567536727130970507392451525772      
   490.349162397778711540291831913288066      
   489.662895678314503669451836094605244      
   488.966256174687467824873917155983536      
   488.259686473827688954797136347365072      
   487.543582499668279576268841497967851      
   486.818293699114451040236350285399935      
   486.084123579343499425699640304600482      
   485.341330657469354835811207484579429      
   484.590129326755533173951246918103112      
   483.830691398685779519974616619311348      
   483.063147789643740649629414335559142      
   482.287589981835509883675211205199359      
   481.504071815225177737962225102381713      
   480.712611418817545228495252592663916      
   479.913193008160268061042299498059769      
   479.105768546451183245647460332322650      
   478.290259892737544368846801527972072      
   477.466560556101883814357329467528852      
   476.634537412412592207636232786735330      
   475.794032338064229112841417859233985      
   474.944863818559322411175454344494120      
   474.086828291245512244246933930871716      
   473.219701815421122926230251168378636      
   472.343241231331768694277989800788315      
   471.457185301113831182193921063193874      
   470.561255906084113650873638656803575      
   469.655159085668068018142982727766522      
   468.738585417378812659349284262739546      
   467.811211304357899565396259236489346      
   466.872699393310840073553832620771264      
   465.922699131767377070706202615062921      
   464.960847250561461902156426890233928      
   463.986768101643737220073119546922134      
   463.000073513120650454367763094473482      
   462.000363918160347614636837592941948      
   460.987227287107377217987311627544646      
   459.960240794617753440506910404003119      
   458.918968904832265023066007210158766      
   457.862963380969338696103298168105691      
   456.791765072560805552699659628242234      
   455.704901525851762831035864137149753      
   454.601887540415829221687445383183118      
   453.482224873213148041206486912777554      
   452.345401455715832694585261886343523      
   451.190890924144980666812471948349370      
   450.018152754430884386537983368649323      
   448.826630779311708267405754187106566      
   447.615752863682423682808484593959601      
   446.384930711961147896393350483555242      
   445.133558613034782270077617675093055      
   443.861012670523946458520342939327820      
   442.566650527127286673849095696804498      
   441.249810097849485891714233128989647      
   439.909808924303311376882172752439721      
   438.545943611119557872294781630647727      
   437.157487834001617931703480925270489      
   435.743693047189637021834220548367667      
   434.303786196003009725055563319925088      
   432.836969630747784143725652418624978      
   431.342419633038484315136397374845648      
   429.819285313687838163530329888244927      
   428.266689887228340632173999460968759      
   426.683726359940205063003880814732461      
   425.069459278735288835357373364600063      
   423.422923255311932918682658042250965      
   421.743122097636548485470880451348759      
   420.029029007274187156333422764337356      
   418.279586004841510907165518292838272      
   416.493704072846142906826389549470443      
   414.670263460828141869779542287557596      
   412.808114445202073610771040349484748      
   410.906078460016103243905321502145531      
   408.962950064289449663606357733639103      
   406.977499795602987960830090752640326      
   404.948476775690014037235040903783410      
   402.874613964285029831873976594663022      
   400.754633487885756062368881618234802      
   398.587253775004619834733227363259277      
   396.371198655199525892307078645345245      
   394.105206678447900191515035040466655      
   391.788048151797255433170158673786324      
   389.418534988536175455724703496883820      
   386.995542274695361348670949120316820      
   384.518028239174988160432634947086901      
   381.985058311215386210866328050116090      
   379.395832084412426941287174588657415      
   376.749713325014937730905792275497427      
   374.046262703709384258928909493734721      
   371.285272573477033282244327944763110      
   368.466803543223925273846255043135051      
   365.591221484764906070368026073061362      
   362.659233744491876287675529115371980      
   359.671923417428377522758821562714684      
   356.630779727360513115831830199127142      
   353.537723010767236047343556871172715      
   350.395123007020547627708699596629318      
   347.205808352773471772350944636947928      
   343.973067797240878484991725211349912      
   340.700641052355443626144980566706986      
   337.392699619654491575542454491476113      
   334.053825497204585415370169693809708      
   330.688971299736518209454821115435189      
   327.303427030921645903397113978480747      
   323.902778392189197002812562635711116      
   320.492865932791064279965974723331573      
   317.079745065958045288769930453797371      
   313.669648916855709660238426933790804      
   310.268954300811327934633630352004262      
   306.884147518208678949284756649028038      
   303.521814558387574291667810922161190      
   300.188591609309967991884353448831519      
   296.891159517352459374703095522925102      
   293.636218256999476132306189088812970      
   290.430463525466238512397063362082494      
   287.280564448503150894189428827765143      
   284.193136435008114021268822771145252      
   281.174710639367148871159802850014857      
   278.231705573658015433129588701522649      
   275.370389597122525159778105308444894      
   272.596843802226077872719431610937113      
   269.916922422963600287280324082204856      
   267.336211188253863193857837066539105      
   264.859985382272827035487110829119635      
   262.493167125291217934870548940194618      
   260.240284735589295796667652268972743      
   258.105433292699132933171815464341973      
   256.092238372165759726199224755269447      
   254.203823987621424206561552245019208      
   252.442785560113160583031043444066927      
   250.811169226761505936522661287824369      
   249.310457424779100534347349515016331      
   247.941562043805005328029693109167976      
   246.704825583063696521614006301277541      
   245.600029585052808895295590215602286      
   244.626410892067352954420614839451908      
   243.782684405409241409132526295463057      
   243.067072599821179019978341145042274      
   242.477340265869249477218108522358781      
   242.010833598655553154582654388731875      
   241.664522416793032724243675994658820      
   241.435044759581068401772946230678734      
   241.318752796036046157814353707096651      
   241.311758337327617486063311509153316      
   241.409978175826291640964718798431255      
   241.609177583721208093231208935359156      
   241.905011758615488557975910544921833      
   242.293064664167452440796955536348952      
   242.768884766357961629201525384009462      
   243.328017566275408668681588151581971      
   243.966034675053383511879163753308858      
   244.678559493318295240494084419186045      
   245.461289471178379675414946516479139      
   246.310015005008135986032440015820491      
   247.220635336868304156958164310387206      
   248.189171424699810906830082346327697      
   249.211776147397549213400567777742117      
   250.284742058468523597131117036399294      
   251.404506978528662856034022309602289      
   252.567657514207267596929207381975776      
   253.770931029362351410711003432340957      
   255.011215931872431981901339925018257      
   256.285551179824783432089940847327150      
   257.591123873913174179117776929077317      
   258.925266762038433046596782888765099      
   260.285454747207953700954846341618586      
   261.669300765715575669216819258201005      
   263.074551325112913834414662195294836      
   264.499081641344282243324902672591575      
   265.940890632599502096873135343879635      
   267.398095727159853416193044709308834      
   268.868927598138341917255639957921278      
   270.351724899508602172863903318552248      
   271.844929023823555703633487834922116      
   273.347078960008956831183712475181354      
   274.856806242151173301594895542902330      
   276.372830030019893785454587042094261      
   277.893952360011894319025945741735140      
   279.419053570293305306797250036848216      
   280.947087839893776990854755432433001      
   282.477079012602338884804728124146105      
   284.008116528262092414549282853121479      
   285.539351581103154659196056132480896      
   287.069993453748540628923265095837237      
   288.599306039073678980648740127513622      
   290.126604546479938012869150500427757      
   291.651252376341005632090520076277260      
   293.172658178187014020419877202852150      
   294.690273061354961733528594871465722      
   296.203587970958457609401473281602723      
   297.712131223131401711595652817137970      
   299.215466152356457683374652695984411      
   300.713188947686140354334218270199952      
   302.204926574501358423070300627114196      
   303.690334839492278950106536672579216      
   305.169096587933648876844646252789322      
   306.640919963785362461843124545294460      
   308.105536846961820530164259927601321      
   309.562701308816716428319136342699454      
   311.012188103380960022887279857155848      
   312.453791860135147756529454771855065      
   313.887325023412883971609016251289913      
   315.312617258516530330418004496918186      
   316.729514205855336936286428340163390      
   318.137876467044328039201921163814366      
   319.537578643610331356831736977807531      
   320.928508438562752561820969891309986      
   322.310565808834809109408936743137612      
   323.683662184323576799930400011329529      
   325.047719725672838668628943059211617      
   326.402670625778550904433494863757741      
   327.748456464210048486939501787480476      
   329.085027596448463700275256881992416      
   330.412342583272909817484445429122499      
   331.730367653045657480582717303399168      
   333.039076202524805738535454749758735      
   334.338448318661906382945597411915999      
   335.628470345069651753313506721643952      
   336.909134463223784373184639763694638      
   338.180438304177834024093744155594748      
   339.442384584330941853928094455655745      
   340.694980763390147505338491196876307      
   341.938238721868840497337867724085526      
   343.172174460774447294786293794556630      
   344.396807818766358108395330678508825      
   345.612162206499485885468363101256972      
   346.818264358573175037808360721448738      
   348.015144095295447084659615367661086      
   349.202834108981398870377071754211141      
   350.381369756523588538474529240751858      
   351.550788859087380741554151384970999      
   352.711131528479168840911525746151324      
   353.862439992212151510723313631105612      
   355.004758433672084877737859493684162      
   356.138132841540469106101298167913214      
   357.262610868831137709781300711900453      
   358.378241698236643030805182917004008      
   359.485075917793770578124706826245579      
   360.583165403577279577465403464425944      
   361.672563213715374747418975270144682      
   362.753323472223487201757204151274435      
   363.825501285242176108306630578980119      
   364.889152645302257420742642086429205      
   365.944334343095599218068799459684803      
   366.991103884654355782945915922801603      
   368.029519423608080809077496207441279      
   369.059639682161548821204540048067551      
   370.081523887870626015099630871045758      
   371.095231710010205919426422302716406      
