 0.66627253031092E-07
 0.83284066288522E-08
 0.24676760547011E-08
 0.10412094031617E-08
 0.45769407031973E-09
 0.13533839277505E-08
 0.22989545957345E-07
 0.21396165912682E-06
 0.11974965935226E-05
 0.46705263314449E-05
 0.14030678821909E-04
 0.34695555010007E-04
 0.73942990460915E-04
 0.14032112266918E-03
 0.24277696714192E-03
 0.39023810569136E-03
 0.59033891067272E-03
 0.84796014353316E-03
 0.11674726937271E-02
 0.15512190118545E-02
 0.19993637793358E-02
 0.25103873890702E-02
 0.30813738062466E-02
 0.37079697037223E-02
 0.43848409745419E-02
 0.51058193817706E-02
 0.58641004957253E-02
 0.66524686362454E-02
 0.74634058565555E-02
 0.82895046534194E-02
 0.91231480028254E-02
 0.99571147124822E-02
 0.10784706919265E-01
 0.11599658166747E-01
 0.12396441327707E-01
 0.13170080838949E-01
 0.13916559113224E-01
 0.14632540719205E-01
 0.15315401131315E-01
 0.15963343432991E-01
 0.16575436755266E-01
 0.17151480487404E-01
 0.17691706629555E-01
 0.18196980142149E-01
 0.18668671498688E-01
 0.19108516969964E-01
 0.19518528906337E-01
 0.19900926008418E-01
 0.20258174227207E-01
 0.20592851438851E-01
 0.20907602483589E-01
 0.21205069804220E-01
 0.21487825716474E-01
 0.21758378395374E-01
 0.22019107375496E-01
 0.22272268939509E-01
 0.22519951344478E-01
 0.22764115539024E-01
 0.23006576897151E-01
 0.23248959182692E-01
 0.23492712283439E-01
 0.23739094320851E-01
 0.23989220777744E-01
 0.24244032735221E-01
 0.24504331256195E-01
 0.24770790564049E-01
 0.25043940379529E-01
 0.25324198627325E-01
 0.25611851410463E-01
 0.25907098462240E-01
 0.26210068415883E-01
 0.26520790852154E-01
 0.26839249597157E-01
 0.27165364724478E-01
 0.27499018615102E-01
 0.27840058385633E-01
 0.28188284462230E-01
 0.28543477024714E-01
 0.28905410626369E-01
 0.29273844954656E-01
 0.29648552074531E-01
 0.30029324514996E-01
 0.30415929484290E-01
 0.30808165189788E-01
 0.31205881152614E-01
 0.31608889773459E-01
 0.32017068951222E-01
 0.32430207483028E-01
 0.32848295673316E-01
 0.33271263356117E-01
 0.33699146467672E-01
 0.34131930016014E-01
 0.34569680554789E-01
 0.35012493378031E-01
 0.35460439883521E-01
 0.35913717527437E-01
 0.36372447491778E-01
 0.36837056847276E-01
 0.37307697821038E-01
 0.37784726118978E-01
 0.38268491421824E-01
 0.38759373918776E-01
 0.39257880058479E-01
 0.39764446660779E-01
 0.40279667482548E-01
 0.40804077894735E-01
 0.41338255733873E-01
 0.41882903275079E-01
 0.42438699623691E-01
 0.43006414169782E-01
 0.43586816952955E-01
 0.44180769535466E-01
 0.44789144916977E-01
 0.45412871010091E-01
 0.46052949668040E-01
 0.46710429566992E-01
 0.47386383471067E-01
 0.48081987449148E-01
 0.48798445565517E-01
 0.49537019058301E-01
 0.50299071566314E-01
 0.51085991686178E-01
 0.51899273065949E-01
 0.52740468815807E-01
 0.53611205708457E-01
 0.54513214571585E-01
 0.55448292809126E-01
 0.56418354102693E-01
 0.57425400308548E-01
 0.58471540613490E-01
 0.59559002314466E-01
 0.60690124052226E-01
 0.61867379114164E-01
 0.63093388013616E-01
 0.64370880802368E-01
 0.65702765612110E-01
 0.67092097878583E-01
 0.68542107106119E-01
 0.70056186777940E-01
 0.71637921228016E-01
 0.73291069998841E-01
 0.75019590402244E-01
 0.76827617813771E-01
 0.78719476050318E-01
 0.80699652356129E-01
 0.82772791555049E-01
 0.84943649002324E-01
 0.87217059810454E-01
 0.89597870564549E-01
 0.92090832448856E-01
 0.94700529399889E-01
 0.97431203618931E-01
 0.10028657708792E+00
 0.10326963972171E+00
 0.10638243904057E+00
 0.10962578774190E+00
 0.11299902349268E+00
 0.11649975386776E+00
 0.12012367617117E+00
 0.12386446301321E+00
 0.12771378086978E+00
 0.13166137637593E+00
 0.13569534367667E+00
 0.13980247933005E+00
 0.14396870626787E+00
 0.14817956736156E+00
 0.15242065086193E+00
 0.15667805512220E+00
 0.16093872005479E+00
 0.16519065231806E+00
 0.16942315915121E+00
 0.17362686072157E+00
 0.17779371588447E+00
 0.18191699761787E+00
 0.18599116213828E+00
 0.19001175945382E+00
 0.19397530681908E+00
 0.19787914373275E+00
 0.20172128448626E+00
 0.20550037926928E+00
 0.20921553073080E+00
 0.21286623060309E+00
 0.21645227018152E+00
 0.21997367082638E+00
 0.22343064067942E+00
 0.22682350105526E+00
 0.23015264754997E+00
 0.23341853998962E+00
 0.23662164850151E+00
 0.23976244938371E+00
 0.24284140118396E+00
 0.24585893650856E+00
 0.24881546786378E+00
 0.25171136046837E+00
 0.25454695205886E+00
 0.25732254507456E+00
 0.26003841789656E+00
 0.26269482315444E+00
 0.26529201069778E+00
 0.26783022499675E+00
 0.27030973315887E+00
 0.27273080344515E+00
 0.27509374512026E+00
 0.27739891094312E+00
 0.27964670840444E+00
 0.28183759618680E+00
 0.28397210329287E+00
 0.28605083199211E+00
 0.28807445362292E+00
 0.29004372336559E+00
 0.29195946087716E+00
 0.29382256522591E+00
 0.29563400835742E+00
 0.29739482238782E+00
 0.29910609907546E+00
 0.30076898093850E+00
 0.30238465730299E+00
 0.30395435296107E+00
 0.30547931984169E+00
 0.30696083581118E+00
 0.30840018384252E+00
 0.30979866417175E+00
 0.31115756505476E+00
 0.31247817409491E+00
 0.31376176734055E+00
 0.31500960243565E+00
 0.31622291101333E+00
 0.31740290557794E+00
 0.31855076853983E+00
 0.31966765316497E+00
 0.32075467369187E+00
 0.32181291750346E+00
 0.32284343316449E+00
 0.32384723611408E+00
 0.32482530196553E+00
 0.32577857127090E+00
 0.32670795116342E+00
 0.32761431022025E+00
 0.32849848547826E+00
 0.32936127606094E+00
 0.33020345222001E+00
 0.33102574982597E+00
 0.33182887363211E+00
 0.33261349697855E+00
 0.33338026693706E+00
 0.33412980228456E+00
 0.33486269276216E+00
 0.33557950471415E+00
 0.33628077985828E+00
 0.33696703596383E+00
 0.33763876750953E+00
 0.33829645101053E+00
 0.33894053888719E+00
 0.33957146527125E+00
 0.34018964755915E+00
 0.34079548323795E+00
 0.34138935486211E+00
 0.34197162770353E+00
 0.34254265332676E+00
 0.34310276756431E+00
 0.34365229340108E+00
 0.34419154073014E+00
 0.34472080594524E+00
 0.34524037740853E+00
 0.34575052732333E+00
 0.34625151877094E+00
 0.34674360539811E+00
 0.34722703249570E+00
 0.34770203326636E+00
 0.34816883488356E+00
 0.34862765314690E+00
 0.34907869823728E+00
 0.34952217171146E+00
 0.34995826838767E+00
 0.35038717650550E+00
 0.35080907606710E+00
 0.35122414192832E+00
 0.35163254420161E+00
 0.35203444390371E+00
 0.35242999916819E+00
 0.35281936239354E+00
 0.35320268133440E+00
 0.35358009684061E+00
 0.35395174693020E+00
 0.35431776498455E+00
 0.35467828111125E+00
 0.35503341831532E+00
 0.35538329834609E+00
 0.35572803873212E+00
 0.35606775296443E+00
 0.35640255036313E+00
 0.35673253973318E+00
 0.35705782391565E+00
 0.35737850273221E+00
 0.35769467389914E+00
 0.35800643355646E+00
 0.35831387292450E+00
 0.35861708185522E+00
 0.35891614679732E+00
 0.35921115275727E+00
