-0.16277684267187E-07
-0.40694210667849E-08
-0.18086315937497E-08
-0.10174641906080E-08
-0.51977390104665E-09
-0.41533174086209E-10
 0.73359388882000E-08
 0.70944690564235E-07
 0.39894466599019E-06
 0.15566642165427E-05
 0.46764770873105E-05
 0.11564230479220E-04
 0.24645294010235E-04
 0.46870852387349E-04
 0.80850251020912E-04
 0.13078416879535E-03
 0.19726482905262E-03
 0.28252211835172E-03
 0.38903135470834E-03
 0.51708778533659E-03
 0.66668510780708E-03
 0.83720658195851E-03
 0.10278773662292E-02
 0.12372056732171E-02
 0.14634602524730E-02
 0.17046230413504E-02
 0.19585000636005E-02
 0.22225648465511E-02
 0.24947893868391E-02
 0.27723532859339E-02
 0.30525550070481E-02
 0.33333614704297E-02
 0.36126717644762E-02
 0.38884882889007E-02
 0.41585636483052E-02
 0.44217390132760E-02
 0.46765435156194E-02
 0.49215373509774E-02
 0.51556674379992E-02
 0.53788132263933E-02
 0.55911914042234E-02
 0.57922960678912E-02
 0.59818907034314E-02
 0.61607797583401E-02
 0.63292632584100E-02
 0.64877474555524E-02
 0.66367171482770E-02
 0.67771046668468E-02
 0.69098196997970E-02
 0.70358688471617E-02
 0.71563597634633E-02
 0.72720604608160E-02
 0.73836972504600E-02
 0.74920415830984E-02
 0.75979253191910E-02
 0.77020293083405E-02
 0.78051452089565E-02
 0.79082122183721E-02
 0.80118185895036E-02
 0.81164630823478E-02
 0.82225270736626E-02
 0.83304883590875E-02
 0.84407477659912E-02
 0.85535801667355E-02
 0.86693737001528E-02
 0.87883823306014E-02
 0.89107462040342E-02
 0.90365776412884E-02
 0.91659024186494E-02
 0.92988284897451E-02
 0.94354467553877E-02
 0.95758000468339E-02
 0.97199510130945E-02
 0.98678501914379E-02
 0.10019492579251E-01
 0.10174752832579E-01
 0.10333536453609E-01
 0.10495753426939E-01
 0.10661376717171E-01
 0.10830427948916E-01
 0.11002963327491E-01
 0.11178929912195E-01
 0.11358240771728E-01
 0.11541241301058E-01
 0.11727363991125E-01
 0.11916615665287E-01
 0.12108801002465E-01
 0.12304510815889E-01
 0.12503742989175E-01
 0.12706970994320E-01
 0.12913811739592E-01
 0.13124564789565E-01
 0.13339386966827E-01
 0.13557335386463E-01
 0.13779568729709E-01
 0.14006516126879E-01
 0.14238124647777E-01
 0.14475103176629E-01
 0.14716834456502E-01
 0.14964073276790E-01
 0.15216973645902E-01
 0.15476479224326E-01
 0.15742610930426E-01
 0.16015643944422E-01
 0.16296784160783E-01
 0.16584967410810E-01
 0.16881360431553E-01
 0.17187197364667E-01
 0.17502263214144E-01
 0.17827602279826E-01
 0.18163201139296E-01
 0.18510327150829E-01
 0.18869385761896E-01
 0.19241121158458E-01
 0.19626235399762E-01
 0.20025718689556E-01
 0.20440012592518E-01
 0.20870566845627E-01
 0.21317765035126E-01
 0.21782777445302E-01
 0.22266869011361E-01
 0.22770634716640E-01
 0.23295459029691E-01
 0.23842627481389E-01
 0.24413157914584E-01
 0.25008477133099E-01
 0.25629840251168E-01
 0.26278754080134E-01
 0.26956732227360E-01
 0.27665324464585E-01
 0.28406110243522E-01
 0.29180953032159E-01
 0.29991710442310E-01
 0.30840152961367E-01
 0.31728252903365E-01
 0.32658262637140E-01
 0.33632126719795E-01
 0.34652233602430E-01
 0.35720830220853E-01
 0.36840268278308E-01
 0.38013015384649E-01
 0.39241471860844E-01
 0.40528073835107E-01
 0.41875194585654E-01
 0.43285026049137E-01
 0.44759676879082E-01
 0.46300814786727E-01
 0.47909751698432E-01
 0.49587152408154E-01
 0.51332749730663E-01
 0.53145671734168E-01
 0.55023415195355E-01
 0.56961548048851E-01
 0.58954574736433E-01
 0.60994576152667E-01
 0.63071518075372E-01
 0.65173408429017E-01
 0.67286393301828E-01
 0.69395312481091E-01
 0.71484492389693E-01
 0.73538634909773E-01
 0.75543171843755E-01
 0.77485938582597E-01
 0.79357502992579E-01
 0.81151082658435E-01
 0.82863728230746E-01
 0.84494755457097E-01
 0.86046724366599E-01
 0.87523810546991E-01
 0.88931529368729E-01
 0.90276265093562E-01
 0.91564984473972E-01
 0.92804008851364E-01
 0.93999342321683E-01
 0.95156927109661E-01
 0.96280900534332E-01
 0.97376106312755E-01
 0.98445202215832E-01
 0.99490945954620E-01
 0.10051528115622E+00
 0.10151952001526E+00
 0.10250450781411E+00
 0.10347049298098E+00
 0.10441745090134E+00
 0.10534511690063E+00
 0.10625258714962E+00
 0.10713902781374E+00
 0.10800317932292E+00
 0.10884374648506E+00
 0.10965922815505E+00
 0.11044803313407E+00
 0.11120846793440E+00
 0.11193898013581E+00
 0.11263776448110E+00
 0.11330324185840E+00
 0.11393392373998E+00
 0.11452829908570E+00
 0.11508527498576E+00
 0.11560394647494E+00
 0.11608348799872E+00
 0.11652368009489E+00
 0.11692407870700E+00
 0.11728512050196E+00
 0.11760716340640E+00
 0.11789125395502E+00
 0.11813841144711E+00
 0.11835005447044E+00
 0.11852790049969E+00
 0.11867382925481E+00
 0.11878992775016E+00
 0.11887838372632E+00
 0.11894158731386E+00
 0.11898180339320E+00
 0.11900148868069E+00
 0.11900300067359E+00
 0.11898864372147E+00
 0.11896064190209E+00
 0.11892111293380E+00
 0.11887205663677E+00
 0.11881526643100E+00
 0.11875247919817E+00
 0.11868528284242E+00
 0.11861493816164E+00
 0.11854275982359E+00
 0.11846983993316E+00
 0.11839710751837E+00
 0.11832531376308E+00
 0.11825529650429E+00
 0.11818752715204E+00
 0.11812244131843E+00
 0.11806052580808E+00
 0.11800204274982E+00
 0.11794721318639E+00
 0.11789618337857E+00
 0.11784907935228E+00
 0.11780590460351E+00
 0.11776676156412E+00
 0.11773154237810E+00
 0.11770027841740E+00
 0.11767282824359E+00
 0.11764913506363E+00
 0.11762905127984E+00
 0.11761250770402E+00
 0.11759934183244E+00
 0.11758942446246E+00
 0.11758259090535E+00
 0.11757874880898E+00
 0.11757769035558E+00
 0.11757931839990E+00
 0.11758346006377E+00
 0.11759000677059E+00
 0.11759876110137E+00
 0.11760968010744E+00
 0.11762257831995E+00
 0.11763731988930E+00
 0.11765380776513E+00
 0.11767190495107E+00
 0.11769151236901E+00
 0.11771252558553E+00
 0.11773485863064E+00
 0.11775837588456E+00
 0.11778300889187E+00
 0.11780866825708E+00
 0.11783529074616E+00
 0.11786276591314E+00
 0.11789100711814E+00
 0.11791998864317E+00
 0.11794964348914E+00
 0.11797983982841E+00
 0.11801062493687E+00
 0.11804185943386E+00
 0.11807349714883E+00
 0.11810554044859E+00
 0.11813789465095E+00
 0.11817055412800E+00
 0.11820342912806E+00
 0.11823649888613E+00
 0.11826978090169E+00
 0.11830318494765E+00
 0.11833668229714E+00
 0.11837023140901E+00
 0.11840391352250E+00
 0.11843757625023E+00
 0.11847118365068E+00
 0.11850485890800E+00
 0.11853840992674E+00
 0.11857191081537E+00
 0.11860540753850E+00
 0.11863872101755E+00
 0.11867196530071E+00
 0.11870510819677E+00
 0.11873800706651E+00
 0.11877084274986E+00
 0.11880353793374E+00
 0.11883597119541E+00
 0.11886827099534E+00
 0.11890041824144E+00
 0.11893230220429E+00
 0.11896395280030E+00
 0.11899544856775E+00
