-0.23255411696651E-11
-0.18604329357245E-10
-0.62789611995262E-10
-0.14885698967797E-09
-0.32301928857982E-09
-0.54138369600536E-09
-0.79834164991048E-09
-0.97278611133450E-09
-0.78902816901428E-09
 0.37339960170072E-08
 0.15578068589436E-07
 0.41869194694986E-07
 0.94795080458431E-07
 0.78245475966542E-05
-0.61058352480940E-05
 0.22793760341154E-04
-0.18560188704767E-04
-0.58686601101201E-05
-0.24221998784174E-05
-0.10629899439699E-04
-0.11528326620034E-04
-0.77919642450428E-05
 0.10707457520155E-05
 0.35085247532401E-05
 0.64568959906523E-05
 0.90481673248537E-05
 0.93832661144570E-04
-0.12198374630424E-03
 0.17738773291081E-03
-0.78811942520062E-04
 0.57808271866978E-04
-0.44505732317369E-04
-0.62758271901859E-03
 0.71568541046982E-03
-0.51524772218021E-03
 0.28573995473870E-03
 0.72196365667012E-03
-0.27759520268388E-03
-0.12201148972768E-02
-0.46202596306097E-03
 0.19818060989441E-02
-0.14364500521666E-02
-0.15714999495370E-02
 0.89049194730209E-03
 0.34728970399410E-02
 0.19673934687144E-02
-0.39949460388335E-02
-0.29587318431384E-02
 0.67785439072723E-03
 0.14747553102136E-02
-0.65816254546738E-03
-0.24409337011571E-02
 0.34396357040175E-02
 0.47716382102911E-02
 0.21629490652805E-02
-0.46800486968442E-02
-0.80710533572167E-02
-0.11565238142757E-02
 0.47445783557210E-02
 0.63228974117351E-02
-0.69837869003305E-03
 0.46544816795583E-03
-0.58773014098413E-02
-0.61827334370956E-02
 0.52713998887143E-02
 0.80149359649487E-02
 0.54747432874218E-02
-0.23496447068168E-02
-0.41030764428387E-02
 0.62664591158623E-02
-0.71143103953065E-02
-0.13412975836721E-01
-0.10678641512062E-01
 0.97616383518516E-02
 0.30546642361889E-01
 0.16018867136132E-01
 0.19455530545355E-02
 0.45071982959465E-02
-0.17872501491842E-01
-0.10025934659418E-01
 0.12352801017587E-01
-0.37106565723358E-01
-0.52108567557932E-01
 0.15725225498340E+00
 0.19630587382807E+00
 0.71761225541614E-01
-0.34369117572577E+00
-0.25561525683832E+00
-0.23088811213258E+00
 0.22243874504417E-01
 0.91708246191151E-01
 0.32832850571858E+00
 0.29786443973030E+00
 0.81329692378983E-01
-0.11302687225066E+00
-0.12410271596878E+00
 0.45003115868689E+00
-0.38610908808925E-01
-0.13662073728015E+00
-0.18475080500168E+00
 0.49715926432978E-01
 0.27662437759079E+00
 0.12930827090177E+00
 0.50994697749644E+00
-0.42466255644861E+00
-0.36206655232170E+00
 0.30661371006704E+00
 0.96861644655620E-02
 0.19251363783752E+00
-0.11942993801449E+00
 0.23106258104969E+00
-0.16109466487901E+00
-0.23332335052941E+00
-0.13738111030348E+00
 0.32111676126321E-01
-0.40050419585767E+00
 0.20318737169315E+00
-0.29946864634222E-02
-0.49937299986591E-01
 0.34368081949346E+00
 0.33114217072108E-02
 0.19351495247205E+00
 0.22714375975142E+00
-0.16889578181885E-01
 0.21513109147501E-01
-0.22522990718635E+00
-0.20400381846311E-01
-0.10873314374438E+00
-0.22823908844492E+00
 0.82862991315867E-01
-0.17635365138347E+00
-0.12023666067317E+00
 0.11716305757965E+00
-0.15931933547995E+00
 0.11553785897963E+00
-0.78189464351177E-01
 0.14100417818471E+00
-0.21501403546936E-01
 0.36889335950174E-01
 0.80201079654149E-01
 0.22872787356172E+00
 0.27768255241564E+00
 0.33448602627583E+00
 0.14900852117028E+00
 0.34905519828503E+00
 0.15614604290450E+00
 0.49422048734403E+00
 0.47299208359335E+00
 0.17706226204656E+00
 0.62503460142705E-01
 0.44417100427374E+00
 0.52988654272800E+00
 0.32034329871978E+00
 0.39449440654874E+00
 0.53000228513305E+00
 0.71574054333949E+00
 0.60920500395633E+00
 0.23227394994075E+00
-0.23734767246746E+00
 0.38411815807532E+00
-0.78764522945117E-01
-0.17669635476827E+00
-0.13095829997862E+00
 0.15242503178996E+00
 0.31529900940955E+00
-0.62583359904513E+00
 0.40487744282681E+00
-0.72528473105299E-02
-0.66961098373186E+00
-0.13753181392058E+01
 0.11282874741565E+01
-0.11235556490811E+01
 0.23257110787715E+00
 0.11707588734133E+01
-0.57900420045856E+00
 0.27336642290243E+01
 0.18647715371480E+01
-0.31661840491860E+01
-0.13273581323143E+01
-0.22292135022492E+00
 0.10295406715807E+01
-0.87735022085012E+00
-0.19926933963008E+01
-0.48846509942273E+00
-0.84039935972302E+00
-0.16502960427014E+01
 0.61566181488210E+00
 0.50183817594158E+00
 0.14437886539735E+00
-0.21568811700279E+01
-0.18243528368902E+01
 0.15184904905544E+01
 0.22054212574341E+00
 0.10533483845655E+01
 0.70921164060507E+00
 0.11507632357566E+01
-0.18598987358280E+01
-0.13335739544083E+01
-0.11404684833330E+00
 0.61254413683969E+01
 0.51241679907097E+00
-0.28625570349801E+01
-0.12094345355214E+01
-0.11963687503306E+01
-0.27905863202689E+01
-0.15368353241863E+00
 0.19185041063743E+01
-0.88380453917701E-01
 0.18297177098456E+01
-0.54509275547605E+00
-0.33136325709149E-01
 0.11343887685962E+01
 0.12347667520526E+01
-0.16893303196551E+00
-0.13272782088068E+01
-0.78242034690954E+00
-0.78683189463197E+00
-0.19909900213048E+01
-0.12113139830380E+01
-0.38699082034982E+01
-0.17257399123590E+01
-0.51251572910676E+01
-0.58927428548181E+01
-0.50668334836035E+01
-0.52361353727346E+01
-0.76951036414926E+01
-0.75989106409569E+01
-0.65255975132475E+01
-0.52569684663009E+01
-0.10175328326239E+02
-0.75207399917118E+01
-0.67380869305684E+01
-0.52531028494079E+01
-0.59892891009538E+01
-0.72386902177641E+01
-0.53772703141622E+01
-0.58717245449246E+01
-0.49117871773952E+01
-0.42084598362616E+01
-0.23807860078495E+01
-0.13054089513521E+01
-0.21030029886841E+01
-0.33832418793222E+01
-0.27039662964300E+01
-0.30895460657621E+01
-0.43901902855071E+01
-0.40606082643542E+01
-0.32973697539880E+01
-0.31114991922146E+01
-0.38622737951721E+01
-0.26410677600031E+01
-0.50280609801996E+01
-0.32735260494686E+01
-0.11917162606440E+01
-0.19331834845492E+01
-0.41650519195101E+00
-0.73143774673652E+00
-0.22522389742009E+00
 0.33222127147628E+00
 0.22464271803376E+01
 0.29539626334583E+01
 0.26142096942541E+01
 0.57601532401008E+01
 0.64484775372324E+01
 0.48963334252984E+01
 0.49333316484198E+01
 0.76954806143320E+01
 0.41314552038320E+01
 0.68306978830783E+01
 0.48821739097627E+01
 0.50854054259394E+01
 0.34094888534965E+01
 0.51824495129856E+01
 0.65889676098258E+01
 0.43166413648541E+01
 0.55688276532060E+01
 0.60659634065515E+01
 0.44729112075985E+01
 0.61617015023907E+01
 0.69558521846666E+01
 0.93938721750377E+01
 0.65710629700328E+01
 0.62622697164610E+01
 0.70017816037641E+01
 0.10002130902429E+02
 0.50771219090103E+01
 0.64469863652011E+01
 0.67290365585532E+01
 0.67617436120786E+01
 0.81644821442392E+01
 0.11782264861133E+02
 0.83585802023293E+01
 0.56690172229343E+01
 0.68197510154827E+01
 0.94287260968708E+01
 0.10830690134159E+02
 0.80888862656172E+01
 0.75562385287112E+01
 0.10570549732153E+02
 0.92258186804711E+01
