   92.6087792172520498870326289728459773      
   92.6087792172520498870326289728459034      
   92.6087792172520498870311932967577916      
   92.6087792172520497092468775323873678      
   92.6087792172518321872699736120971287      
   92.6087792172258499851009778805860803      
   92.6087792164207288038834222484191001      
   92.6087792058407212205104406338562155      
   92.6087791279336908675481546819708397      
   92.6087787464690359707020019602463630      
   92.6087773589301161908701228677536752      
   92.6087733190160430719809622796464053      
   92.6087634016411461436146447831375317      
   92.6087420977225845140763498381400167      
   92.6087009458595842171330730886269253      
   92.6086279930228403929478846959066091      
   92.6085074408657256590881858798649534      
   92.6083194996672460727080233615288267      
   92.6080404303177970772601680755621952      
   92.6076427200277240667948943187981982      
   92.6070954877410919112242923422008843      
   92.6063647494843261450055363601677350      
   92.6054138940991470019409280846823948      
   92.6042040615136472389401707514174831      
   92.6026944952457436426221123447907297      
   92.6008428341848709988918299917836869      
   92.5986053325125744679037692193372710      
   92.5959370049625466823989990749121719      
   92.5927917016410296971920802378180799      
   92.5891221221317903210674301224311547      
   92.5848797830684988192528439198104362      
   92.5800149554227483567087267837757392      
   92.5744765863390787260981878972588989      
   92.5682122237623275322680228513108549      
   92.5611679555042630274395003199141145      
   92.5532883740436687961496044458945428      
   92.5445165750071500809467856090524874      
   92.5347941924041264099208645640879922      
   92.5240614703953992386702602540552857      
   92.5122573766465054049261545050813237      
   92.4993197418897427039080111795765299      
   92.4851854288703563355369946581241991      
   92.4697905213558358718132139228366670      
   92.4530705256569193539760364838409894      
   92.4349605775932829200301455805947531      
   92.4153956472840652298727579543023662      
   92.3943107373523452282538429753788145      
   92.3716410614377035701979064484567004      
   92.3473222043762501828763795769011301      
   92.3212903026870801578573686762266905      
   92.2934820980638596405816767144687935      
   92.2638350659840816673717953579536281      
   92.2322874650480260567725493528144937      
   92.1987783666137104421994257607602308      
   92.1632476546023389811204424332318663      
   92.1256359915514357730741104007660110      
   92.0858847683266423292200832810992583      
   92.0439360156291065347158946928640251      
   91.9997322932445697055851892726733318      
   91.9532164970625285205600554209072995      
   91.9043319264089264302460185793992006      
   91.8530217967949204950893079966999182      
   91.7992292398690768082175779401705212      
   91.7428970457314942017520427177972447      
   91.6839674397170107372590968678145506      
   91.6223818394759225793294486814108472      
   91.5580806101071313763349448315140192      
   91.4910027950502472510443512752494649      
   91.4210858461001975169371630978100217      
   91.3482653436750526519651103262982519      
   91.2724747049055945745802285237085295      
   91.1936448884106807025121282302967670      
   91.1117040931972826910724506354940445      
   91.0265774509689712022314991687195711      
   90.9381866836400673201808446075240660      
   90.8464497810808947999938413433720124      
   90.7512807495739256429515134014116959      
   90.6525891455103982467961121261544671      
   90.5502799078951869422594272674120761      
   90.4442528063793741108953054859575270      
   90.3344021319690427066165049683268759      
   90.2206165752988044311717713279599045      
   90.1027784546665820087007957187829013      
   89.9807635489571281491415452632047886      
   89.8544407120982229580509378602804966      
   89.7236713272434928377332225302437166      
   89.5883090619634391234142028299186441      
   89.4481992180268067463064623978114424      
   89.3031784578874197575362862122711843      
   89.1530742120883129965419756276234001      
   88.9977041482382435214422735288510523      
   88.8368758154478998970060605203711353      
   88.6703859319438893706657474000112971      
   88.4980198961932702266993811429935812      
   88.3195511618557825656364796192335877      
   88.1347406875374270108973822110605745      
   87.9433361879723731339561016513221104      
   87.7450715426334662007276459222733919      
   87.5396658635208250037956590636003373      
   87.3268234253441172124071529672279408      
   87.1062320003735257485042407651711907      
   86.8775626021091481259913768135492256      
   86.6404685792960768851023709886875030      
   86.3945847297260167341517778992237270      
   86.1395264359488428723791202292223347      
   85.8748888332001048767235016281759190      
   85.6002458765939149560442747980134909      
   85.3151494869303971933602040221265293      
   85.0191286985130612339284360228959476      
   84.7116888040001691744921577424126575      
   84.3923106118951497360214416314289817      
   84.0604497675099623547307604582348326      
   83.7155361130301977678740308271749076      
   83.3569731784797903213020022293722863      
   82.9841386108763344828395082325279960      
   82.5963831761420757542422280280773617      
   82.1930317879185581738458733582215281      
   81.7733841172330108567673039512619289      
   81.3367158191482697616337399095862817      
   80.8822803931164720481266415697180245      
   80.4093118174661366772526589724969426      
   79.9170279093048900321472729923982954      
   79.4046349208535278352424311178365371      
   78.8713332530784706379633133825573462      
   78.3163244935956299899535130848228654      
   77.7388202540091331574884142347001333      
   77.1380526272769363137336336266861520      
   76.5132866820406524963228153142181004      
   75.8638351887694487014954769160245130      
   75.1890752544144165903802146952618221      
   74.4884671720250232182211978488131694      
   73.7615742804700994979900979352976088      
   73.0080875980248519215084620430482535      
   72.2278449786247713912850980808291903      
   71.4208560579271670969475382670081033      
   70.5873231511190649863854296440456303      
   69.7276604784123284614051460564114451      
   68.8425100672220147798687516150451963      
   67.9327527219818767176381634690961787      
   66.9995148391882730829985857334806202      
   66.0441682190916264092000109980778514      
   65.0683248626488427242396919046011027      
   64.0738252047667154601553587835466515      
   63.0627204421994983582522428096358499      
   62.0372488162433038849837758159702439      
   60.9998065040515436092198967479983023      
   59.9529133812787787987449123580409946      
   58.8991749355462671225493780810750262      
   57.8412413209586734479683022050694950      
   56.7817654712521463897885717981235126      
   55.7233617336820220377464448703988090      
   54.6685668796516417938191065987190944      
   53.6198051257316498128561056094495922      
   52.5793583252575668196508718698806899      
   51.5493419577537131088211761914733779      
   50.5316868427306441252575804896660884      
   49.5281285978893867455995758985421044      
   48.5402010686987209203962024914000242      
   47.5692359641305578123997521213542973      
   46.6163664865360547297274633001021805      
   45.6825348134274678463711830796165047      
   44.7685021773440645578536331515206250      
   43.8748607431048882064316548166726262      
   43.0020471244194544591980793858845339      
   42.1503563343286402926716223300363073      
   41.3199561311393615712884219123415407      
   40.5109011169143677901610618915992893      
   39.7231460664506081459321570963309038      
   38.9565593839698229434548634351590546      
   38.2109348324616810120877370400215223      
   37.4860028063445119136619361922786459      
   36.7814405173673958695869272670404089      
   36.0968812505132259330365398453663524      
   35.4319226037832301421237964613946265      
   34.7861337673578150794823601183360545      
   34.1590621003879885478946496425491383      
   33.5502387209206044472666385479975065      
   32.9591833931343324362320943140796762      
   32.3854088053881494253558514874784109      
   31.8284242605138214558638083690304885      
   31.2877386196966076805842405139666414      
   30.7628630695183668574171951342578385      
   30.2533131727787216237424607011951811      
   29.7586107879359990563156335158635036      
   29.2782854640406445365441364059203325      
   28.8118757431014541992764929622088404      
   28.3589299326272643813456407696166149      
   27.9190070645063156924470416408314185      
   27.4916773800382126863302112507394205      
   27.0765226603165659452655896650893184      
   26.6731366240278064097194603443493287      
   26.2811249160109775508109516931033279      
   25.9001054853946370019775102386907481      
   25.5297080808224403705453646824385831      
   25.1695747770259769245857793017154474      
   24.8193594115001337718924530450070463      
   24.4787274340114175271771431448106348      
   24.1473560533830237722670730409568641      
   23.8249334558112013938408250907369933      
   23.5111589740868648176173627884766517      
   23.2057426119521167672886748438369788      
   22.9084049509901481681757789156052079      
   22.6188764003121807564759711377948537      
   22.3368974861470741307303017442466426      
   22.0622180790708424448689709096820827      
   21.7945972270428890358773559070307214      
   21.5338028706079456830630445745549934      
   21.2796116727050186497522129822062985      
   21.0318083928894099557540963206445769      
   20.7901858001086243134377446024193906      
   20.5545443622740452909542826695432642      
   20.3246920105337932376055376057775639      
   20.1004437629088350599187581866081568      
   19.8816213563367581641364699165769379      
   19.6680532943059576307912838926729869      
   19.4595743462160756052432312589171612      
   19.2560253967097169424994887404155293      
   19.0572530767857773047524477698908771      
   18.8631097158156580421063008765709682      
   18.6734530856180943689381250850942836      
   18.4881461261308311480753550983972460      
   18.3070566539357276615204947738243348      
   18.1300574189102909892661259276875796      
   17.9570256929796959098096996048104122      
   17.7878431049048092913367761362887504      
   17.6223956212467402945253401677423471      
   17.4605732153506480483899774281905296      
   17.3022698114197273042306305081773091      
   17.1473830464786497605972459392951466      
   16.9958141766869313791540922314453976      
   16.8474679212923473046765354902748497      
   16.7022523141168229282931107709014570      
   16.5600785935268089263638669316354739      
   16.4208610629577141563366144794108959      
   16.2845169713630833695630288591306393      
   16.1509663919663740323704437966500637      
   16.0201321308020764763556183556555946      
   15.8919396085261401511292894815350779      
   15.7663167543512844687401593438010069      
   15.6431939143640520884024299555789319      
   15.5225037552701092761686514569279580      
   15.4041811920634487870477856397281801      
   15.2881632769408399510276174861341585      
   15.1743891311382421777934824097739779      
   15.0627998627330275175504734949256853      
   14.9533384898038065719113699005316543      
   14.8459498860216145603175624106252944      
   14.7405806838269470173778909870666713      
   14.6371792209562110715106931407540056      
   14.5356954805701245615004368609581542      
   14.4360810296977429283473150016753706      
   14.3382889557563369513962402261560295      
   14.2422738132885242604587053515129715      
   14.1479915659304520151510435417019442      
   14.0553995424668180104769801009731632      
   13.9644563862927249043551640140136578      
   13.8751220023326075212955085895215244      
   13.7873575168392176239725099738840602      
   13.7011252291942096656442671846769260      
   13.6163885727298184950886110147523414      
   13.5331120780233252018126796223158980      
   13.4512613285043305198863881942661994      
   13.3708029255741435574265910401545926      
   13.2917044521535208965199652507130623      
   13.2139344411023669467952464118014451      
   13.1374623397777727694811543038963373      
   13.0622584796458301892778172621251620      
   12.9882940469064561905927080813786671      
   12.9155410496127101456584421038782526      
   12.8439722952636774514147069142417995      
   12.7735613565111683059237415249650116      
   12.7042825547324873138746027649646412      
   12.6361109289651051360017860245757169      
   12.5690222082897929458152007783862322      
   12.5029927988022077919285312102648305      
   12.4379997544853524850634213378237355      
   12.3740207574371611190887465564637819      
   12.3110340969867168488538657672646944      
   12.2490186521300228011852842978324144      
   12.1879538691444743439903635290600975      
   12.1278197451043601086597510713684383      
   12.0685968103980456178374649861518006      
   12.0102661122460293470688181845427304      
   11.9528091966599279380922919929667951      
   11.8962080931063550172148314258950094      
   11.8404452999363064317254309167824354      
   11.7855037700803056112385230824097258      
   11.7313668955330067925439450209286081      
   11.6780184956868869382790454491121183      
   11.6254428013801286634670966305326248      
   11.5736244468119629697561700366055876      
   11.5225484483378012208271046868489819      
   11.4722002055611752544818911661779565      
   11.4225654801533131205823430689688597      
   11.3736303883368411112371192469364721      
   11.3253813896617328382407736271071488      
   11.2778052751641527556881132537602081      
   11.2308891595183119565082966027050071      
   11.1846204747545650741345019160674715      
   11.1389869559805848977722700739755082      
