 0.13548723707728E+03
 0.13548723707728E+03
 0.13548723707728E+03
 0.13548723707728E+03
 0.13548723707728E+03
 0.13548723707730E+03
 0.13548723707789E+03
 0.13548723708563E+03
 0.13548723714262E+03
 0.13548723742166E+03
 0.13548723843665E+03
 0.13548724139186E+03
 0.13548724864645E+03
 0.13548726423034E+03
 0.13548729433307E+03
 0.13548734769840E+03
 0.13548743588297E+03
 0.13548757336339E+03
 0.13548777750550E+03
 0.13548806843627E+03
 0.13548846874757E+03
 0.13548900330269E+03
 0.13548969888906E+03
 0.13549058394244E+03
 0.13549168829042E+03
 0.13549304294033E+03
 0.13549467992017E+03
 0.13549663217432E+03
 0.13549893351119E+03
 0.13550161859559E+03
 0.13550472297547E+03
 0.13550828313104E+03
 0.13551233653613E+03
 0.13551692171755E+03
 0.13552207830453E+03
 0.13552784705997E+03
 0.13553426988737E+03
 0.13554138981165E+03
 0.13554925093379E+03
 0.13555789835567E+03
 0.13556737808617E+03
 0.13557773692641E+03
 0.13558902234075E+03
 0.13560128231918E+03
 0.13561456523610E+03
 0.13562891971120E+03
 0.13564439447508E+03
 0.13566103825026E+03
 0.13567889964546E+03
 0.13569802703529E+03
 0.13571846853330E+03
 0.13574027191023E+03
 0.13576348457056E+03
 0.13578815354373E+03
 0.13581432549768E+03
 0.13584204677737E+03
 0.13587136345589E+03
 0.13590232141400E+03
 0.13593496643683E+03
 0.13596934437201E+03
 0.13600550109587E+03
 0.13604348289120E+03
 0.13608333646564E+03
 0.13612510916211E+03
 0.13616884914531E+03
 0.13621460560471E+03
 0.13626242896112E+03
 0.13631237109361E+03
 0.13636448556695E+03
 0.13641882787539E+03
 0.13647545570191E+03
 0.13653442916628E+03
 0.13659581109697E+03
 0.13665966730813E+03
 0.13672606690785E+03
 0.13679508259631E+03
 0.13686679091720E+03
 0.13694127267717E+03
 0.13701861314689E+03
 0.13709890255729E+03
 0.13718223642209E+03
 0.13726871575694E+03
 0.13735844773851E+03
 0.13745154597090E+03
 0.13754813090878E+03
 0.13764833041811E+03
 0.13775228011944E+03
 0.13786012408864E+03
 0.13797201523337E+03
 0.13808811597330E+03
 0.13820859887657E+03
 0.13833364720904E+03
 0.13846345577767E+03
 0.13859823160626E+03
 0.13873819476433E+03
 0.13888357923220E+03
 0.13903463384555E+03
 0.13919162327958E+03
 0.13935482928193E+03
 0.13952455130655E+03
 0.13970110847205E+03
 0.13988484046281E+03
 0.14007610905495E+03
 0.14027529967031E+03
 0.14048282306259E+03
 0.14069911702517E+03
 0.14092464836174E+03
 0.14115991490224E+03
 0.14140544764618E+03
 0.14166181311394E+03
 0.14192961576300E+03
 0.14220950057504E+03
 0.14250215582019E+03
 0.14280831594208E+03
 0.14312876397217E+03
 0.14346433540460E+03
 0.14381592068065E+03
 0.14418446838397E+03
 0.14457098822529E+03
 0.14497655392852E+03
 0.14540230572911E+03
 0.14584945275201E+03
 0.14631927460983E+03
 0.14681312229616E+03
 0.14733241836048E+03
 0.14787865550937E+03
 0.14845339391780E+03
 0.14905825658320E+03
 0.14969492235543E+03
 0.15036511638414E+03
 0.15107059782869E+03
 0.15181314317014E+03
 0.15259453299692E+03
 0.15341652169282E+03
 0.15428081876633E+03
 0.15518906064156E+03
 0.15614278229287E+03
 0.15714338801549E+03
 0.15819212286891E+03
 0.15929004382505E+03
 0.16043799399756E+03
 0.16163657804067E+03
 0.16288614109161E+03
 0.16418675134057E+03
 0.16553818752145E+03
 0.16693993189498E+03
 0.16839117003144E+03
 0.16989079753050E+03
 0.17143743422986E+03
 0.17302944505381E+03
 0.17466496699423E+03
 0.17634194073493E+03
 0.17805814518464E+03
 0.17981123331130E+03
 0.18159876797862E+03
 0.18341825724529E+03
 0.18526718440100E+03
 0.18714303793481E+03
 0.18904333604197E+03
 0.19096564804412E+03
 0.19290761147617E+03
 0.19486694583871E+03
 0.19684146343173E+03
 0.19882907647471E+03
 0.20082780218465E+03
 0.20283576521233E+03
 0.20485119835199E+03
 0.20687244248425E+03
 0.20889794323571E+03
 0.21092624890266E+03
 0.21295600649782E+03
 0.21498595758121E+03
 0.21701493361742E+03
 0.21904185129960E+03
 0.22106570793635E+03
 0.22308557634667E+03
 0.22510060039100E+03
 0.22710999054890E+03
 0.22911301946516E+03
 0.23110901761133E+03
 0.23309736989344E+03
 0.23507751140325E+03
 0.23704892444471E+03
 0.23901113488708E+03
 0.24096370948494E+03
 0.24290625265086E+03
 0.24483840458860E+03
 0.24675983796186E+03
 0.24867025592402E+03
 0.25056939035137E+03
 0.25245699932855E+03
 0.25433286613233E+03
 0.25619679606079E+03
 0.25804861724373E+03
 0.25988817621804E+03
 0.26171533867053E+03
 0.26352998809525E+03
 0.26533202269068E+03
 0.26712135714126E+03
 0.26889791921319E+03
 0.27066165006825E+03
 0.27241250186648E+03
 0.27415043977514E+03
 0.27587543760842E+03
 0.27758747982680E+03
 0.27928656001855E+03
 0.28097268010331E+03
 0.28264584881768E+03
 0.28430608325026E+03
 0.28595340697303E+03
 0.28758784966193E+03
 0.28920944627852E+03
 0.29081823731571E+03
 0.29241426913590E+03
 0.29399759135872E+03
 0.29556825827488E+03
 0.29712632782365E+03
 0.29867186229704E+03
 0.30020492667108E+03
 0.30172558856945E+03
 0.30323391848650E+03
 0.30472999027966E+03
 0.30621387886597E+03
 0.30768566182024E+03
 0.30914541907502E+03
 0.31059323139577E+03
 0.31202918160271E+03
 0.31345335349276E+03
 0.31486583242609E+03
 0.31626670469913E+03
 0.31765605753152E+03
 0.31903397905548E+03
 0.32040055800441E+03
 0.32175588373505E+03
 0.32310004612123E+03
 0.32443313552094E+03
 0.32575524250018E+03
 0.32706645787103E+03
 0.32836687266428E+03
 0.32965657800371E+03
 0.33093566507328E+03
 0.33220422487521E+03
 0.33346234844318E+03
 0.33471012664447E+03
 0.33594765017028E+03
 0.33717500950892E+03
 0.33839229470343E+03
 0.33959959562242E+03
 0.34079700178299E+03
 0.34198460227446E+03
 0.34316248573323E+03
 0.34433074037379E+03
 0.34548945393089E+03
 0.34663871368845E+03
 0.34777860636640E+03
 0.34890921811260E+03
 0.35003063455466E+03
 0.35114294071805E+03
 0.35224622106830E+03
 0.35334055946371E+03
 0.35442603909711E+03
 0.35550274255915E+03
 0.35657075180069E+03
 0.35763014813562E+03
 0.35868101219832E+03
 0.35972342397165E+03
 0.36075746276557E+03
 0.36178320719902E+03
 0.36280073524764E+03
 0.36381012416266E+03
 0.36481145057168E+03
 0.36580479034299E+03
 0.36679021867075E+03
 0.36776781012851E+03
 0.36873763852412E+03
 0.36969977700037E+03
 0.37065429801344E+03
 0.37160127333938E+03
 0.37254077404264E+03
 0.37347287052844E+03
 0.37439763251768E+03
 0.37531512904692E+03
 0.37622542846307E+03
 0.37712859845236E+03
 0.37802470603723E+03
 0.37891381757011E+03
 0.37979599873145E+03
 0.38067131455603E+03
 0.38153982940570E+03
 0.38240160701945E+03
 0.38325671044303E+03
 0.38410520218173E+03
 0.38494714399246E+03
 0.38578259705043E+03
 0.38661162189695E+03
 0.38743427845504E+03
 0.38825062606236E+03
 0.38906072344226E+03
 0.38986462865219E+03
 0.39066239917595E+03
