   300.978532456069162132856044161749454      
   300.978532456069162132856044161749454      
   300.978532456069162132851380527156010      
   300.978532456069161555061098139799070      
   300.978532456068454609946002451934406      
   300.978532455984012490765849010446596      
   300.978532453367369071825205605687418      
   300.978532418982347316137176689636278      
   300.978532165784611636735423098487822      
   300.978530926028918400637368916311144      
   300.978526416584903241228591168764092      
   300.978513287347990307437162289398687      
   300.978481058773780113510094582201803      
   300.978411834304294669377643628986276      
   300.978278139979589633574950204412051      
   300.978041197376507808720823405521605      
   300.977649822740615981643636000737825      
   300.977040033527505212543688731389728      
   300.976135307411792651890470230731825      
   300.974847409764288094226649492033329      
   300.973077637707443542251981845349593      
   300.970718328606668677459654934087175      
   300.967654487125512666698178027459302      
   300.963765400225576323318897633169231      
   300.958926136449967790645773716412254      
   300.953008853850498088513986496484714      
   300.945883869067027202692936298596999      
   300.937420468833505115857170622790841      
   300.927487470330437489129178176067964      
   300.915953557394669138169274208076654      
   300.902687435313497429726983251842190      
   300.887557858995977262671946019974708      
   300.870433581522910748579018429631463      
   300.851183286724997722424223376848652      
   300.829675546313619191594938181305834      
   300.805778842989050260280708916646404      
   300.779361685962518699097861547613865      
   300.750292838827875115689904819322561      
   300.718441654286681039722657690629538      
   300.683678543269478621179296220341058      
   300.645875518867724058771038521000265      
   300.604906841343392899598513961788125      
   300.560649723702534260729911305695536      
   300.512985078707203924388650248100108      
   300.461798283607256265688468672678469      
   300.406979937820648228325481666587592      
   300.348426595838113166161329258417844      
   300.286041445072503582861154109275882      
   300.219734948031130469549773402637912      
   300.149425373242231858027535532302305      
   300.075039263890717652981903983326805      
   299.996511808773131526685280418536812      
   299.913787117529670534353262249876847      
   299.826818388061858559017366490968786      
   299.735568027374405719587517359656053      
   299.640007572646566460760125976360867      
   299.540117646338877015869353270263901      
   299.435887744170486199256034854683092      
   299.327315975346077552074203119750833      
   299.214408729494342142593904090039569      
   299.097180283876497500584031504557055      
   298.975652349506079583507598119874178      
   298.849853571776214654116637144135172      
   298.719819013921464843650072236358388      
   298.585589584695807033972025158763401      
   298.447211446190108195111353510619680      
   298.304735414156562059446191283916974      
   298.158216352202998394366586417929948      
   298.007712534063351204664180148771103      
   297.853285045038588635049183321651779      
   297.694997164901378000816898967469859      
   297.532913778769387230419780743662590      
   297.367100770693391648835169691712499      
   297.197624467091012351986561894650763      
   297.024551058938077164305768254941896      
   296.847946093927464661657710812297657      
   296.667873955335642950310590775349300      
   296.484397366390133236100785284088567      
   296.297576944677951433853220006521654      
   296.107470751415494871019770417551249      
   295.914133850962505085075485529600426      
   295.717617944689530876342552881023037      
   295.517970985459573139580566017795383      
   295.315236828649298630834290891280165      
   295.109454899678395281586667135080001      
   294.900659887124934329912121052410038      
   294.688881433224616099926175682822538      
   294.474143831814019915263059504489128      
   294.256465885324526386440987179575029      
   294.035860517204192503469247193052159      
   293.812334561272999834895505340233495      
   293.585888525923917888211216111005077      
   293.356516566970897642278916065656886      
   293.124205627162067817999645364301678      
   292.888936214465998871271064677783105      
   292.650681355830593486468689569503254      
   292.409406690329206025191941688931245      
   292.165070264360736530237500879680902      
   291.917622075475163654560183127313358      
   291.667004256380922328032167729597210      
   291.413150272627006791363218490375523      
   291.155985140521385608673336058952752      
   290.895424779425377192514459650926628      
   290.631375948477737169792643025782270      
   290.363735725817097984379515776109274      
   290.092391244551923830667590086579500      
   289.817219160001398746454173863930831      
   289.538085675986765459516189854473133      
   289.254845420457824527177788836809259      
   288.967341322413137574462093546034469      
   288.675403974927641736889347811544162      
   288.378851097373603054211752105535121      
   288.077486700519810113433032604356723      
   287.771100505120084475826310888440297      
   287.459467074746788036823088161425701      
   287.142344876124096577752120241235870      
   286.819475479492133152476591947721289      
   286.490582302500826266879136434567782      
   286.155369558502019269029544222585563      
   285.813520971012777595960219669859206      
   285.464698340167997006153799172759483      
   285.108540045127918459074979767318993      
   284.744659300475607022855928901659230      
   284.372642394682005775252156689076425      
   283.992046615204368190682712086243133      
   283.602398014578677255823841100913727      
   283.203189050642359809565195199070209      
   282.793875872772612798970488616840441      
   282.373875478274588647212831705488132      
   281.942562533191681337968445549424031      
   281.499265962708766847547597095208973      
   281.043265231010123681484333466833234      
   280.573786313477827554526660475548000      
   280.089997398117677340539612041814161      
   279.591003939080775804343460436799736      
   279.075844921569140946272645211353872      
   278.543486046610240782101567401431486      
   277.992815413919044606685795259419940      
   277.422637757514139752591733424505639      
   276.831668973593798036227428501187033      
   276.218530764608928192353771114606028      
   275.581745705104675369736889873622783      
   274.919733000405432010442737777641342      
   274.230805275652537304993068312822040      
   273.513167034483897881570805158838753      
   272.764915277598243628178039743231584      
   271.984043060543426528664453640246156      
   271.168446849310471216778829604329273      
   270.315938585771836940024263092739737      
   269.424263410685089856417655971833068      
   268.491123896192431013427527387991135      
   267.514210956127387788941837617836075      
   266.491244375050054941058504963001800      
   265.420015857351026183666445875531811      
   264.298441786688842970128462953656626      
   263.124617205411490096571734014803785      
   261.896869850630339898870241261644778      
   260.613809649997573905056405619574150      
   259.274368834019246108012384545715952      
   257.877828115130099128867643848233593      
   256.423825494013070548269241102424959      
   254.912345820353367302331638273562166      
   253.343691879436811370823825381384975      
   251.718439449051901726586141098729301      
   250.037381264563254320728958360943744      
   248.301465637848169102877387270664423      
   246.511735036519045656512425648936571      
   244.669270175486163683617773375483371      
   242.775142966537872925485250359842367      
   240.830380492120715461576182969097395      
   238.835940657185719888159432520062784      
   236.792699276883062441271017763388652      
   234.701446664126716913284407719617979      
   232.562893119794572438129425927695288      
   230.377680485214883991549550129954006      
   228.146396943921742505318236329018757      
   225.869605035616213087914434319492907      
   223.547852739292170205858965479163758      
   221.181705034699985175595265182184895      
   218.771766877450329502779461143531293      
   216.318707970772137952792243572143092      
   213.823287805930065307253844847692267      
   211.286379613074971106849566247887447      
   208.708993607562873178413141958332242      
   206.092299281189901433492704093793047      
   203.437645615905543608740328549339964      
   200.746579803028957850195738034812728      
   198.020863377635020788368552692879474      
   195.262485590462512747424740530860190      
   192.473673472720401094828060199385530      
   189.656898093350612985104257652893753      
   186.814876670995174043744607092462889      
   183.950569881926344997444221890029359      
   181.067174166364408857305338658685437      
   178.168108902920049287758248449253792      
   175.256998164615859161875389550970805      
   172.337647291492551306172545725913259      
   169.414014555605645015820291004519571      
   166.490178383174346614337175596892250      
   163.570300843243870859000502961862283      
   160.658588336509132654842706630930454      
   157.759250088980581060782459307028422      
   154.876456508253923063798911336234347      
   152.014297204216244690362238272433427      
   149.176741171157490504427582655195196      
   146.367598023509247684361911189411232      
   143.590485437217802178647233000852184      
   140.848797988866732629016727210356445      
   138.145682274400237747930843501654086      
   135.484016880869518067482921590882323      
   132.866397669846539994602013920654321      
   130.295128428898286769628889792230909      
   127.772216574477007439620851834895192      
   125.299373657754867468185931358780045      
   122.878020184533129912955514934609730      
   120.509294150037689092819046809826055      
   118.194062789619690595097883578334619      
   115.932936868466727377808262306136785      
   113.726286930043142482253197282674427      
   111.574261019717828825433184460895205      
   109.476803203327059702488449827815399      
   107.433672505248276892448753165010881      
   105.444461957698914285868174146908550      
   103.508617216244253523222207036377284      
   101.625454568442406406537861239848288      
   99.7941784595618416902542560600077589      
   98.0138969830534965028260112198980737      
   96.2836381754871662142950962521635505      
   94.6023633409948796746102495302111241      
   92.9689800628444182339115094755786909      
   91.3823539569675483484201859599913460      
   89.8413191355791846602714511016234080      
   88.3446876948241044683940093530712660      
   86.8912580347494862280297200758835500      
   85.4798222188975595369597540449661724      
   84.1091723801061411746266716374976638      
   82.7781063215128947105950145140467074      
   81.4854322696257816847372937592235109      
   80.2299729250528345940019776840482556      
   79.0105689216448808474312608690939844      
   77.8260816212787051772219580720584682      
   76.6753954503968665077648056161644459      
   75.5574197782589905242535327654288191      
   74.4710903514211634385942235606357427      
   73.4153704068682911778543295996607836      
   72.3892514808098844149794514122564897      
   71.3917539159562890823607074409696960      
   70.4219271716332693499310028826587158      
   69.4788499090621641256153930591949776      
   68.5616299337441338150614747590365150      
   67.6694039717990726769068569781786507      
   66.8013373365136265415331340555422224      
   65.9566235010504119341168114124398358      
   65.1344835790762559861916749773015454      
   64.3341657484340282628429282611584536      
   63.5549446192077997733441959397188450      
   62.7961205538671254040451432701565953      
   62.0570189779480106052944355692494390      
   61.3369896492507564827028625457148388      
   60.6354059221209527736828192297168987      
   59.9516640008650400449854668509395361      
   59.2851821964067733074488347322134692      
   58.6354001831457233721174226026138074      
   58.0017783280609532183090585496134395      
   57.3837966781177345794941959707208807      
   56.7809546888489407222047334386938710      
   56.1927702151758163775490075126967799      
   55.6187789097505828198760531877527997      
   55.0585335494058448389568342670377285      
   54.5116033880251422762180890856932156      
   53.9775735251815139277253554351361315      
   53.4560442958762195035506932309318134      
   52.9466306766336704753518635536171727      
   52.4489617141854837378862018734941792      
   51.9626799717241694954277086568578980      
   51.4874410006429606572061032353978598      
   51.0229128229003675634105920054706707      
   50.5687754392992405845947782034768319      
   50.1247203525569893406653733216231928      
   49.6904501125042660568833845549844483      
   49.2656778742675959097024931443584876      
   48.8501269800576227992171832119646197      
   48.4435305520088224071032789021403021      
   48.0456311042017998758149599068292077      
   47.6561801692015193521894255721377118      
   47.2749379440304111499268278298550142      
   46.9016729429699646209821296053980697      
   46.5361616726849948674291508377930321      
   46.1781883163209048913467909320444360      
   45.8275444308950703178842554798695367      
   45.4840286606853667586225350720534466      
   45.1474464582220530206605799752965919      
   44.8176098191560236343308723106667641      
   44.4943370305889864310134661376946577      
   44.1774524250422061605174950808806507      
   43.8667861479061886275093584711538906      
   43.5621739354030834326642965547745116      
   43.2634568996291486844078941855983340      
   42.9704813233762357479647916580420461      
   42.6830984646438342565723557312398971      
