-0.97967436974998E+10
-0.61229648109374E+09
-0.12094745305555E+09
-0.38268530068359E+08
-0.15674789916000E+08
-0.75592158159721E+07
-0.40802764254476E+07
-0.23917831292718E+07
-0.14931784327810E+07
-0.97967436973597E+06
-0.66913077637344E+06
-0.47245098839417E+06
-0.34301122828906E+06
-0.25501727616951E+06
-0.19351592416037E+06
-0.14948644440932E+06
-0.11729677027047E+06
-0.93323649507138E+05
-0.75173941584683E+05
-0.61229643457207E+05
-0.50373777033940E+05
-0.41820665997247E+05
-0.35008240792690E+05
-0.29528175662946E+05
-0.25079650719532E+05
-0.21438186476621E+05
-0.18434284063969E+05
-0.15938559852611E+05
-0.13851252731307E+05
-0.12094720477402E+05
-0.10608008338733E+05
-0.93428730422253E+04
-0.82608415089883E+04
-0.73310135513099E+04
-0.65284052094468E+04
-0.58326888835593E+04
-0.52272274171984E+04
-0.46983278648013E+04
-0.42346608040990E+04
-0.38268053756521E+04
-0.34668905177304E+04
-0.31483103190716E+04
-0.28654968599485E+04
-0.26137379255686E+04
-0.23890299555912E+04
-0.21879588217906E+04
-0.20076027035521E+04
-0.18454526025806E+04
-0.16993470080605E+04
-0.15674179677861E+04
-0.14480463950724E+04
-0.13398248869605E+04
-0.12415266769136E+04
-0.11520796177613E+04
-0.10705443054203E+04
-0.99609562390832E+03
-0.92800712734068E+03
-0.86563778249634E+03
-0.80842068209323E+03
-0.75585340860403E+03
-0.70748978471123E+03
-0.66293279220306E+03
-0.62182847828196E+03
-0.58386069864159E+03
-0.54874657157167E+03
-0.51623253781538E+03
-0.48609093781237E+03
-0.45811703192276E+03
-0.43212640084194E+03
-0.40795267306138E+03
-0.38544553428712E+03
-0.36446898048353E+03
-0.34489978185335E+03
-0.32662612983125E+03
-0.30954644318326E+03
-0.29356831268651E+03
-0.27860756675055E+03
-0.26458744277318E+03
-0.25143785109628E+03
-0.23909472021552E+03
-0.22749941338896E+03
-0.21659820810625E+03
-0.20634183097396E+03
-0.19668504154275E+03
-0.18758625943183E+03
-0.17900722977305E+03
-0.17091272268921E+03
-0.16327026296596E+03
-0.15604988660200E+03
-0.14922392130971E+03
-0.14276678834114E+03
-0.13665482341387E+03
-0.13086611465802E+03
-0.12538035587163E+03
-0.12017871340083E+03
-0.11524370536534E+03
-0.11055909186532E+03
-0.10610977515792E+03
-0.10188170873355E+03
-0.97861814487466E+02
-0.94037907137370E+02
-0.90398625225122E+02
-0.86933368053588E+02
-0.83632238003480E+02
-0.80485987722347E+02
-0.77485971736870E+02
-0.74624102075289E+02
-0.71892807540101E+02
-0.69284996290284E+02
-0.66794021449128E+02
-0.64413649458655E+02
-0.62138030945460E+02
-0.59961673873950E+02
-0.57879418791381E+02
-0.55886415983797E+02
-0.53978104381603E+02
-0.52150192064925E+02
-0.50398638240729E+02
-0.48719636557321E+02
-0.47109599662111E+02
-0.45565144886738E+02
-0.44083080978955E+02
-0.42660395787224E+02
-0.41294244833939E+02
-0.39981940695064E+02
-0.38720943130166E+02
-0.37508849901978E+02
-0.36343388233255E+02
-0.35222406850851E+02
-0.34143868572798E+02
-0.33105843397134E+02
-0.32106502054710E+02
-0.31144109992528E+02
-0.30217021753676E+02
-0.29323675727048E+02
-0.28462589238511E+02
-0.27632353959114E+02
-0.26831631608371E+02
-0.26059149930652E+02
-0.25313698927553E+02
-0.24594127326338E+02
-0.23899339271030E+02
-0.23228291219305E+02
-0.22579989035079E+02
-0.21953485262099E+02
-0.21347876569236E+02
-0.20762301359716E+02
-0.20195937534477E+02
-0.19648000404143E+02
-0.19117740742037E+02
-0.18604442974631E+02
-0.18107423503693E+02
-0.17626029155011E+02
-0.17159635749001E+02
-0.16707646785209E+02
-0.16269492231778E+02
-0.15844627411469E+02
-0.15432531969273E+02
-0.15032708907721E+02
-0.14644683673251E+02
-0.14268003281272E+02
-0.13902235465013E+02
-0.13546967833013E+02
-0.13201807035005E+02
-0.12866377925912E+02
-0.12540322729337E+02
-0.12223300208736E+02
-0.11914984841692E+02
-0.11615066011780E+02
-0.11323247220291E+02
-0.11039245325577E+02
-0.10762789808712E+02
-0.10493622085115E+02
-0.10231494838523E+02
-0.99761714029791E+01
-0.97274251820694E+01
-0.94850391013063E+01
-0.92488050984786E+01
-0.90185236484433E+01
-0.87940033193418E+01
-0.85750603585496E+01
-0.83615183059219E+01
-0.81532076328049E+01
-0.79499654039798E+01
-0.77516349619863E+01
-0.75580656297516E+01
-0.73691124321339E+01
-0.71846358340663E+01
-0.70045014928680E+01
-0.68285800254117E+01
-0.66567467876471E+01
-0.64888816659764E+01
-0.63248688793920E+01
-0.61645967915104E+01
-0.60079577324724E+01
-0.58548478289151E+01
-0.57051668429914E+01
-0.55588180181477E+01
-0.54157079324630E+01
-0.52757463588405E+01
-0.51388461323253E+01
-0.50049230229047E+01
-0.48738956132408E+01
-0.47456851852160E+01
-0.46202156086357E+01
-0.44974132370116E+01
-0.43772068076336E+01
-0.42595273469291E+01
-0.41443080798289E+01
-0.40314843442762E+01
-0.39209935087505E+01
-0.38127748954339E+01
-0.37067697053614E+01
-0.36029209485648E+01
-0.35011733767628E+01
-0.34014734195551E+01
-0.33037691236488E+01
-0.32080100948343E+01
-0.31141474426625E+01
-0.30221337275568E+01
-0.29319229103174E+01
-0.28434703039137E+01
-0.27567325273200E+01
-0.26716674611285E+01
-0.25882342053358E+01
-0.25063930384166E+01
-0.24261053785952E+01
-0.23473337460007E+01
-0.22700417271131E+01
-0.21941939396855E+01
-0.21197559994903E+01
-0.20466944886570E+01
-0.19749769240118E+01
-0.19045717280728E+01
-0.18354481999125E+01
-0.17675764875679E+01
-0.17009275614853E+01
-0.16354731886623E+01
-0.15711859077435E+01
-0.15080390053862E+01
-0.14460064927364E+01
-0.13850630832009E+01
-0.13251841710169E+01
-0.12663458102545E+01
-0.12085246946327E+01
-0.11516981382383E+01
-0.10958440565408E+01
-0.10409409483559E+01
-0.98696787820325E+00
-0.93390445935833E+00
-0.88173083744155E+00
-0.83042767446493E+00
-0.77997613356962E+00
-0.73035786418127E+00
-0.68155498762685E+00
-0.63355008318366E+00
-0.58632617479646E+00
-0.53986671792522E+00
-0.49415558709414E+00
-0.44917706360093E+00
-0.40491582386853E+00
-0.36135692796033E+00
-0.31848580861675E+00
-0.27628826055019E+00
-0.23475043002990E+00
-0.19385880505964E+00
-0.15360020547784E+00
-0.11396177378264E+00
-0.74930965822014E-01
-0.36495542318194E-01
 0.13564401408805E-02
 0.38636636734440E-01
 0.75356423049361E-01
 0.11152690227777E+00
 0.14715891310966E+00
 0.18226303684130E+00
 0.21684960438101E+00
 0.25092870331469E+00
 0.28451018409481E+00
 0.31760366700397E+00
 0.35021854797338E+00
 0.38236400473171E+00
 0.41404900284065E+00
 0.44528230115178E+00
 0.47607245717912E+00
 0.50642783281457E+00
 0.53635659955142E+00
 0.56586674273927E+00
 0.59496606758866E+00
 0.62366220291368E+00
 0.65196260648792E+00
 0.67987456868176E+00
 0.70740521776052E+00
 0.73456152327203E+00
 0.76135030049419E+00
 0.78777821445089E+00
 0.81385178362172E+00
 0.83957738344037E+00
 0.86496125038427E+00
 0.89000948542512E+00
