-0.16277684267187E-07
-0.40694210667849E-08
-0.18086315937497E-08
-0.10174641906080E-08
-0.51977390104665E-09
-0.41533174086213E-10
 0.73359388881996E-08
 0.70944690564218E-07
 0.39894466598991E-06
 0.15566642165400E-05
 0.46764770872925E-05
 0.11564230479135E-04
 0.24645294009920E-04
 0.46870852386380E-04
 0.80850251018348E-04
 0.13078416879498E-03
 0.19726482904464E-03
 0.28252211829007E-03
 0.38903135462343E-03
 0.51708776390075E-03
 0.66668510616834E-03
 0.83720657648977E-03
 0.10278773681856E-02
 0.12372056824182E-02
 0.14634602788574E-02
 0.17046230989371E-02
 0.19585002308173E-02
 0.22225651966930E-02
 0.24947901108780E-02
 0.27723547085685E-02
 0.30525577096882E-02
 0.33333663810425E-02
 0.36126804047263E-02
 0.38885029685660E-02
 0.41585878265906E-02
 0.44217777556754E-02
 0.46766039833279E-02
 0.49216295533772E-02
 0.51558049577478E-02
 0.53790141928486E-02
 0.55914829166024E-02
 0.57926976132813E-02
 0.59824548743866E-02
 0.61615514960889E-02
 0.63302967762252E-02
 0.64891227795710E-02
 0.66385203545199E-02
 0.67794498945572E-02
 0.69128215239675E-02
 0.70396878076053E-02
 0.71611662126385E-02
 0.72780584814594E-02
 0.73911191400742E-02
 0.75011538929021E-02
 0.76090311108501E-02
 0.77154711594885E-02
 0.78213087904536E-02
 0.79275285400456E-02
 0.80347692035153E-02
 0.81435820234678E-02
 0.82544042328244E-02
 0.83677756221432E-02
 0.84841597169463E-02
 0.86038991822176E-02
 0.87274524123618E-02
 0.88551505352104E-02
 0.89872129518069E-02
 0.91238346454501E-02
 0.92651278529612E-02
 0.94112942256028E-02
 0.95625109268901E-02
 0.97189272105173E-02
 0.98807024059639E-02
 0.10047900107828E-01
 0.10220628840108E-01
 0.10398882304404E-01
 0.10582614634202E-01
 0.10772040583283E-01
 0.10967101040845E-01
 0.11167987527980E-01
 0.11374745703242E-01
 0.11587728368440E-01
 0.11807197450667E-01
 0.12032693639554E-01
 0.12264835238752E-01
 0.12503280359721E-01
 0.12748442097077E-01
 0.13000460281198E-01
 0.13259423974636E-01
 0.13526545304127E-01
 0.13801735579031E-01
 0.14085052336378E-01
 0.14376337992285E-01
 0.14676589541294E-01
 0.14985594882003E-01
 0.15304095540224E-01
 0.15632598642005E-01
 0.15972158690377E-01
 0.16322773779569E-01
 0.16684478279374E-01
 0.17058270745732E-01
 0.17444987612143E-01
 0.17845090575076E-01
 0.18259329744104E-01
 0.18688379187809E-01
 0.19132820860765E-01
 0.19593201571683E-01
 0.20070755284469E-01
 0.20566503106314E-01
 0.21081050531527E-01
 0.21615226164675E-01
 0.22170322518744E-01
 0.22746989844997E-01
 0.23346674937605E-01
 0.23970316122475E-01
 0.24619147109211E-01
 0.25294219236316E-01
 0.25997175619259E-01
 0.26729029958113E-01
 0.27491247236029E-01
 0.28285267737008E-01
 0.29112808371155E-01
 0.29975078757178E-01
 0.30873887677590E-01
 0.31810966081879E-01
 0.32788051403828E-01
 0.33807027342655E-01
 0.34869694275897E-01
 0.35978009110281E-01
 0.37134057456775E-01
 0.38339941263886E-01
 0.39597755814373E-01
 0.40909767079684E-01
 0.42278146632487E-01
 0.43705173430046E-01
 0.45193138156329E-01
 0.46744307897041E-01
 0.48360907752723E-01
 0.50045051549268E-01
 0.51798764445576E-01
 0.53623784328339E-01
 0.55521781469281E-01
 0.57493722008570E-01
 0.59540234953719E-01
 0.61661463506418E-01
 0.63856525374495E-01
 0.66123343452792E-01
 0.68458800561114E-01
 0.70858319000599E-01
 0.73315471158763E-01
 0.75822049369444E-01
 0.78367936909215E-01
 0.80940746499403E-01
 0.83526534342690E-01
 0.86109794005578E-01
 0.88673839690057E-01
 0.91201551454536E-01
 0.93676525082544E-01
 0.96083685938944E-01
 0.98409803914099E-01
 0.10064406078839E+00
 0.10277950396213E+00
 0.10481183501185E+00
 0.10674028776024E+00
 0.10856692764368E+00
 0.11029579315708E+00
 0.11193286059887E+00
 0.11348562888710E+00
 0.11496160677278E+00
 0.11636856207030E+00
 0.11771451222759E+00
 0.11900545572034E+00
 0.12024862713819E+00
 0.12144891685181E+00
 0.12261068189564E+00
 0.12373735086704E+00
 0.12483219743700E+00
 0.12589649764927E+00
 0.12693155785565E+00
 0.12793786150551E+00
 0.12891529956561E+00
 0.12986337134169E+00
 0.13078100614844E+00
 0.13166677907294E+00
 0.13251916308958E+00
 0.13333623726783E+00
 0.13411591156762E+00
 0.13485618727011E+00
 0.13555488968439E+00
 0.13620993506802E+00
 0.13681942523976E+00
 0.13738159954892E+00
 0.13789510548740E+00
 0.13835869761041E+00
 0.13877156035784E+00
 0.13913317896141E+00
 0.13944362049671E+00
 0.13970342916303E+00
 0.13991339723280E+00
 0.14007479649932E+00
 0.14018944573723E+00
 0.14025955074179E+00
 0.14028724279886E+00
 0.14027550123594E+00
 0.14022718934917E+00
 0.14014548886120E+00
 0.14003353009115E+00
 0.13989459768693E+00
 0.13973198788069E+00
 0.13954899140493E+00
 0.13934858698180E+00
 0.13913386376224E+00
 0.13890757545525E+00
 0.13867235429838E+00
 0.13843063676220E+00
 0.13818463531090E+00
 0.13793629915383E+00
 0.13768739961434E+00
 0.13743947868775E+00
 0.13719392407403E+00
 0.13695188714625E+00
 0.13671426296268E+00
 0.13648196338615E+00
 0.13625560982711E+00
 0.13603573600563E+00
 0.13582272096154E+00
 0.13561690130893E+00
 0.13541840078106E+00
 0.13522740563049E+00
 0.13504392438733E+00
 0.13486791991569E+00
 0.13469939580119E+00
 0.13453814897411E+00
 0.13438405621169E+00
 0.13423699374407E+00
 0.13409670892198E+00
 0.13396303295825E+00
 0.13383572651897E+00
 0.13371450202850E+00
 0.13359915596261E+00
 0.13348948288535E+00
 0.13338511161808E+00
 0.13328594749830E+00
 0.13319174717981E+00
 0.13310217903341E+00
 0.13301706115401E+00
 0.13293616292565E+00
 0.13285927588571E+00
 0.13278618022398E+00
 0.13271665892580E+00
 0.13265060345156E+00
 0.13258777183354E+00
 0.13252797081984E+00
 0.13247105100806E+00
 0.13241685977731E+00
 0.13236522058329E+00
 0.13231602070694E+00
 0.13226909230564E+00
 0.13222434861040E+00
 0.13218161311097E+00
 0.13214077293048E+00
 0.13210172929023E+00
 0.13206439147997E+00
 0.13202866215456E+00
 0.13199442826206E+00
 0.13196159418999E+00
 0.13193007884090E+00
 0.13189982430299E+00
 0.13187069773899E+00
 0.13184271923130E+00
 0.13181572027362E+00
 0.13178973931246E+00
 0.13176461527401E+00
 0.13174039879216E+00
 0.13171695591849E+00
 0.13169424911600E+00
 0.13167228552573E+00
 0.13165090141015E+00
 0.13163020092195E+00
 0.13161006214636E+00
 0.13159046000440E+00
 0.13157140090220E+00
 0.13155277516818E+00
 0.13153454468854E+00
 0.13151678993551E+00
 0.13149946677592E+00
 0.13148237041525E+00
 0.13146574843530E+00
 0.13144935882606E+00
 0.13143331028223E+00
 0.13141740586909E+00
 0.13140188907880E+00
 0.13138654380816E+00
 0.13137144555541E+00
 0.13135658421684E+00
 0.13134188475380E+00
 0.13132727532060E+00
 0.13131290051496E+00
 0.13129874650371E+00
 0.13128461499341E+00
