-0.23255411696651E-11
-0.18604329357245E-10
-0.62789611995262E-10
-0.14885698967797E-09
-0.32301928857982E-09
-0.54138369600537E-09
-0.79834164991194E-09
-0.97278611144426E-09
-0.78902817240760E-09
 0.37339959610671E-08
 0.15578068009222E-07
 0.41869190463224E-07
 0.94795057003303E-07
 0.78245474921642E-05
-0.61058356384450E-05
 0.22793760263755E-04
-0.18560190974958E-04
-0.58683746251674E-05
-0.24222420156293E-05
-0.10630580632930E-04
-0.11525254292260E-04
-0.77941038634184E-05
 0.10662201298545E-05
 0.35061100926347E-05
 0.64497224599782E-05
 0.90507528078603E-05
 0.93826497962862E-04
-0.12198133405278E-03
 0.17740921779141E-03
-0.78826546467375E-04
 0.57771478748523E-04
-0.44512200389474E-04
-0.62763162985446E-03
 0.71571939862943E-03
-0.51518607268675E-03
 0.28573973604255E-03
 0.72199907411518E-03
-0.27734538422307E-03
-0.12200165845827E-02
-0.46194069470771E-03
 0.20363635253587E-02
-0.14996759761784E-02
-0.15184870437421E-02
 0.82825855256554E-03
 0.35078161834953E-02
 0.20161051610912E-02
-0.39909587051404E-02
-0.29221564069858E-02
 0.70155571857857E-03
 0.14923656462441E-02
-0.60263532863116E-03
-0.24362916821587E-02
 0.34447943869134E-02
 0.47850231382625E-02
 0.21803161821737E-02
-0.46578547715532E-02
-0.80348342146089E-02
-0.11645878429002E-02
 0.47864769542663E-02
 0.63864337391079E-02
-0.73603958919631E-03
 0.50260833233466E-03
-0.58334023904733E-02
-0.61416526431684E-02
 0.51644137415598E-02
 0.80911599410705E-02
 0.52839596193717E-02
-0.24355634528775E-02
-0.39522753392453E-02
 0.69130167008542E-02
-0.62032791413919E-02
-0.12712473054802E-01
-0.11062911066306E-01
 0.92194798932264E-02
 0.30030093728417E-01
 0.18615500762717E-01
-0.28566608508167E-01
 0.98400944302659E-04
-0.14068920632555E-01
 0.33238368602092E-02
-0.59957942200186E-01
-0.55568017794497E-01
 0.10268985219777E+00
 0.64958777472065E-01
 0.17785054629306E+00
 0.87314288311248E-02
-0.56892328156435E-01
-0.15309523400401E+00
-0.35764263790800E+00
 0.11983757911376E+00
 0.12341435619375E+00
 0.45545900756312E+00
 0.25482828490025E+00
 0.25793073926014E+00
-0.16392665373012E+00
-0.25552494828250E+00
 0.76516706482687E-01
 0.11626158776415E+00
-0.76873149938436E-02
-0.23519282390486E+00
 0.30220624290775E-01
 0.22363677769186E+00
 0.28632710510331E+00
 0.34087375738615E+00
 0.93410102630850E-01
-0.50040938931767E+00
-0.67278415132154E-01
 0.15352333032712E+00
 0.22327562831812E-01
 0.49021864013611E-01
 0.24083582021534E+00
-0.40902730726557E+00
-0.18689751594486E+00
-0.18553247208900E-01
-0.49535716568032E-01
-0.11094101404722E-01
 0.94038728267310E-01
 0.11723631958469E-01
-0.12672327015987E+00
 0.24266328999287E-01
 0.63432542156026E-01
-0.38802062016757E+00
 0.11324322133449E+00
 0.29818313842985E+00
-0.61937071921276E-01
 0.10765527752749E+00
 0.12686837523205E+00
 0.10045291800984E+00
 0.68315625879913E-01
 0.27710891321876E+00
 0.17131095887946E+00
 0.32986361481795E+00
 0.32269053085603E+00
 0.26190176390850E+00
 0.31711346744821E+00
 0.36746502874162E+00
 0.32078824127147E+00
 0.33264338382851E+00
 0.34897747033354E+00
 0.32805259435792E+00
 0.19944132982541E+00
 0.54147494068843E+00
 0.45085185568592E+00
 0.12407918456012E+00
 0.66103623556612E+00
 0.66548848291991E+00
-0.67379110755215E-01
 0.14764189945860E+00
 0.24309000571953E+00
-0.35350883432047E+00
-0.25534499890155E+00
 0.48107798942556E+00
-0.13390386324414E+00
 0.22992952153070E+00
 0.13412929819394E+01
 0.10793108150263E+01
-0.24653330240825E+00
 0.14680119826713E+01
 0.11647780763607E+01
-0.39396507750359E+00
-0.15467211065774E+01
 0.32470949976116E+00
 0.60954271880807E+00
-0.35078689629788E+00
-0.78285464261370E+00
 0.12043495861794E-01
 0.24119944801937E+01
-0.19634256781285E+00
 0.81900515043508E+00
 0.12775888128084E+01
 0.47433135707607E+00
 0.15945359711977E+01
-0.74938645297504E+00
-0.21121298953845E+01
-0.26493656275339E+01
 0.23106279574811E+01
-0.17142688572384E+00
-0.70769544484100E+00
-0.58864388830831E+00
-0.24724538140505E+01
-0.15030189697941E+01
-0.20358182100413E+01
-0.25614682345260E+01
-0.19843207259440E+01
-0.98190742046309E+00
-0.38766645535302E+00
-0.56751116622004E+00
 0.15030886619271E+00
-0.39521018035160E+00
-0.18562559651746E+01
 0.48793319065487E+00
-0.23762005521139E+01
 0.12124820236113E+00
 0.20417518247525E+01
 0.19028074733665E+01
-0.54960390470871E+00
-0.18538813236439E+01
-0.17512765049277E+01
-0.15553109151472E+00
-0.12582101799830E+01
 0.16321523117601E+01
 0.85555480555985E+00
 0.36346322851484E+01
 0.88020277306059E+00
 0.18834787313225E+01
 0.33612090491510E+01
 0.14459337084705E+01
 0.34467376334361E+01
 0.13315566641906E+01
 0.35955600617873E+00
-0.78531747346645E+00
-0.17376858428894E+01
-0.17760772085664E+01
-0.17345054479086E+01
-0.55465597668683E+00
-0.17926246914491E+01
-0.40561217620356E+01
-0.35358589825827E+01
-0.66709720990084E+01
-0.65683029523137E+01
-0.63487684951461E+01
-0.10099131454488E+02
-0.71527044182662E+01
-0.65817073669889E+01
-0.90854241004640E+01
-0.80902659873698E+01
-0.72328050698137E+01
-0.65329946034670E+01
-0.77964447538808E+01
-0.86729038909231E+01
-0.54669705806535E+01
-0.61097120898161E+01
-0.21865383685287E+01
-0.45310717653836E+01
-0.59489467560516E+01
-0.20901638263827E+01
 0.43451033722356E-01
-0.11765147065204E+01
-0.11726904550905E+01
-0.21830715737170E+01
-0.11099847853731E+01
-0.67323400748175E+01
-0.73678409600347E+01
-0.59350604637887E+01
-0.51252018258863E+01
-0.43595808489667E+01
-0.19511391963851E+01
-0.41092352370984E+01
-0.48321347694849E+01
-0.55967706495826E+01
-0.50670010942640E+01
-0.38904070783774E+01
-0.23292848892331E+01
-0.19759009972899E+01
-0.94067746495006E+00
-0.11108487064282E+01
 0.13692814545011E-01
 0.15893672333004E-01
 0.46932987682726E+01
 0.40208324935894E+01
 0.31255981568545E+01
 0.47651686567649E+01
 0.80118168775891E+01
 0.61334332290812E+01
 0.30457842409110E+01
 0.58562577703428E+01
 0.31932127602208E+01
 0.31731953112562E+01
 0.47965680807750E+01
 0.47078695673440E+01
 0.54680815698728E+01
 0.44948326337419E+01
 0.34853311581011E+01
 0.50942892630243E+01
 0.62196510223502E+01
 0.73869800144339E+01
 0.61421183774550E+01
 0.53579434048079E+01
 0.50765548946658E+01
 0.62908636972788E+01
 0.79424909532445E+01
 0.94282768367079E+01
 0.46688421117716E+01
 0.66364986540729E+01
 0.65098775231782E+01
 0.58682761331294E+01
 0.92849183546576E+01
 0.75028706744377E+01
 0.57353841950828E+01
 0.55295219330906E+01
 0.70175573933658E+01
 0.11801558288127E+02
 0.66094310328663E+01
 0.73399554886965E+01
 0.99112810184573E+01
 0.98517334786243E+01
 0.63129669874745E+01
 0.61207504077024E+01
 0.11169286723607E+02
 0.82503133978729E+01
