 0.13548723707728E+03
 0.13548723707728E+03
 0.13548723707728E+03
 0.13548723707728E+03
 0.13548723707728E+03
 0.13548723707730E+03
 0.13548723707789E+03
 0.13548723708563E+03
 0.13548723714262E+03
 0.13548723742166E+03
 0.13548723843664E+03
 0.13548724139174E+03
 0.13548724864568E+03
 0.13548726422658E+03
 0.13548729431823E+03
 0.13548734764887E+03
 0.13548743573894E+03
 0.13548757298984E+03
 0.13548777662569E+03
 0.13548806650739E+03
 0.13548846485304E+03
 0.13548899589897E+03
 0.13548968553416E+03
 0.13549056093771E+03
 0.13549165024245E+03
 0.13549298224191E+03
 0.13549458615115E+03
 0.13549649142579E+03
 0.13549872763777E+03
 0.13550132440179E+03
 0.13550431134271E+03
 0.13550771809140E+03
 0.13551157429927E+03
 0.13551590965616E+03
 0.13552075390304E+03
 0.13552613682999E+03
 0.13553208825372E+03
 0.13553863796956E+03
 0.13554581567992E+03
 0.13555365089242E+03
 0.13556217280121E+03
 0.13557141014538E+03
 0.13558139105377E+03
 0.13559214288017E+03
 0.13560369203430E+03
 0.13561606381405E+03
 0.13562928224297E+03
 0.13564336991937E+03
 0.13565834787346E+03
 0.13567423544860E+03
 0.13569105019613E+03
 0.13570880779152E+03
 0.13572752197153E+03
 0.13574720449226E+03
 0.13576786511330E+03
 0.13578951158639E+03
 0.13581214968859E+03
 0.13583578325322E+03
 0.13586041422712E+03
 0.13588604274134E+03
 0.13591266719489E+03
 0.13594028435228E+03
 0.13596888945102E+03
 0.13599847631305E+03
 0.13602903746877E+03
 0.13606056428572E+03
 0.13609304709917E+03
 0.13612647534414E+03
 0.13616083769506E+03
 0.13619612219720E+03
 0.13623231640248E+03
 0.13626940749944E+03
 0.13630738244239E+03
 0.13634622808935E+03
 0.13638593131976E+03
 0.13642647914988E+03
 0.13646785885151E+03
 0.13651005806410E+03
 0.13655306489640E+03
 0.13659686803032E+03
 0.13664145682258E+03
 0.13668682139028E+03
 0.13673295270162E+03
 0.13677984265897E+03
 0.13682748417811E+03
 0.13687587126378E+03
 0.13692499907590E+03
 0.13697486402903E+03
 0.13702546380988E+03
 0.13707679748251E+03
 0.13712886553481E+03
 0.13718166994933E+03
 0.13723521421551E+03
 0.13728950353362E+03
 0.13734454464874E+03
 0.13740034611183E+03
 0.13745691825505E+03
 0.13751427325639E+03
 0.13757242525969E+03
 0.13763139034148E+03
 0.13769118671185E+03
 0.13775183468201E+03
 0.13781335684190E+03
 0.13787577807468E+03
 0.13793912570480E+03
 0.13800342957908E+03
 0.13806872220015E+03
 0.13813503878077E+03
 0.13820241749860E+03
 0.13827089956151E+03
 0.13834052937942E+03
 0.13841135473755E+03
 0.13848342702123E+03
 0.13855680141056E+03
 0.13863153705675E+03
 0.13870769743988E+03
 0.13878535056322E+03
 0.13886456929214E+03
 0.13894543170205E+03
 0.13902802140976E+03
 0.13911242802870E+03
 0.13919874756652E+03
 0.13928708297195E+03
 0.13937754462251E+03
 0.13947025096300E+03
 0.13956532914393E+03
 0.13966291574598E+03
 0.13976315758429E+03
 0.13986621257678E+03
 0.13997225071125E+03
 0.14008145509921E+03
 0.14019402313975E+03
 0.14031016778607E+03
 0.14043011892616E+03
 0.14055412496962E+03
 0.14068245419987E+03
 0.14081539692237E+03
 0.14095326709789E+03
 0.14109640440166E+03
 0.14124517630974E+03
 0.14139998026206E+03
 0.14156124584314E+03
 0.14172943692669E+03
 0.14190505371117E+03
 0.14208863449186E+03
 0.14228075707077E+03
 0.14248203959382E+03
 0.14269314059333E+03
 0.14291475798259E+03
 0.14314762672507E+03
 0.14339251489107E+03
 0.14365021784324E+03
 0.14392155052274E+03
 0.14420733693510E+03
 0.14450839910413E+03
 0.14482554324819E+03
 0.14515954583854E+03
 0.14551113988970E+03
 0.14588100280875E+03
 0.14626974715969E+03
 0.14667791549318E+03
 0.14710598010767E+03
 0.14755434790227E+03
 0.14802337009155E+03
 0.14851335580357E+03
 0.14902458807592E+03
 0.14955734106554E+03
 0.15011189672721E+03
 0.15068855993683E+03
 0.15128767135577E+03
 0.15190961722659E+03
 0.15255483674074E+03
 0.15322382628189E+03
 0.15391714152619E+03
 0.15463539744608E+03
 0.15537926645458E+03
 0.15614947376477E+03
 0.15694680033940E+03
 0.15777206697973E+03
 0.15862613565782E+03
 0.15950990116015E+03
 0.16042428377302E+03
 0.16137022131151E+03
 0.16234866044996E+03
 0.16336054726211E+03
 0.16440681716264E+03
 0.16548838402663E+03
 0.16660612867171E+03
 0.16776088670856E+03
 0.16895343591838E+03
 0.17018448328253E+03
 0.17145465178899E+03
 0.17276446739830E+03
 0.17411434631588E+03
 0.17550458297603E+03
 0.17693533894342E+03
 0.17840663321342E+03
 0.17991833410010E+03
 0.18147015309436E+03
 0.18306164092351E+03
 0.18469218591024E+03
 0.18636101498661E+03
 0.18806719727858E+03
 0.18980964949279E+03
 0.19158714457141E+03
 0.19339832263808E+03
 0.19524170215417E+03
 0.19711569446692E+03
 0.19901861851519E+03
 0.20094871659259E+03
 0.20290417041611E+03
 0.20488311718538E+03
 0.20688366535875E+03
 0.20890390976966E+03
 0.21094194584888E+03
 0.21299588280068E+03
 0.21506385546260E+03
 0.21714403494290E+03
 0.21923463776117E+03
 0.22133393368561E+03
 0.22344025218852E+03
 0.22555198761652E+03
 0.22766760308712E+03
 0.22978563336804E+03
 0.23190468661092E+03
 0.23402344534278E+03
 0.23614066631920E+03
 0.23825518073094E+03
 0.24036589196717E+03
 0.24247177470629E+03
 0.24457187281294E+03
 0.24666529698870E+03
 0.24875122232729E+03
 0.25082888543681E+03
 0.25289758187258E+03
 0.25495666313786E+03
 0.25700553390317E+03
 0.25904364903732E+03
 0.26107051086951E+03
 0.26308566638677E+03
 0.26508870453741E+03
 0.26707925365059E+03
 0.26905697892842E+03
 0.27102158007916E+03
 0.27297278899960E+03
 0.27491036763569E+03
 0.27683410592635E+03
 0.27874381985032E+03
 0.28063934961247E+03
 0.28252055789866E+03
 0.28438732828148E+03
 0.28623956367045E+03
 0.28807718492295E+03
 0.28990012948291E+03
 0.29170835014760E+03
 0.29350181391170E+03
 0.29528050087048E+03
 0.29704440321290E+03
 0.29879352427454E+03
 0.30052787766344E+03
 0.30224748645894E+03
 0.30395238241583E+03
 0.30564260528874E+03
 0.30731820215785E+03
 0.30897922666183E+03
 0.31062573912225E+03
 0.31225780493172E+03
 0.31387549481336E+03
 0.31547888417841E+03
 0.31706805269501E+03
 0.31864308390736E+03
 0.32020406486545E+03
 0.32175108578669E+03
 0.32328423974995E+03
 0.32480362240386E+03
 0.32630933169739E+03
 0.32780146762422E+03
 0.32928013200456E+03
 0.33074542825774E+03
 0.33219746121590E+03
 0.33363633693070E+03
 0.33506216250589E+03
 0.33647504594319E+03
 0.33787509598728E+03
 0.33926242200264E+03
 0.34063713383730E+03
 0.34199934171211E+03
 0.34334915611663E+03
 0.34468668770282E+03
 0.34601204719753E+03
 0.34732534532106E+03
 0.34862669270257E+03
 0.34991619981154E+03
 0.35119397689596E+03
 0.35246013391000E+03
 0.35371478046899E+03
 0.35495802579415E+03
 0.35618997865996E+03
 0.35741074735679E+03
 0.35862043964967E+03
