-0.23255411696651E-11
-0.18604329357245E-10
-0.62789611995262E-10
-0.14885698967797E-09
-0.32301928857982E-09
-0.54138369600536E-09
-0.79834164991047E-09
-0.97278611133299E-09
-0.78902816894204E-09
 0.37339960186857E-08
 0.15578068612408E-07
 0.41869194905538E-07
 0.94795081871315E-07
 0.78245476040554E-05
-0.61058352163597E-05
 0.22793760456610E-04
-0.18560188338129E-04
-0.58686590689925E-05
-0.24224298090128E-05
-0.10629474205375E-04
-0.11528806481457E-04
-0.77969801375515E-05
 0.10710315166297E-05
 0.35097538022585E-05
 0.64550275318941E-05
 0.90518459935513E-05
 0.93829362257253E-04
-0.12197632026416E-03
 0.17739761056766E-03
-0.78822594751757E-04
 0.57782192070546E-04
-0.44534421132649E-04
-0.62760276985525E-03
 0.71565978506130E-03
-0.51519410547261E-03
 0.28577361878239E-03
 0.72204828001104E-03
-0.27761974918987E-03
-0.12201437302633E-02
-0.46200962387584E-03
 0.19818043827175E-02
-0.14364807010284E-02
-0.15714753364838E-02
 0.89036082402580E-03
 0.34727579225500E-02
 0.20146944655808E-02
-0.39934460156287E-02
-0.29252235636348E-02
 0.65072598393611E-03
 0.14209587090724E-02
-0.55283181863018E-03
-0.25112029737577E-02
 0.34778995340211E-02
 0.47701337740643E-02
 0.21610044853698E-02
-0.46825308877700E-02
-0.80754403836397E-02
-0.11556680158557E-02
 0.47392508320997E-02
 0.63146485720752E-02
-0.69318696605080E-03
 0.46074149790889E-03
-0.58836960465641E-02
-0.61888518214922E-02
 0.52867098587098E-02
 0.80032341826875E-02
 0.54870350716588E-02
-0.23370723319770E-02
-0.41279664447197E-02
 0.61646055250774E-02
-0.71888175818939E-02
-0.13532493111897E-01
-0.10609594917200E-01
 0.98064327026091E-02
 0.30645458257247E-01
 0.15590135257462E-01
 0.25509541168049E-02
 0.51082025167546E-02
-0.18793334644962E-01
-0.12182983304817E-01
 0.13360111020784E-01
-0.38886041759304E-01
-0.56299448802152E-01
 0.15662410111136E+00
 0.13510442562963E+00
 0.67463292215222E-01
-0.34546203595963E+00
-0.24960610334532E+00
-0.21050822948742E+00
-0.97550277449588E-01
 0.81596338878039E-01
 0.31312368186820E+00
 0.27553116579428E+00
 0.95468794994116E-01
-0.42337767359708E-01
 0.28976366450070E+00
 0.43005526293171E+00
-0.77188323998065E-01
-0.16764743340382E+00
-0.27774406151066E+00
 0.48476733146297E-01
 0.37613197822702E+00
 0.13165279611815E+00
 0.45683470769248E+00
-0.34586944804393E+00
 0.78540787083129E-01
 0.32960152464335E+00
 0.61424566469826E-01
 0.20921550386476E+00
-0.15310486139353E+00
 0.19039219487988E+00
-0.35326902686916E+00
-0.13184236286526E+00
-0.13423234147969E+00
 0.16431760706087E+00
-0.43244445475165E+00
 0.35087948946266E+00
 0.12651782739364E+00
-0.66657114336793E-01
 0.21555754531903E+00
 0.51687826094560E-01
 0.13321742025780E+00
 0.77725320410226E-01
 0.18203660283631E-02
-0.88199450338884E-01
-0.56643177457723E-03
-0.54064845453882E-01
-0.39859986658568E-02
 0.16725058930280E+00
-0.19012192840004E+00
 0.10818936146576E-01
 0.10814160067995E+00
-0.10954465593483E-03
-0.14385103226116E+00
 0.32927421698832E+00
 0.50219320088853E-01
 0.23410825516742E+00
 0.87852011336489E-01
-0.31470246577979E-02
 0.27656439590199E+00
 0.28107841535771E+00
 0.76077549307106E-01
-0.13734780801426E-01
-0.26175263569936E-01
 0.18001161286428E+00
-0.24496444682809E+00
-0.11967631173360E+00
-0.41365011400859E+00
 0.87976952175479E-01
-0.74848418755086E-01
-0.19943639378400E+00
-0.73522550720283E+00
 0.24868579320195E+00
-0.33045127525477E+00
 0.56993477309910E+00
-0.44308860722532E-01
-0.26974605700784E+00
-0.43963935488945E+00
 0.18221226352842E-01
 0.27814508688855E+00
 0.28777594037129E+00
-0.10273901036185E+01
 0.82240567092269E+00
 0.10261602257004E+01
 0.32267625789229E+00
-0.57417579434977E+00
 0.55637528943948E-01
-0.74016006889957E+00
 0.23491693705710E+00
-0.36997358764136E+00
-0.13892100557754E+01
-0.75312672028787E+00
 0.12095735136930E+01
-0.47452292042736E+00
 0.44230246113586E+00
-0.11618816574951E+01
 0.22253061217980E+01
-0.21261996460405E+01
-0.21069799708479E+00
 0.16523484474792E+01
-0.41052503054821E+01
-0.12487268290521E+01
-0.28640694690125E+00
-0.77485734496316E+00
 0.31745668186352E+00
-0.94076896596101E+00
 0.52653463356195E-01
 0.24210794729036E+01
 0.88080459771461E+00
-0.11222690053353E+01
-0.91417471297741E+00
-0.16387190160569E+01
 0.10254026171044E+01
-0.76630511526822E+00
 0.75444652540211E+00
 0.57581269216019E+00
-0.95093014712584E+00
 0.68943072987520E+00
-0.37548978247466E+01
-0.57978099826471E+01
 0.84025891678621E+01
 0.80342888217736E+00
 0.15449774539198E+00
 0.10773129859583E+00
-0.79128976065753E+00
-0.49642455475424E+00
-0.56438541978259E+00
 0.13026474016850E+01
 0.16136380446117E+01
-0.28389674027071E+00
-0.22332018843412E+00
 0.17620201707926E+00
 0.85304073342229E+00
 0.17758404106516E+01
 0.17818787912987E+01
 0.18922809518726E+00
 0.18730314186457E+00
-0.12284594486457E+01
-0.15350814403517E+01
-0.15815036999722E+01
-0.17304096369543E+01
-0.10910169067698E+01
-0.41571555665329E+01
-0.53417859657218E+01
-0.69519266108077E+01
-0.55465523245096E+01
-0.76279339902357E+01
-0.68614327964956E+01
-0.58418237960402E+01
-0.64108543834953E+01
-0.67130275210977E+01
-0.68622736305657E+01
-0.68620774742711E+01
-0.59252045678310E+01
-0.59540861049952E+01
-0.57835624633495E+01
-0.70589622999710E+01
-0.51501319981223E+01
-0.40720316618749E+01
-0.36416461351168E+01
-0.29321073877751E+01
-0.11964779635429E+01
-0.13320856587032E+01
-0.28296844366926E+01
-0.33380296880830E+01
-0.51987288005060E+01
-0.31922614427073E+01
-0.22132991035944E+01
-0.36991370148948E+01
-0.18808154297008E+01
-0.38370803996646E+01
-0.55803891424885E+01
-0.30668295012802E+01
-0.21872681829599E+01
-0.15926693960193E+01
-0.12687981663179E+01
-0.49877213403920E+00
 0.67007853487181E+00
 0.40172908454620E+00
 0.15991032577342E+01
 0.12318447492218E+01
 0.51019641189427E+01
 0.47000065658851E+01
 0.53265204242574E+01
 0.47890764084632E+01
 0.32584119139053E+01
 0.67861578007227E+01
 0.55529772336748E+01
 0.29832291188781E+01
 0.56184774656984E+01
 0.40499950333624E+01
 0.46962354152914E+01
 0.46638203599485E+01
 0.48720311137761E+01
 0.44070166621078E+01
 0.63955921354465E+01
 0.48536138996946E+01
 0.63230264485200E+01
 0.60229451690823E+01
 0.60388941306140E+01
 0.49828148703856E+01
 0.70142196151680E+01
 0.10231420201452E+02
 0.72506990838236E+01
 0.67347289403251E+01
 0.62862804345243E+01
 0.92237291349338E+01
 0.54079649541061E+01
 0.54483055638742E+01
 0.61492948766210E+01
 0.54842737192638E+01
 0.77674333736468E+01
 0.11213898295384E+02
 0.83329568790892E+01
 0.66346415292649E+01
 0.51244442541095E+01
 0.79865938006981E+01
 0.12104186740883E+02
 0.45119236085574E+01
 0.61478603140282E+01
