 0.13548723707728E+03
 0.13548723707728E+03
 0.13548723707728E+03
 0.13548723707728E+03
 0.13548723707728E+03
 0.13548723707730E+03
 0.13548723707789E+03
 0.13548723708563E+03
 0.13548723714262E+03
 0.13548723742166E+03
 0.13548723843668E+03
 0.13548724139208E+03
 0.13548724864768E+03
 0.13548726423567E+03
 0.13548729435207E+03
 0.13548734775606E+03
 0.13548743603671E+03
 0.13548757373133E+03
 0.13548777832953E+03
 0.13548807007773E+03
 0.13548847185349E+03
 0.13548900885720E+03
 0.13548970834632E+03
 0.13549059936632E+03
 0.13549171250912E+03
 0.13549307971260E+03
 0.13549473410906E+03
 0.13549670992469E+03
 0.13549904242739E+03
 0.13550176791633E+03
 0.13550492374325E+03
 0.13550854835465E+03
 0.13551268134478E+03
 0.13551736350631E+03
 0.13552263687088E+03
 0.13552854473191E+03
 0.13553513164334E+03
 0.13554244339395E+03
 0.13555052695556E+03
 0.13555943040324E+03
 0.13556920281704E+03
 0.13557989416452E+03
 0.13559155516973E+03
 0.13560423717429E+03
 0.13561799199594E+03
 0.13563287178904E+03
 0.13564892891169E+03
 0.13566621581853E+03
 0.13568478490658E+03
 0.13570468848876E+03
 0.13572597868507E+03
 0.13574870738215E+03
 0.13577292620578E+03
 0.13579868651548E+03
 0.13582603942145E+03
 0.13585503582759E+03
 0.13588572648785E+03
 0.13591816213620E+03
 0.13595239341783E+03
 0.13598847125000E+03
 0.13602644681025E+03
 0.13606637172646E+03
 0.13610829824795E+03
 0.13615227943474E+03
 0.13619836935292E+03
 0.13624662328946E+03
 0.13629709797883E+03
 0.13634985183578E+03
 0.13640494520119E+03
 0.13646244061983E+03
 0.13652240309317E+03
 0.13658490036210E+03
 0.13665000321129E+03
 0.13671778579798E+03
 0.13678832589551E+03
 0.13686170527188E+03
 0.13693801003822E+03
 0.13701733097606E+03
 0.13709976402087E+03
 0.13718541033417E+03
 0.13727437714308E+03
 0.13736677790699E+03
 0.13746273282113E+03
 0.13756236927724E+03
 0.13766582239124E+03
 0.13777323549081E+03
 0.13788476077153E+03
 0.13800055976964E+03
 0.13812080409892E+03
 0.13824567602965E+03
 0.13837536933778E+03
 0.13851008995272E+03
 0.13865005686989E+03
 0.13879550302356E+03
 0.13894667622205E+03
 0.13910384031425E+03
 0.13926727583310E+03
 0.13943728187368E+03
 0.13961417689402E+03
 0.13979830024954E+03
 0.13999001369756E+03
 0.14018970297486E+03
 0.14039777953937E+03
 0.14061468244410E+03
 0.14084088036586E+03
 0.14107687369872E+03
 0.14132319693666E+03
 0.14158042108989E+03
 0.14184915639554E+03
 0.14213005503012E+03
 0.14242381414707E+03
 0.14273117917230E+03
 0.14305294635072E+03
 0.14338996719451E+03
 0.14374315126808E+03
 0.14411346992477E+03
 0.14450195979055E+03
 0.14490972619866E+03
 0.14533794630902E+03
 0.14578787209028E+03
 0.14626083247449E+03
 0.14675823495234E+03
 0.14728156603199E+03
 0.14783239041445E+03
 0.14841234820595E+03
 0.14902315003485E+03
 0.14966656979988E+03
 0.15034443379665E+03
 0.15105860694924E+03
 0.15181097363659E+03
 0.15260342096264E+03
 0.15343780630787E+03
 0.15431593354236E+03
 0.15523952106185E+03
 0.15621016901233E+03
 0.15722932663448E+03
 0.15829825935573E+03
 0.15941801796985E+03
 0.16058941110414E+03
 0.16181297729489E+03
 0.16308896459951E+03
 0.16441731285400E+03
 0.16579764212758E+03
 0.16722924834005E+03
 0.16871110639097E+03
 0.17024188231408E+03
 0.17181995340462E+03
 0.17344343593946E+03
 0.17511021933232E+03
 0.17681800432513E+03
 0.17856434358646E+03
 0.18034668269440E+03
 0.18216239921127E+03
 0.18400884075116E+03
 0.18588335600629E+03
 0.18778332486964E+03
 0.18970618233478E+03
 0.19164943814263E+03
 0.19361069236885E+03
 0.19558764700762E+03
 0.19757811416838E+03
 0.19958002121693E+03
 0.20159141326718E+03
 0.20361045382666E+03
 0.20563542313022E+03
 0.20766471647631E+03
 0.20969683914709E+03
 0.21173040294497E+03
 0.21376412092215E+03
 0.21579680208523E+03
 0.21782734609429E+03
 0.21985473736724E+03
 0.22187804002998E+03
 0.22389639268955E+03
 0.22590900280803E+03
 0.22791514254485E+03
 0.22991414383007E+03
 0.23190539400358E+03
 0.23388833202543E+03
 0.23586244467110E+03
 0.23782726298355E+03
 0.23978235911183E+03
 0.24172734332597E+03
 0.24366186117723E+03
 0.24558559120810E+03
 0.24749824243117E+03
 0.24939955178631E+03
 0.25128928285714E+03
 0.25316722339773E+03
 0.25503318421299E+03
 0.25688699675232E+03
 0.25872851242570E+03
 0.26055760072035E+03
 0.26237414810361E+03
 0.26417805712432E+03
 0.26596924441355E+03
 0.26774764115687E+03
 0.26951319055611E+03
 0.27126584776610E+03
 0.27300557918543E+03
 0.27473236146147E+03
 0.27644618049841E+03
 0.27814703105008E+03
 0.27983491694497E+03
 0.28150984811165E+03
 0.28317184273158E+03
 0.28482092547914E+03
 0.28645712681531E+03
 0.28808048292016E+03
 0.28969103523908E+03
 0.29128883011983E+03
 0.29287391848711E+03
 0.29444635475464E+03
 0.29600619773676E+03
 0.29755350989549E+03
 0.29908835629217E+03
 0.30061080569389E+03
 0.30212092906493E+03
 0.30361879982413E+03
 0.30510449370119E+03
 0.30657808846969E+03
 0.30803966408836E+03
 0.30948930190114E+03
 0.31092708480183E+03
 0.31235309690550E+03
 0.31376742327267E+03
 0.31517015093527E+03
 0.31656136711177E+03
 0.31794116008253E+03
 0.31930961861628E+03
 0.32066683235375E+03
 0.32201289123701E+03
 0.32334788571866E+03
 0.32467190679361E+03
 0.32598504512893E+03
 0.32728739184561E+03
 0.32857903825793E+03
 0.32986007567361E+03
 0.33113059524258E+03
 0.33239068804765E+03
 0.33364044506844E+03
 0.33487995706446E+03
 0.33610931455610E+03
 0.33732860780518E+03
 0.33853792676437E+03
 0.33973736092946E+03
 0.34092699947549E+03
 0.34210693114647E+03
 0.34327724420803E+03
 0.34443802651931E+03
 0.34558936533097E+03
 0.34673134738884E+03
 0.34786405903116E+03
 0.34898758579631E+03
 0.35010201283471E+03
 0.35120742458773E+03
 0.35230390494826E+03
 0.35339153716643E+03
 0.35447040382598E+03
 0.35554058689636E+03
 0.35660216768551E+03
 0.35765522687110E+03
 0.35869984438581E+03
 0.35973609954651E+03
 0.36076407099328E+03
 0.36178383666698E+03
 0.36279547378722E+03
 0.36379905892809E+03
 0.36479466797501E+03
 0.36578237609459E+03
 0.36676225775211E+03
 0.36773438676306E+03
 0.36869883619833E+03
 0.36965567845912E+03
 0.37060498524834E+03
 0.37154682757154E+03
 0.37248127579429E+03
 0.37340839952903E+03
 0.37432826772820E+03
 0.37524094866646E+03
 0.37614650995259E+03
 0.37704501850704E+03
 0.37793654057581E+03
 0.37882114174035E+03
 0.37969888692841E+03
 0.38056984041242E+03
 0.38143406580437E+03
 0.38229162606532E+03
 0.38314258351215E+03
 0.38398699981706E+03
 0.38482493604347E+03
 0.38565645259689E+03
 0.38648160928449E+03
 0.38730046525150E+03
 0.38811307912511E+03
 0.38891950881127E+03
 0.38971981167849E+03
 0.39051404448173E+03
 0.39130226338011E+03
 0.39208452397475E+03
