   92.6087792172520498870326289728459773      
   92.6087792172520498870326289728459773      
   92.6087792172520498870311940083557000      
   92.6087792172520497092495686583997166      
   92.6087792172518321876756930621336616      
   92.6087792172258499971587227724453093      
   92.6087792164207289451769863404190083      
   92.6087792058407222511191313291604103      
   92.6087791279337266574570556968981262      
   92.6087787464704364309654101675548008      
   92.6087773589492009973020918050849611      
   92.6087733191839970176824509229543425      
   92.6087634026996246503754288864528397      
   92.6087421028628598986066370995472814      
   92.6087009661475660425125440141657808      
   92.6086280607312331768873559472031509      
   92.6085076377663433941167016460108927      
   92.6083200103161554909102302261324918      
   92.6080416330497824541461993244274485      
   92.6076453568505504058988908079527218      
   92.6071008116022907848628024574015072      
   92.6063748703491158931515639612235333      
   92.6054321499057691623722661770635990      
   92.6042355078232280390299986940277072      
   92.6027465036885560865987800451981172      
   92.6009258015975996616016452014676151      
   92.5987334991373317540725518185233329      
   92.5961293771403091620505517073073389      
   92.5930730721938891198274409584429510      
   92.5895241802261661474973809547763592      
   92.5854423043272964947980349330639684      
   92.5807870636777881304677016770173544      
   92.5755180780576600971122544983573992      
   92.5695949475318659056628106422211161      
   92.5629772397905320669390689581329861      
   92.5556244978978149113869186620127139      
   92.5474962765894802166920241867711688      
   92.5385522132573402663633846729869738      
   92.5287521319317961414025053921085318      
   92.5180561887387345123368462307010675      
   92.5064250404967238124343005288741871      
   92.4938200445373407881418341680223725      
   92.4802034772824858427608929075629100      
   92.4655387656943527355246497615551048      
   92.4497907243005746115243502916830221      
   92.4329257901738734464746345257397478      
   92.4149122504142460093326086422898265      
   92.3957204528196740356694328442501040      
   92.3753230057075859404182601523155487      
   92.3536949436413548497669634846305930      
   92.3308138741245704490763863153405722      
   92.3066600943759672604038134568274562      
   92.2812166787903169314688767201597047      
   92.2544695370939796015170934438407548      
   92.2264074408135339128728410056495248      
   92.1970220214033961274810619504777963      
   92.1663077438951105214840653166040350      
   92.1342618622285486810669480233123420      
   92.1008843229243257068441177467489166      
   92.0661776788261478035258113695721344      
   92.0301469691371912585304382481950055      
   91.9927995837043491694302560108233799      
   91.9541451134444031771465206401286378      
   91.9141951956055911834845032044188935      
   91.8729633418908156094972111735423520      
   91.8304647606565706709651033873463714      
   91.7867161768455991991182979584096181      
   91.7417356501750468362770963159944752      
   91.6955423834639242020478274898856069      
   91.6481565432637569026981455235809883      
   91.5995990748554986938507434559909358      
   91.5498915257147269028203820904408636      
   91.4990558640430142082342177097393065      
   91.4471143126024696708405660330518550      
   91.3940891760651193169489001809865490      
   91.3400026901721831466099029878934623      
   91.2848768667634310621335436744498343      
   91.2287333468257993842337907515804050      
   91.1715932694893033941138628703731514      
   91.1134771386201781733541958233814062      
   91.0544046941103091977463845016597472      
   90.9943948052506020176087785148127511      
   90.9334653588234528015430563267784923      
   90.8716331587710531328013077752405663      
   90.8089138310384814134304750091320323      
   90.7453217370932351840987538590584979      
   90.6808698855566885031599115274800322      
   90.6155698517146109030512660010341191      
   90.5494317355432194186346045236914278      
   90.4824640586930565786530254971869529      
   90.4146737074618870152592687904691035      
   90.3460658696779348892511691025601345      
   90.2766440411037231784782460129571969      
   90.2064097760967315803145047651964055      
   90.1353629297157727057613183475672833      
   90.0635013591022604277173593926507287      
   89.9908209676797025381686776918566394      
   89.9173156572648256327604589665430780      
   89.8429772060372556823078971237452528      
   89.7677953456786275004135770806562052      
   89.6917575429846403100959512283056397      
   89.6148490721490765447393445907282433      
   89.5370528584240866401231003419908374      
   89.4583494825765759059410673831234601      
   89.3787170464192185695451846137800952      
   89.2981311288745454953953805090876501      
   89.2165646888197366653110360427946707      
   89.1339879823580447381991111019351064      
   89.0503684463660453383203384913855712      
   88.9656705920495803689082436419962666      
   88.8798558459072829340417121493888034      
   88.7928825733033692661893983134252041      
   88.7047056989224496786424025322809938      
   88.6152767071587712362543052435162547      
   88.5245434181471218778610715586081013      
   88.4324497958265784516602700771196694      
   88.3389357389267137026786557357965335      
   88.2439368529311531597608223355457939      
   88.1473841819257949665686174267280344      
   88.0492039450072903866101489088215518      
   87.9493172021703715132383775084047666      
   87.8476395463340095079073000595699299      
   87.7440807162381206559070363885559065      
   87.6385441677648867250568112017680288      
   87.5309266636317428169042269167963666      
   87.4211177473447323706963393485354692      
   87.3089992149276757570256448800253444      
   87.1944445172174492442923738551164107      
   87.0773181015206581788218097733482857      
   86.9574747002849806624444168301106242      
   86.8347585312206518520279776587382483      
   86.7090024561259067833903735919811661      
   86.5800270190419621555031591034824956      
   86.4476394299547536708601127929642462      
   86.3116324424854195980851062311576727      
   86.1717831339321453459106955108785608      
   86.0278515965232912579833292211344074      
   85.8795795233639400754552363995967172      
   85.7266886213713029600317660500616499      
   85.5688793042260319811940734307053322      
   85.4058286137451891924106359616057085      
   85.2371887406551955404710410015281789      
   85.0625852280805072366663775626315530      
   84.8816152632885835462867653294345990      
   84.6938460661183340323595071336953095      
   84.4988134816115055598051689609622512      
   84.2960208992945642929575728005090695      
   84.0849386636167654983991292529100479      
   83.8650041840854395404013498572626831      
   83.6356229967001393773651454333043354      
   83.3961710766137047258161975241322531      
   83.1459987293150816058627930977250643      
   82.8844364231748765489961516467940599      
   82.6108028759793024983474786505354295      
   82.3244156514507332549936087961838936      
   82.0246043836597297711530110810446028      
   81.7107263235866938418210720650549988      
   81.3821846148831896253670910819668296      
   81.0384463260100540269525042146063420      
   80.6790616178430919534903620713195107      
   80.3036804460950058528507818206434409      
   79.9120657273105290458456787330595649      
   79.5041011025486020741178493087934384      
   79.0797920625017802129300464030354055      
   78.6392598837019449525317071027199954      
   78.1827288145680619469701607366183081      
   77.7105078058080248705751176922306426      
   77.2229687816188793582117692346837432      
   76.7205236824751765352355025759518757      
   76.2036025210395981271381302412967189      
   75.6726340865180647219625187736485249      
   75.1280304509545261083271245793593682      
   74.5701758184071757044337865070279435      
   73.9994195192166106397432465913242651      
   73.4160728519783788890165077571691583      
   72.8204090185864805718355338333732490      
   72.2126655556356651602022067998440927      
   71.5930484573378367904434021406175531      
   70.9617375089473967048258525615305603      
   70.3188923342451789344297811593645645      
   69.6646580888431727260543669962426138      
   68.9991744553023814704335810301795663      
   68.3225783608519538683623984864375482      
   67.6350126340489354397319226708847097      
   66.9366313860984844627017824360471877      
   66.2276056786388727894770825374296166      
   65.5081289058595467799154701082130512      
   64.7784218368995992455357178180924579      
   64.0387373247749019510369595176167947      
   63.2893645855892651796362950150319019      
   62.5306331136698440869645973504768699      
   61.7629161362755076844287318730939296      
   60.9866335403294067134193553217126124      
   60.2022542132949439311799959958211213      
   59.4102978454122966119216892906774038      
   58.6113359119905953876744398517619942      
   57.8059920222310011044879417132476446      
   56.9949413648030618080479943128223111      
   56.1789093007793965388754424231895428      
   55.3586383850305321543073638197809941      
   54.5350388838609538144871773777519778      
   53.7088772034518742007616073632188214      
   52.8810784478182871269705887354334431      
   52.0525668988842969105086924169021802      
   51.2242904058198593245036419763847119      
   50.3972129005614596681896465261269973      
   49.5723075492131512410289758806607190      
   48.7505485140051749800682555394806104      
   47.9329029706085822572575196046838112      
   47.1203233952461437742935802269546082      
   46.3137397454669929147817715652168569      
   45.5140521489068817543109732899869209      
   44.7221241276778168491281004814081973      
   43.9387764263208699538955611922048025      
   43.1647816217784433447596512964457910      
   42.4008595850876276000858372975812058      
   41.6476738360723722842776671521664861      
   40.9058287385330967151651853105876340      
   40.1758676970212655362550499777336064      
   39.4582721647504603476225991170188512      
   38.7534614978253581475465069448631113      
   38.0617935653514347570452771578933617      
   37.3835660307734273367842908199831919      
   36.7190182569860374858443885074833704      
   36.0683336817042923299533092197998947      
   35.4316426058863182126199198126833141      
   34.8090253165436125406044741278694984      
   34.2005154268277404138497346232404209      
   33.6061033716748063765805355135973200      
   33.0257399851115117410184042049515998      
   32.4593401438207015316349036571817058      
   31.9067861285021979830000765844270421      
   31.3679313981603499225361486981328595      
   30.8426037317733544230977798958124738      
   30.3306084912703375519331066843159293      
   29.8317316500289853929795588508012337      
   29.3457426416161646223455467433345054      
   28.8723970083215030337923905950801546      
   28.4114388533310608342230100689573988      
   27.9626030866272470460444735723382114      
   27.5256174789821886631068723041956721      
   27.1002045183560210790322437965175865      
   26.6860830823949406457759118010447384      
   26.2829699354892727132616364385180229      
   25.8905810564366000673964626084967044      
   25.5086328183861652622784254145772163      
   25.1368430138567493414095591213780110      
   24.7749317546240352801412749339885119      
   24.4226222461864364239815983227536516      
   24.0796414493878332387743972159662829      
   23.7457206443505144700805233210112818      
   23.4205958994056847338558050391318477      
   23.1040084582662432595550987270650238      
   22.7957050565761237820936747690449198      
   22.4954381691615334415274364844445491      
   22.2029661997332794771034472096884568      
   21.9180536207977394117847089782063170      
   21.6404710677381264679409442359816029      
   21.3699953916844256824783960757203399      
   21.1064096796568698709638350127822808      
   20.8495032452751778816017506783259391      
   20.5990715917881178783008743047204337      
   20.3549163545786615478630128375651734      
   20.1168452256068900737302048946615903      
   19.8846718608628311521941012098047262      
   19.6582157753746655995950292290410067      
   19.4373022281254193151292373486760725      
   19.2217620980427624857048675058415316      
   19.0114317525250588685885585584754825      
   18.8061529355025433299619371004765575      
   18.6057725306694871644248666459071011      
   18.4101425689076861550595857632250914      
   18.2191199807561820650208829918292978      
   18.0325664787699131895419781991650305      
   17.8503484129469974590068181490079094      
   17.6723366274844103163139659536523775      
   17.4984063175712718389597989849372383      
   17.3284368900508162807157207806521879      
   17.1623118237794039176297653623327583      
   16.9999185344665432337656388881601628      
   16.8411482422865177149393128349855157      
   16.6858958405897332344661025688906582      
   16.5340597702365904050350468849492880      
   16.3855418948700676591872837854574850      
   16.2402473822656876145739560201027359      
   16.0980845863700136593997194046939826      
   15.9589649345600521385885967953116359      
   15.8228028178851834401337643329972614      
   15.6895154843787424530744677805048946      
   15.5590229371905393418157226925626999      
   15.4312478340833011355033547439284193      
   15.3061153919354970317553900236015065      
   15.1835532941048593433089874743571073      
   15.0634916006892205428029235743226121      
   14.9458626622152827451243410603301451      
   14.8306010365697530413873347542282432      
   14.7176434089475251512377475390323355      
   14.6069285141328707731315111459446675      
   14.4983970624710036390761946163862029      
   14.3919916681437891576541269280657464      
