   300.978532456069162132856044161749454      
   300.978532456069162132856044161749454      
   300.978532456069162132851380527156010      
   300.978532456069161555061098139799070      
   300.978532456068454609946002451934406      
   300.978532455984012490765849010447286      
   300.978532453367369071825205606361746      
   300.978532418982347316137176819771309      
   300.978532165784611636735431014918913      
   300.978530926028918400637583044553097      
   300.978526416584903241231798366526102      
   300.978513287347990307467965499601607      
   300.978481058773780113720143880971707      
   300.978411834304294670471570573528671      
   300.978278139979589638165768046038760      
   300.978041197376507824883906828410213      
   300.977649822740616030879280349535398      
   300.977040033527505345458248234930611      
   300.976135307411792975975147804389226      
   300.974847409764288819171395125846321      
   300.973077637707445050804107986554917      
   300.970718328634626652742582873976520      
   300.967654487193749777709865075456647      
   300.963765400425491126847495755590070      
   300.958926136987807281446035146893859      
   300.953008855192198900205346904769765      
   300.945883872196328200735793410200804      
   300.937420475706004776664293048748855      
   300.927487484630139639439183114939578      
   300.915953585735039979366488103023143      
   300.902687489063713608093613532457937      
   300.887557956952811424020030450306371      
   300.870433753687395315614827119661535      
   300.851183579478564193404134587218646      
   300.829676029319229217551974113932190      
   300.805779618167898462007485651541326      
   300.779362898915810704249078607006323      
   300.750294693086355865681000187207693      
   300.718444428778337459558142524352741      
   300.683682613400887165094750249778479      
   300.645881381614352390411476718841093      
   300.604915144746357561460961046072704      
   300.560661301168078988972901949579405      
   300.513000988506646390455111725054106      
   300.461819853976867487454138447969816      
   300.407008818065088701042562208654211      
   300.348464813846299530330978087441955      
   300.286091471663940615925656743812875      
   300.219799768549654306359345495025518      
   300.149508566834403261742631325049436      
   300.075145090904853959498255524856838      
   299.996645306721893596312393734689236      
   299.913954206068530027273849340519065      
   299.827025995555433704930553692482487      
   299.735824182643985216836733268360968      
   299.640321569561037414313451339052866      
   299.540500167659109194823212278963086      
   299.436351052242783213467581075765136      
   299.327874049504058547243382676934007      
   299.215077456184980361458886951109421      
   299.097977649695871590223924306633768      
   298.976598647039134800648332035175997      
   298.850971618694310325726192080418091      
   298.721134385718171346324635414361385      
   298.587130861145150730865936314012641      
   298.449010472133854680636586008875732      
   298.306827574748197397134468364831271      
   298.160640863068902217900563026982044      
   298.010512746257753656655439342128216      
   297.856508765607209933768972951638184      
   297.698696993280370755014916231970560      
   297.537147458572862434166241793932807      
   297.371931558139796176761207556652774      
   297.203121515958026430231839607418556      
   297.030789822211637780083925588206293      
   296.855008743059595226482184710653753      
   296.675849816981150951934016941961974      
   296.493383377183847998759819942636289      
   296.307678125840236030870054328712736      
   296.118800700515579063401136425989545      
   295.926815255858504892675749630394209      
   295.731783117064456557228530173141463      
   295.533762416176221605014933062030088      
   295.332807766005922681604250269531816      
   295.128969950875064593649043779679089      
   294.922295645553014348320950041940121      
   294.712827128059237635269712464310154      
   294.500602018072485434916614503360900      
   294.285653140515463110562464701997177      
   294.068008190752433880622332865857637      
   293.847689549251132799592623569024559      
   293.624714076453288390066299583320412      
   293.399093133587100330054299542110945      
   293.170831772314377636022140486888309      
   292.939929521576261293724284629593655      
   292.706379417082346390081418026114874      
   292.470168144959033249048202498534044      
   292.231275886110683306471491641264970      
   291.989675919621080967500665652172090      
   291.745334873455539376344125512132689      
   291.498212014700081007811841491993347      
   291.248259484484498770402869919866837      
   290.995421789878281580400076111470197      
   290.739635818373871694308468995151233      
   290.480830400862460351021849994785322      
   290.218926168842272860034986654534884      
   289.953835238664144162260867139082670      
   289.685460942663645399147111081289108      
   289.413697450689647349541100097003125      
   289.138429424161136198951791836487910      
   288.859531499198669535635564485513608      
   288.576868363235950115115544518631895      
   288.290293521497961455587808229913221      
   287.999649298266006517826492041427825      
   287.704766108978146103048482565476348      
   287.405461836436379967895877750638966      
   287.101541151511819533705631141338768      
   286.792794772026247769222672590523821      
   286.478998591258833641348006636866081      
   286.159912821273693756482983953670050      
   285.835280907053707418024726902315451      
   285.504828525585530900698725193602266      
   285.168262327773892131697868262806684      
   284.825268545235881856434636405746094      
   284.475511656803164154938737479588176      
   284.118632678870380204763102882740244      
   283.754247448514946210333345860082409      
   283.381944680956710043950215029128332      
   283.001283829942139081170881763381959      
   282.611792775926187152944354697859575      
   282.212965226467118519090927390899276      
   281.804257982409197046018714173938818      
   281.385087811886377005385267086318080      
   280.954828147352949430295366577133831      
   280.512805438077613693776595251262464      
   280.058295185279472374209760410355292      
   279.590517688700696588445819968686830      
   279.108633450932805245229518298689306      
   278.611738019456734620103239662700362      
   278.098857738734603938880738649792277      
   277.568942994671864875334566875218537      
   277.020863407129385506530883254966575      
   276.453401991261648519165727078552538      
   275.865249605687896525431987320662474      
   275.254999714884585605168398184509737      
   274.621143815237393069366799123127292      
   273.962067922707333952112111601654482      
   273.276050656754487869797170071957631      
   272.561263598277678506304387036103736      
   271.815774739275452976436722658239072      
   271.037555998994540358902641953429844      
   270.224495870274015219054077567606465      
   269.374418375318348784237492852080682      
   268.485109346932733119629305614240170      
   267.554350867214883078729228587597694      
   266.579964246894121756247286013394938      
   265.559860551656754985918484211428764      
   264.492099998370366282443046016392227      
   263.374950559532675587595638697470596      
   262.206950257990048848843676731788413      
   260.986961449808769021765040917091201      
   259.714213613759219398998455882443571      
   258.388328583282956740883010253578672      
   257.009324203130785692022650809865046      
   255.577594622031321095728048083839942      
   254.093868647346201327653022394009504      
   252.559150368876080829369132499749598      
   250.974648540261357914188250012722138      
   249.341701968044323739515383371843611      
   247.661708193378693913198923284214321      
   245.936060781183710346378186014357721      
   244.166098965602209852063154882917913      
   242.353071409823321039409806147840835      
   240.498113437453984579165551421803868      
   238.602236768929731389303650210799749      
   236.666329310406061858465484958463065      
   234.691163055815911770657172099493310      
   232.677407486347969568941056957007041      
   230.625646904079039290684020824974290      
   228.536400086296831536896788767934856      
   226.410138788740311359676692737788483      
   224.247316979732739778909138348083603      
   222.048379672768850072177795080922047      
   219.813791060659040179128748680375300      
   217.544052004820074503780792917153363      
   215.239718455576336565800518246646266      
   212.901418944043527034725277851692429      
   210.529870969923697547991082908800470      
   208.125896305518431340870118432254586      
   205.690434903165111833817958798853672      
   203.224557619426993282634941389049844      
   200.729477442895399974393378587555293      
   198.206559006070571818612904795566001      
   195.657326193208567776334986986418632      
   193.083467997589963988745490194701556      
   190.486841713969435009941929518226477      
   187.869474072250753589585810568054859      
   185.233559435609950876155981516672510      
   182.581455227533038751345187875366028      
   179.915574751349229501498932414288215      
   177.238876372548099897083326477693925      
   174.553850911218591152475223930461167      
   171.863504955409433162654413390158719      
   169.170842421373964959153250354932093      
   166.478943818914542804636836423250321      
   163.790941926824743921616351209912718      
   161.109999534942741533344171612147318      
   158.439282670516818685221830503311998      
   155.781934654477892336086938715222391      
   153.141051034549967266454135737602495      
   150.519654172767726973040757586954779      
   147.920669483947365701510663192457495      
   145.346903414952904759666326564576631      
   142.801023385542827350160573874665604      
   140.285540270779940870468866713448821      
   137.802793651534789700278971217138911      
   135.354939967235209923902418244541094      
   132.943943400232564324286852259409829      
   130.571570015319112992828912427634211      
   128.239384535438996129773447130311253      
   125.948749867932413979526147570805105      
   123.700829087392162960397150763153430      
   121.496589600013638844548945164945374      
   119.336809335204621828994262649320952      
   117.222084465538950072348254964349649      
   115.152838469130534191014739391220761      
   113.129332278766740756964540915575868      
   111.151675137190156345011637525531382      
   109.219835957943120723886740419191281      
   107.333654951612413158309813666092715      
   105.492855467417279977813436885840553      
   103.697054917632143444750248899387889      
   101.945777044021137248242483268931808      
   100.238462128263401875067784661390546      
   98.5744775966285970437825967240267663      
   96.9531278625942025271835662651040056      
   95.3736635852525350226230269158371372      
   93.8352902770448848598252694340105001      
   92.3371762733259477112247827241115414      
   90.8784600315385528996445391100991817      
   89.4582568066921131550973349886359366      
   88.0756646846570685068547923386821445      
   86.7297700177835570987717133533953974      
   85.4196522903401363181003184251835735      
   84.1443884334189502190385034776142815      
   82.9030566597550371024048825973759521      
   81.6947397950344353595810671444785380      
   80.5185282025281146604591435354626620      
   79.3735223001059183779401945489493601      
   78.2588347105104580260167909518904208      
   77.1735920941391720277617007932866675      
   76.1169366730684753850313663771784974      
   75.0880274893652905935540708629613320      
   74.0860414338724022918044429993959892      
   73.1101740497749836849641685744447791      
   72.1596401491331583005862034314874869      
   71.2336742675926530883003041791705279      
   70.3315309701489110208080687669402086      
   69.4524850229743834680547872460911007      
   68.5958314588848270806324637915424040      
   67.7608855471443281152056897045592943      
   66.9469826733113831044778414903414025      
   66.1534781523806500305547917220868121      
   65.3797469832223927396231659076501708      
   64.6251835478042012446308289318653608      
   63.8892012699676631986838449943832771      
   63.1712322414076127741700213831972394      
   62.4707268186389780785408193939849731      
   61.7871531957064413229128153150453152      
   61.1199970403832658223762955765488065      
   60.4687607246758332843808165991980755      
   59.8329633489499800039436537304815400      
   59.2121399374575917113178697234452187      
   58.6058410560022178660114291472863508      
   58.0136323420777417417721589842757047      
   57.4350940393243335280203893493702213      
   56.8698205321066334766193467010460182      
   56.3174198926651529123260925371196092      
   55.7775134272830627322967374275814644      
   55.2497352370162655097383263865205267      
   54.7337317874311825735527667137029275      
   54.2291614819166330120148333488946398      
   53.7356942532689188163639023760851783      
   53.2530111583277198923586723027368325      
   52.7808039923634847473653570653338970      
   52.3187749057025443930490880652554428      
   51.8666360373201694504129395847628140      
   51.4241091581268461804347340822410971      
   50.9909253242309129724920202866409089      
   50.5668245458692528609010987508287718      
   50.1515554607707286903859029177673595      
   49.7448750237903653532050175767048984      
   49.3465482058407928657542092916605969      
   48.9563477022399667641095016165484874      
   48.5740536521996689216541084460729678      
   48.1994533688516973845088379512417930      
   47.8323410790794567415226795018550873      
   47.4725176709318300126774112243201726      
   47.1197904530307618269976325032551593      
   46.7739729214673147623759125162136743      
