 0.13548723707728E+03
 0.13548723707728E+03
 0.13548723707728E+03
 0.13548723707728E+03
 0.13548723707728E+03
 0.13548723707730E+03
 0.13548723707789E+03
 0.13548723708563E+03
 0.13548723714262E+03
 0.13548723742166E+03
 0.13548723843664E+03
 0.13548724139174E+03
 0.13548724864568E+03
 0.13548726422658E+03
 0.13548729431823E+03
 0.13548734764887E+03
 0.13548743573894E+03
 0.13548757298984E+03
 0.13548777662569E+03
 0.13548806650739E+03
 0.13548846485304E+03
 0.13548899589896E+03
 0.13548968553415E+03
 0.13549056093767E+03
 0.13549165024235E+03
 0.13549298224165E+03
 0.13549458615052E+03
 0.13549649142441E+03
 0.13549872763491E+03
 0.13550132439610E+03
 0.13550431133191E+03
 0.13550771807169E+03
 0.13551157426457E+03
 0.13551590959709E+03
 0.13552075380545E+03
 0.13552613667319E+03
 0.13553208800808E+03
 0.13553863759363E+03
 0.13554581511682E+03
 0.13555365006552E+03
 0.13556217160894E+03
 0.13557140845517E+03
 0.13558138869492E+03
 0.13559213963569E+03
 0.13560368763157E+03
 0.13561605791419E+03
 0.13562927442887E+03
 0.13564335968227E+03
 0.13565833459801E+03
 0.13567421839626E+03
 0.13569102848683E+03
 0.13570878038352E+03
 0.13572748763930E+03
 0.13574716180234E+03
 0.13576781239463E+03
 0.13578944691082E+03
 0.13581207083444E+03
 0.13583568766684E+03
 0.13586029899388E+03
 0.13588590454482E+03
 0.13591250227546E+03
 0.13594008846274E+03
 0.13596865780935E+03
 0.13599820355195E+03
 0.13602871758221E+03
 0.13606019057207E+03
 0.13609261210110E+03
 0.13612597078498E+03
 0.13616025441176E+03
 0.13619545006959E+03
 0.13623154427884E+03
 0.13626852311827E+03
 0.13630637235057E+03
 0.13634507755544E+03
 0.13638462424436E+03
 0.13642499797101E+03
 0.13646618444587E+03
 0.13650816964385E+03
 0.13655093990109E+03
 0.13659448201442E+03
 0.13663878333757E+03
 0.13668383186178E+03
 0.13672961630092E+03
 0.13677612616897E+03
 0.13682335185311E+03
 0.13687128468289E+03
 0.13691991699136E+03
 0.13696924220223E+03
 0.13701925484557E+03
 0.13706995065519E+03
 0.13712132660101E+03
 0.13717338095588E+03
 0.13722611329486E+03
 0.13727952468828E+03
 0.13733361752636E+03
 0.13738839576986E+03
 0.13744386490700E+03
 0.13750003200655E+03
 0.13755690582227E+03
 0.13761449674241E+03
 0.13767281697010E+03
 0.13773188047435E+03
 0.13779170314643E+03
 0.13785230278664E+03
 0.13791369922972E+03
 0.13797591439604E+03
 0.13803897237568E+03
 0.13810289952751E+03
 0.13816772458293E+03
 0.13823347874359E+03
 0.13830019582583E+03
 0.13836791226516E+03
 0.13843666746119E+03
 0.13850650378316E+03
 0.13857746676923E+03
 0.13864960533029E+03
 0.13872297194774E+03
 0.13879762286933E+03
 0.13887361839282E+03
 0.13895102310062E+03
 0.13902990618493E+03
 0.13911034173473E+03
 0.13919240912852E+03
 0.13927619341887E+03
 0.13936178574958E+03
 0.13944928385314E+03
 0.13953879256809E+03
 0.13963042442340E+03
 0.13972430027783E+03
 0.13982055002605E+03
 0.13991931338186E+03
 0.14002074073088E+03
 0.14012499408099E+03
 0.14023224809962E+03
 0.14034269125547E+03
 0.14045652707823E+03
 0.14057397552554E+03
 0.14069527447816E+03
 0.14082068142767E+03
 0.14095047498902E+03
 0.14108495711059E+03
 0.14122445486539E+03
 0.14136932258531E+03
 0.14151994401246E+03
 0.14167673447571E+03
 0.14184014301012E+03
 0.14201065432341E+03
 0.14218879049501E+03
 0.14237511220804E+03
 0.14257021933059E+03
 0.14277475056433E+03
 0.14298938186822E+03
 0.14321482330608E+03
 0.14345181400514E+03
 0.14370111489944E+03
 0.14396349908412E+03
 0.14423973989040E+03
 0.14453059618325E+03
 0.14483679733095E+03
 0.14515902650264E+03
 0.14549790535062E+03
 0.14585398103197E+03
 0.14622771728048E+03
 0.14661949081607E+03
 0.14702959386877E+03
 0.14745824274305E+03
 0.14790559163718E+03
 0.14837175019043E+03
 0.14885680296121E+03
 0.14936082890019E+03
 0.14988391931534E+03
 0.15042619319539E+03
 0.15098780911235E+03
 0.15156897390629E+03
 0.15216994802565E+03
 0.15279104816843E+03
 0.15343264758834E+03
 0.15409517479520E+03
 0.15477911074491E+03
 0.15548498536310E+03
 0.15621337149496E+03
 0.15696488759723E+03
 0.15774018178321E+03
 0.15853993395778E+03
 0.15936484857958E+03
 0.16021564906248E+03
 0.16109307190548E+03
 0.16199786056138E+03
 0.16293075898183E+03
 0.16389250490297E+03
 0.16488382273562E+03
 0.16590541612612E+03
 0.16695796023006E+03
 0.16804209374160E+03
 0.16915841058639E+03
 0.17030745165802E+03
 0.17148969635840E+03
 0.17270555436404E+03
 0.17395535763043E+03
 0.17523929393852E+03
 0.17655769367724E+03
 0.17791043598937E+03
 0.17929753089648E+03
 0.18071882124321E+03
 0.18217403815323E+03
 0.18366279998210E+03
 0.18518461073471E+03
 0.18673886181955E+03
 0.18832483459229E+03
 0.18994170384956E+03
 0.19158854324821E+03
 0.19326433169697E+03
 0.19496796079627E+03
 0.19669824329155E+03
 0.19845392220687E+03
 0.20023368047416E+03
 0.20203615087346E+03
 0.20385992627114E+03
 0.20570356957834E+03
 0.20756562363938E+03
 0.20944462070192E+03
 0.21133909139850E+03
 0.21324757315457E+03
 0.21516861783234E+03
 0.21710079872481E+03
 0.21904271677440E+03
 0.22099300596372E+03
 0.22295033797552E+03
 0.22491342609067E+03
 0.22688102836176E+03
 0.22885194993452E+03
 0.23082504559742E+03
 0.23279922002291E+03
 0.23477342927035E+03
 0.23674668088838E+03
 0.23871803383008E+03
 0.24068659799024E+03
 0.24265153345791E+03
 0.24461204949864E+03
 0.24656740334921E+03
 0.24851689881691E+03
 0.25045988476663E+03
 0.25239575350230E+03
 0.25432393907310E+03
 0.25624391554845E+03
 0.25815519523029E+03
 0.26005732690956E+03
 0.26194989409168E+03
 0.26383251325857E+03
 0.26570483216989E+03
 0.26756652818551E+03
 0.26941730665390E+03
 0.27125689935078E+03
 0.27308506295632E+03
 0.27490157761203E+03
 0.27670624553477E+03
 0.27849888968226E+03
 0.28027935248325E+03
 0.28204749463938E+03
 0.28380319397671E+03
 0.28554634435325E+03
 0.28727685463746E+03
 0.28899464773345E+03
 0.29069965965598E+03
 0.29239183866674E+03
 0.29407114445673E+03
 0.29573754737193E+03
 0.29739102768657E+03
 0.29903157492479E+03
 0.30065918702605E+03
 0.30227387051386E+03
 0.30387563873976E+03
 0.30546451216990E+03
 0.30704051767364E+03
 0.30860368805609E+03
 0.31015406161509E+03
 0.31169168173701E+03
 0.31321659650052E+03
 0.31472885832681E+03
 0.31622852363560E+03
 0.31771565252233E+03
 0.31919030847334E+03
 0.32065255807720E+03
 0.32210247077609E+03
 0.32354011860791E+03
 0.32496557599070E+03
 0.32637891950488E+03
 0.32778022769404E+03
 0.32916958088293E+03
 0.33054706099344E+03
 0.33191275139315E+03
 0.33326673673758E+03
 0.33460910282700E+03
 0.33593993647631E+03
 0.33725932539106E+03
 0.33856735805000E+03
 0.33986412359522E+03
 0.34114971173644E+03
 0.34242421265245E+03
 0.34368771690409E+03
