 0.36026483326913E-09
 0.36026483326775E-09
 0.36026483326582E-09
 0.36026566311176E-09
 0.36136349793641E-09
 0.40493478235708E-09
 0.42558631666529E-09
 0.33343799266672E-09
 0.28145119753366E-09
 0.57568291115178E-09
 0.40386597076514E-09
 0.37209845997946E-09
 0.47930765024146E-09
 0.26859224488737E-09
 0.45739861596490E-09
 0.19778289052936E-09
 0.46650548381896E-09
 0.35554914735662E-09
 0.20467994088685E-09
 0.37530219721979E-09
 0.38542636394809E-09
 0.33369119147088E-09
 0.28256976289686E-09
 0.41429200444207E-09
 0.46212956515688E-09
 0.63596497085983E-09
 0.13212429304216E-08
 0.25112694317731E-08
 0.45925632306048E-08
 0.84150276440481E-08
 0.14905786238541E-07
 0.25480105045216E-07
 0.42940707345483E-07
 0.69432445616073E-07
 0.11020341479011E-06
 0.17015499153620E-06
 0.25695751266880E-06
 0.37546450029784E-06
 0.61435382925136E-06
 0.93694790024157E-06
 0.99989777137643E-06
 0.16582102830447E-05
 0.20420304247504E-05
 0.27304916982346E-05
 0.36040411974917E-05
 0.47001225318776E-05
 0.60608194039931E-05
 0.77333779991479E-05
 0.97709158601102E-05
 0.12231826053609E-04
 0.15180702262675E-04
 0.18688113607665E-04
 0.22831180042389E-04
 0.27693625809472E-04
 0.33366409985697E-04
 0.39946332761768E-04
 0.47539100715655E-04
 0.56256587376475E-04
 0.66219352907730E-04
 0.77555097436651E-04
 0.90400278906860E-04
 0.10489928932097E-03
 0.12120554771234E-03
 0.13948110543856E-03
 0.15989663226713E-03
 0.18263277472406E-03
 0.20787909289663E-03
 0.23583540084167E-03
 0.26671540720422E-03
 0.30071852927551E-03
 0.33813141856064E-03
 0.37908692896439E-03
 0.42394296993156E-03
 0.47297118241962E-03
 0.52632646380863E-03
 0.58436674893462E-03
 0.64740113862502E-03
 0.71572328444831E-03
 0.78965505061651E-03
 0.86952547450006E-03
 0.95568294307254E-03
 0.10484845245343E-02
 0.11483015905832E-02
 0.12555180923694E-02
 0.13705314991895E-02
 0.14940260525325E-02
 0.16313086602308E-02
 0.17667140724787E-02
 0.19182994255579E-02
 0.20774296462229E-02
 0.22428420948488E-02
 0.24185761126457E-02
 0.26677154086600E-02
 0.29254160135600E-02
 0.30250527567095E-02
 0.32794254969324E-02
 0.35155469011860E-02
 0.37837342837573E-02
 0.40529412852029E-02
 0.43477493054471E-02
 0.46746519698899E-02
 0.49720298482255E-02
 0.53007576327467E-02
 0.56657838890965E-02
 0.60472323625303E-02
 0.64443031048910E-02
 0.68559087424889E-02
 0.72944545762525E-02
 0.77575507248161E-02
 0.82307299040637E-02
 0.87362348408598E-02
 0.92565108510790E-02
 0.98103729358507E-02
 0.10385959169542E-01
 0.10980233309965E-01
 0.11615907069080E-01
 0.12259014217214E-01
 0.12954889755118E-01
 0.13653370079896E-01
 0.14342545290501E-01
 0.15124684380732E-01
 0.15955297636383E-01
 0.16755516693545E-01
 0.17594962672041E-01
 0.18476996996802E-01
 0.19361729301442E-01
 0.20293435522090E-01
 0.21235269324245E-01
 0.22195576080617E-01
 0.23181178017270E-01
 0.24164888688996E-01
 0.25156515097209E-01
 0.26159539292549E-01
 0.27175867397363E-01
 0.28169878263509E-01
 0.29157118202953E-01
 0.30115491106854E-01
 0.31052865818364E-01
 0.31893960463220E-01
 0.32724498040045E-01
 0.33469601987160E-01
 0.34094883085928E-01
 0.34620556423216E-01
 0.35061430413241E-01
 0.35280527489319E-01
 0.35442510323242E-01
 0.35388103906957E-01
 0.35180917368844E-01
 0.34830658073815E-01
 0.34296859070377E-01
 0.33678659556062E-01
 0.32956753840209E-01
 0.32124144162235E-01
 0.31328443572101E-01
 0.30506588055282E-01
 0.29754690595319E-01
 0.29056781033296E-01
 0.28532873937742E-01
 0.28117985862916E-01
 0.27802582163873E-01
 0.27604875890155E-01
 0.27641248497212E-01
 0.27662570959880E-01
 0.27964751131807E-01
 0.28124389327140E-01
 0.28455639056121E-01
 0.28821633324366E-01
 0.29060649175126E-01
 0.29243662426085E-01
 0.29569630790816E-01
 0.29931477489479E-01
 0.30059718440258E-01
 0.30293345543859E-01
 0.30341264940031E-01
 0.30289734729083E-01
 0.30177496083484E-01
 0.29931622869416E-01
 0.29586464048688E-01
 0.29161312276800E-01
 0.28571968022103E-01
 0.27882946089089E-01
 0.27083047749024E-01
 0.26136383630093E-01
 0.25152955256464E-01
 0.24004565350484E-01
 0.22763751236842E-01
 0.21466404565525E-01
 0.20115403626888E-01
 0.18667188320356E-01
 0.17201161732496E-01
 0.15803117817304E-01
 0.14314969732484E-01
 0.12877640664955E-01
 0.11497308515715E-01
 0.10181470156495E-01
 0.89706785279074E-02
 0.77895927023811E-02
 0.67011471086188E-02
 0.57805174314102E-02
 0.49346598910593E-02
 0.41659437094056E-02
 0.35188121557975E-02
 0.29933862164512E-02
 0.25156421390284E-02
 0.22009392165759E-02
 0.19613700933867E-02
 0.18174928529666E-02
 0.17045026737431E-02
 0.17141682849104E-02
 0.17693878487376E-02
 0.18275219359604E-02
 0.19589136194420E-02
 0.21201157249003E-02
 0.22738145463503E-02
 0.25414785472693E-02
 0.27513311322535E-02
 0.29784857678079E-02
 0.32475510104384E-02
 0.34626601934738E-02
 0.37858547717775E-02
 0.39562610175406E-02
 0.42570710969547E-02
 0.44996447944910E-02
 0.47031064119925E-02
 0.49767964693673E-02
 0.51761108058046E-02
 0.54160721326779E-02
 0.56125188507329E-02
 0.58351911238427E-02
 0.60203475310400E-02
 0.61467970602385E-02
 0.63689714911362E-02
 0.65292087759755E-02
 0.67214552972842E-02
 0.67961887062176E-02
 0.70019619242429E-02
 0.70738437006347E-02
 0.72754414554477E-02
 0.73519241687315E-02
 0.75031292379528E-02
 0.75946227046113E-02
 0.77012425099963E-02
 0.78097162984482E-02
 0.78969788828260E-02
 0.79953972969646E-02
 0.80470482874492E-02
 0.81349020543561E-02
 0.82012186488780E-02
 0.82996085192080E-02
 0.83472002915767E-02
 0.83986514171018E-02
 0.84433572741047E-02
 0.85058435172672E-02
 0.85632816518980E-02
 0.86142952991426E-02
 0.86530492479826E-02
 0.87047344899663E-02
 0.87078112542530E-02
 0.87833692310757E-02
 0.87631654552833E-02
 0.88735105175211E-02
 0.88719386577165E-02
 0.88959584414559E-02
 0.88950494230011E-02
 0.89525047297731E-02
 0.89576749001218E-02
 0.89890670085419E-02
 0.90295071474027E-02
 0.89930780904167E-02
 0.90508266191254E-02
 0.90338211409401E-02
 0.90987660790709E-02
 0.89848444278558E-02
 0.91326869715109E-02
 0.90882540202629E-02
 0.90157558488627E-02
 0.92300468608211E-02
 0.90784441817639E-02
 0.90543088557381E-02
 0.91901496108688E-02
 0.90629922569845E-02
 0.90663935016232E-02
 0.92323847816136E-02
 0.90853222041978E-02
 0.89872282451213E-02
 0.92399267085196E-02
 0.92215818580121E-02
 0.88964865159618E-02
 0.91037908337135E-02
 0.92916745957662E-02
 0.90058012357877E-02
 0.90253987097166E-02
 0.92565377498254E-02
 0.92397099888216E-02
 0.90350247611962E-02
 0.90427397015432E-02
 0.92844626543693E-02
 0.93658476264777E-02
 0.90412493392450E-02
 0.88976181961779E-02
