-0.23565125650966E-11
-0.18852100520697E-10
-0.63625839256995E-10
-0.15081716893858E-09
-0.29550730891815E-09
-0.56737107741383E-09
-0.10544888519333E-08
-0.11023452194281E-08
-0.19858193123200E-08
-0.32155984463630E-08
-0.42620874776372E-08
-0.47430531014791E-08
-0.59105116657990E-08
-0.84277788470038E-08
-0.80030698041801E-08
-0.12248473770765E-07
-0.13460172000232E-07
-0.13232074911907E-07
-0.23192835507098E-07
-0.14356186497730E-07
-0.19999865009554E-07
-0.37130818627948E-07
-0.34434937571062E-07
-0.29551113472335E-07
-0.49357808071604E-07
-0.50057371630499E-07
-0.61389429119733E-07
-0.57118396537020E-07
-0.58421618707685E-07
-0.86492251536000E-07
-0.72746606599134E-07
-0.74743396151518E-07
-0.62429207577528E-07
-0.56372653924489E-07
-0.89106289850061E-10
 0.56597958801034E-07
 0.12018145538972E-06
 0.27387120587229E-04
-0.57799543232270E-04
 0.48180467950811E-04
-0.57317633513509E-04
 0.56675348201795E-04
 0.18254997556766E-05
 0.23567616882425E-05
 0.32335353232390E-05
 0.43610363784281E-05
 0.56870577233432E-05
 0.72018703141833E-05
 0.90657110094195E-05
 0.11446103458640E-04
 0.14323108305993E-04
 0.17783470410356E-04
 0.21649522346250E-04
 0.26405442203740E-04
 0.31647326067394E-04
 0.38202660985695E-04
 0.45478336734972E-04
 0.53776108665219E-04
 0.63610322085319E-04
 0.74494412436139E-04
 0.86837877361368E-04
 0.10094762950710E-03
 0.11676661133013E-03
 0.13426617068248E-03
 0.15418216248588E-03
 0.17618021191880E-03
 0.20047155181270E-03
 0.22777364889895E-03
 0.25132227913239E-03
 0.28779847291802E-03
 0.31493223730763E-03
 0.40636383957964E-03
 0.34827049071309E-03
 0.53169625760441E-03
 0.54081167368680E-03
 0.56719507542879E-03
 0.62941806950839E-03
 0.69588306760306E-03
 0.76839648027803E-03
 0.84762217671041E-03
 0.93162103941243E-03
 0.10227795365643E-02
 0.11211450567191E-02
 0.12259607114551E-02
 0.13391968800941E-02
 0.20674777296050E-02
-0.29673462111374E-01
 0.17374635631972E-02
 0.11631197177351E-02
 0.20237285127296E-02
-0.19667795627742E-03
 0.49883042169840E-01
 0.36470716850473E+00
-0.44032312328833E+00
 0.98111431594404E-01
 0.11497384481204E-01
 0.13902272103831E-01
 0.16177714117282E-02
-0.74462073446769E-02
-0.11948093242186E-01
 0.43216337828611E-01
 0.50483838174704E-02
-0.31998680227768E-01
 0.23225724425766E-01
 0.10721701697142E-01
 0.39178448901212E-01
 0.11807888236164E+00
-0.94472121123662E-02
 0.54389692231412E-01
 0.77632294576584E-02
-0.18260689646766E-01
-0.16165768198182E-01
 0.17735051589335E-01
 0.67957929707047E-02
 0.24791126358729E-01
-0.40562820476208E-02
-0.66701703849953E-01
 0.55459730871218E-01
-0.16951212017920E+00
-0.31103616216281E+00
-0.12922584867635E+00
 0.19087988449852E+00
 0.21606764315133E+00
-0.23016121220939E-01
 0.12867693359464E+00
-0.11446203365432E+00
-0.99803243040182E-01
 0.56878169192097E-01
-0.21050290763440E-01
 0.10819753955513E+00
 0.15424032340521E+00
 0.19365192029050E+00
 0.25324622209178E+00
 0.13311588529709E+00
 0.82416524178271E-01
 0.55972782075501E-01
-0.18364493208613E+00
-0.22681257162074E+00
-0.13789415990437E-02
-0.37810059347790E+00
 0.34607530594863E+00
 0.40733982511180E+00
-0.45169309223090E+00
 0.35759865524883E+00
-0.38882826684286E+00
-0.24993953089674E+00
 0.33206650660925E+00
 0.32544461971012E+00
-0.88528518437705E-01
-0.18669150078851E-01
 0.50313051809819E+00
-0.20702708155633E+00
-0.36907665510336E+00
 0.73464192075864E+00
-0.93768229037294E-01
-0.13012558289727E+00
-0.23671393849363E+00
-0.11992446214458E-01
-0.57174274477370E-01
 0.11026330935328E+01
 0.13657715210904E+01
-0.17295494339800E+01
 0.26558786911719E+01
-0.20018660653949E+01
 0.60123413409498E+00
-0.60359203032043E+00
 0.16930289832526E+01
-0.39143538008003E+00
-0.11205185045920E+01
-0.23412878268942E+01
 0.19580308395849E+01
-0.24725386109381E+01
-0.19643313940768E+00
 0.85201487831354E+00
 0.62183800441393E+00
 0.55265471963127E+00
 0.29018835307554E+00
 0.47263142218029E-01
 0.13536922232441E+00
-0.34408785498381E+00
-0.33359810266118E+00
-0.69589863085581E+00
-0.37448404468181E+00
-0.47605901579823E+00
-0.27287466655107E+00
 0.18292000702930E+00
-0.42364729633224E+00
-0.77566319820585E+00
-0.45807021468006E+00
 0.40625523626898E-01
 0.75896703715860E+00
-0.20369771809654E+00
 0.40849887816105E+00
-0.30183572301829E+00
 0.20729000075936E+00
 0.66704733802014E+00
-0.57718795281181E+00
 0.20454238300084E+00
 0.14296839655461E+01
 0.68462240633185E+00
-0.70142887346315E+00
-0.11691069921898E+01
 0.18746806504463E-01
 0.15084241983601E+00
 0.70766341496446E+00
 0.10778875301412E-01
 0.77765201068517E+00
-0.11680049931614E+00
-0.27268454447931E+01
 0.84810513319201E-02
 0.16229443068917E+01
 0.13981888304035E+01
 0.49511307389549E-02
-0.40074518724498E+00
-0.18990539047830E+01
 0.17615794962044E+01
 0.19286670703462E+01
-0.15873770486409E+01
 0.67345028448561E+00
-0.30455987431213E-01
-0.25239577038704E+01
 0.30193313925831E+01
-0.11259441744722E+01
 0.10504640697089E+00
-0.15970091897775E+01
 0.11603734187062E+01
 0.19270344541179E+00
-0.10761723716355E+01
 0.11174493616470E+00
-0.41195824634246E+00
 0.12758543956856E+01
-0.34676880809619E+00
 0.15277085951685E+01
-0.19458832669776E+01
 0.52016094240973E+00
-0.43666188981870E+00
 0.67234725381754E+00
 0.14158835924207E+01
-0.28140870758614E+00
 0.11102000078955E+01
 0.12261247376059E+01
 0.10204270466653E+01
 0.62240204030984E-01
-0.12090797962451E+01
-0.21052112392929E+01
 0.30500721672431E+01
-0.26338336415684E+01
-0.47024160946943E+00
-0.87281363351739E+00
 0.29259640703771E+00
 0.10592415486610E+01
 0.94400879741010E-01
 0.33282545797889E+00
-0.21112891362127E+01
 0.52828759424208E+00
 0.94347636495673E+00
-0.26853234178057E+00
 0.45963449950477E+00
-0.12720596791132E+01
-0.48302713894172E+00
 0.97672298162009E+00
 0.88033043576446E+00
-0.95442857171285E+00
 0.17496793654728E+01
-0.30409073680632E+01
 0.37611826813979E+01
-0.53533005486634E+01
 0.74437082856950E+01
-0.14489301753956E+02
 0.85230639036705E+01
-0.12328904843635E+02
 0.98756541970801E+01
-0.18898195971973E+01
-0.64702115268217E+01
 0.11449731609025E+02
-0.70499984708307E+01
-0.91481757214866E+01
 0.20007085981424E+02
-0.19311664513309E+02
-0.31665884027840E+01
 0.15956017582649E+02
-0.22529552555073E+02
-0.25954767250854E+00
 0.17159711030918E+02
-0.27460824084638E+01
-0.12615980159892E+02
 0.20415257772458E+02
-0.19269925577028E+01
-0.12366589738412E+02
 0.59924639563105E+00
-0.44443787913161E+01
 0.10284184836186E+02
-0.91918232103214E+01
-0.71867454427855E+00
-0.12071403876870E+02
 0.36847683183073E+02
-0.23142605324646E+02
 0.20228904387319E+02
-0.69489854198024E+01
 0.16730465603836E+02
