-0.97967442179197E+10
-0.61229651361998E+09
-0.12094745948049E+09
-0.38268532101249E+08
-0.15674790748671E+08
-0.75592162175306E+07
-0.40802766421989E+07
-0.23917832563274E+07
-0.14931785121012E+07
-0.97967442177796E+06
-0.66913081191883E+06
-0.47245101349159E+06
-0.34301124651044E+06
-0.25501728971650E+06
-0.19351593444033E+06
-0.14948645234986E+06
-0.11729677650097E+06
-0.93323654464385E+05
-0.75173945577922E+05
-0.61229646709740E+05
-0.50373779709778E+05
-0.41820668218742E+05
-0.35008242652327E+05
-0.29528177231496E+05
-0.25079652051788E+05
-0.21438187615452E+05
-0.18434285043239E+05
-0.15938560699317E+05
-0.13851253467135E+05
-0.12094721119928E+05
-0.10608008902280E+05
-0.93428735385765E+04
-0.82608419478620E+04
-0.73310139407871E+04
-0.65284055562932E+04
-0.58326891934470E+04
-0.52272276949113E+04
-0.46983281144152E+04
-0.42346610290653E+04
-0.38268055789571E+04
-0.34668907019117E+04
-0.31483104863208E+04
-0.28654970121668E+04
-0.26137380644016E+04
-0.23890300824774E+04
-0.21879589379874E+04
-0.20076028101524E+04
-0.18454527005495E+04
-0.16993470982598E+04
-0.15674180509693E+04
-0.14480464719026E+04
-0.13398249580273E+04
-0.12415267427459E+04
-0.11520796788313E+04
-0.10705443621468E+04
-0.99609567666913E+03
-0.92800717647243E+03
-0.86563782830427E+03
-0.80842072485228E+03
-0.75585344856203E+03
-0.70748982209155E+03
-0.66293282721003E+03
-0.62182851109597E+03
-0.58386072943154E+03
-0.54874660049101E+03
-0.51623256500379E+03
-0.48609096339421E+03
-0.45811705601314E+03
-0.43212642354939E+03
-0.40795269448247E+03
-0.38544555451022E+03
-0.36446899959129E+03
-0.34489979992078E+03
-0.32662614692742E+03
-0.30954645937247E+03
-0.29356832802848E+03
-0.27860758129962E+03
-0.26458745657785E+03
-0.25143786420454E+03
-0.23909473267122E+03
-0.22749942523291E+03
-0.21659821937451E+03
-0.20634184169949E+03
-0.19668505175938E+03
-0.18758626916888E+03
-0.17900723906098E+03
-0.17091273154991E+03
-0.16327027142643E+03
-0.15604989468478E+03
-0.14922392903280E+03
-0.14276679572496E+03
-0.13665483047455E+03
-0.13086612143341E+03
-0.12538036235777E+03
-0.12017871961064E+03
-0.11524371131526E+03
-0.11055909757300E+03
-0.10610978063697E+03
-0.10188171399547E+03
-0.97861819536734E+02
-0.94037911993151E+02
-0.90398629890448E+02
-0.86933372540847E+02
-0.83632242319313E+02
-0.80485991877102E+02
-0.77485975737480E+02
-0.74624105928001E+02
-0.71892811252642E+02
-0.69284999870935E+02
-0.66794024901265E+02
-0.64413652788545E+02
-0.62138034159080E+02
-0.59961676976125E+02
-0.57879421786785E+02
-0.55886418877593E+02
-0.53978107177821E+02
-0.52150194767790E+02
-0.50398640853982E+02
-0.48719639085439E+02
-0.47109602107598E+02
-0.45565147253006E+02
-0.44083083269558E+02
-0.42660398005109E+02
-0.41294246981929E+02
-0.39981942775650E+02
-0.38720945145941E+02
-0.37508851855363E+02
-0.36343390126841E+02
-0.35222408686503E+02
-0.34143870352797E+02
-0.33105845123355E+02
-0.32106503729147E+02
-0.31144111616833E+02
-0.30217023329663E+02
-0.29323677256269E+02
-0.28462590722425E+02
-0.27632355399286E+02
-0.26831633005932E+02
-0.26059151287058E+02
-0.25313700243989E+02
-0.24594128604015E+02
-0.23899340510896E+02
-0.23228292422668E+02
-0.22579990202719E+02
-0.21953486395034E+02
-0.21347877668557E+02
-0.20762302425526E+02
-0.20195938567860E+02
-0.19648001406021E+02
-0.19117741713013E+02
-0.18604443915308E+02
-0.18107424414726E+02
-0.17626030036993E+02
-0.17159636602407E+02
-0.16707647610456E+02
-0.16269493029835E+02
-0.15844628182270E+02
-0.15432532713738E+02
-0.15032709626105E+02
-0.14644684365897E+02
-0.14268003948507E+02
-0.13902236108237E+02
-0.13546968451698E+02
-0.13201807630436E+02
-0.12866378498063E+02
-0.12540323279409E+02
-0.12223300736917E+02
-0.11914985348675E+02
-0.11615066497556E+02
-0.11323247686013E+02
-0.11039245770724E+02
-0.10762790236459E+02
-0.10493622494667E+02
-0.10231495229810E+02
-0.99761717772507E+01
-0.97274255396955E+01
-0.94850394428441E+01
-0.92488054243342E+01
-0.90185239591256E+01
-0.87940036156586E+01
-0.85750606411499E+01
-0.83615185750120E+01
-0.81532078891275E+01
-0.79499656477928E+01
-0.77516351939455E+01
-0.75580658503980E+01
-0.73691126420122E+01
-0.71846360334925E+01
-0.70045016823243E+01
-0.68285802053024E+01
-0.66567469585187E+01
-0.64888818282249E+01
-0.63248690335105E+01
-0.61645969376784E+01
-0.60079578712275E+01
-0.58548479606536E+01
-0.57051669680794E+01
-0.55588181369525E+01
-0.54157080451654E+01
-0.52757464659641E+01
-0.51388462340240E+01
-0.50049231193909E+01
-0.48738957050477E+01
-0.47456852724649E+01
-0.46202156915982E+01
-0.44974133159599E+01
-0.43772068828188E+01
-0.42595274185749E+01
-0.41443081482310E+01
-0.40314844094608E+01
-0.39209935710826E+01
-0.38127749549220E+01
-0.37067697622899E+01
-0.36029210030234E+01
-0.35011734289062E+01
-0.34014734694464E+01
-0.33037691714425E+01
-0.32080101406580E+01
-0.31141474866331E+01
-0.30221337697706E+01
-0.29319229509342E+01
-0.28434703429468E+01
-0.27567325648575E+01
-0.26716674973566E+01
-0.25882342402319E+01
-0.25063930721061E+01
-0.24261054110700E+01
-0.23473337774195E+01
-0.22700417574268E+01
-0.21941939689936E+01
-0.21197560278496E+01
-0.20466945161218E+01
-0.19749769506340E+01
-0.19045717538563E+01
-0.18354482249303E+01
-0.17675765118775E+01
-0.17009275850837E+01
-0.16354732115435E+01
-0.15711859300311E+01
-0.15080390270357E+01
-0.14460065138001E+01
-0.13850631036944E+01
-0.13251841910110E+01
-0.12663458297088E+01
-0.12085247135789E+01
-0.11516981566704E+01
-0.10958440745235E+01
-0.10409409658839E+01
-0.98696789532671E+00
-0.93390447606706E+00
-0.88173085375091E+00
-0.83042769035837E+00
-0.77997614910382E+00
-0.73035787936850E+00
-0.68155500246671E+00
-0.63355009770658E+00
-0.58632618901044E+00
-0.53986673186158E+00
-0.49415560077180E+00
-0.44917707702655E+00
-0.40491583705691E+00
-0.36135694087394E+00
-0.31848582133373E+00
-0.27628827305567E+00
-0.23475044231775E+00
-0.19385881715223E+00
-0.15360021737042E+00
-0.11396178549793E+00
-0.74930977359429E-01
-0.36495553661338E-01
 0.13564289628354E-02
 0.38636625698434E-01
 0.75356412159400E-01
 0.11152689155541E+00
 0.14715890254422E+00
 0.18226302641086E+00
 0.21684959404760E+00
 0.25092869320361E+00
 0.28451017404080E+00
 0.31760365703857E+00
 0.35021853825713E+00
 0.38236399507126E+00
 0.41404899331148E+00
 0.44528229178744E+00
 0.47607244785968E+00
 0.50642782359060E+00
 0.53635659051611E+00
 0.56586673371729E+00
 0.59496605863662E+00
 0.62366219417858E+00
 0.65196259779471E+00
 0.67987456008213E+00
 0.70740520926386E+00
 0.73456151483635E+00
 0.76135029213285E+00
 0.78777820612990E+00
 0.81385177547149E+00
 0.83957737536248E+00
 0.86496124227108E+00
 0.89000947747426E+00
