 0.43479058020423E-07
 0.54348822525186E-08
 0.16103354822135E-08
 0.67936286909254E-09
 0.14437415157636E-09
 0.36823717335343E-09
 0.24633487881552E-09
 0.77120843335477E-11
 0.11351330315154E-09
 0.99269175198301E-10
 0.13041868124079E-09
 0.55205443042795E-10
 0.26677836663065E-10
 0.39340157996195E-10
 0.19087961465279E-10
 0.15321045865634E-10
 0.13445643707778E-10
 0.77887471476155E-11
 0.12213806555319E-10
 0.16517724286178E-10
 0.59361170317929E-11
 0.21590263594202E-10
 0.30352972715297E-10
 0.71780243900730E-10
 0.17473996556551E-09
 0.41027433740599E-09
 0.91082165915674E-09
 0.19265348965736E-08
 0.38700396686579E-08
 0.74253128640481E-08
 0.13669697329370E-07
 0.24232158342529E-07
 0.41510711539289E-07
 0.68933550833370E-07
 0.11124180644726E-06
 0.17487380764652E-06
 0.26834856215158E-06
 0.40273557163015E-06
 0.59213222774581E-06
 0.85420539268758E-06
 0.12103597046974E-05
 0.16886997247564E-05
 0.23161057917650E-05
 0.31384484392895E-05
 0.41928321471632E-05
 0.55336110728747E-05
 0.72186494468474E-05
 0.93151708364157E-05
 0.11898874530727E-04
 0.15054661790469E-04
 0.18877098657560E-04
 0.23470849392727E-04
 0.28951078061256E-04
 0.35443813869673E-04
 0.43086282073122E-04
 0.52027221162151E-04
 0.62427103413008E-04
 0.74458458388759E-04
 0.88305979487841E-04
 0.10416676353569E-03
 0.12225045233869E-03
 0.14277936908766E-03
 0.16598857339398E-03
 0.19212608296126E-03
 0.22145275999036E-03
 0.25424248792677E-03
 0.29078204180816E-03
 0.33137163787987E-03
 0.37632421719491E-03
 0.42596579864308E-03
 0.48063582758707E-03
 0.54068658733647E-03
 0.60648356905062E-03
 0.67840551365955E-03
 0.75684422453841E-03
 0.84220498085004E-03
 0.93490591465317E-03
 0.10353791591418E-02
 0.11440702811497E-02
 0.12614381243380E-02
 0.13879554299144E-02
 0.15241090183013E-02
 0.16704000067682E-02
 0.18273439832670E-02
 0.19954712972115E-02
 0.21753268727399E-02
 0.23674685142551E-02
 0.25724862964665E-02
 0.27909618072395E-02
 0.30235083937602E-02
 0.32707564527720E-02
 0.35333513146115E-02
 0.38118988570151E-02
 0.41072651660760E-02
 0.44199837535345E-02
 0.47508429410362E-02
 0.51005886461416E-02
 0.54700016203978E-02
 0.58598842147641E-02
 0.62710565107712E-02
 0.67043933304527E-02
 0.71607668183358E-02
 0.76411007743249E-02
 0.81463511343833E-02
 0.86774942239764E-02
 0.92355686486734E-02
 0.98216262015690E-02
 0.10436776295403E-01
 0.11082167055479E-01
 0.11758995671254E-01
 0.12468504046605E-01
 0.13211991812944E-01
 0.13990816310346E-01
 0.14806383204331E-01
 0.15660168281847E-01
 0.16553713421103E-01
 0.17488626146688E-01
 0.18466599407296E-01
 0.19489384416968E-01
 0.20558828526536E-01
 0.21676871163474E-01
 0.22845545537200E-01
 0.24066969604017E-01
 0.25343364178005E-01
 0.26677081498137E-01
 0.28070562175461E-01
 0.29526396260815E-01
 0.31047287603434E-01
 0.32636055325079E-01
 0.34295685613819E-01
 0.36029291394409E-01
 0.37840139625949E-01
 0.39731649129737E-01
 0.41707393182136E-01
 0.43771098615995E-01
 0.45926645694939E-01
 0.48178065052525E-01
 0.50529523690513E-01
 0.52985320007315E-01
 0.55549853817309E-01
 0.58227603847830E-01
 0.61023087594098E-01
 0.63940809237466E-01
 0.66985208080493E-01
 0.70160546848948E-01
 0.73470869153764E-01
 0.76919815918038E-01
 0.80510510856305E-01
 0.84245416865051E-01
 0.88126130380567E-01
 0.92153192171187E-01
 0.96325885612306E-01
 0.10064204612472E+00
 0.10509787960395E+00
 0.10968784064167E+00
 0.11440453310409E+00
 0.11923874852755E+00
 0.12417950147028E+00
 0.12921423757173E+00
 0.13432909727939E+00
 0.13950924577142E+00
 0.14473923902455E+00
 0.15000344965900E+00
 0.15528645742990E+00
 0.16057337291907E+00
 0.16585017686601E+00
 0.17110391451985E+00
 0.17632286915976E+00
 0.18149662546923E+00
 0.18661610527412E+00
 0.19167353953333E+00
 0.19666236938729E+00
 0.20157723526559E+00
 0.20641371233171E+00
 0.21116835700914E+00
 0.21583847059276E+00
 0.22042206635409E+00
 0.22491771221314E+00
 0.22932443948953E+00
 0.23364168717654E+00
 0.23786920549614E+00
 0.24200698356887E+00
 0.24605522343623E+00
 0.25001426896874E+00
 0.25388458082882E+00
 0.25766671074275E+00
 0.26136127063087E+00
 0.26496891783321E+00
 0.26849034179765E+00
 0.27192626966149E+00
 0.27527744172303E+00
 0.27854462337258E+00
 0.28172861150408E+00
 0.28483022024339E+00
 0.28785030402017E+00
 0.29078975460217E+00
 0.29364950760692E+00
 0.29643054952276E+00
 0.29913392058801E+00
 0.30176072692825E+00
 0.30431213236228E+00
 0.30678937603851E+00
 0.30919375452633E+00
 0.31152664279821E+00
 0.31378946955329E+00
 0.31598373479640E+00
 0.31811098984698E+00
 0.32017284154406E+00
 0.32217093771687E+00
 0.32410696759913E+00
 0.32598264861719E+00
 0.32779971850483E+00
 0.32955993087099E+00
 0.33126504349808E+00
 0.33291681811782E+00
 0.33451700038131E+00
 0.33606732329580E+00
 0.33756949503989E+00
 0.33902520195924E+00
 0.34043609462268E+00
 0.34180378681554E+00
 0.34312985911422E+00
 0.34441583600564E+00
 0.34566321080438E+00
 0.34687342403365E+00
 0.34804786991011E+00
 0.34918789355466E+00
 0.35029479343439E+00
 0.35136981731844E+00
 0.35241416718740E+00
 0.35342899495733E+00
 0.35441540767432E+00
 0.35537447107782E+00
 0.35630719500501E+00
 0.35721456295618E+00
 0.35809749817937E+00
 0.35895690311137E+00
 0.35979362486127E+00
 0.36060848670530E+00
 0.36140226425917E+00
 0.36217571152432E+00
 0.36292953727780E+00
 0.36366443077760E+00
 0.36438104241383E+00
 0.36508000132665E+00
 0.36576190422722E+00
 0.36642732441236E+00
 0.36707681066145E+00
 0.36771088900493E+00
 0.36833006084602E+00
 0.36893480973968E+00
 0.36952559579485E+00
 0.37010286303699E+00
 0.37066703503147E+00
 0.37121851972635E+00
 0.37175770652443E+00
 0.37228497152059E+00
 0.37280067393446E+00
 0.37330516055494E+00
 0.37379876270666E+00
 0.37428180233390E+00
 0.37475458182807E+00
 0.37521740073619E+00
 0.37567054208215E+00
 0.37611428205725E+00
 0.37654888231157E+00
 0.37697459599955E+00
 0.37739166909691E+00
 0.37780033749264E+00
 0.37820082988535E+00
 0.37859336431461E+00
 0.37897815343266E+00
 0.37935540366950E+00
 0.37972530764098E+00
 0.38008806318424E+00
 0.38044384804870E+00
 0.38079284543851E+00
 0.38113522665519E+00
 0.38147115193618E+00
 0.38180079684111E+00
 0.38212430312591E+00
 0.38244182786806E+00
 0.38275352272369E+00
 0.38305952021860E+00
 0.38335995742646E+00
 0.38365498202582E+00
 0.38394470835336E+00
 0.38422925952048E+00
 0.38450877496098E+00
 0.38478335630159E+00
 0.38505311345377E+00
 0.38531817540988E+00
 0.38557864057139E+00
 0.38583460622105E+00
 0.38608618351583E+00
 0.38633347717294E+00
 0.38657656510578E+00
 0.38681554652883E+00
 0.38705052091987E+00
 0.38728157266049E+00
