 0.88891645661208E-10
 0.17778329132169E-09
 0.26667493698100E-09
 0.35556746114470E-09
 0.43803193152066E-09
 0.61398657078935E-09
 0.84453784698790E-09
 0.63047426466809E-09
 0.94720883430301E-09
 0.13011571331777E-08
 0.14230822109227E-08
 0.13017383802807E-08
 0.13704294057085E-08
 0.17286658870462E-08
 0.13598907747223E-08
 0.19204616161439E-08
 0.18061881375517E-08
 0.15579328850677E-08
 0.24714838999063E-08
 0.21981172505971E-08
 0.19747417535777E-08
 0.26990125073825E-08
 0.30292019934469E-08
 0.27297630479552E-08
 0.24644454896126E-08
 0.27865332133017E-08
 0.22569327072367E-08
 0.22917987387261E-08
 0.36556188368258E-08
 0.51449300133317E-08
 0.60000182671135E-08
 0.96904126341937E-08
 0.12761851409857E-07
 0.19853384168293E-07
 0.29271957179548E-07
 0.45876395977583E-07
 0.70427805980928E-07
 0.10835761574931E-06
 0.15834900947035E-06
 0.22912259140435E-06
-0.68114012558948E-06
 0.23637990928188E-05
-0.91356055125454E-06
 0.25642758647288E-05
 0.28074586538358E-06
 0.15895825820174E-05
 0.20951222030926E-05
 0.27290533180880E-05
 0.35192703973540E-05
 0.44916437359496E-05
 0.56809491285148E-05
 0.71205440849622E-05
 0.88534158811900E-05
 0.10918239879352E-04
 0.13374351817774E-04
 0.16267767659840E-04
 0.19655283440335E-04
 0.23603072750095E-04
 0.28180360116553E-04
 0.33463578656267E-04
 0.39527183640245E-04
 0.46466839744732E-04
 0.54365795516570E-04
 0.63331824100120E-04
 0.73468025503804E-04
 0.84883474984996E-04
 0.97701811648480E-04
 0.11205850061978E-03
 0.12808035891633E-03
 0.14591528626667E-03
 0.16571798957736E-03
 0.18763617605165E-03
 0.21182408383347E-03
 0.23883071342305E-03
 0.26756644296245E-03
 0.30044100954761E-03
 0.33577107348439E-03
 0.37461910959916E-03
 0.41632377453023E-03
 0.46224231096978E-03
 0.51221227286521E-03
 0.56647401232493E-03
 0.62530410832822E-03
 0.68899734725239E-03
 0.75786336656679E-03
 0.83213057682937E-03
 0.82373691191145E-03
 0.99834917294447E-03
 0.11041037917102E-02
 0.11913435620911E-02
 0.13560974029401E-02
 0.14131368400650E-02
-0.87775614484360E-03
 0.16660208577551E-02
 0.18023154850854E-02
 0.19576235680836E-02
 0.21010834986824E-02
 0.22996201079178E-02
 0.28648273913115E-02
 0.26197565303415E-02
 0.30899740857097E-02
 0.31323049966550E-02
 0.30755835049969E-02
 0.36140797223305E-02
 0.36028991560493E-02
 0.42089927626400E-02
 0.43800594569139E-02
 0.46693447162788E-02
 0.51897866531301E-02
 0.53670292087903E-02
 0.57382382477633E-02
 0.58254103224438E-02
 0.64929048673922E-02
 0.69030195438146E-02
 0.72386243860602E-02
 0.77450918273961E-02
 0.81259299327455E-02
 0.90562525342505E-02
 0.90385247697782E-02
 0.94234763183780E-02
 0.10282393827837E-01
 0.10567712242761E-01
 0.11858508600473E-01
 0.11966547305283E-01
 0.13214819562023E-01
 0.13047667695199E-01
 0.13629715230428E-01
 0.15230670225410E-01
 0.15189683525494E-01
 0.16371124973213E-01
 0.17242950842758E-01
 0.17942688157501E-01
 0.18520192076305E-01
 0.19280621760024E-01
 0.20053569438387E-01
 0.20783661302536E-01
 0.21384106190706E-01
 0.21857024425343E-01
 0.22228348454451E-01
 0.22548037327957E-01
 0.23365119134277E-01
 0.23945151550627E-01
 0.22948390443047E-01
 0.24008813727347E-01
 0.22595981499955E-01
 0.23143428041721E-01
 0.22901316072038E-01
 0.22082901262440E-01
 0.21007680992583E-01
 0.20517997492772E-01
 0.20456221826441E-01
 0.19271463468888E-01
 0.19336624420636E-01
 0.17717073838939E-01
 0.18063555352209E-01
 0.16997273512947E-01
 0.18478781736470E-01
 0.19735573435086E-01
 0.20569700909809E-01
 0.22006048895577E-01
 0.23680616089126E-01
 0.24194277233440E-01
 0.26736752463852E-01
 0.29280002494412E-01
 0.29933094562444E-01
 0.32020873174853E-01
 0.35863869029571E-01
 0.33802519633433E-01
 0.38308939472095E-01
 0.32576016242969E-01
 0.39706331277472E-01
 0.28814462915788E-01
 0.33479778445999E-01
 0.32833799963000E-01
 0.36836971198085E-01
 0.30285399917873E-01
 0.30378466393374E-01
 0.33461573417382E-01
 0.30207963037248E-01
 0.26495203024234E-01
 0.26778214680029E-01
 0.23816720826626E-01
 0.21645812193562E-01
 0.19597902110935E-01
 0.16786535317429E-01
 0.15175270587011E-01
 0.12606373049962E-01
 0.10123465501147E-01
 0.65841087790777E-02
 0.43524710642104E-02
 0.33696498378816E-02
-0.52133756778404E-03
-0.13688077839244E-02
-0.43128282562338E-02
-0.72086772070472E-02
-0.87593223457146E-02
-0.98885787229549E-02
-0.11004040519389E-01
-0.11077165456841E-01
-0.13123090259085E-01
-0.14819509808390E-01
-0.14542473676003E-01
-0.15338122853487E-01
-0.13451734910208E-01
-0.14221657622070E-01
-0.14023748858009E-01
-0.13702715392634E-01
-0.12201628791661E-01
-0.12588239533972E-01
-0.12130624329763E-01
-0.10126299596389E-01
-0.86455969248543E-02
-0.77216358483160E-02
-0.99813064543615E-02
-0.89424797294487E-02
-0.66944928447586E-02
-0.38862700995975E-02
-0.62957656638732E-02
-0.53643160957445E-02
-0.45032860110123E-02
-0.61725602126175E-02
-0.19976015274616E-02
-0.39143206018581E-02
-0.28426755150498E-02
-0.18983349396407E-02
-0.30004423368545E-02
-0.27963014064413E-02
-0.28123073806094E-02
-0.20264195607554E-02
-0.66577452455274E-03
-0.24826945595823E-02
-0.31185399671995E-02
 0.10393109075894E-02
-0.35612486526556E-02
 0.79186158969227E-03
-0.28149110941435E-02
 0.96609162164263E-04
-0.35821344486951E-02
 0.13938498228722E-02
-0.20762436780829E-02
 0.13271685852864E-02
-0.19137311039520E-02
 0.32310435538913E-03
-0.16269214239428E-02
 0.59269962501898E-03
-0.72037800109869E-03
 0.24771659950975E-03
-0.80272465506820E-03
 0.52139713265405E-04
-0.15765977015791E-02
 0.40572761188126E-03
-0.98006921168932E-03
-0.41719704186074E-03
-0.11798727007465E-02
 0.12019427231239E-03
-0.30463995447132E-03
 0.24923249288088E-03
 0.83270489632829E-05
 0.97112580713660E-04
-0.10237387832798E-02
 0.22465476711218E-02
-0.15305207398172E-02
-0.85853373382708E-03
-0.45782062547737E-02
-0.15704708264953E-02
 0.19251310144154E-02
 0.51787513412931E-03
-0.50278457776708E-04
-0.60608764982255E-03
-0.74477721764084E-03
-0.22078198145973E-02
-0.28650488107747E-02
 0.45776282387550E-02
-0.35961453057103E-02
 0.25059625040554E-02
-0.14076129159503E-02
 0.60832145010239E-03
 0.64096612207033E-02
-0.56083677081644E-02
 0.49045670478933E-02
-0.60691273622868E-03
-0.15427454762586E-02
-0.32291006721539E-02
 0.13659077409248E-02
-0.87093289429127E-02
 0.54352275440977E-03
 0.74754338130484E-02
-0.10235016796507E-01
 0.48607108606490E-02
 0.11908783609322E-01
-0.50859080838611E-02
-0.17904923260396E-02
 0.75787763948572E-02
-0.65014832518560E-02
-0.19023729618308E-01
 0.12495758724188E-01
 0.14098990023844E-02
 0.28200375239776E-02
 0.23476048351457E-02
 0.41870103566433E-02
