   300.978532456069162132856044161749454      
   300.978532456069162132856044161749454      
   300.978532456069162132851380527156010      
   300.978532456069161555061098139799070      
   300.978532456068454609946002451934406      
   300.978532455984012490765849010447237      
   300.978532453367369071825205606353217      
   300.978532418982347316137176817364051      
   300.978532165784611636735430819909096      
   300.978530926028918400637576453566640      
   300.978526416584903241231680455328432      
   300.978513287347990307466656797769541      
   300.978481058773780113710083641025648      
   300.978411834304294670413622674087699      
   300.978278139979589637900788335681151      
   300.978041197376507823879412328272324      
   300.977649822740616027616275719877412      
   300.977040033527505336138944868486913      
   300.976135307411792952095007738095052      
   300.974847409764288763373730836938640      
   300.973077637707444930326589558843507      
   300.970718328634626409537806357774259      
   300.967654487187893976838358821066637      
   300.963765400407823226953316169813232      
   300.958926136938981124134303708116351      
   300.953008855067363160374941193738925      
   300.945883871898508618506306507280687      
   300.937420475038152212243264951926700      
   300.927487483213453366455376159455257      
   300.915953582876623430678095526638766      
   300.902687483551479537499721675344968      
   300.887557946750063343129944801570429      
   300.870433735493950722063233077604292      
   300.851183548119940933447898158356985      
   300.829675976920541799478515425880786      
   300.805779533064899075232456690071011      
   300.779362764252077950198880539007038      
   300.750294485043001934942286570207555      
   300.718444114380779165060345737707796      
   300.683682147845926827640557587695178      
   300.645880705060327404034602348147784      
   300.604914178508578887516269332127384      
   300.560659943261813695198261552574540      
   300.512999108479780436411299400072134      
   300.461817286974357320591041746033533      
   300.407005358067081759735465164533546      
   300.348460206021495669559856130346832      
   300.286085403779013283011200618447810      
   300.219791861376030371014636813643722      
   300.149498363491585609682213406523076      
   300.075132045079910082111903516825708      
   299.996628769704159243087099454025865      
   299.913933412537634171741033089830357      
   299.827000048061153558741720964634027      
   299.735792034718476600832825821606117      
   299.640282007395474054974077039895695      
   299.540451789121985217225162839338734      
   299.436292248700976610273607162945337      
   299.327802979924050690562370150145066      
   299.214992023401590222850807286688135      
   299.097875474054802749661224917041227      
   298.976477038274424443762642319941176      
   298.850827545978615328252227448292871      
   298.720964445833100477372773662068951      
   298.586931244756882012338389467485375      
   298.448776928092202316918519248447281      
   298.306555372388706083505622681560481      
   298.160324752454978059941672406268035      
   298.010146916374735443709104736640888      
   297.856086800399940208505224171569874      
   297.698211825501452701927254063358132      
   297.536591321495771328860643209677971      
   297.371295934972683037293380467173366      
   297.202397086969238405568083732948370      
   297.029966409543443997607684558039190      
   296.854075253108848026191286295500390      
   296.674794180362808861132618175483741      
   296.492192486200871469165957202677828      
   296.306337769232801668083917862407031      
   296.117295495822710867247989176082160      
   295.925128578756546207312422968438479      
   295.729897028004135244125788090667630      
   295.531657584035984757079680263747018      
   295.330463388619228782043535278331848      
   295.126363672393463214136374716754378      
   294.919403470306235337314616318940952      
   294.709623331354307028882446174159832      
   294.497059052091728572431601598186870      
   294.281741537453942881907032812076497      
   294.063696461352410085600229165354052      
   293.842944076466710015043444249179363      
   293.619499004371935507412239781540270      
   293.393370253283847576566799450572837      
   293.164560396603324059984054100455705      
   292.933066361193260609397039894141438      
   292.698878445911734063022152102354773      
   292.461980459279245859220586086554846      
   292.222349556787637835190185342039541      
   291.979955836440870347088109886865469      
   291.734762580651813240519439998547387      
   291.486725535047558616122790270995857      
   291.235793139124469058084401433927117      
   290.981906001698243045591842576679170      
   290.724996904383647730189105876212722      
   290.464990353159157033933453190894969      
   290.201802420140203857815803292224933      
   289.935340414593375304767903005868993      
   289.665502593413873574448887593121797      
   289.392177769124251870126420926378741      
   289.115244939477028973840560146296273      
   288.834572736643787578391826885289559      
   288.550019538978335331433605165985990      
   288.261432124482079450188831901034618      
   287.968645700448018802024893245128210      
   287.671483129876070069730174534768572      
   287.369754274974894181749036639187504      
   287.063255279483742486900843236729153      
   286.751767788904238082347828516526372      
   286.435058030331991871213927744696572      
   286.112875922246395625521277189393672      
   285.784953906439397886752409295038422      
   285.451005919868470840675109330834317      
   285.110726029593502391236051596104520      
   284.763787048894505727388466514461810      
   284.409839045828322400358389899378595      
   284.048507584619555742775332829003765      
   283.679391921393019333421231095267354      
   283.302062954803390526687913630633317      
   282.916060986262293161987656075185588      
   282.520893285781799742036818571786471      
   282.116031383855957338127408262764428      
   281.700908173673641305677152816719427      
   281.274914688034644018390599270311585      
   280.837396595905309218155716408573851      
   280.387650460784643692085333374663458      
   279.924919568844782592252518793378111      
   279.448389538486162369349917640888298      
   278.957183579643231858848603088619204      
   278.450357135691810477955813507426145      
   277.926893717400625824729022955394962      
   277.385697776752585619600079834653663      
   276.825590094117875008099036942098124      
   276.245301898870869088227812700679357      
   275.643469487406454607167404325212863      
   275.018629297759521298376318131966448      
   274.369213777933606492282559434582347      
   273.693548615627856114798236389328982      
   272.989851803787571883978800757776590      
   272.256235339464778420102688016400161      
   271.490710416406355413332500191419633      
   270.691197109168301641919062147073472      
   269.855539650963066533449386598654693      
   268.981528381619666302569480485629421      
   268.066929333150329834113979315914941      
   267.109522035289037868472105440059046      
   266.107145563942341876870987319125318      
   265.057751344842725809539427154091875      
   263.959463975092457079449905259075651      
   262.810638654179068382094961446425624      
   261.609920846403612814364660472550312      
   260.356295206873795699802910637906977      
   259.049120817010978294583586976079624      
   257.688147526415469710515545409444163      
   256.273510052265705242967916375246807      
   254.805699772403797365889070701777701      
   253.285516454110953056304954570027267      
   251.714005172383726042567980415997249      
   250.092385084014423794889000574185971      
   248.421977303505608518513437740379816      
   246.704138052468279617051663225058343      
   244.940201891504655918118077562220016      
   243.131437840938432332491433702016329      
   241.279019083224211473553261267304215      
   239.384005568185784477665196864209009      
   237.447338105281133770017432326586820      
   235.469841457295466945828276472880864      
   233.452234575729236418643639040404162      
   231.395145585783786420538088937069996      
   229.299130610325886467124426329801111      
   227.164691440739654391316106947307456      
   224.992305136164671025020970398634074      
   222.782433206098954728418028946922215      
   220.535551072493246354823454474084684      
   218.252166193835710239324335375277548      
   215.932837871439866899037321698616758      
   213.578196046912114500259221915275693      
   211.188959044568213041140152749110516      
   208.765950135563257251558545728514449      
   206.310113065937904806994191033233608      
   203.822525964082817808273317484634870      
   201.304413872519325838663729871198758      
   198.757159551245907088343221412943264      
   196.182312443297585134141102036727855      
   193.581595315457060877417682626415568      
   190.956908737396707961997331771316104      
   188.310332670272825889077170230720590      
   185.644125440106937567551160212924205      
   182.960719528543293816317779341183098      
   180.262714235356240787199328077866008      
   177.552865211328601830146722221745414      
   174.834070643418484749035871040595826      
   172.109354210494365946375249278772136      
   169.381845695671200840630880379849160      
   166.654758200914512007306013664872268      
   163.931364164144683683498436209182478      
   161.214967961959317630359066176074890      
   158.508880165926953241208072322736380      
   155.816388653910331864441259248403256      
   153.140731032651154086549988002831585      
   150.485067705334218078123993814099117      
   147.852455973621410349687431582570392      
   145.245826510985081285913426351817670      
   142.667961628905831189523347942254494      
   140.121476605468598977024837415714445      
   137.608803836225091558491202743044643      
   135.132180280381656099119033953065837      
   132.693638051407135107793718770514265      
   130.294998267629334529382396136575770      
   127.937868025177134933495503734631144      
   125.623640263449821469811372129439688      
   123.353496364289991301203407975447752      
   121.128410887366036294204753897951974      
   118.949158737938622598399333454851011      
   116.816323739361139975906044993664041      
   114.730308763940644053646309411855208      
   112.691346839694968918242240103013924      
   110.699513064680567885890803983482613      
   108.754736957735143836749644749179933      
   106.856815052676038295944145422310730      
   105.005423636827902590670281816678990      
   103.200130479099582338680012204994776      
   101.440407925891964564378022456858030      
   99.7256437480213468273672228293722697      
   98.0551523565184111761844714206137591      
   96.4281851977597318794093572963728617      
   94.8439404346539501465858574151139840      
   93.3015719673366632615922117138532928      
   91.8001977105680904293130063291877751      
   90.3389071505276118352774768716769575      
   88.9167682241405544745890102253500744      
   87.5328335198345806236388746666972714      
   86.1861458118090345438728449161428475      
   84.8757430074063446674812238199786117      
   83.6006625207463408861200330470237264      
   82.3599450917453862015900979816929720      
   81.1526381371789873185496572952813139      
   79.9777986455201131499759181964977522      
   78.8344956468312407687270973808730585      
   77.7218123100109249510784286252114321      
   76.6388477219498532260134137386204000      
   75.5847183290346911425629705147155314      
   74.5585591357899594033374532791502800      
   73.5595246356200711043375649268654239      
   72.5867895509823854158879343594633431      
   71.6395493644105968056198203954666544      
   70.7170206872299584878721151713603811      
   69.8184414861284166001269220270065107      
   68.9430711847839027165972389910565447      
   68.0901906459747110160169093440545084      
   67.2591020645190216700812663618871316      
   66.4491287881525817701963741697866153      
   65.6596150546447603904096932665971417      
   64.8899256792192089032053301925258559      
   64.1394457024158635692915580006729440      
   63.4075799833528210124956755784921895      
   62.6937527706314172285901298685662523      
   61.9974072532919006707455041782285124      
   61.3180050792521964830167370771668148      
   60.6550259465397639424395941831719452      
   60.0079667980975054067737229546843399      
   59.3763417948108058655565337500109546      
   58.7596814820354746087908155430436043      
   58.1575323697690013925428094500479630      
   57.5694564305750043245128973482782480      
   56.9950306035833832707231659499905254      
   56.4338462997060567138108188959023260      
   55.8855089251510073606644541183190461      
   55.3496374026982050650777355561405127      
   54.8258637104785058554810585342583283      
   54.3138324260652457046061950600208857      
   53.8132002876588348218467937113301950      
   53.3236357630105660463751413934337502      
   52.8448186313459412917144851372181245      
   52.3764395756380001558592710804697373      
   51.9181997927028410271285150800933297      
   51.4698106095192391482457045210784959      
   51.0309931154645647082269180757942186      
   50.6014778048932071807881888810216433      
   50.1810042334039715992996228156189493      
   49.7693206843182037895788779189794364      
   49.3661838497811146158500006605783834      
   48.9713585190318577105667553697642444      
   48.5846172810592088667734442042412790      
   48.2057402374561237436403248741089935      
   47.8345147248650327512438398122216079      
   47.4707350491581403459846907656209578      
   47.1142022294054118272076653251439285      
   46.7647237497529293150759048023908784      
   46.4221133232120802475657951978791126      
   46.0861906630465960699410688493463111      
