-0.97967442136871E+10
-0.61229651335544E+09
-0.12094745942824E+09
-0.38268532084715E+08
-0.15674790741899E+08
-0.75592162142647E+07
-0.40802766404360E+07
-0.23917832552940E+07
-0.14931785114561E+07
-0.97967442135457E+06
-0.66913081162949E+06
-0.47245101328709E+06
-0.34301124636171E+06
-0.25501728960564E+06
-0.19351593435591E+06
-0.14948645228482E+06
-0.11729677645009E+06
-0.93323654423714E+05
-0.75173945544467E+05
-0.61229646681040E+05
-0.50373779683566E+05
-0.41820668192732E+05
-0.35008242623897E+05
-0.29528177197591E+05
-0.25079652008724E+05
-0.21438187558763E+05
-0.18434284967539E+05
-0.15938560598174E+05
-0.13851253332966E+05
-0.12094720943928E+05
-0.10608008674360E+05
-0.93428732472382E+04
-0.82608415802343E+04
-0.73310134826208E+04
-0.65284049919809E+04
-0.58326885060621E+04
-0.52272268662718E+04
-0.46983271251230E+04
-0.42346598586108E+04
-0.38268042057116E+04
-0.34668891032765E+04
-0.31483086387949E+04
-0.28654948914187E+04
-0.26137356453368E+04
-0.23890273392962E+04
-0.21879558442416E+04
-0.20075993387978E+04
-0.18454488239573E+04
-0.16993427882370E+04
-0.15674132787948E+04
-0.14480412083301E+04
-0.13398191732889E+04
-0.12415204065436E+04
-0.11520727603269E+04
-0.10705368299451E+04
-0.99608749879165E+03
-0.92799832033398E+03
-0.86562826067716E+03
-0.80841041184394E+03
-0.75584235558361E+03
-0.70747791382650E+03
-0.66292006757947E+03
-0.62181486323174E+03
-0.58384615563263E+03
-0.54873106220135E+03
-0.51621602278194E+03
-0.48607337688771E+03
-0.45809838392792E+03
-0.43210662362234E+03
-0.40793172346176E+03
-0.38542336813021E+03
-0.36444555254838E+03
-0.34487504585489E+03
-0.32660003840162E+03
-0.30951894785183E+03
-0.29353936386223E+03
-0.27857711370343E+03
-0.26455543361386E+03
-0.25140423275851E+03
-0.23905943843537E+03
-0.22746241268539E+03
-0.21655943175924E+03
-0.20630122100255E+03
-0.19664253868789E+03
-0.18754180312432E+03
-0.17896075811155E+03
-0.17086417241146E+03
-0.16321956941765E+03
-0.15599698370931E+03
-0.14916874153916E+03
-0.14270926267431E+03
-0.13659488130517E+03
-0.13080368400582E+03
-0.12531536296088E+03
-0.12011108287726E+03
-0.11517336017776E+03
-0.11048595322997E+03
-0.10603376250161E+03
-0.10180273965504E+03
-0.97779804700917E+02
-0.93952770422299E+02
-0.90310273374784E+02
-0.86841710819288E+02
-0.83537183038053E+02
-0.80387440531255E+02
-0.77383835621632E+02
-0.74518278080319E+02
-0.71783194396967E+02
-0.69171490367661E+02
-0.66676516702123E+02
-0.64292037382368E+02
-0.62012200530488E+02
-0.59831511566633E+02
-0.57744808459109E+02
-0.55747238887140E+02
-0.53834239154403E+02
-0.52001514703884E+02
-0.50245022105480E+02
-0.48560952384957E+02
-0.46945715592461E+02
-0.45395926514944E+02
-0.43908391421514E+02
-0.42480095776728E+02
-0.41108192838579E+02
-0.39789993072108E+02
-0.38522954315397E+02
-0.37304672640124E+02
-0.36132873853412E+02
-0.35005405592214E+02
-0.33920229965506E+02
-0.32875416702999E+02
-0.31869136773235E+02
-0.30899656433705E+02
-0.29965331687073E+02
-0.29064603096044E+02
-0.28195990960174E+02
-0.27358090801010E+02
-0.26549569134869E+02
-0.25769159528360E+02
-0.25015658897388E+02
-0.24287924040156E+02
-0.23584868382566E+02
-0.22905458920179E+02
-0.22248713341154E+02
-0.21613697315955E+02
-0.20999521940906E+02
-0.20405341323873E+02
-0.19830350301577E+02
-0.19273782279195E+02
-0.18734907184005E+02
-0.18213029525809E+02
-0.17707486557819E+02
-0.17217646532523E+02
-0.16742907047796E+02
-0.16282693479135E+02
-0.15836457494770E+02
-0.15403675648574E+02
-0.14983848054789E+02
-0.14576497128153E+02
-0.14181166401783E+02
-0.13797419411977E+02
-0.13424838647350E+02
-0.13063024561416E+02
-0.12711594644467E+02
-0.12370182551825E+02
-0.12038437285238E+02
-0.11716022424202E+02
-0.11402615403925E+02
-0.11097906837152E+02
-0.10801599876076E+02
-0.10513409613698E+02
-0.10233062517466E+02
-0.99602958980054E+01
-0.96948574072055E+01
-0.94365045644848E+01
-0.91850043090735E+01
-0.89401325766839E+01
-0.87016738987569E+01
-0.84694210228018E+01
-0.82431745523925E+01
-0.80227426055738E+01
-0.78079404904832E+01
-0.75985903971192E+01
-0.73945211042779E+01
-0.71955677007573E+01
-0.70015713199750E+01
-0.68123788872316E+01
-0.66278428790268E+01
-0.64478210933325E+01
-0.62721764313044E+01
-0.61007766880487E+01
-0.59334943535943E+01
-0.57702064230604E+01
-0.56107942150551E+01
-0.54551431984229E+01
-0.53031428267304E+01
-0.51546863801127E+01
-0.50096708141324E+01
-0.48679966153066E+01
-0.47295676629724E+01
-0.45942910971409E+01
-0.44620771921872E+01
-0.43328392359141E+01
-0.42064934138731E+01
-0.40829586986217E+01
-0.39621567437194E+01
-0.38440117822337E+01
-0.37284505295260E+01
-0.36154020901507E+01
-0.35047978686401E+01
-0.33965714840347E+01
-0.32906586879572E+01
-0.31869972860823E+01
-0.30855270628487E+01
-0.29861897092587E+01
-0.28889287536300E+01
-0.27936894951719E+01
-0.27004189402484E+01
-0.26090657412199E+01
-0.25195801377395E+01
-0.24319139004035E+01
-0.23460202766434E+01
-0.22618539387698E+01
-0.21793709340680E+01
-0.20985286368559E+01
-0.20192857024368E+01
-0.19416020227751E+01
-0.18654386840539E+01
-0.17907579257808E+01
-0.17175231012920E+01
-0.16456986401226E+01
-0.15752500115641E+01
-0.15061436897031E+01
-0.14383471197547E+01
-0.13718286856748E+01
-0.13065576789910E+01
-0.12425042687976E+01
-0.11796394728694E+01
-0.11179351298476E+01
-0.10573638724532E+01
-0.99789910168599E+00
-0.93951496196944E+00
-0.88218631720276E+00
-0.82588872768278E+00
-0.77059842786202E+00
-0.71629230490745E+00
-0.66294787803035E+00
-0.61054327855352E+00
-0.55905723069021E+00
-0.50846903300265E+00
-0.45875854051686E+00
-0.40990614746613E+00
-0.36189277063893E+00
-0.31469983330781E+00
-0.26830924971715E+00
-0.22270341010749E+00
-0.17786516625626E+00
-0.13377781751494E+00
-0.90425097323842E-01
-0.47791160186208E-01
-0.58605690840208E-02
 0.35381716680285E-01
 0.75950353233453E-01
 0.11585962348677E+00
 0.15512344811225E+00
 0.19375539615349E+00
 0.23176869528505E+00
 0.26917624173329E+00
 0.30599060987055E+00
 0.34222406149543E+00
 0.37788855481015E+00
 0.41299575310599E+00
 0.44755703316762E+00
 0.48158349340628E+00
 0.51508596173156E+00
 0.54807500317110E+00
 0.58056092724750E+00
 0.61255379512069E+00
 0.64406342650418E+00
 0.67509940636356E+00
 0.70567109140386E+00
 0.73578761635446E+00
 0.76545790005786E+00
 0.79469065136910E+00
 0.82349437487277E+00
 0.85187737642358E+00
 0.87984776851699E+00
 0.90741347549480E+00
 0.93458223859220E+00
 0.96136162083237E+00
 0.98775901177094E+00
 0.10137816320990E+01
 0.10394365381074E+01
 0.10647306260158E+01
 0.10896706361750E+01
 0.11142631571423E+01
 0.11385146296369E+01
 0.11624313503782E+01
 0.11860194758115E+01
 0.12092850257243E+01
