   6.46114195192883683103959025933776710      
   6.46114195192883683103959028499496191      
   6.46114195192883683103958992617433074      
   6.46114195192883683101187920072098888      
   6.46114195192883679795801231482629823      
   6.46114195192883248614928833443045133      
   6.46114195192868253357937622743955904      
   6.46114195192647235332784311134077153      
   6.46114195190835429082097037140680492      
   6.46114195181037125471010741049981412      
   6.46114195141941564079942254340276878      
   6.46114195017794440621096205719354169      
   6.46114194687036027821001951901931577      
   6.46114193919204953318097172009299369      
   6.46114192322463637664309555521554073      
   6.46114189284768722573060600774522944      
   6.46114183914039086850523945631092527      
   6.46114174988287846541137589042118345      
   6.46114160898417380547563672541802939      
   6.46114139607673338249331396061456060      
   6.46114108621601660386927410032191189      
   6.46114064968416354613369756802180338      
   6.46114005193364848765046264965114035      
   6.46113925368391334887678782725195803      
   6.46113821112411910371797409226080176      
   6.46113687629107197996409085355723522      
   6.46113519757862393471686868318929129      
   6.46113312036964554711896871438968910      
   6.46113058776484581141604414833599442      
   6.46112754134136202195477927055608593      
   6.46112392204688679031480843511274110      
   6.46111967093112684383811586310159400      
   6.46111472987325379045684043617860682      
   6.46110904221353926857021974603154432      
   6.46110255324099706304498391827364466      
   6.46109521047721055272088369701704083      
   6.46108696392734914343665668357449519      
   6.46107776587281961909450390710239960      
   6.46106757092660153373849958771059001      
   6.46105633542646182126081599112309971      
   6.46104401697668369834250083778087759      
   6.46103057380986188433673219662414088      
   6.46101596403368305753684238800412101      
   6.46100014481442795489580388516954080      
   6.46098307147981542885332834167591587      
   6.46096469663517782358480852827770762      
   6.46094496928710953269902314428510657      
   6.46092383403473575149121800885421993      
   6.46090123007826154104735145797527968      
   6.46087709051532477624645892620144060      
   6.46085134161058417257385895019012739      
   6.46082390214391338902255085164663309      
   6.46079468281987558846783428738944063      
   6.46076358575922610991720267416572985      
   6.46073050410172120963650412229239576      
   6.46069532164454043199500680044347246      
   6.46065791258809600918770238064561873      
   6.46061814123015594094009934041998357      
   6.46057586185291482670728690581910433      
   6.46053091859894978646921952973677668      
   6.46048314545330141388907167080644787      
   6.46043236610243861063490310647922668      
   6.46037839410917000632241143326784617      
   6.46032103276359017659113835799035206      
   6.46026007515150697496359818474650692      
   6.46019530415032297589224197898485239      
   6.46012649252882154125519145908315708      
   6.46005340292779445782046683867298963      
   6.45997578775770669855270050847722212      
   6.45989338927187913980472499261176603      
   6.45980593945847332847018624558251088      
   6.45971315987455140354284934277583372      
   6.45961476153700327409815321270212953      
   6.45951044473138960708414696199202594      
   6.45939989870021699396099884594010622      
   6.45928280134787702086052060437775492      
   6.45915881879633289681741743157580650      
   6.45902760511240109217433144298959195      
   6.45888880164347637362607391859116776      
   6.45874203643165221542371170517128476      
   6.45858692353289819515401830344104566      
   6.45842306228230347018349488596184407      
   6.45825003645109341146774147474474611      
   6.45806741334797501845488071183140253      
   6.45787474278389177991665888645979514      
   6.45767155535131770616550380051935632      
   6.45745736284777292120410028464181219      
   6.45723165531892073913419852856926737      
   6.45699389980202334430020776884883472      
   6.45674354037127791663387769444198211      
   6.45647999364795110883692384771177414      
   6.45620265014463459759615795947148906      
   6.45591086987760255793326929477598062      
   6.45560398186319176906879731217696431      
   6.45528128132852846075580679627992383      
   6.45494202728613214754302357493867251      
   6.45458543982178084470025328093652260      
   6.45421069893009429508510588375773864      
   6.45381693965613652296459725218019241      
   6.45340325030167159975495431175219359      
   6.45296866951339101291166874258812690      
   6.45251218181169967099931725065585443      
   6.45203271469980828397100053958650146      
   6.45152913521263020228566687965168803      
   6.45100024521130902809274168940341565      
   6.45044477707651378951088159360575468      
   6.44986138989604516856283636588972235      
   6.44924866387513647190481130246368908      
   6.44860509564347629060829282445709151      
   6.44792909248551628798356489940274478      
   6.44721896712991373425262291181188958      
   6.44647293081114045356984920407166934      
   6.44568908773611368825215560155063741      
   6.44486542682629407760376564908189343      
   6.44399981603608122499626950248280582      
   6.44308999332544523285900221735976766      
   6.44213355864093532337196263478642384      
   6.44112796562637778052705355918053429      
   6.44007051155859457451896276398321401      
   6.43895832781388378965246698479899032      
   6.43778836935375333096173297749720143      
   6.43655740344536165338558539011499260      
   6.43526199773208720349948237921325270      
   6.43389850776613454381874380604224603      
   6.43246306357602391566218178595936311      
   6.43095155553990880976534517938387206      
   6.42935961948542748196189171537323149      
   6.42768262091063350551526969664745206      
   6.42591563818877975242301831843679683      
   6.42405344569723741378351552466081941      
   6.42209049475682487687604451140555941      
   6.42002089546842750885885122000211359      
   6.41783839580558813741803114746239617      
   6.41553636260145567042291405435386147      
   6.41310776013513580276701586587744895      
   6.41054512922024361064935710375726741      
   6.40784056641993987052840545526793818      
   6.40498570358083655507588075607013910      
   6.40197168841396922666437352652784705      
   6.39878916650202271978416224448422458      
   6.39542826523276380798695005874530919      
   6.39187858074437320065920453792183363      
   6.38812916941337432406346244560837458      
   6.38416854259757001723173833777905101      
   6.37998466819378528769192516728348100      
   6.37556497798265438772258681452165774      
   6.37089638308255394306185289288418663      
   6.36596529651440559347366199531129445      
   6.36075766395831031697935198463624679      
   6.35525900350752028509159955647284898      
   6.34945445240679688727712889761707482      
   6.34332882022282641788606453866487609      
   6.33686664596749130303519090990160483      
   6.33005226357052834125868386940654514      
   6.32286986176683922605706028201823406      
   6.31530355118713802337697272877502640      
   6.30733742162438553979864619299014605      
   6.29895559965097501178298232892961311      
   6.29014229964105562394642262760542063      
   6.28088186918297998721932928320619177      
   6.27115882312527648276825913728321822      
   6.26095787404915637070838540177079374      
   6.25026395482331923698528271760552728      
   6.23906223361773027259074708764414609      
   6.22733812384271904658191090199569191      
   6.21507728595957093027299783981228176      
   6.20226563114972079341514344062404916      
   6.18888931440148446313975352152445057      
   6.17493473092315859154214921006091879      
   6.16038850570455501535598267125987837      
   6.14523748604380712987439326579612827      
   6.12946873100324746747759828099513145      
   6.11306950096568203468647566659460134      
   6.09602724678277175603876371101765011      
   6.07832960014439711260815029299919999      
   6.05996436296451961204024212757674841      
   6.04091949666750726783066263663659260      
   6.02118311441701499182044700653840374      
   6.00074346949735891881673975036695841      
   5.97958894725720634572686188732870795      
   5.95770805549972891309044798008670624      
   5.93508941516400102755765815192821129      
   5.91172175110385545177368666149138144      
   5.88759388215989111827753685213817812      
   5.86269471268681955613694870734124419      
   5.83701322162573857524663304797327879      
   5.81053845261957626257423396327247500      
   5.78325950467825812902260774025738229      
   5.75516552192518697256739158350264866      
   5.72624568291609386648434426354439457      
   5.69648919035779007403766894586333007      
   5.66588526219010591200161155953017218      
   5.63442312164731824634421376517606415      
   5.60209198728292904551796187597357166      
   5.56888106402025540236527032281181196      
   5.53477953534373027346701040204457855      
   5.49977655480145518484466052048188084      
   5.46386123904834277606125551292753767      
   5.42702266056692754406195893549096436      
   5.38924984172706749253605790888181066      
   5.35053174892618706734713036804670143      
   5.31085728774150376121706231828599144      
   5.27021529897516303833450947047025763      
   5.22859455319639683088526808479247826      
   5.18598374986630073579369208383249799      
   5.14237151242981765301778255867807564      
   5.09774638675813757564434644319052219      
   5.05209683947094970426479632628059073      
   5.00541125605353726111760183673463087      
   4.95767793888512796977196425136996141      
   4.90888510812346560253907483240054825      
   4.85902089907172500851480073200474252      
   4.80807336290659198689301298754193095      
   4.75603046633140877175783977338345847      
   4.70288009043655731325947043201643185      
   4.64861003263160968605828282029849232      
   4.59320800491240733868886329737998771      
   4.53666163526691348012248804919447634      
   4.47895846735332773117684192652885650      
   4.42008596168203947852759679023457804      
   4.36003149547264822880974348438360997      
   4.29878236306669370227435005547932794      
   4.23632577665964602713956077133529383      
   4.17264886671890105889133175608179491      
   4.10773868269583905210905152825747319      
   4.04158219314765174696071736901739932      
   3.97416628665847118180570395082802715      
   3.90547777215269604840899102083415055      
   3.83550337940560932045216320671107183      
   3.76422975922073598522535298701717512      
   3.69164348470056988239621699228417197      
   3.61773105082940065217051828925510620      
   3.54247887534823372849026580185235455      
   3.46587329904666741978852192355468006      
   3.38790058618662809090451521944821362      
   3.30854692478040215047707242880759494      
   3.22779842712640755846159416623507999      
   3.14564112993998550396989350705651467      
   3.06206099478601722944877293778094214      
   2.97704390827291549478594361031699655      
   2.89057568249506097133656017531537562      
   2.80264205494161866557975205582678198      
   2.71322868925756215256439162278040172      
   2.62232117504713711619637168640267276      
   2.52990502822459240939046875066828450      
   2.43596569129928763162838566417842227      
   2.34048853321770870292077852970082786      
   2.24345885019910911335445946944257799      
   2.14486186493440684413051523547696869      
   2.04468272790569456467469091922163961      
   1.94290651629033675720401481745611559      
   1.83951823532798383552050703148351903      
   1.73450281734722664521911211998919156      
   1.62784512235813899238349699963246929      
   1.51952993832439053136419949430593834      
   1.40954198089064302677758393336590954      
   1.29786589376560157340503321125877285      
   1.18448624858715274561626085799479671      
   1.06938754515323156163398506433091503      
  0.952554211412445290051530471831135518      
  0.833970603511945569473675487854326318      
  0.713621005887959970611782607274109234      
  0.591489631168461515710050136524670338      
  0.467560620722450481211592411927108451      
  0.341818044011346961495287510867582220      
  0.214245899150413839833955193278795969      
   8.48281126318173467761431347166140830E-0002
  -4.64514603127896623268319933899227129E-0002
 -0.179609035996003147577844717697198132      
 -0.314660902142138576030770160147490008      
 -0.451623417681189256536254088630961155      
 -0.590513012996735619391758412789679515      
 -0.731346190055220319151405422893157953      
 -0.874139521398272785255987271323771196      
  -1.01890965139505274334746509925383899      
  -1.16567329535645538416103054408811845      
  -1.31444723993974376582231461937091332      
  -1.46524834298870288118598429727517192      
  -1.61809353332344553608441602206007429      
  -1.77299981126523353933883193704790221      
  -1.92998424840633248904843394422720751      
  -2.08906398654562311192096921726602297      
  -2.25025623935944307062421242543083806      
  -2.41357829139098196132571377831932999      
  -2.57904749823329760750051219155951188      
  -2.74668128655686993231587018389645981      
  -2.91649715418627837989977883854899334      
  -3.08851266971838521597939186471404406      
  -3.26274547280374969761956501374141675      
  -3.43921327401399226963933905577118002      
  -3.61793385549170974856120690506294469      
  -3.79892506899826317795907831398552785      
  -3.98220483810093248246756633737209263      
  -4.16779115751125605657710227915423520      
  -4.35570209251919425189416469558101253      
  -4.54595577867806382894346521100444768      
  -4.73857042317853821941774356938729277      
  -4.93356430361414045199456284078358976      
  -5.13095576843957392774461677242082224      
  -5.33076323685841700397483788839023955      
