   6.46114195192883683103959025933776710      
   6.46114195192883683103959028499496191      
   6.46114195192883683103959044278650471      
   6.46114195192883683103714820224952079      
   6.46114195192883682630028892062449149      
   6.46114195192883597053652989950989362      
   6.46114195192879831923532800076012396      
   6.46114195192813486342151459816934332      
   6.46114195192187747170601503512821394      
   6.46114195188399727216226137805961183      
   6.46114195171821338804369210363888205      
   6.46114195114962246207804614357259291      
   6.46114194953294904761711038530160433      
   6.46114194556542263612688417490883558      
   6.46114193690897255671231904333304201      
   6.46114191974139959760373861733438920      
   6.46114188826564560555161755760798993      
   6.46114183420489050011024207524489213      
   6.46114174632046991585682072072472151      
   6.46114161001406117627767194120873478      
   6.46114140693328764809257100339791626      
   6.46114111470020378409217471535376314      
   6.46114070674752919886723063398616138      
   6.46114015226470114946710861479029109      
   6.46113941626915015902051050286156031      
   6.46113845980762833912768468284044425      
   6.46113724028606579520301937023205619      
   6.46113571191860914893019306178926572      
   6.46113382627803317417516656020338558      
   6.46113153292172127553882135378315705      
   6.46112878006098464098014469582006867      
   6.46112551522042031316155895728089508      
   6.46112168591216431747492079945885019      
   6.46111724022629088174212054163351934      
   6.46111212727252054820345506186329237      
   6.46110629755148774386450483399265723      
   6.46109970318581822768072615230793665      
   6.46109229797887249974650499225925799      
   6.46108403733396805165780153735568653      
   6.46107487800918082800391623748609088      
   6.46106477774363502795485725039239045      
   6.46105369484945616768746251751804007      
   6.46104158758942787329551645653988714      
   6.46102841344237937077114568257450518      
   6.46101412842625113783411191085542296      
   6.46099868633602795696332391217206367      
   6.46098203797157428452488905693841695      
   6.46096413036375460589000154407989938      
   6.46094490601584329594861423512946794      
   6.46092430216781486399804347959436792      
   6.46090225006582442208336732030075836      
   6.46087867459937873406433016389280221      
   6.46085349341250870427104370195339526      
   6.46082661653123370116102670178772027      
   6.46079794590639986371042280693367817      
   6.46076737502925476427856440582478986      
   6.46073478861917374154712559012197935      
   6.46070006232937358131531927937978398      
   6.46066306253934311975111026759413006      
   6.46062364626690627328170934595517802      
   6.46058166090895668969616877386021320      
   6.46053694420765916426695117720147210      
   6.46048932420142428147739774193144808      
   6.46043861911077572664995661089213841      
   6.46038463731072021724650219461009912      
   6.46032717735000808254901053035563343      
   6.46026602779639852871770402981755177      
   6.46020096736279834117955862501797431      
   6.46013176469624726923755530282366394      
   6.46005817832430259336595855209104167      
   6.45997995654934503324855512270982780      
   6.45989683724728226119650859667706921      
   6.45980854783552524041731557514996234      
   6.45971480488942941153554175943015765      
   6.45961531386204763040484586336544879      
   6.45950976887634545059695746984783705      
   6.45939785223497716975368935300421098      
   6.45927923394486987653076054836680474      
   6.45915357126924678164924546844176200      
   6.45902050808774526641399305501635935      
   6.45887967424451412457747559039312387      
   6.45873068478191598749145343677382725      
   6.45857313913134608029053465186139716      
   6.45840662035774580482855251146092850      
   6.45823069392969523505308842948189955      
   6.45804490674212535668961082193433764      
   6.45784878591217619627103447523530195      
   6.45764183751957488436556282261088657      
   6.45742354515387831015645908182631214      
   6.45719336857599725614464178517312191      
   6.45695074185981679213120102583172224      
   6.45669507153950107936505581783818975      
   6.45642573566357265197850904789325459      
   6.45614208061284150414709692568038498      
   6.45584341980766225364169061364181120      
   6.45552903114842196815925448890152994      
   6.45519815473444292947807130443492848      
   6.45484998895576790069506509121138056      
   6.45448369060049763718355319374537845      
   6.45409836927580826739397518301868221      
   6.45369308593031215755845280223642988      
   6.45326684857943226075691254535719481      
   6.45281860924261636160757648271929151      
   6.45234726009054576938944369252355915      
   6.45185162949673612428329839191615283      
   6.45133047793590157958892764051752630      
   6.45078249383187319502798541445732182      
   6.45020628774206041622015622957948907      
   6.44960038865408105906656685779765207      
   6.44896323790173815793789030255128683      
   6.44829318391885555161620201979832812      
   6.44758847503327375024434423414514499      
   6.44684725549869679946466612975105822      
   6.44606755588293157755877648668492950      
   6.44524728788976021199219237106343535      
   6.44438423629025706177903193983621684      
   6.44347604954439717576024197469437187      
   6.44252023339999559829163042379904093      
   6.44151413981737369105019038536935842      
   6.44045495817517517964278889273959613      
   6.43933970440863861893400634242896377      
   6.43816521070887501281474090983009632      
   6.43692811340186100404824241569956226      
   6.43562484076420148797769631842425455      
   6.43425159989021976540075533392930557      
   6.43280436309199736868596700052295365      
   6.43127885300806511646391374124226111      
   6.42967052723522166763590629160555664      
   6.42797456223292022452658122913043879      
   6.42618583608920867537610109936525034      
   6.42429891081628313204741479209065270      
   6.42230801367835296429027060237815577      
   6.42020701763853069623088143088008480      
   6.41798942156528062109263586169205085      
   6.41564833000687147979578396059251637      
   6.41317643284413819363096775919117373      
   6.41056598382972047912163658212259704      
   6.40780878091860761652873283713952793      
   6.40489614667824523824938501759805427      
   6.40181891005525979521927065716874628      
   6.39856739021444200838288508354061492      
   6.39513138262456767352193984408476672      
   6.39150014941882561211414059537675687      
   6.38766241308853487718943906452746673      
   6.38360635633069470928107552160671148      
   6.37931962751218389087197026549328887      
   6.37478935350057222471336392011619573      
   6.37000215931103983168159106149530012      
   6.36494419612923575950673899990869089      
   6.35960118042788942848636384168093219      
   6.35395843390355789708069317317276802      
   6.34800093689715433759558967789368196      
   6.34171338426281193137970466099945704      
   6.33508024455772646215898301490067797      
   6.32808582637234113654062853031798260      
   6.32071433759456219715228047001150711      
   6.31294994895438499571182277841291754      
   6.30477684952330012658704437343943539      
   6.29617930237011398983595258914127575      
   6.28714168622451359055039955451250694      
   6.27764853647580887812028464980052389      
   6.26768457734602605341784262262551750      
   6.25723474581181688693709767084984773      
   6.24628420376071167052239754514325438      
   6.23481835768409879342184708714078258      
   6.22282285733338864733124740321667960      
   6.21028359967896677389486390826591325      
   6.19718672386631020270217459734291920      
   6.18351860638256484380418623380458696      
   6.16926585372846494239494763971568306      
   6.15441529200210848893563750905377856      
   6.13895395775533502369665685393953253      
   6.12286908577184983770585829690041335      
   6.10614809931009854234288369970410433      
   6.08877859861796244014223106252340190      
   6.07074835071574100353116260187520968      
   6.05204527873222812409013664311610259      
   6.03265745227691653484884788498181794      
   6.01257307760889671504899105807241215      
   5.99178048859130495777155992774389400      
   5.97026813753200665081496288253342782      
   5.94802458612569837214249783562307232      
   5.92503849660663146804585950284672359      
   5.90129862390617928275608035767222542      
   5.87679380513963238181577788448760263      
   5.85151295266432356497400721956972492      
   5.82544504355858816409991970224743416      
   5.79857911147989806488586424941775149      
   5.77090423749785020052409312035070324      
   5.74240954038153658632694964111905878      
   5.71308416759011947226508807645789520      
   5.68291728713376673990622938281598168      
   5.65189807700522429803621994952761703      
   5.62001571880310005568071273676581776      
   5.58725938652046555648241448137352353      
   5.55361823944050135762318352923571360      
   5.51908141526344727052750428871935609      
   5.48363802155031026736513078289092846      
   5.44727712879262184267673376740901576      
   5.40998776503610969864915954369961868      
   5.37175890901917561166046765532682851      
   5.33257948577904148294791036949274714      
   5.29243836078264855359344081688011145      
   5.25132433624688350120302898313296247      
   5.20922614726012085454185172770911995      
   5.16613245845656130623681957004950897      
   5.12203186114591771536866881850977210      
   5.07691287089786020391416738026779507      
   5.03076392546700640997328415736421852      
   4.98357338320923690143035079658855990      
   4.93532952162502051405749763419872980      
   4.88602053620593839186627853045584634      
   4.83563453995897801128690087804258670      
   4.78415956227397223400801021427251828      
   4.73158354953473740751280892025542823      
   4.67789436359138396366671568251499806      
   4.62307978253905335043715677370473936      
   4.56712750053661909758474316575279503      
   4.51002512810317897557769362509660547      
   4.45176019213618357135685599571091420      
   4.39232013639403758306851005054254151      
   4.33169232184644318014661483863317673      
   4.26986402681499403235456588443302145      
   4.20682244785645880953964911411686770      
   4.14255469968211709524824766879183804      
   4.07704781598487435518205366038885511      
   4.01028875003468480594537152695112434      
   3.94226437454465548311472555471625538      
   3.87296148290237366197071103891970461      
   3.80236678911487965069375233270135791      
   3.73046692819368308960306019772120925      
   3.65724845719176635424347421769832589      
   3.58269785502697663422523230584478739      
   3.50680152304510459148639000794228379      
   3.42954578561422290043135931260486192      
   3.35091689033530608475203646862492170      
   3.27090100840573036234403549882136201      
   3.18948423502244863783367936670588014      
   3.10665258962056327906139608784293383      
   3.02239201633835469242464076226982094      
   2.93668838401048472494071794279741845      
   2.84952748683473277412046138812295055      
   2.76089504434809524953858423702770236      
   2.67077670172794899040885325596295213      
   2.57915803010579347241974133124487796      
   2.48602452655890669864329610055726249      
   2.39136161476173441462388225617906516      
   2.29515464455888420905103522084057245      
   2.19738889267106321273161153575740724      
   2.09804956254722836426449497947913889      
   1.99712178463936930240425969902529860      
   1.89459061658953358489591532464802402      
   1.79044104308419963462557222298456975      
   1.68465797657953879546459817360731188      
   1.57722625663862077687607691101755572      
   1.46813065062334144402748146070306569      
   1.35735585340673083433365411641742448      
   1.24488648787844531585056250912372412      
   1.13070710463777112989996116164528845      
   1.01480218239450913961798141585350102      
  0.897156127504771617629972961989896655      
  0.777753274968004098074173575271538765      
  0.656577887525174456290030686648761155      
  0.533614156290522361626253940251381746      
  0.408846200610662180482744089268175386      
  0.282258068127825427394970197745372190      
  0.153833734903932297882740965797135339      
   2.35571053268231123498907801767829680E-0002
 -0.108587987656281122646852574710008513      
 -0.242617782678724746303919558509708305      
 -0.378548589859636459052531702187996710      
 -0.516396790689230449367250472914051042      
 -0.656178838301583702807606204705252514      
 -0.797911256827887607312130618588184175      
 -0.941610642071253059283585447160488830      
  -1.08729366099509102647866003496959280      
  -1.23497705191694098958659561787124484      
  -1.38467762447479983715765424681521968      
  -1.53641225949930947394555461296439206      
  -1.69019790902889671214838325906600156      
  -1.84605159627468413994900173521382910      
  -2.00399041594872774706444043889831269      
  -2.16403153349052474597236245143832803      
  -2.32619218570584662570048911925937653      
  -2.49048968055634247993835403801284147      
  -2.65694139700088698843479290970535451      
  -2.82556478511393693165125789792113861      
  -2.99637736595739255834312837204764845      
  -3.16939673187950452095038919259261064      
  -3.34464054606742072847098214437789344      
  -3.52212654261005829750936855629296728      
  -3.70187252679475773478386561024096778      
  -3.88389637468939697699210705382288702      
  -4.06821603340390342973254961570286966      
  -4.25484952091803791682275713220510481      
  -4.44381492609189718336895529441812222      
  -4.63513040863484027630784406066179986      
  -4.82881419925485619319085779623763826      
  -5.02488459918607179787847633081137261      
  -5.22335998062934829070710181776456613      
