   6.46114195192883683103959025933776710      
   6.46114195192883683103959028499496191      
   6.46114195192883683103958322865347793      
   6.46114195192883683078620411275092607      
   6.46114195192883663673802754748015243      
   6.46114195192881783250735585207048533      
   6.46114195192829036433698842401379445      
   6.46114195192168715241865884733848960      
   6.46114195187406754733372299543132944      
   6.46114195164174184608267565473988052      
   6.46114195078975205275783226875662433      
   6.46114194826775752890229647686303196      
   6.46114194193521790468702284657828047      
   6.46114192796037177251475919005924537      
   6.46114190009971534446658283912319163      
   6.46114184910851943674971771428281220      
   6.46114176200773566938776584731931559      
   6.46114162147483480317161240397195734      
   6.46114140539327952573466607088365991      
   6.46114108649326833537701532347532599      
   6.46114063214044391055441784140894596      
   6.46114000426786043463937173432600075      
   6.46113915943525622652078843874993790      
   6.46113804913192446052449536732997062      
   6.46113662013229335424682180560417586      
   6.46113481506040343602520910551529406      
   6.46113257309491752113458625514556626      
   6.46112983075939875664444999400006617      
   6.46112652289234093573778638339003572      
   6.46112258357070352525415046751155063      
   6.46111794702578154877828585837481623      
   6.46111254852425256135944399898090972      
   6.46110632520755384508580205913037915      
   6.46109921669557711303642628623084920      
   6.46109116545465944291227177419323576      
   6.46108211727706630696735304483380007      
   6.46107202114600001212477545563480254      
   6.46106082909160343193313589120888970      
   6.46104849586007842282785228577460208      
   6.46103497834237220895540741389052070      
   6.46102023492684212353197359269231204      
   6.46100422463884762351738694727327351      
   6.46098690612752958437412215657373860      
   6.46096823694937975082867894919358966      
   6.46094817224743047487014237206485965      
   6.46092666384783264081214132001529372      
   6.46090365924152858188253436258485348      
   6.46087910061771563256845147027935322      
   6.46085292394026763675711692083308413      
   6.46082505806333234264749638431903634      
   6.46079542411983795444214489630241327      
   6.46076393477994411136255834205917026      
   6.46073049359181345759576905392039668      
   6.46069499456091081876149021242351452      
   6.46065732174097378718721754911551329      
   6.46061734894095623779911278232063118      
   6.46057493946014114179200308548573871      
   6.46052994599135194522363424220071519      
   6.46048221048734366651765432193357780      
   6.46043156408079642940250963314183151      
   6.46037782709962836938488636646222213      
   6.46032080918771650948926995145362746      
   6.46026030930138922215976025382840262      
   6.46019611574845462430893307417021660      
   6.46012800638411366128422828692081603      
   6.46005574866287786501967965117693985      
   6.45997909966154277600893489680080786      
   6.45989780620265254496998569360689141      
   6.45981160487242071719703992563264570      
   6.45972022201685424527635166833921303      
   6.45962337367903875359510422750870601      
   6.45952076559644201855993862313285851      
   6.45941209308793046221297876609034760      
   6.45929704077576009342999667841000454      
   6.45917528237590071979685420941100349      
   6.45904648038673028914435373326027692      
   6.45891028572493958196203777512854175      
   6.45876633728102288232267897167941921      
   6.45861426141522787299891498567455466      
   6.45845367079704476666748448579536306      
   6.45828416512057161190213220857956471      
   6.45810532936609819073538290164911627      
   6.45791673168528956346001450964423483      
   6.45771792530060460322414760268943682      
   6.45750844535656389757877946373477716      
   6.45728780868536869016838856845065622      
   6.45705551102901269787837663163919293      
   6.45681102836830171435473143062646058      
   6.45655381316046206008881879715522014      
   6.45628329321046294475055360073837963      
   6.45599887075995372018680980427006171      
   6.45569992007865882035913094883751969      
   6.45538578544113729477338711371677259      
   6.45505577939105432684653592503160503      
   6.45470918016374469048165720523979395      
   6.45434522907071252469848259714271030      
   6.45396312898829864594272510222554211      
   6.45356204046494833304875301590230719      
   6.45314107968516563363890719886248285      
   6.45269931487794309847543757759090709      
   6.45223576334837156376882142606740213      
   6.45174938795416770358493472799968696      
   6.45123909366284826506079293189838815      
   6.45070372314761349533745638240765543      
   6.45014205315219319377368605607265749      
   6.44955279016983770450199688697385282      
   6.44893456535818045733680001657045820      
   6.44828592988124644398935351879223786      
   6.44760534986553959440968382818338643      
   6.44689120040983504101943954626248812      
   6.44614176032785714626553842941150746      
   6.44535520524304416006649974727022440      
   6.44452960124755416719161672357498550      
   6.44366289801219328380500550650154905      
   6.44275292126999223671094967630218480      
   6.44179736451103236469307805069192189      
   6.44079378105116401663409786983412412      
   6.43973957464033679561477682333099820      
   6.43863199021822767121152502056461067      
   6.43746810366876531513576577772581305      
   6.43624481111508519374883877896475489      
   6.43495881746536218198323401204004315      
   6.43360662413320907210463649910087768      
   6.43218451680367099737740122800716452      
   6.43068855102120271430735288802186948      
   6.42911453819151395051336915160090844      
   6.42745803022523309054428743155472998      
   6.42571430343789605814150539225036093      
   6.42387834159796606120272058046388441      
   6.42194481805999861665776524652535257      
   6.41990807716992121560165605962902164      
   6.41776211511476440683891424100523931      
   6.41550055860897580200325646370649551      
   6.41311664589278093400965921893331987      
   6.41060320474768138666236313779524449      
   6.40795263116493136222182589788916191      
   6.40515686861882555741979860839546082      
   6.40220738723724359611473307777987756      
   6.39909516460864326077846609612177770      
   6.39581066772623165865236729820914945      
   6.39234383782398766990742711132762542      
   6.38868407789564566107861950400717557      
   6.38482024467567941175557481326996568      
   6.38074064581859603439833247776096772      
   6.37643304178761016922672553606131539      
   6.37188465722671432831546424480773041      
   6.36708219716499395356726240381791632      
   6.36201187289742442827117657370566906      
   6.35665943620324383806694699649914985      
   6.35101021953618766051876508889391009      
   6.34504918949936952858285816727357905      
   6.33876099605132654444748177476504534      
   6.33213004025177150295572227654967885      
   6.32514053233075578174337028721834796      
   6.31777655813697393783386363042887833      
   6.31002214151447772283005312086118896      
   6.30186130517665115524070306584486784      
   6.29327812522461565954536354682563248      
   6.28425678022904552936699702398885923      
   6.27478159419740133162340759348241412      
   6.26483706966176782793843983803881450      
   6.25440791784390118996446932633523862      
   6.24347907503868079083809077899153572      
   6.23203572052214672102423012591609074      
   6.22006328117091859152606960596142731      
   6.20754743619032684234158845855750488      
   6.19447411656352486920274359549460324      
   6.18082949940117079227712334688592737      
   6.16660000444651935441608939412900983      
   6.15177228309241243421935011244854539      
   6.13633321079952095620172427219154820      
   6.12026987776752413031595299414051391      
   6.10356957859766615359585523267512201      
   6.08621980137647984632424545107342916      
   6.06820821931023143487045198121473097      
   6.04952267920628512090938736584646419      
   6.03015119313894615929724783957304964      
   6.01008192731693606669644705787041790      
   5.98930319422015774523365172031270489      
   5.96780344165879664669603751406423867      
   5.94557124362432097425916667574923958      
   5.92259529047834307884393185504290551      
   5.89886437775518041801075765800834978      
   5.87436739842326615392115690049364217      
   5.84909332855291247952655325864005558      
   5.82303121969827739359391004618599104      
   5.79617018576248630872191944491591994      
   5.76849939275365293704858287699691445      
   5.74000804809806859663531367225538721      
   5.71068538877887845950420097187770505      
   5.68052066985534752355185794363315638      
   5.64950315544429898841157327727089304      
   5.61762210676321781244298915046324533      
   5.58486677363568505781045313890946886      
   5.55122638441425953255201545808803803      
   5.51669013882123713946848169738378981      
   5.48124719830304932107317451858762278      
   5.44488667967637462002479156498250162      
   5.40759764871395097078434117211105967      
   5.36936911361256901877610896879481572      
   5.33019002077664567695969121998049525      
   5.29004924923986325389737502637847310      
   5.24893560762656113847027100250685177      
   5.20683783038629006993144805322298654      
   5.16374457478868851411481621958444264      
   5.11964441916802531669613116577164384      
   5.07452586082458551394879198859910877      
   5.02837731414295761829096823160784763      
   4.98118711017821570849736107394578009      
   4.93294349519531854843487760895330699      
   4.88363463026283697267130732881336657      
   4.83324859133538586020698317983553272      
   4.78177336872422833741552315646608285      
   4.72919686711693235065270094706436543      
   4.67550690545311720548126389202079361      
   4.62069121789227503887628719325511586      
   4.56473745376376072664249851651527074      
   4.50763317797099633563682527538852895      
   4.44936587155121284280004211085425598      
   4.38992293194436406271539925626861786      
   4.32929167400657070481223652702455656      
   4.26745933009934943793762960401679513      
   4.20441305074978488913064163027430776      
   4.14013990547950894148955099090853829      
   4.07462688303906813783238100504802523      
   4.00786089202092678010173042892625704      
   3.93982876170998865538639337015027821      
   3.87051724203693124510883906038719621      
   3.79991300458237653657937685236035556      
   3.72800264276277427905066301402129407      
   3.65477267244852925122461543935894733      
   3.58020953228443470445210476865319829      
   3.50429958420278911763700176058352576      
   3.42702911379904541915339983924893016      
   3.34838433061263339367579629828537922      
   3.26835136852348842643271617160403622      
   3.18691628623492745368044122726378831      
   3.10406506736270668055936921034932917      
   3.01978362090591467106212141386198988      
   2.93405778134850040511317451752898973      
   2.84687330955585435215281158041401729      
   2.75821589023797407231027037902607978      
   2.66807113781313668678771083318312148      
   2.57642459109473759318319584669463159      
   2.48326171593426374217736106605508624      
   2.38856790508478152878755843371481768      
   2.29232847843454249492945020197668970      
   2.19452868303913429589487069260744488      
   2.09515369321954895350597424604879586      
   1.99418861068845073034162505608950986      
   1.89161846521297851581606461001777004      
   1.78742821374251010717312785453289071      
   1.68160274133505183640027794188270364      
   1.57412686080230603145095725391557683      
   1.46498531298359910937259311236872595      
   1.35416276696008173063973740959433750      
   1.24164381977232242859488827196857742      
   1.12741299656568047906016708808096850      
   1.01145475126659049328929526180323024      
  0.893753465677131288459390553449071626      
  0.774293450149800006819567457878889369      
  0.653058943667610474850180820575534266      
  0.530034113344633319224838216406273453      
  0.405203055144805084210526428279585746      
  0.278549793542719612018740753096649070      
  0.150058281463239739658415587720310897      
   1.97124005836090743103851109330302765E-0002
 -0.112504038614968127823538576727518848      
 -0.246607297196448696843015265029799314      
 -0.382613707292833754233753536704300095      
 -0.520539672344054386505632770611585637      
 -0.660401667009807562956509396664920103      
 -0.802216237374793678954052314981787286      
 -0.946000000316078903434242198982729500      
  -1.09176964398600447641339863569002503      
  -1.23954192807213579867906337181114495      
  -1.38933368289101028327238787029357671      
  -1.54116180997834819810520195162755502      
  -1.69504328212952164472550344923681028      
  -1.85099514350356399661375387053643254      
  -2.00903450846465093714907489302526893      
  -2.16917856308019250853402480130662421      
  -2.33144456438371735733642075258750891      
  -2.49584984046836488897642515173979011      
  -2.66241179014757495806128686592566534      
  -2.83114788334760794288999615563558776      
  -3.00207566126469473268916051046593094      
  -3.17521273567542100397725059005102838      
  -3.35057678938611448648775619834503824      
  -3.52818557616905113617356226773087550      
  -3.70805692092056183718240058628666617      
  -3.89020871915438479438827780483717119      
  -4.07465893725650494029943172645541446      
  -4.26142561248013180053653950220507061      
  -4.45052685307821907974615657758412847      
  -4.64198083837188710389355591009819764      
  -4.83580581763192520278623195850559576      
  -5.03202011146735083969637847632750002      
  -5.23064211143138882093723893478002980      
  -5.43169027946771603799199996562383222      
