   6.46114195192883683103959025933776710      
   6.46114195192883683103959028499496191      
   6.46114195192883683103958957409801811      
   6.46114195192883683098873345102373361      
   6.46114195192883677727117257343930172      
   6.46114195192883031831162079383074604      
   6.46114195192861854268133561781376684      
   6.46114195192563371631054133467295171      
   6.46114195190200984912722515228044883      
   6.46114195177780779587540448302426696      
   6.46114195129357025067642381209514803      
   6.46114194978521973310620560510665819      
   6.46114194583141988097396882732963211      
   6.46114193677959119167670414868554811      
   6.46114191818029547154206944685644799      
   6.46114188314731808440985290151888305      
   6.46114182180075586988911895578019920      
   6.46114172068276969936823390209111388      
   6.46114156220930389127192994618054397      
   6.46114132429126760126409390293145976      
   6.46114098004726445356622480657286574      
   6.46114049763852593622268877849915987      
   6.46113984023643346587972434666126299      
   6.46113896617828101919820232700623738      
   6.46113782920178599658309377538868768      
   6.46113637887482681396580091852501827      
   6.46113456115488581718087219887264190      
   6.46113231907094446970017457637708426      
   6.46112959348748095085278085890353515      
   6.46112632394056493518985222030746052      
   6.46112244954503330587221305607273403      
   6.46111790973371630106136752870610674      
   6.46111264503370758932998469822141498      
   6.46110659769138570338101126595204285      
   6.46109971212799176011998270294809366      
   6.46109193532985326338831089250273629      
   6.46108321683013601284583170833880884      
   6.46107350883811121198707946739031415      
   6.46106276586649623524894719006576160      
   6.46105094429696335826897705965987255      
   6.46103800185303664045490625319879927      
   6.46102389689401331637157210396455503      
   6.46100858763115828658886676943248797      
   6.46099203122284379569421341030368351      
   6.46097418291462600848353856634136441      
   6.46095499507815910308830720110146490      
   6.46093441636663461011180344376918681      
   6.46091239067055312798609567766395701      
   6.46088885633521653497598395445724935      
   6.46086374535344172479670081208927785      
   6.46083698263558241512767242740918841      
   6.46080848533401191854538099384076066      
   6.46077816225916209173159340858824952      
   6.46074591340785876529071326895228720      
   6.46071162958640927649343112486676612      
   6.46067519198039042143013836563365280      
   6.46063647189419953653816419578408580      
   6.46059533056392103566309604778381147      
   6.46055161899946272377151107121993146      
   6.46050517794330604728526880402759916      
   6.46045583771770082046757752051958874      
   6.46040341838652990882448253077106316      
   6.46034772958863489628962489558277288      
   6.46028857063418901161735970028956941      
   6.46022573051465254050885052733512666      
   6.46015898806427716017556805972479855      
   6.46008811187160800733646069685114009      
   6.46001286026675329170768673966706475      
   6.45993298151227614319642641302639676      
   6.45984821359268462931598069418791096      
   6.45975828419034840584816731230212220      
   6.45966291062925228964553718276159722      
   6.45956179970190641007230248410048993      
   6.45945464744778523871117370707871529      
   6.45934113889481414416805162512545421      
   6.45922094774844091629653349095118957      
   6.45909373613317626060265102442407482      
   6.45895915397180032012346081192061994      
   6.45881683851257904432839835097002674      
   6.45866641373782696179033500672405227      
   6.45850748967928261050081569377108684      
   6.45833966169287196167195383543004212      
   6.45816250960528233415164903814394136      
   6.45797559635769861624480557385772200      
   6.45777846795496583878063991807694274      
   6.45757065230508739404975051932808671      
   6.45735165464506299869505876898363342      
   6.45712096302955634070119122562361614      
   6.45687803974680298662837640334878743      
   6.45662232429730868767433973925087808      
   6.45635323011198269965209040344352967      
   6.45607014231282853022978651665189492      
   6.45577241756174103677605960173854968      
   6.45545937983853489737227670738063830      
   6.45513031951327742539880432757902600      
   6.45478449134126601446713580177361306      
   6.45442111044847429695150384474046267      
   6.45403935145653292697904743340345797      
   6.45363834453715073091142179625110918      
   6.45321717244122011976039025291070213      
   6.45277486751946580729678815884900967      
   6.45231040900662236089244654181162063      
   6.45182271819790252981499191028722022      
   6.45131065540169578550527781216324596      
   6.45077301559646937682420370262203696      
   6.45020852434834726857839613116309981      
   6.44961583307561288447032181063502122      
   6.44899351400587996379476220866734010      
   6.44834005558532688931123969134626728      
   6.44765385673012232652754754869106169      
   6.44693322035474663049663389942939419      
   6.44617634860589450548437591205278527      
   6.44538133499651068349083310261944044      
   6.44454615835963753093646836817435772      
   6.44366867478288339247764063453354620      
   6.44274661038117147201894383442659479      
   6.44177755261877338340236278644312803      
   6.44075894152644501788485917843842456      
   6.43968806038291181838120336830970298      
   6.43856202563308688026265191150810115      
   6.43737777628120662000747935016598814      
   6.43613206293444642509139666145930690      
   6.43482143542196903456890826719666905      
   6.43344223039284133207267036050556336      
   6.43199055787024935890891892401367193      
   6.43046228703645222292733990074744728      
   6.42885303113014081509259398975059490      
   6.42715813166360419239690549199752918      
   6.42537264177328212583615694074966190      
   6.42349130840515992284741210793915486      
   6.42150855445975974554986694153883480      
   6.41941845936791842515654794510501449      
   6.41721473861400860099615260963131393      
   6.41489072456156168090325644956844416      
   6.41243934489604872679897317556865663      
   6.40985310153836257733073949015337855      
   6.40712404998015691283436621074737500      
   6.40424377887021580357068834725594057      
   6.40120339025944994518446671144929168      
   6.39799348179649617768791489178423543      
   6.39460413104464455213961792623271775      
   6.39102488225592563013339463016335620      
   6.38724473830253900776330404723564842      
   6.38325215558243484222892962288581701      
   6.37903504633493769024495662991242972      
   6.37458078653628466041000981855556102      
   6.36987623162467822390028603085698058      
   6.36490774003675574125643675205473512      
   6.35966120443245864350694071045425413      
   6.35412209335251651394422574321787644      
   6.34827549683622876074912655611755791      
   6.34210618104504505119062076395303432      
   6.33559864710823108609028993869445349      
   6.32873719427055552328648566459729696      
   6.32150598351514546902913512648069530      
   6.31388910037060639219898717372116651      
   6.30587061583809186758031879564738440      
   6.29743464222515712502484790131818591      
   6.28856538408088061004128191590391343      
   6.27924717997885493999097155719959729      
   6.26946454198654262694485357349245068      
   6.25920218146999765348635826654620874      
   6.24844503123272153097201892696534257      
   6.23717826170199191375116931850378335      
   6.22538728931645875943210901005827610      
   6.21305777954305939846458172802548406      
   6.20017564758314997238607075092799627      
   6.18672705390072699133316068701055737      
   6.17269839953282743433440532403608533      
   6.15807631590310542329236856020016891      
   6.14284765693406811525825168435580151      
   6.12699948936908851972712321117618106      
   6.11051908139528350779244554861162292      
   6.09339389338760188761548832851613470      
   6.07561156676365395890740899191808003      
   6.05715991428023376860874473865151738      
   6.03802691033807656184142798618989639      
   6.01820068023469398959595226200801523      
   5.99766949253437480226493143361161649      
   5.97642174801884933182428727048884662      
   5.95444597105213568291498851601280317      
   5.93173080032276160231595651827226370      
   5.90826497796652616531533111013734648      
   5.88403734267390532164317818427416021      
   5.85903681708176279646973209192703677      
   5.83325239859809835579500186099410259      
   5.80667314966332085120320788160180316      
   5.77928818733805648215314743279639008      
   5.75108667234885707971567985280411453      
   5.72205779873815867801530000496419100      
   5.69219078389672406890426187159000380      
   5.66147485834582870499239922960556395      
   5.62989925579222603390345381586878406      
   5.59745320399900544877892823707634105      
   5.56412591503873376597934812726607361      
   5.52990657825050670326925492925941508      
   5.49478434909196237032092805006685230      
   5.45874834586586328621482299514634139      
   5.42178763944344380976510117001638880      
   5.38389124983625109345661163367618996      
   5.34504813833460137151284990858117801      
   5.30524720424885750696048300852383036      
   5.26447728047806511160192554593996282      
   5.22272712888095187622461910543384366      
   5.17998543751618406367890513948262270      
   5.13624081863922487802768037721504188      
   5.09148180559711176797094202575039913      
   5.04569685116562323914658503064267574      
   4.99887432637369333476876664538414151      
   4.95100251933515074963490131549394070      
   4.90206963392370620569749218303217752      
   4.85206378981685000569448833015353684      
   4.80097302222405963907413355815702458      
   4.74878528070437971340711885551887107      
   4.69548843012181052248954997961972412      
   4.64107025044617049619803162380216487      
   4.58551843690207100846373057451565724      
   4.52882060040943846244479160409580933      
   4.47096426764911463384375146930535915      
   4.41193688204527709374734666005068576      
   4.35172580365009435114372474897211343      
   4.29031830997446468602985670650874244      
   4.22770159651362940346592197082356383      
   4.16386277709527051902945954399391266      
   4.09878888454471989736190729597751706      
   4.03246687094314013877782950233494300      
   3.96488360882105129827041581359845937      
   3.89602589084739990304371098007088061      
   3.82588043079395206077547297664730764      
   3.75443386395171416402100582835926960      
   3.68167274750630484998333085059210288      
   3.60758356111597919504117633865837058      
   3.53215270709762180174812887925560297      
   3.45536651112485007395953365749455789      
   3.37721122246589961289273583719987551      
   3.29767301427507399953606158329216027      
   3.21673798402953140102250214704831967      
   3.13439215405847835074446391238776124      
   3.05062147123456477844149449687568396      
   2.96541180807536201217222683733429816      
   2.87874896223352869401844586837329459      
   2.79061865733580357192774128694870050      
   2.70100654298568331339418815969918708      
   2.60989819486268019961781782125609955      
   2.51727911527449196491425146226403544      
   2.42313473287645139294855779785179177      
   2.32745040335782432116779827776518718      
   2.23021140921474930377487491545297010      
   2.13140296000676682400364827463159396      
   2.03101019274478908734972673284749094      
   1.92901817153632896647321394054978943      
   1.82541188834133683443141331495976333      
   1.72017626244702242835429307620561429      
   1.61329614110973087001598653463207060      
   1.50475629914722411048091478633649154      
   1.39454143939604448517659642073292359      
   1.28263619282249679493794076667649536      
   1.16902511836418717343441784990783363      
   1.05369270309050061551088222479173739      
  0.936623362248285741099941400222801630      
  0.817801439471753563184823745690586881      
  0.697211206628399623865835561273174823      
  0.574836864000387730509073949056205909      
  0.450662540294718964208190491120958375      
  0.324672292687568038443889031502619608      
  0.196850106870355430169949962699523077      
   6.71798971172211594288234910906348285E-0002
  -6.43544938439504653925086255784950028E-0002
 -0.197769294311856755490043822331102369      
 -0.333080804398587959341112357563226014      
 -0.470305395693161165519541542394781969      
 -0.609459510194682738062069350681957823      
 -0.750559661780542543725111982929660331      
 -0.893622435488649522274190478046525133      
  -1.03866448760914312268997692201239187      
  -1.18570254571613709304266987379120529      
  -1.33475340889551586136197189545957712      
  -1.48583394641301907092638924102939648      
  -1.63896109934920716350809561328804856      
  -1.79415187985891452486791312161705878      
  -1.95142337119540962958745046365802755      
  -2.11079272779593347224208088974875404      
  -2.27227717518101002962313418874227021      
  -2.43589400968336395632241610765670229      
  -2.60166059873970709035247098502664513      
  -2.76959438088740124897416920023269495      
  -2.93971286562613799337840030798795421      
  -3.11203363408515972395544228842609048      
  -3.28657433728490577615365998676297426      
  -3.46335269770496307616928680726368348      
  -3.64238650883412215330876785283935296      
  -3.82369363500792017680204974625598302      
  -4.00729201152416042225366027427741627      
  -4.19319964509003658185807640331606853      
  -4.38143461188870680665900373419949239      
  -4.57201505995856935670379411882159410      
  -4.76495920799446941372734613711382195      
  -4.96028534539466009288569528511424890      
  -5.15801183272342880296782986158043227      
  -5.35815710076434243863965447624208977      
