-0.23255411696651E-11
-0.18604329357245E-10
-0.62789611995287E-10
-0.14885698981643E-09
-0.32301932083476E-09
-0.54138516281217E-09
-0.79836773653529E-09
-0.97423728866445E-09
-0.86254245803553E-09
 0.36039925631580E-08
 0.15960352553812E-07
 0.43714231329273E-07
 0.95842705706408E-07
 0.78322255702949E-05
-0.60683738744978E-05
 0.22915066748053E-04
-0.18310699620841E-04
-0.21744872498151E-05
 0.82507141056217E-05
-0.20110104084441E-04
 0.37778881436978E-05
-0.34203236805411E-05
 0.95259766052053E-05
 0.12599279989652E-04
 0.39741106710855E-04
 0.55460706150305E-04
 0.17655399829155E-03
-0.27064392686734E-04
 0.32375151167135E-03
 0.19153840327875E-03
 0.22837182721287E-03
 0.16947690585645E-03
-0.15032496225596E-03
 0.13620803836564E-02
-0.34280959472850E-04
 0.36148027432085E-03
 0.19821158192834E-02
 0.10810793323335E-02
-0.47171937711384E-03
 0.51416385240341E-03
 0.33561372942929E-02
 0.18302387349776E-02
 0.11521691896121E-02
 0.35219037630077E-02
 0.57490065249362E-02
 0.46335784147198E-02
 0.11675800306168E-02
 0.15506763044894E-02
 0.62988260776770E-02
 0.76612247768301E-02
 0.46258725576494E-02
 0.24034346766635E-02
 0.79387602002978E-02
 0.15625140380982E-01
 0.97027931969441E-02
 0.10057846492400E-01
 0.12335644240465E-01
 0.11313801248256E-01
 0.97659010242838E-02
 0.10999996574416E-01
 0.15033311764554E-01
 0.22787643997690E-01
 0.26550597638467E-01
 0.20779905975669E-01
 0.22801785160435E-01
 0.79183506202909E-03
 0.28957345028126E-01
 0.25454165982280E-01
 0.14239614240853E+00
 0.11087726009074E+00
-0.44548898968508E-01
-0.12877301376764E+00
-0.49989410710907E-01
-0.32017018176218E-02
 0.25275407511671E+00
 0.29841009188811E+00
 0.23936060745349E+00
 0.31503226201218E-02
-0.85896159815757E-01
-0.24951603452103E+00
-0.52235033823307E-01
 0.10597005028923E+00
 0.29579740137224E+00
 0.35197026847952E+00
 0.11530059403701E+00
 0.18751393697442E+00
 0.99293455038048E-01
 0.13951145763537E+00
 0.26326437228538E-01
-0.12348868780863E+00
-0.83604732671152E-01
 0.39847040050347E+00
 0.61611077868580E-01
-0.11493516479155E+00
 0.29684862822679E-01
 0.35721757943833E+00
 0.24381048236830E+00
-0.44483076382251E-01
 0.32911901594848E+00
 0.29522885963469E+00
 0.46606763032351E+00
 0.36817250517897E-01
 0.32567474857696E+00
-0.21372790251744E+00
 0.16070313918644E+00
 0.47293011676869E+00
 0.21684691338394E+00
 0.29859348993101E+00
 0.45293346913073E+00
 0.12233043362780E+01
 0.81662717099398E+00
 0.13089815163383E+01
 0.11663765553803E+01
 0.10755066709093E+01
 0.44198830421939E+00
 0.14004033070444E+01
 0.14341010439126E+01
 0.15910629959828E+01
 0.17693656529634E+01
 0.18316836135619E+01
 0.32523935982704E+01
 0.21715750603176E+01
 0.32795372415185E+01
 0.35559647847480E+01
 0.39296819067491E+01
 0.46498821394456E+01
 0.61140060352673E+01
 0.95175848431771E+01
 0.10309003842383E+02
 0.12320469896695E+02
 0.15874547319180E+02
 0.16126230193596E+02
 0.16638460863814E+02
 0.16540682544363E+02
 0.13093812784562E+02
 0.72097849120650E+01
-0.14293253933578E+01
-0.11740990465370E+02
-0.25329641945817E+02
-0.38407406183105E+02
-0.50070168606474E+02
-0.59227074030068E+02
-0.69999014060041E+02
-0.76501486866061E+02
-0.78843446582106E+02
-0.75975351175043E+02
-0.69324510772733E+02
-0.55721176256081E+02
-0.37597883052971E+02
-0.15227426562318E+02
 0.94356854900180E+01
 0.33790101093646E+02
 0.55539972610874E+02
 0.72547147708819E+02
 0.84147852448699E+02
 0.88222405521546E+02
 0.88891946955386E+02
 0.81825801740945E+02
 0.71535977790650E+02
 0.58860108619647E+02
 0.43974962998985E+02
 0.31423317187891E+02
 0.18256017291755E+02
 0.75096670879752E+01
-0.39084460058839E+01
-0.10653547622469E+02
-0.17091234633036E+02
-0.19023447929401E+02
-0.23611928091978E+02
-0.23884359245818E+02
-0.23436680204306E+02
-0.23852857555519E+02
-0.21197315003429E+02
-0.18575967459151E+02
-0.13761706246719E+02
-0.15750214925934E+02
-0.97719928963119E+01
-0.79367881645282E+01
-0.90285781102361E+01
-0.51176270057482E+01
-0.44725677484765E+01
-0.29782106034460E+01
-0.71995918647689E+00
 0.48066471026970E+01
 0.21744115647917E+01
 0.68497514703219E+01
 0.94970197905010E+01
 0.44056688812720E+01
 0.66692138706314E+01
 0.95961370000802E+01
 0.69414322349628E+01
 0.60467301266935E+01
 0.25716982129074E+01
 0.45728930754200E+00
 0.26220297174980E+01
 0.22739256683603E+01
-0.13837510414441E+01
-0.17829086557937E+01
-0.24248857741389E+01
-0.24619809212516E+01
-0.32355874178737E+01
-0.24488465436908E+01
-0.11493313189089E+01
-0.35190821303958E+01
-0.25291733215657E+01
-0.78254141176681E+01
-0.35774049595612E+01
-0.23826523925430E+01
-0.25372041058571E+01
 0.89449919896328E+00
-0.91828984783585E+00
-0.15589443872549E+01
-0.12223614189565E+01
-0.19606054572009E+00
-0.70411912622607E+00
-0.18245691643848E+01
-0.39473935911569E+00
-0.21682969400850E+01
-0.15444440017583E+01
-0.86578719604436E-02
-0.11521398447079E+01
-0.10206417857292E+01
-0.16816178331928E+01
 0.14125346114605E-01
-0.62137960007350E+00
-0.13021901825066E+01
-0.10612726205516E+01
-0.21456963412130E+01
-0.69865591378604E+00
-0.29727406340496E+01
-0.50097201112500E+00
-0.12121629357048E+01
-0.25685351982039E+01
-0.13765531369770E+01
-0.31233112822652E+01
-0.23426402934443E+01
-0.17078775986910E+01
-0.32613586680046E+01
-0.12964290756106E+01
-0.24182880800022E+01
-0.13893195039024E+01
-0.22492304981616E+01
-0.27439127536427E+01
-0.10055953111937E+01
-0.12782990126629E+01
-0.22298307722339E+01
-0.18512194073429E+01
-0.18677531419749E+01
-0.12454201529163E+01
-0.10065609756033E+01
-0.34982469168112E+01
-0.40712639559527E+01
-0.13705613943255E+01
-0.18729426308625E+01
-0.77979618220192E+00
 0.18858639757756E+01
 0.24928870058798E+01
 0.33464758055505E+01
 0.37820252408696E+01
 0.34442742691984E+01
 0.28294934967258E+01
 0.41981373956721E+01
 0.35086846810910E+01
 0.42461908646801E+01
 0.26238811690216E+01
 0.11139197609199E+01
 0.60268459266968E+01
 0.57747409165318E+01
 0.29315573787789E+01
 0.79911805167622E+01
-0.53482691542215E+01
 0.21772395373003E+01
-0.14515678491716E+00
-0.86331247191932E+01
-0.22057188317519E+01
 0.89828513999878E+01
 0.63325097431968E+01
 0.69464059681807E+01
 0.80503812659566E+01
 0.55198860710848E+01
 0.30701929045221E+01
 0.33198304587302E+01
-0.22039982465097E+01
-0.18899048860437E+01
-0.67879014084652E+00
-0.21043410629389E+01
 0.13897012511049E+00
-0.16214776387422E+01
-0.13718716928970E+02
-0.11424972908166E+02
-0.25770346355761E+01
 0.42730649615336E+00
-0.93456933038271E+00
 0.10477501676458E+02
 0.15765159961562E+02
 0.13544633625131E+02
 0.15847696532941E+02
 0.14939427243585E+02
 0.15385626463741E+02
 0.15449030823815E+02
