 0.11772717483620E-12
 0.18836347973727E-11
 0.95359012149922E-11
 0.30141988286042E-10
 0.68496198535353E-10
 0.14459354403595E-09
 0.25827300212275E-09
 0.72130551716965E-09
 0.12497702133415E-08
 0.35592332771023E-08
 0.90095888506223E-08
 0.19076833056780E-07
 0.41067315298461E-07
-0.75891066926857E-05
 0.82840944185226E-05
-0.54348768382019E-05
-0.11700281895414E-04
 0.11921845057935E-04
 0.10337511575808E-05
 0.94695329957948E-05
 0.18584989442717E-04
 0.11957906650963E-05
 0.30449157836110E-04
 0.47887704715487E-05
 0.36760452865190E-04
 0.56160901556167E-04
-0.42395580210851E-05
 0.21048959920891E-03
 0.15985432980839E-03
 0.37388590886924E-05
 0.91509291357894E-04
 0.43966794245766E-03
 0.12236245480500E-02
-0.16135187084975E-03
 0.45208678950228E-03
 0.21322618828899E-02
 0.37072716740802E-04
-0.17699419555143E-02
 0.10773861407154E-02
 0.53620806943808E-02
 0.29805008152372E-02
-0.17905448250359E-02
 0.51059917268316E-02
 0.55039559220626E-02
 0.19854970208490E-02
-0.18170299033739E-02
-0.51409294207974E-03
 0.42781290158833E-02
 0.69164384541588E-02
 0.10086533622448E-01
 0.98689202965191E-02
 0.10263030108281E-01
 0.15614530934140E-01
 0.10206870629628E-01
 0.54094490751006E-02
 0.69448778761185E-02
 0.55052767838727E-02
 0.10884261351869E-01
 0.19621635688121E-01
 0.24441026740954E-01
 0.26846377169610E-01
 0.29344618385688E-01
 0.21838591980153E-01
 0.13867850673886E-01
-0.75195681767763E-02
 0.90951411431347E-01
 0.94730462683495E-01
 0.22178002230464E+00
-0.18803634494219E+00
-0.45928188493716E+00
-0.14766564034257E+00
 0.18059363388202E+00
 0.51132756985257E+00
 0.55817024084095E+00
 0.36603594305947E+00
-0.16239439090168E+00
-0.61797217707309E+00
-0.86191452944878E+00
-0.49552939621389E+00
 0.11069762877690E+00
 0.41491146248908E+00
 0.17442590841624E+00
 0.34363292735108E+00
 0.70555124398387E+00
 0.62403140321282E-01
 0.13420991734579E+00
 0.89584534606335E+00
-0.18017630527522E+00
-0.60013709882343E+00
-0.59391742040780E+00
 0.13444174504574E+00
 0.15169732559937E+01
 0.57953230636192E+00
 0.33414571195523E+00
 0.75010782099810E+00
 0.15928937152722E+01
-0.63893550121752E+00
-0.22370431698394E-01
-0.26803807234989E-01
 0.45914699302254E+00
-0.84809287691379E+00
 0.13436095014940E+01
 0.48705812326068E+00
 0.39720478190100E+00
 0.11677164601344E+01
 0.15043815824537E+01
 0.19290154788661E+01
 0.25422164371687E+01
 0.24366239826322E+01
 0.27539997598831E+01
 0.67236857194331E+00
 0.25498991465944E+01
 0.17280576756545E+01
 0.21863415969738E+01
 0.40348260946392E+01
 0.48382761709322E+01
 0.77905964323456E+01
 0.83223689236775E+01
 0.83812587116817E+01
 0.11291358147747E+02
 0.12581175338877E+02
 0.23934937237900E+02
 0.25272975377013E+02
 0.29366200859650E+02
 0.46843989280238E+02
 0.58773021600534E+02
 0.66645303323695E+02
 0.75245078078080E+02
 0.80042269205074E+02
 0.73432088488398E+02
 0.66318503164910E+02
 0.39210461884825E+02
-0.41106464589882E+01
-0.75793146399686E+02
-0.14735994808684E+03
-0.22858811972079E+03
-0.30492811321327E+03
-0.36063543331015E+03
-0.41731726352058E+03
-0.45567615165488E+03
-0.42432481060045E+03
-0.38546012831847E+03
-0.31013844550446E+03
-0.21310832465006E+03
-0.79012648777368E+02
 0.79782838068060E+02
 0.24584397985889E+03
 0.41013508109709E+03
 0.56502007844338E+03
 0.65448156084032E+03
 0.71420161782955E+03
 0.70471140064345E+03
 0.64628909044474E+03
 0.53278613882385E+03
 0.39740026451880E+03
 0.23897136472071E+03
 0.92837629321017E+02
-0.53614084286836E+02
-0.17506837267319E+03
-0.27477016177405E+03
-0.33400875811497E+03
-0.37230220161625E+03
-0.38484564750829E+03
-0.36056126267834E+03
-0.32167499510136E+03
-0.29188130007296E+03
-0.23621163860499E+03
-0.20639790560932E+03
-0.17728318567275E+03
-0.12668988621572E+03
-0.99594441537674E+02
-0.71152464431455E+02
-0.57403392179832E+02
-0.55428977269810E+02
-0.55837712433750E+02
-0.71891893596249E+02
-0.49661455443988E+02
-0.89832529290962E+02
-0.68530088579828E+02
-0.74053908924109E+02
-0.11768361026423E+03
-0.11172802038120E+03
-0.15292414983250E+03
-0.15272306879187E+03
-0.18323378456701E+03
-0.24840092800200E+03
-0.30180896875193E+03
-0.33329404009588E+03
-0.28449707998241E+03
-0.39199186700630E+03
-0.41908603502168E+03
-0.38236528293137E+03
-0.49860348895840E+03
-0.41763509443580E+03
-0.48096949107736E+03
-0.46515126082401E+03
-0.55605332759651E+03
-0.68077515958352E+03
-0.80105604304007E+03
-0.59106782556147E+03
-0.52533760036530E+03
-0.53722920373618E+03
-0.71427318099454E+03
-0.53956689429230E+03
-0.66735394249820E+03
-0.89735060398978E+03
-0.61005510725608E+03
-0.75429409357913E+03
-0.64278636653345E+03
-0.77862444183298E+03
-0.73977000431643E+03
-0.77199514266147E+03
-0.72464643274091E+03
-0.78548114404944E+03
-0.72758584616197E+03
-0.70891774802496E+03
-0.78737642875994E+03
-0.71496067985939E+03
-0.71897084174230E+03
-0.78181941248377E+03
-0.72386890758695E+03
-0.69987031621090E+03
-0.66726253852681E+03
-0.69993940263133E+03
-0.68926327062584E+03
-0.65374339737825E+03
-0.67916635106117E+03
-0.68013782887830E+03
-0.64087553633869E+03
-0.62584860250524E+03
-0.66007444923985E+03
-0.62927012082065E+03
-0.63676661561485E+03
-0.65873660410682E+03
-0.62196470807758E+03
-0.62874687744050E+03
-0.66409094552810E+03
-0.68046008819242E+03
-0.60932125544784E+03
-0.60571376917445E+03
-0.64539280089629E+03
-0.62423812238648E+03
-0.61000492163831E+03
-0.64550754686656E+03
-0.66269532678912E+03
-0.59269262077605E+03
-0.58399448634986E+03
-0.58791569370196E+03
-0.61429383472434E+03
-0.55420881871631E+03
-0.55243114860996E+03
-0.56337869461635E+03
-0.61066653243434E+03
-0.53336584612991E+03
-0.55978171994774E+03
-0.56436519268541E+03
-0.56562552271212E+03
-0.55470735156292E+03
-0.51864138390494E+03
-0.51402422643231E+03
-0.51929575921320E+03
-0.50150143682599E+03
-0.45128778941026E+03
-0.42780035511243E+03
-0.43304344212306E+03
-0.38745366183138E+03
-0.33447784155063E+03
-0.35396129401137E+03
-0.27766400029708E+03
-0.29534161513355E+03
-0.11354318911629E+03
-0.17377400967757E+03
-0.22998825822738E+03
-0.15861303405678E+03
-0.16840080330982E+03
-0.27345847682767E+03
-0.22665379239268E+03
-0.22055558831726E+03
-0.29653921878168E+03
-0.27099219122994E+03
-0.29335234470131E+03
-0.33596640161353E+03
-0.29871068029412E+03
-0.34994593114152E+03
-0.45790705868055E+03
-0.44693245724717E+03
-0.41990008986844E+03
-0.43460068916158E+03
-0.41595970619154E+03
-0.59200599027542E+03
-0.78715059307090E+03
-0.89994484535438E+03
-0.10531078883799E+04
-0.12153639529659E+04
-0.11756750983104E+04
-0.12147844422659E+04
-0.13707608185318E+04
-0.12983825881080E+04
-0.13477843570730E+04
-0.16071299615775E+04
