 0.36026483326913E-09
 0.36026483326775E-09
 0.36026483326582E-09
 0.36026566311176E-09
 0.36136349793641E-09
 0.40493478235702E-09
 0.42558631665852E-09
 0.33343799241216E-09
 0.28145119310896E-09
 0.57568286648978E-09
 0.40386566801531E-09
 0.37209694105400E-09
 0.47930161505029E-09
 0.26857228313648E-09
 0.45739446459784E-09
 0.19773432968269E-09
 0.46608345917466E-09
 0.43149006446787E-09
 0.29122153000138E-09
 0.48740712401363E-09
 0.34911297909666E-09
 0.37846276220008E-09
 0.41646801360861E-09
 0.27968918959535E-09
 0.35967179777509E-09
 0.41892383452050E-09
 0.52532359648728E-09
 0.44303123930865E-09
 0.52236178678144E-09
 0.59874166890348E-09
 0.81299128098529E-09
 0.10911091047056E-08
 0.18145883106143E-08
 0.26110585491080E-08
 0.39316495833077E-08
 0.60227779230582E-08
 0.87969692631124E-08
 0.13420298138752E-07
 0.19911735232489E-07
 0.28997080477732E-07
 0.41562427475243E-07
 0.58812587675075E-07
 0.81863392592057E-07
 0.11263153641403E-06
 0.15335186137173E-06
 0.20621959780235E-06
 0.27407274189725E-06
 0.36052696425263E-06
 0.54450086120677E-06
 0.64269096800772E-06
 0.85403518825468E-06
 0.93007843499406E-06
 0.12514136799356E-05
 0.15502778632829E-05
 0.19234848491334E-05
 0.23705799788487E-05
 0.29026907438888E-05
 0.35322390776652E-05
 0.42731875474945E-05
 0.51406253052681E-05
 0.61512016500049E-05
 0.73225869271777E-05
 0.86746397368346E-05
 0.10228267322228E-04
 0.12006299806443E-04
 0.14032706728482E-04
 0.16333897728399E-04
 0.18937382052173E-04
 0.21873098323803E-04
 0.25171995197449E-04
 0.28867791625149E-04
 0.32995021184304E-04
 0.37590886006757E-04
 0.42694219846007E-04
 0.48345775129877E-04
 0.54588307054723E-04
 0.61466269846235E-04
 0.69026486755784E-04
 0.77317246688191E-04
 0.86388853277605E-04
 0.96293994304972E-04
 0.10707953489203E-03
 0.11882515847044E-03
 0.13159548092867E-03
 0.14532217905152E-03
 0.16025509619957E-03
 0.17651102007415E-03
 0.19387343184164E-03
 0.21245652150677E-03
 0.23254172482561E-03
 0.25408649584474E-03
 0.27716793404397E-03
 0.30186217163647E-03
 0.32824378461089E-03
 0.35639699537669E-03
 0.38640150698764E-03
 0.41833918941507E-03
 0.45229641071713E-03
 0.48836020387682E-03
 0.52662030749747E-03
 0.56716793179037E-03
 0.61009773052502E-03
 0.65550874081314E-03
 0.70349346556383E-03
 0.75419319151206E-03
 0.80670546330915E-03
 0.86061937445639E-03
 0.92371985116001E-03
 0.98564783989119E-03
 0.10442578985865E-02
 0.11202287444949E-02
 0.11925756914815E-02
 0.12666449486077E-02
 0.13437882482484E-02
 0.14316003569254E-02
 0.15149978869079E-02
 0.16102868793695E-02
 0.17058543131242E-02
 0.18077264764131E-02
 0.19142594724810E-02
 0.20047195294238E-02
 0.21335214014295E-02
 0.22541101966122E-02
 0.23720480374933E-02
 0.25034867774168E-02
 0.26359583563894E-02
 0.27696102496585E-02
 0.29189658240356E-02
 0.30643666652528E-02
 0.32155895685295E-02
 0.33727871920943E-02
 0.35356839345182E-02
 0.37058876774318E-02
 0.38805271509593E-02
 0.40423466371417E-02
 0.42092769386318E-02
 0.44096885897704E-02
 0.45835853090027E-02
 0.47654661574016E-02
 0.49410741836916E-02
 0.51175067749348E-02
 0.52903818091027E-02
 0.54452747131945E-02
 0.55899990026107E-02
 0.57142074160514E-02
 0.58237277404272E-02
 0.58919298270970E-02
 0.59419300395744E-02
 0.59372542506876E-02
 0.58753334426715E-02
 0.57725527553017E-02
 0.55669663276862E-02
 0.53159120126018E-02
 0.50683295437878E-02
 0.46290209880654E-02
 0.41297811381429E-02
 0.35973668096456E-02
 0.30011169910558E-02
 0.23573383041644E-02
 0.17260097251869E-02
 0.10868136662601E-02
 0.47293393452997E-03
-0.41851432502376E-04
-0.52099194007064E-03
-0.83446058023013E-03
-0.11033567751668E-02
-0.11864709761210E-02
-0.12113092998600E-02
-0.10742194576775E-02
-0.82933781312925E-03
-0.51653105442747E-03
-0.17357917728940E-03
 0.28375509580499E-03
 0.66734385398920E-03
 0.12243001586360E-02
 0.19181974538709E-02
 0.23626972608531E-02
 0.28499844544092E-02
 0.34486577522343E-02
 0.39115168990956E-02
 0.44222080954524E-02
 0.49599948894599E-02
 0.54267957120455E-02
 0.58574974244672E-02
 0.62320838422885E-02
 0.66136574346313E-02
 0.69763918998662E-02
 0.72942398481266E-02
 0.76036612714702E-02
 0.78321061311079E-02
 0.80705231322929E-02
 0.82558522880236E-02
 0.84237279851664E-02
 0.85567532048490E-02
 0.86603330605931E-02
 0.87215336647756E-02
 0.87556372434783E-02
 0.87978036177901E-02
 0.87868839716777E-02
 0.87738004586833E-02
 0.87348358532863E-02
 0.86737562419857E-02
 0.86037599880813E-02
 0.85440801206514E-02
 0.84436089921143E-02
 0.83411642765013E-02
 0.82547632842450E-02
 0.81655887519659E-02
 0.80710708427965E-02
 0.80027741704207E-02
 0.79438355660980E-02
 0.78318244004619E-02
 0.78129194208742E-02
 0.77642401196647E-02
 0.77157026588875E-02
 0.76977432455745E-02
 0.76801001183615E-02
 0.76860309248006E-02
 0.76874331058830E-02
 0.77223384289128E-02
 0.77262288835295E-02
 0.77537956581800E-02
 0.78126747529134E-02
 0.78258106998350E-02
 0.78850236300710E-02
 0.79599047736023E-02
 0.79807339053190E-02
 0.80567909769217E-02
 0.81156333769674E-02
 0.81684689597035E-02
 0.82310890386432E-02
 0.83012958815677E-02
 0.83387113056213E-02
 0.84053485415859E-02
 0.84299208764010E-02
 0.85182782940265E-02
 0.85466771177476E-02
 0.85920122312635E-02
 0.86181566724723E-02
 0.87037956426693E-02
 0.87166324833884E-02
 0.87499533908383E-02
 0.88067315375663E-02
 0.88424220765393E-02
 0.88456607361855E-02
 0.89086979626159E-02
 0.89135363786633E-02
 0.89532840348402E-02
 0.89523777894811E-02
 0.89960572168764E-02
 0.89866986815390E-02
 0.90294835333342E-02
 0.90245291278201E-02
 0.90434236007806E-02
 0.90649986514019E-02
 0.90504183684363E-02
 0.90734048290552E-02
 0.90779084020488E-02
 0.90813490095799E-02
 0.90731054636021E-02
 0.90821020310527E-02
 0.90751093209447E-02
 0.90850552681710E-02
 0.90785162922557E-02
 0.91083447882764E-02
 0.90711479787128E-02
 0.90582984139757E-02
 0.90604613986172E-02
 0.90399391786799E-02
 0.90531304723679E-02
 0.90510094057688E-02
 0.90368403534790E-02
 0.90456993764699E-02
 0.90251951219866E-02
 0.90205753630438E-02
 0.89627744487706E-02
 0.90323731281938E-02
 0.90250897785635E-02
 0.90456197361075E-02
 0.89723891730122E-02
 0.90206486523238E-02
 0.89580085969985E-02
 0.89749944197810E-02
 0.88637197574914E-02
 0.89953285874332E-02
 0.88514932993418E-02
 0.88135174878958E-02
 0.89086746881612E-02
 0.88780391350527E-02
 0.88774354187537E-02
 0.88048753177907E-02
 0.88080304507266E-02
 0.87865886846068E-02
 0.87526687409527E-02
 0.88349803622696E-02
 0.87925525338552E-02
 0.87207098488172E-02
 0.87866613926271E-02
 0.88500427032412E-02
 0.88084979439602E-02
