   6.46114229515578832787994501293249882      
   6.46114229515578832787994503858969363      
   6.46114229515578832787994507460013469      
   6.46114229515578832786445253264715027      
   6.46114229515578830736877830827186993      
   6.46114229515578543430523330540439297      
   6.46114229515567986084553771007332046      
   6.46114229515405411085426356474468537      
   6.46114229514024780706460362895146640      
   6.46114229506340386795102937374017447      
   6.46114229474944116454470138366172468      
   6.46114229373255762115414197526910479      
   6.46114229097773987430444678480497969      
   6.46114228449084290521718554289262913      
   6.46114227083410622851606966177248947      
   6.46114224455776934422691256413102882      
   6.46114219769051490563544367176009062      
   6.46114211915224511958061821377088826      
   6.46114199424398482981490036271204441      
   6.46114180423515006119939431244094824      
   6.46114152603598704116609140223110805      
   6.46114113198128281730064751151030182      
   6.46114058973777598922901243782526374      
   6.46113986234534004989685873896481712      
   6.46113890839868177985764747840672045      
   6.46113768237132895402008656811111154      
   6.46113613507639285044233771080992554      
   6.46113421424987442533874207577917838      
   6.46113186523302885383606283577402924      
   6.46112903170928283175772150829387632      
   6.46112565648858343781094362124248233      
   6.46112168232200579001115789709645816      
   6.46111705254204011445505066932066509      
   6.46111171171161865157809462769342152      
   6.46110560611535571301243634926892354      
   6.46109868410296658999862858768586697      
   6.46109089625702307786731883728450099      
   6.46108219544369441794308097353260741      
   6.46107253658428023472315891899874701      
   6.46106187651055301345323810604574239      
   6.46105017328830677787449528574322684      
   6.46103738574329788993199069517898959      
   6.46102347277183436809747135923486051      
   6.46100839259590657353165511011214374      
   6.46099210196878428193298344867725492      
   6.46097455534009112919876352205119922      
   6.46095570401840662326565309874247397      
   6.46093549547261159225991981665013601      
   6.46091387253474959180266129649233367      
   6.46089077260514406348855577560739525      
   6.46086612707773348453860872234656683      
   6.46083986075067488073993998647688063      
   6.46081189134207379895641205643838890      
   6.46078212905767368190787233616580974      
   6.46075047625467999698608505888229132      
   6.46071682722312363286043162728178132      
   6.46068106796607238018343157609485242      
   6.46064307615506403585016057532809520      
   6.46060272099483553671265192553838630      
   6.46055986328113898642880487159244172      
   6.46051435546408044580754493469401380      
   6.46046604181140712041053631082189172      
   6.46041475846981338792756209853908646      
   6.46036033381320648351645286379690857      
   6.46030258851912772936741692865762894      
   6.46024133582888313735547297723897632      
   6.46017638176370700848754220209492187      
   6.46010752545088545432227374905031968      
   6.46003455934304875460385464524896673      
   6.45995726936169888410049704935292744      
   6.45987543521188568959796721842542376      
   6.45978883058747173621872113880698023      
   6.45969722327492554313005559984434576      
   6.45960037534605176162720149577954343      
   6.45949804330040355123775957362028852      
   6.45938997809713041797753075844204913      
   6.45927592518831545492503069308906300      
   6.45915562458671578195380091566071823      
   6.45902881088428722729921663352206799      
   6.45889521302289512272575218576582110      
   6.45875455422785921928808162521387229      
   6.45860655180929099635461746700691832      
   6.45845091694419330253440849714223452      
   6.45828735439780626712520305541930242      
   6.45811556217297022503444930210926047      
   6.45793523105309125594251027021603488      
   6.45774604425032972969099168099647861      
   6.45754767672152279502210822225381256      
   6.45733979509009680222945735971412961      
   6.45712205633657714050607486184985557      
   6.45689410752835697113305553582875100      
   6.45665558455968144840720526905150034      
   6.45640611239887405037191056055304481      
   6.45614530278491875261560611405057841      
   6.45587275357643208991321374179806161      
   6.45558804945838066475071123757477031      
   6.45529075845561966653400658307085158      
   6.45498043210744786617471333432993912      
   6.45465660266894901157523717751112492      
   6.45431878457716166595919508530758037      
   6.45396647003189423946727238116231877      
   6.45359912872883614759320123178495757      
   6.45321620650377623183180807958432212      
   6.45281712303042152860824984717405932      
   6.45240127004917032981123665450578142      
   6.45196800914787796122386947759864501      
   6.45151667005299924846296180674110258      
   6.45104654853306574888272117161419150      
   6.45055690320829618046693024206375308      
   6.45004695339302838974968937653741541      
   6.44951587669497723066373394588680268      
   6.44896280581526305693934289694295258      
   6.44838682492397028304576826652397983      
   6.44778696778318607470677416378299755      
   6.44716221256191260977753680507344895      
   6.44651147908564247348749140898434029      
   6.44583362487186892901931392118286319      
   6.44512744022599205256798984303882500      
   6.44439164379543880029849456844142976      
   6.44362487820849279604173153065208880      
   6.44282570376867563839058716621702689      
   6.44199259356256414916869188437582515      
   6.44112392740888446934618534462032943      
   6.44021798416541280093967549490434920      
   6.43927293596470713337355392138036478      
   6.43828683955563167018761840631441531      
   6.43725762845137392002839810227929916      
   6.43618310380794841170252270562480533      
   6.43506092466935114900426372125756134      
   6.43388859741599904576907955278099861      
   6.43266346434566178625371007538863291      
   6.43138269113133120948314444249715683      
   6.43004325330416213334770695630033337      
   6.42864192148724707843872302769513311      
   6.42717524513779915449297633176263644      
   6.42563953539559359624885598934858072      
   6.42403084552552066180556657378028449      
   6.42234494973609861899623308334223263      
   6.42057732112468769886912072596507646      
   6.41872310600318726082114746896407678      
   6.41677709684160268648571802337244430      
   6.41473370243351369981768761932315610      
   6.41258691558513774937643846085713687      
   6.41033027752439042603128906574320521      
   6.40795684003009271454830076830840651      
   6.40545912380165007246189525931667997      
   6.40282907420503100850068337078202570      
   6.40005801396528879120169006874402196      
   6.39713659329633283985449136023727320      
   6.39405473777948468759201573711789363      
   6.39080159573262070192050596821746850      
   6.38736548525661181337167187156704750      
   6.38373384393958033391210133731313679      
   6.37989318331548523673951554877224790      
   6.37582905238533043989498742155796100      
   6.37152601147158996843801193036595857      
   6.36696762715790561441542293261647310      
   6.36213648587565002583559858999997542      
   6.35701423662328714822577365826661763      
   6.35158166299924057849383974763543574      
   6.34581878912695817744895427095289915      
   6.33970501529311954027310236436986972      
   6.33321928069491701581996088163805937      
   6.32634024510414900100218590740239949      
   6.31904647871283816658707078260934478      
   6.31131664886828106563211828199001660      
   6.30312969137594294544737051261052284      
   6.29446495824422772666464066911683466      
   6.28530233412644394843120306335759463      
   6.27562231888524195770875014957193598      
   6.26540607778554175305887060053766158      
   6.25463546012940644612967200268878492      
   6.24329299382390295845320649559699905      
   6.23136185961367760999993811154991186      
   6.21882585125126497872796327887883527      
   6.20566932613721982684195462072520909      
   6.19187715421834206394913564441366822      
   6.17743465978056619973455747094415329      
   6.16232757324057759275819143288534791      
   6.14654197337259901802159014189422581      
   6.13006424866517103043330622880772508      
   6.11288105042260080635554287969280654      
   6.09497925589247469226012465979334527      
   6.07634593629798081778460250324641410      
   6.05696832812951885072354071042085455      
   6.03683380800910182208120532307344601      
   6.01592987223751603613153785194484732      
   5.99424411891777753328591628201186350      
   5.97176423352354159465099329258355682      
   5.94847797688038593149758177534607711      
   5.92437317440113461921137963259810695      
   5.89943770853047881861381194943092583      
   5.87365951207193135984387456286850893      
   5.84702656269336825986834523355767613      
   5.81952687881538048266524579452731392      
   5.79114851645888678372293779432281990      
   5.76187956576699153588104306814665317      
   5.73170814922049903769360198402051212      
   5.70062241942231862693900488205596210      
   5.66861055695085748477794005687215705      
   5.63566076885997589124034011393560152      
   5.60176128548424234359686935985441774      
   5.56690035939548293168846442721728521      
   5.53106626155648285804558466870558226      
   5.49424727825074183057795609941345383      
   5.45643170901192043718272353190714239      
   5.41760786063149900776739825656496876      
   5.37776404399212398195890597937997691      
   5.33688856897984908814922509927749859      
   5.29496973950011394914486686651960604      
   5.25199584790425318538750986477141941      
   5.20795516976190268969340812830641264      
   5.16283595760027168545630748614459933      
   5.11662643516049289542606879827815896      
   5.06931479207305951996736547918811598      
   5.02088917744364098956429697010020291      
   4.97133769486055855283053079526951702      
   4.92064839687829455748774420455795880      
   4.86880927972391504782399920049971523      
   4.81580827907203021446761200008002241      
   4.76163326520317151050443571200820837      
   4.70627203950196730333681435970991680      
   4.64971233038805548248670346967722298      
   4.59194179036258624536011007768503107      
   4.53294799298955732148022684561839958      
   4.47271843095813714383416133512646351      
   4.41124051353994046809800556126761125      
   4.34850156470670743136188423622675824      
   4.28448882215182822339913206905896491      
   4.21918943640886964855402878538404942      
   4.15259046885703688753774425446213307      
   4.08467889230250983325181522419548278      
   4.01544158953968265552488955946122469      
   3.94486535424489796111176418728226515      
   3.87293688976465955085964607220873091      
   3.79964280975485666721244250184745715      
   3.72496963868978490017630873950417452      
   3.64890381104645807663865670522073956      
   3.57143167322286934117831513815775234      
   3.49253948240838337013454510724888407      
   3.41221340780659848919355232651630948      
   3.33043953122046514758198897193795595      
   3.24720384786350900838113618282458615      
   3.16249226553162587601359610987337613      
   3.07629060717081585010573172573932209      
   2.98858460975893233676465467116024510      
   2.89935992599713423059829016039795515      
   2.80860212418936271947605777989686804      
   2.71629668936735094096846543826634124      
   2.62242902307567118180936753315113734      
   2.52698444502978752600142951367327684      
   2.42994819254382897751092656827726769      
   2.33130542182403999933821162984926429      
   2.23104120798337084087805169714580314      
   2.12914054576379589635372986113711668      
   2.02558834989443994990621030230136909      
   1.92036945558898012783506575734324393      
   1.81346861892756637874902949073736798      
   1.70487051715572258339906963110348975      
   1.59455974943093643877785006884098274      
   1.48252083662631615554443615714730631      
   1.36873822213422217208741944311185769      
   1.25319627191799871736809870375709820      
   1.13587927505222727830891080147626144      
   1.01677144399419930721137016532735722      
  0.895856914421567487217499382347268664      
  0.773119746273011197812540649204067746      
  0.648543923188153823385283825904324521      
  0.522113353693556991005847630669181019      
  0.393811870588527005254381195876749157      
  0.263623230622288461107803545376188089      
  0.131531117287201478913397746303545212      
  -2.48086247419054389125526889064305612E-0003
 -0.138429175084392194774742218699056727      
 -0.276330362390794892934262918264893271      
 -0.416201039639769030880883243274187729      
 -0.558057897358194503565327708276092358      
 -0.701917698890974362578691041225129844      
 -0.847797281863320276723685901223427118      
 -0.995713558169464261901108168376303905      
  -1.14568351204719993633253815427343819      
  -1.29772420324575486055149408593153860      
  -1.45185276181536785186723358857930848      
  -1.60808639449008910543196592280217451      
  -1.76644237822806157872183237688377178      
  -1.92693806407245554857805151438474574      
  -2.08959087797151945417981981030134885      
  -2.25441831399879037010102374112723762      
  -2.42143794452120347658532022539436876      
  -2.59066740982751181493796002195183209      
  -2.76212442514569097272865992780187477      
  -2.93582677888796294242402576778429931      
  -3.11179232962453640439834941384217336      
  -3.29003900901216392430233140836549397      
  -3.47058482304448840917629614755821817      
  -3.65344784664346041688406607422943725      
  -3.83864622800028921852419570305099717      
  -4.02619818946471462134491949617563080      
  -4.21612202243967749011317232157259959      
  -4.40843609017481148385932405793960708      
