   6.46114229515578832787994501293249882      
   6.46114229515578832787994503858969363      
   6.46114229515578832787994507460013469      
   6.46114229515578832786445253264715027      
   6.46114229515578830736877830827186993      
   6.46114229515578543430523330540439142      
   6.46114229515567986084553771007325267      
   6.46114229515405411085426356472993197      
   6.46114229514024780706460362795461585      
   6.46114229506340386795102934413183192      
   6.46114229474944116454470090097559399      
   6.46114229373255762115413696513356733      
   6.46114229097773987430441008207496325      
   6.46114228449084290521698125398128917      
   6.46114227083410622851515752404108780      
   6.46114224455776934422350926737568451      
   6.46114219769051490562449345186412574      
   6.46114211915224511954947907254421652      
   6.46114199424398482973509245627663226      
   6.46114180423515006101209766545302432      
   6.46114152603598704075818216388030287      
   6.46114113198127739065714669209172890      
   6.46114058973776446167302249543191857      
   6.46113986234530448362760545417025510      
   6.46113890839858104977875655907513375      
   6.46113768237106448353255826854174841      
   6.46113613507574372096444318587704459      
   6.46113421424837426919071509270134888      
   6.46113186522974431422777099632154645      
   6.46112903170243320269455523514134902      
   6.46112565647491451862002648423323878      
   6.46112168229579729420088092375101041      
   6.46111705249358471285123401473394193      
   6.46111171162496176345957345836389957      
   6.46110560596502867039419852559880144      
   6.46109868384938228416614535169860345      
   6.46109089584013343523171527231866096      
   6.46108219477443400583819816638264941      
   6.46107253553324116027569443532421385      
   6.46106187489325423089764867187072141      
   6.46105017084633722464101913389237202      
   6.46103738212052874197345730521689070      
   6.46102346748481223855487523810281356      
   6.46100838499745771492936565593419449      
   6.46099209120378061951199866576500621      
   6.46097454029225296325352577419682274      
   6.46095568324694505467374731921028152      
   6.46093546713744514990992880526833767      
   6.46091383430896748708113229556401734      
   6.46089072157332928873258806020345809      
   6.46086605961870583146929686361951897      
   6.46083977240316541016797968044860285      
   6.46081177665179850361371299024911002      
   6.46078198140404672606254284030658386      
   6.46075028765637801842876221715649390      
   6.46071658811942352757167827914305697      
   6.46068076697128292157815548000808259      
   6.46064269979453693900724479646332773      
   6.46060225340071504173689793630237119      
   6.46055928586525311445606668428731039      
   6.46051364655714950492964290601707663      
   6.46046517626853251828215406922192659      
   6.46041370724047379188086596744668860      
   6.46035906347394068461638758091554299      
   6.46030106076712450249488644953471262      
   6.46023950693460344808548469154413379      
   6.46017420198071714701703790450235172      
   6.46010493838089508865511740039785424      
   6.46003150125443739810544156545842818      
   6.45995366845940212953338662398541393      
   6.45987121085659990894720920026813943      
   6.45978389246232449456960877973935341      
   6.45969147049729208006789284583064670      
   6.45959369552239014844522135358456116      
   6.45949031152188756590832580061531465      
   6.45938105587366232594486456706067316      
   6.45926565931857915831513950751278482      
   6.45914384596130069656512342899144694      
   6.45901533321974149174789171988466254      
   6.45887983152367749734710393755351056      
   6.45873704417299844126044321576623289      
   6.45858666706060287272717572575815360      
   6.45842838837301726001226417488028211      
   6.45826188822630186396741992615594689      
   6.45808683822647488869336787815508548      
   6.45790290092037994782600865099880026      
   6.45770972934230719996557768301119250      
   6.45750696623302598748907805009954999      
   6.45729424385282408810626044930691116      
   6.45707118256059864723849637531556334      
   6.45683739042157750694832204235096619      
   6.45659246182665781673670253755292701      
   6.45633597760892888780397612125391861      
   6.45606750261462021612804136870278994      
   6.45578658486122251670921694856593594      
   6.45549275615707660063679195466798248      
   6.45518552840505487470616884575645100      
   6.45486439361978703611768179125858679      
   6.45452882095179790296100734728608524      
   6.45417825794572055655137014694495347      
   6.45381212593286682809040210515246790      
   6.45342981952773268059857517678972692      
   6.45303070507268374103429149330413361      
   6.45261411804210789213769591977946627      
   6.45217936105086948858829673315611291      
   6.45172570131933182754747108946726674      
   6.45125236868613746344934265665267670      
   6.45075855318001716204253536436046482      
   6.45024340148047837252289162746219580      
   6.44970601434656353428986475046583386      
   6.44914544404109760973396877499224823      
   6.44856069035869189050098779377688632      
   6.44795069677213746086627420825022877      
   6.44731434801445144466825061114371347      
   6.44665046434349012411519663477185011      
   6.44595779824773954942432494765841709      
   6.44523502984236832791814501788164209      
   6.44448076130559354802730497923653604      
   6.44369351172092755442513727064946740      
   6.44287171192892532095002512588989508      
   6.44201369738342604041816786262401819      
   6.44111770239195080503937424828687181      
   6.44018185292405315390253989596497205      
   6.43920415813705416698039372453658009      
   6.43818250318118988436692568891072148      
   6.43711463946358874760210840795655411      
   6.43599817533728121606114837490422337      
   6.43483056562709330935787613607372482      
   6.43360910023122876089413054530645125      
   6.43233089189612493438794781144808609      
   6.43099286295589422309618670891709209      
   6.42959173084712401308333436948258257      
   6.42812399248338134077125888317207578      
   6.42658590722016757777585161379255801      
   6.42497347844241672087182038050781043      
   6.42328243341593680326699144132638191      
   6.42150820157775017456704732384272460      
   6.41964589094966592951722514917904349      
   6.41769026250075498066935296766880875      
   6.41563570256652070592444770016919615      
   6.41347619289870930488721297884748897      
   6.41120527863990684114796787754696406      
   6.40881603392688315572659477154257827      
   6.40630102527879713836114152384464139      
   6.40365227280688539397482429873855293      
   6.40086120972574273353599234192814859      
   6.39791864007156560730461038705632065      
   6.39481469584717078815267343158026855      
   6.39153879406306327220633836641201911      
   6.38807959461659787298899094756260729      
   6.38442496171562079340505528880519633      
   6.38056192905107499153569715333678118      
   6.37647667250516657143068133745444587      
   6.37215449232252274304818541740555982      
   6.36757980889826266734760729503047713      
   6.36273617374177075428659161741190858      
   6.35760630059706334789703711929844373      
   6.35217211795736288200613027143566640      
   6.34641484496768318024532081052463469      
   6.34031509088152881509204932173359535      
   6.33385297616970662817352744824912644      
   6.32700827142721822200328501509300445      
   6.31976054789601142791327602001773698      
   6.31208933165107988457031661550784560      
   6.30397425429124238030681128722008331      
   6.29539519147350453690940703265530005      
   6.28633238155301810195169222876270497      
   6.27676652149250977298835945547948445      
   6.26667883647236181540188799142666742      
   6.25605112193805769794462745547492185      
   6.24486576492795244558662548587136123      
   6.23310574045609305293618612900440357      
   6.22075459411964716184098569984578653      
   6.20779641275208594172257393682577461      
   6.19421578414502624741379518734643578      
   6.17999775465708775888336747911883126      
   6.16512778503259817841734209727259583      
   6.14959170496107791838518682547810780      
   6.13337566811897949858336389804253401      
   6.11646611540275162266879889518382761      
   6.09884973796162724213695842418973365      
   6.08051344215839707742275200249570573      
   6.06144432165377595443116397400458444      
   6.04162963320220472942493768538915810      
   6.02105677277294718752097881798802605      
   5.99971325733800830671413127873787183      
   5.97758670889824245442868269905599249      
   5.95466484054994806615437475565647733      
   5.93093544541991924191762679593541978      
   5.90638638733992703263525676941984422      
   5.88100559230887795167061036678808333      
   5.85478104250018152608172397566048760      
   5.82770077075773594570969334328480431      
   5.79975285623839097125625722032711755      
   5.77092542032782432145931724939567650      
   5.74120662335384985485840867554083623      
   5.71058466168428278979998265999513175      
   5.67904776480710131362138639376595357      
   5.64658419263902507072553324100915044      
   5.61318223249355120949075899717910040      
   5.57883019610431238111520328222486192      
   5.54351641584731238877645301915596394      
   5.50722924173421269404584691145035865      
   5.46995703657400398070426809924621359      
   5.43168817166901921891685051960575070      
   5.39241102234792958809871779580930579      
   5.35211396206947639578328529420989954      
   5.31078535733835083372976071668617887      
   5.26841356128744229984389102332445985      
   5.22498690855067649216252042711496818      
   5.18049370832873792297337126744190153      
   5.13492223902416918246923890973412130      
   5.08826074100868255693095359083406464      
   5.04049741213893929850115930951293701      
   4.99162040105022339822723556983167800      
   4.94161780179061992378385735844514054      
   4.89047764949246881504401168288773032      
   4.83818791485323851392963726184507106      
   4.78473650017908579493747198006911477      
   4.73011123564999683619120963750397782      
   4.67429987577210710542320505493544178      
   4.61729009640701049165728461896045360      
   4.55906949243578848571864542030038086      
   4.49962557494344430196290825161290669      
   4.43894577005060746632751892911798988      
   4.37701741785847793216073299868530911      
   4.31382776993153371865426051923887034      
   4.24936398992562882790374435666291889      
   4.18361315222900217935785040787979422      
   4.11656224163001313738888264599273456      
   4.04819815364664139879940156325153868      
   3.97850769390710407506898693312129570      
   3.90747757830333702543768585253928374      
   3.83509443427211316046575329587131611      
   3.76134479965623082759927115113567781      
   3.68621512424619987952487791215990691      
   3.60969176954678404574614215727478031      
   3.53176100989106827070102447224651621      
   3.45240903249985946459432141010446952      
   3.37162193852727179093422039454595166      
   3.28938574321138161333055698256826936      
   3.20568637655205844765126550442946998      
   3.12050968423995815708869769384957145      
   3.03384142815264602105410414565744790      
   2.94566728672875983911899730016184371      
   2.85597285515724038997488109869171167      
   2.76474364713179307017437031558189221      
   2.67196509432358798103858735996662122      
   2.57762254723335132143769186786494735      
   2.48170127580219270889970650668171546      
   2.38418646954354015231011153419522765      
   2.28506323861072287504323020931640114      
   2.18431661364717317979339998432082874      
   2.08193154655048996124823733079308135      
   1.97789291055547041570403914365037776      
   1.87218550112238649025024010692466517      
   1.76479403572870086971095824495013887      
   1.65570315457166400882629988220037630      
   1.54489742072745867108603474563266174      
   1.43236132074391765598908774704888981      
   1.31807926445953713072615081382910527      
   1.20203558561754734143420991634470509      
   1.08421454186215917838270787616692156      
  0.964600315566550588966249822215849570      
  0.843177013447907942955072366823278453      
  0.719928666781038220336367740045735582      
  0.594839232070121183981944191891869696      
  0.467892591266174773349593364476543793      
  0.339072551022364867624915523701255298      
  0.208362844435684118622751836342361760      
   7.57471287561962959042076883660022720E-0002
  -5.87910105111170376670143619004610390E-0002
 -0.195268064216765826588985532905240871      
 -0.333700595103067818440122229305826700      
 -0.474105241346938338728146212856140072      
 -0.616498713316353674744945147444184044      
 -0.760897795713859497730696952928810375      
 -0.907319345484713506506997871891864039      
  -1.05578029460298984664276714274705659      
  -1.20629764620360394699349877911598392      
  -1.35888847743385706675812650468732389      
  -1.51356993870807118016305907040318129      
  -1.67035925159787226437074570316635393      
  -1.82927371355318785076209926847195356      
  -1.99033069058720257047774968992730320      
  -2.15354762501304449874590805024738497      
  -2.31894202928371899518279612553717406      
  -2.48653148860165433586450108274155903      
  -2.65633366217658940017397635971100676      
  -2.82836627878019022370955725799578821      
  -3.00264714125106367821924535126076518      
  -3.17919412542254868174742278136857394      
  -3.35802517596167799539224527048462787      
  -3.53915831204688697656425876696696206      
  -3.72261162603642914487819143515039720      
  -3.90840327786391608554392190794412487      
  -4.09655150258578757060377294466065535      
  -4.28707460763186370217420192872398015      
  -4.47999096894398733829151715771003475      
  -4.67531903592357577529480470816262938      
