-0.24806456871179E-08
-0.12403228435536E-08
-0.82688190149196E-09
-0.62026020339008E-09
-0.55743319529122E-09
-0.32957392366642E-09
 0.21944551152049E-08
 0.23459629668127E-07
 0.13253639044189E-06
 0.51854979686144E-06
 0.15584158962484E-05
 0.38539121198661E-05
 0.82133521953621E-05
 0.15657612102833E-04
 0.27280833202987E-04
 0.44521499413667E-04
 0.64747512184203E-04
 0.93571990914572E-04
 0.12961223546862E-03
 0.17229399240691E-03
 0.22223035031851E-03
 0.27935888130059E-03
 0.34316127111861E-03
 0.41324681716779E-03
 0.48908681357294E-03
 0.57003516396569E-03
 0.65554471180241E-03
 0.74411965889223E-03
 0.83698494815639E-03
 0.92986904840602E-03
 0.10247032547153E-02
 0.11206523569857E-02
 0.12159338482702E-02
 0.13118366805296E-02
 0.14039610962745E-02
 0.14963472276843E-02
 0.15848954202844E-02
 0.16686735180596E-02
 0.17501369382806E-02
 0.18311498105619E-02
 0.19099510206876E-02
 0.19817218039408E-02
 0.20517042425123E-02
 0.21199446266914E-02
 0.21842965134744E-02
 0.22435999357348E-02
 0.22989097693944E-02
 0.23543794908836E-02
 0.24091942630846E-02
 0.24628364624157E-02
 0.25147926870057E-02
 0.25649192485074E-02
 0.26146512105298E-02
 0.26626088815689E-02
 0.27094751345787E-02
 0.27559421065652E-02
 0.28043163053679E-02
 0.28551040957894E-02
 0.29063409557818E-02
 0.29576213901014E-02
 0.30087660615216E-02
 0.30618355508339E-02
 0.31157355947253E-02
 0.31718997531347E-02
 0.32307678337049E-02
 0.32905213486425E-02
 0.33513693886252E-02
 0.34128812097068E-02
 0.34764646168927E-02
 0.35427243635822E-02
 0.36097582701837E-02
 0.36794649851395E-02
 0.37513564387689E-02
 0.38255376285463E-02
 0.39007906776073E-02
 0.39755226308314E-02
 0.40513619002918E-02
 0.41290345016970E-02
 0.42079137951560E-02
 0.42901003202892E-02
 0.43750426598463E-02
 0.44592104345990E-02
 0.45458346776782E-02
 0.46379896376441E-02
 0.47231112102871E-02
 0.48093576093566E-02
 0.48918348975501E-02
 0.49848792267658E-02
 0.50822052620461E-02
 0.51795030137347E-02
 0.52823949002766E-02
 0.53833942828927E-02
 0.54810638089135E-02
 0.55754874828201E-02
 0.56756363550342E-02
 0.57876595082128E-02
 0.58987262874959E-02
 0.59978349485298E-02
 0.61054946767828E-02
 0.62165267641241E-02
 0.63359337956677E-02
 0.64609151034676E-02
 0.65815019575758E-02
 0.67129373774080E-02
 0.68381630250035E-02
 0.69671204927952E-02
 0.71026244652532E-02
 0.72458738297302E-02
 0.73915113848445E-02
 0.75390743007995E-02
 0.76957287635486E-02
 0.78538802036222E-02
 0.80193835477187E-02
 0.81924708301182E-02
 0.83741892067620E-02
 0.85561791186810E-02
 0.87550428660402E-02
 0.89546287849017E-02
 0.91646345034006E-02
 0.93863075932167E-02
 0.96155356540789E-02
 0.98543386845482E-02
 0.10103092075002E-01
 0.10364196781976E-01
 0.10637514823766E-01
 0.10923225419626E-01
 0.11223575248266E-01
 0.11537755449536E-01
 0.11866900287790E-01
 0.12211499340044E-01
 0.12574989737978E-01
 0.12954433517828E-01
 0.13352968731944E-01
 0.13773707446779E-01
 0.14213035806595E-01
 0.14678240896318E-01
 0.15163794805383E-01
 0.15672559484544E-01
 0.16211178085505E-01
 0.16775490791322E-01
 0.17367761178890E-01
 0.17989871355069E-01
 0.18643548542840E-01
 0.19328711134587E-01
 0.20047255209761E-01
 0.20801072717462E-01
 0.21589131518763E-01
 0.22411599406323E-01
 0.23267520653791E-01
 0.24155292061731E-01
 0.25071144041442E-01
 0.26015030671235E-01
 0.26975235187582E-01
 0.27951998223711E-01
 0.28924499180925E-01
 0.29888609887067E-01
 0.30827112834592E-01
 0.31734510330354E-01
 0.32587537566956E-01
 0.33377113774039E-01
 0.34091508879638E-01
 0.34731516462514E-01
 0.35295209185667E-01
 0.35779277153174E-01
 0.36199100640338E-01
 0.36569002727912E-01
 0.36897611776592E-01
 0.37196616622526E-01
 0.37481358267652E-01
 0.37758252196525E-01
 0.38030666085871E-01
 0.38311933234889E-01
 0.38602471930043E-01
 0.38900798397268E-01
 0.39203199311357E-01
 0.39523650798473E-01
 0.39844026680751E-01
 0.40170375046875E-01
 0.40489692816785E-01
 0.40818702003540E-01
 0.41148195230800E-01
 0.41458500536059E-01
 0.41770783248706E-01
 0.42075085927734E-01
 0.42363614553171E-01
 0.42639621217676E-01
 0.42894517370696E-01
 0.43130376693281E-01
 0.43338560794191E-01
 0.43522277785405E-01
 0.43674583955725E-01
 0.43794427137906E-01
 0.43880817489134E-01
 0.43926083641454E-01
 0.43932105766381E-01
 0.43894544611140E-01
 0.43810947065308E-01
 0.43679258899431E-01
 0.43502471600965E-01
 0.43283914903749E-01
 0.43003031181993E-01
 0.42694300523300E-01
 0.42345197833961E-01
 0.41954090350954E-01
 0.41525706338986E-01
 0.41077150119804E-01
 0.40600825909959E-01
 0.40109734685894E-01
 0.39605594414203E-01
 0.39093207980226E-01
 0.38580091436963E-01
 0.38070751854138E-01
 0.37573639312846E-01
 0.37089794047965E-01
 0.36623155680700E-01
 0.36178525087415E-01
 0.35754808806460E-01
 0.35360148579152E-01
 0.34991601975408E-01
 0.34652916768736E-01
 0.34341901794838E-01
 0.34057963968404E-01
 0.33802389337810E-01
 0.33573784352825E-01
 0.33373153386009E-01
 0.33193567500926E-01
 0.33041505262448E-01
 0.32907917046044E-01
 0.32795712877285E-01
 0.32703204517568E-01
 0.32627094910881E-01
 0.32564922064908E-01
 0.32515500597031E-01
 0.32479335137153E-01
 0.32454950050466E-01
 0.32440002486338E-01
 0.32433114753541E-01
 0.32432927640638E-01
 0.32441908088726E-01
 0.32454053400763E-01
 0.32472428262959E-01
 0.32494908038672E-01
 0.32519069777603E-01
 0.32547477415108E-01
 0.32577509464945E-01
 0.32608477524871E-01
 0.32643025983642E-01
 0.32677542951864E-01
 0.32712697600764E-01
 0.32748814417656E-01
 0.32785414353706E-01
 0.32821159763004E-01
 0.32859320970624E-01
 0.32895678026588E-01
 0.32932092268168E-01
 0.32968447590881E-01
 0.33003698578669E-01
 0.33039037507412E-01
 0.33073394723030E-01
 0.33107370538094E-01
 0.33140575861282E-01
 0.33173658841076E-01
 0.33206194313407E-01
 0.33237112524657E-01
 0.33267534718746E-01
 0.33296831097444E-01
 0.33324495153768E-01
 0.33353375036196E-01
 0.33381180854510E-01
 0.33407505175725E-01
 0.33433913765677E-01
 0.33458493340187E-01
 0.33483445018231E-01
 0.33508329479433E-01
 0.33531569135306E-01
 0.33554373252881E-01
 0.33576497668037E-01
 0.33598512065705E-01
 0.33619406688558E-01
 0.33640376914147E-01
 0.33660052025954E-01
 0.33678977642240E-01
 0.33698383471526E-01
 0.33717229805952E-01
 0.33735890852362E-01
 0.33752597965571E-01
 0.33769657855480E-01
 0.33787363184284E-01
 0.33802900966566E-01
 0.33819262948199E-01
 0.33834282541441E-01
 0.33850164823848E-01
 0.33863980643895E-01
 0.33879836104051E-01
 0.33893339929564E-01
 0.33907660610591E-01
 0.33919549567817E-01
 0.33933580143534E-01
 0.33947157671836E-01
 0.33959518141276E-01
