 0.87750226278292E-10
 0.17550045255585E-09
 0.26325068060872E-09
 0.35105474335855E-09
 0.49807533833766E-09
 0.59517074663234E-09
 0.90972455238811E-09
 0.33823880576706E-08
 0.16010823499870E-07
 0.58717032979898E-07
 0.17427418452898E-06
 0.42936563417189E-06
 0.91293839028088E-06
 0.71507067555331E-06
 0.39082965532013E-05
-0.31640819576598E-06
 0.11371205082591E-04
 0.12495788756766E-04
 0.14760653429054E-04
 0.20739049918209E-04
 0.26618990289830E-04
 0.32418092159437E-04
 0.38848745440579E-04
 0.46694258126591E-04
 0.55246260222770E-04
 0.64479959855939E-04
 0.69902992472312E-04
 0.93032629640026E-04
 0.84322455459038E-04
 0.11176175230927E-03
 0.12246974066691E-03
 0.13545749362473E-03
 0.16528059497625E-03
 0.13018676853317E-03
 0.18608929222350E-03
 0.16134067203614E-03
 0.16241314340606E-03
 0.22414658095212E-03
 0.27693804161576E-03
 0.25441382511988E-03
 0.18727297005770E-03
 0.28856512352217E-03
 0.30444119989970E-03
 0.24298763182983E-03
 0.19860138463542E-03
 0.25985663237399E-03
 0.41268849852343E-03
 0.42155534612613E-03
 0.37521265733605E-03
 0.34986910283121E-03
 0.36173399216133E-03
 0.38723276238382E-03
 0.31935011672654E-03
 0.33015630768364E-03
 0.41154279936781E-03
 0.55165335190004E-03
 0.60598212553615E-03
 0.50871532939245E-03
 0.43381453735570E-03
 0.43067167476986E-03
 0.53940224764302E-03
 0.55966327553085E-03
 0.65727442424551E-03
 0.67883763354917E-03
 0.56770885720828E-03
 0.54783161075420E-03
 0.58826191210319E-03
 0.71252815619229E-03
 0.78709103069376E-03
 0.74553527096943E-03
 0.88730631359366E-03
 0.93597429626216E-03
 0.90035125042573E-03
 0.73393739238346E-03
 0.59787511163276E-03
 0.76018049141142E-03
 0.93205728805579E-03
 0.10266720308399E-02
 0.12661466244112E-02
 0.12536164864307E-02
 0.10615903013927E-02
 0.13275989812406E-02
 0.13539792113650E-02
 0.14062665885022E-03
 0.50484012210207E-03
 0.11572072974040E-02
 0.27731241708761E-02
 0.29816013193711E-02
 0.25323532561190E-02
 0.20384123894911E-02
 0.92883872581562E-03
-0.56161255922589E-04
 0.17205045578094E-03
 0.13884431719456E-02
 0.21665099273122E-02
 0.34768895535511E-03
-0.18893118059714E-03
 0.21424217528353E-02
 0.29763923129757E-02
 0.35669337333785E-02
 0.23250862615100E-02
 0.10348796572244E-02
 0.18902588459353E-02
 0.47976605567269E-03
 0.18821928531366E-02
 0.23150625561798E-02
 0.28399198176626E-02
 0.22575947442655E-02
 0.21361092741455E-02
 0.31147787489071E-02
 0.24262967679452E-02
 0.36251434794271E-02
 0.37680619845075E-02
 0.38863060193774E-02
 0.31123250082691E-02
 0.50273690345667E-02
 0.29421726893062E-02
 0.40680545920839E-02
 0.43170994623972E-02
 0.35273660537729E-02
 0.36537302038759E-02
 0.39652861055171E-02
 0.45463479629262E-02
 0.50215358103934E-02
 0.51135963387225E-02
 0.54257639679099E-02
 0.55268949839322E-02
 0.56157769410070E-02
 0.59235951772976E-02
 0.65878155796014E-02
 0.62595608317988E-02
 0.68129919560048E-02
 0.75718762243165E-02
 0.69750600532254E-02
 0.78742903471888E-02
 0.72044850619920E-02
 0.78047469974398E-02
 0.89594086855503E-02
 0.87047533071719E-02
 0.89244735813562E-02
 0.95415941219783E-02
 0.10199124563342E-01
 0.10501209715366E-01
 0.11462645263660E-01
 0.12303981959489E-01
 0.12383965457008E-01
 0.12624631251266E-01
 0.12755570593005E-01
 0.12968031129650E-01
 0.13172683633861E-01
 0.14305902011190E-01
 0.12882356862868E-01
 0.14225098302798E-01
 0.12171359939828E-01
 0.12939416555363E-01
 0.12240965272103E-01
 0.14103257633527E-01
 0.11468918253537E-01
 0.10930108599416E-01
 0.99128250355174E-02
 0.10891970764683E-01
 0.10183590191614E-01
 0.75741648072074E-02
 0.99955286973673E-02
 0.11559189843058E-01
 0.10827050736986E-01
 0.10742736603738E-01
 0.12056108369646E-01
 0.11293166038702E-01
 0.11591073184916E-01
 0.14557839011878E-01
 0.14397209578512E-01
 0.13489024457577E-01
 0.13477191670045E-01
 0.16248173652918E-01
 0.11627931483402E-01
 0.11168145086072E-01
 0.95541726347173E-02
 0.15094839110192E-01
 0.14323041737834E-01
 0.76829960317400E-02
 0.16289603711558E-01
 0.13508142808629E-01
 0.10883336716162E-01
 0.12051690992056E-01
 0.82187925346429E-02
 0.79693063262205E-02
 0.54173029362571E-02
 0.64610001892119E-02
 0.48262558005521E-02
 0.39974383580459E-02
 0.19902940144960E-02
-0.21298327168829E-02
-0.37257343940049E-02
-0.74581327486732E-02
-0.11049428542663E-01
-0.14280895763952E-01
-0.15486049028769E-01
-0.18582084528409E-01
-0.24114947867949E-01
-0.14842748754758E-01
-0.20162039434052E-01
-0.26788518783576E-01
-0.27107079721621E-01
-0.22788572791108E-01
-0.26260777551246E-01
-0.24607811088727E-01
-0.26831534541939E-01
-0.27595132656739E-01
-0.25063989659892E-01
-0.22841471064465E-01
-0.18955954411053E-01
-0.18052217616156E-01
-0.15984943703683E-01
-0.13166266146340E-01
-0.11149893940668E-01
-0.55372681361636E-02
-0.39661646776075E-02
-0.37913138113907E-03
 0.49912019292637E-03
 0.24499113443186E-02
 0.55241804352249E-02
 0.84381981016969E-02
 0.10931647861692E-01
 0.10590460953394E-01
 0.14952572059907E-01
 0.13355713690165E-01
 0.15557990302398E-01
 0.15728473897270E-01
 0.14927204977765E-01
 0.13258335746061E-01
 0.13374664890894E-01
 0.15426523710326E-01
 0.15390102049007E-01
 0.14358063061088E-01
 0.13863096263789E-01
 0.13211503219388E-01
 0.13833368910477E-01
 0.10731982343386E-01
 0.11206632565783E-01
 0.94581620960739E-02
 0.72778556685362E-02
 0.84930412691284E-02
 0.73135715535926E-02
 0.73875121297184E-02
 0.86320550945611E-02
 0.68212514059671E-02
 0.68804299722163E-02
 0.70644942405324E-02
 0.67982503649318E-02
 0.65676182145346E-02
 0.81951547202752E-02
 0.50784662735618E-02
 0.48423082760384E-02
 0.43490184097287E-02
 0.32588728563162E-02
 0.34142414815691E-02
 0.26481067242770E-02
 0.23784267319825E-02
 0.19643055717663E-02
 0.17449912843975E-02
 0.49799734265516E-03
-0.11758857698311E-02
-0.72593796465658E-03
-0.12012675218647E-02
-0.14384331585077E-02
 0.56656335875477E-03
-0.98157655354271E-03
-0.11812963086947E-02
-0.62950253094516E-03
-0.16100845035892E-02
-0.35775697246952E-03
-0.61976957961689E-03
-0.21379792697857E-02
-0.21299974039610E-02
-0.20081710436070E-02
-0.18449532034980E-02
-0.22240376122779E-02
-0.23285394773542E-02
-0.32329271696584E-02
-0.22267439917376E-02
-0.14581661518137E-02
-0.21792265125870E-02
-0.27297980901653E-02
-0.41556267343577E-02
-0.23413779108365E-02
-0.18680098169698E-02
-0.39183706451108E-02
-0.25612587662072E-02
-0.33473758578848E-02
-0.21742057027589E-02
-0.34589954320723E-02
-0.17890734872976E-02
-0.45949578125386E-02
-0.31473848775481E-02
-0.43407989681825E-02
-0.12047524012661E-02
-0.28773319537589E-02
-0.38659321679440E-02
-0.37252517235844E-02
