-0.23255411696651E-11
-0.18604329357245E-10
-0.62789611995262E-10
-0.14885698967797E-09
-0.32301928857982E-09
-0.54138369600536E-09
-0.79834164991047E-09
-0.97278611133280E-09
-0.78902816893071E-09
 0.37339960190023E-08
 0.15578068617446E-07
 0.41869194957848E-07
 0.94795082261191E-07
 0.78245476062883E-05
-0.61058352060231E-05
 0.22793760496789E-04
-0.18560188203055E-04
-0.58686586668373E-05
-0.24224287269710E-05
-0.10632503837684E-04
-0.11528315101826E-04
-0.78121983003940E-05
 0.10710640890758E-05
 0.35033187313568E-05
 0.64564989641777E-05
 0.90459147714474E-05
 0.93838892430112E-04
-0.12196657069200E-03
 0.17740758656311E-03
-0.78835219804145E-04
 0.57777725884821E-04
-0.44527727631403E-04
-0.62761267056924E-03
 0.71567966587702E-03
-0.51521836105195E-03
 0.28578052094990E-03
 0.72195692758711E-03
-0.27755613782835E-03
-0.12201268417005E-02
-0.46207423458883E-03
 0.19817628471908E-02
-0.14364295215490E-02
-0.15715173174091E-02
 0.89033623134084E-03
 0.34728118320079E-02
 0.20147103827478E-02
-0.39934929603361E-02
-0.29252106213634E-02
 0.69741503880677E-03
 0.14869993302959E-02
-0.60856997743035E-03
-0.23699558114778E-02
 0.34012847374444E-02
 0.48476483994151E-02
 0.21446896874634E-02
-0.47577284224285E-02
-0.80772155731132E-02
-0.11552986326284E-02
 0.47371499681431E-02
 0.63108869557274E-02
-0.69106301405187E-03
 0.45897570291254E-03
-0.58863280276349E-02
-0.61919811180207E-02
 0.52925584805249E-02
 0.79979516856209E-02
 0.54930733296644E-02
-0.23317037429919E-02
-0.41401930531783E-02
 0.61152760308161E-02
-0.72237213864483E-02
-0.13588336650675E-01
-0.10578151510251E-01
 0.98271892214103E-02
 0.30688395771230E-01
 0.15379135829465E-01
 0.28148178272667E-02
 0.53807353798000E-02
-0.19285928578920E-01
-0.13259890819085E-01
 0.14136996719418E-01
-0.39739956826956E-01
-0.58857993715759E-01
 0.15672004726059E+00
 0.13900317408864E+00
 0.51166807604519E-01
-0.18065301346652E+00
-0.24629583723506E+00
-0.20078195604366E+00
-0.11340993924524E+00
 0.58614738614456E-01
 0.26967027986368E+00
 0.25893471771402E+00
 0.90786909385213E-01
-0.64546979907864E-01
 0.29868798511789E+00
 0.37121119154374E+00
-0.47802950120449E-01
-0.18152526637874E+00
-0.28205735993012E+00
 0.47663742386105E-01
 0.32004931319045E+00
 0.10713926971334E+00
 0.38879603704113E+00
 0.49759354542773E-01
 0.14819079680040E+00
-0.44003048602768E-01
 0.10428253543240E+00
 0.17022274842226E+00
-0.70348982966401E-01
 0.17837802170866E+00
-0.18527071352502E+00
-0.13530140046643E+00
-0.15521948262136E+00
 0.11290028046505E+00
-0.46164004679420E+00
 0.28385796305804E+00
-0.31798441200501E-01
-0.63075442811530E-01
 0.25986112092027E+00
 0.24947893173621E+00
 0.20968950978342E+00
 0.90702274445665E-01
-0.38971508385851E-01
 0.25241671466167E-01
 0.27735186055349E-01
 0.28263994617344E-01
 0.90643764585239E-01
 0.67580971242946E-01
-0.96871123572731E-01
 0.14190930241074E+00
 0.67863674624939E-01
-0.14572710434442E+00
 0.22634019482948E+00
-0.55453599025057E-02
 0.33033484934642E+00
 0.22480915640692E+00
-0.34605098189821E-01
 0.10233779408283E+00
 0.19889851647505E+00
 0.95021032314621E-01
-0.15833718851511E-01
 0.65531221531991E-01
-0.21992940755868E+00
-0.42845047412429E+00
-0.28799426326917E+00
-0.24446489312002E+00
-0.13922812183209E+00
-0.85033154486801E-01
-0.26850520843437E-01
-0.55776741316592E+00
 0.36990318348968E+00
-0.37842863331960E+00
 0.45846587961895E+00
 0.93604337166754E-01
 0.43847584317199E+00
-0.87707146074076E+00
 0.20531501154934E+00
 0.77317153545666E-01
 0.48229419203797E+00
-0.27287692570354E+00
-0.21477519403275E+00
 0.13034605506587E+01
-0.16229308920903E+00
-0.83451107088256E+00
-0.22355650729712E+00
 0.71072063822807E-01
-0.62374638958389E+00
 0.21363468977430E+00
-0.48752960221311E-02
-0.12674655528512E+01
-0.86277262561353E+00
-0.75485501712835E-01
-0.16199760383415E-01
-0.16357454575647E+01
 0.12798717647580E+01
 0.18817031874228E+01
 0.29430363763014E+01
-0.66113794683283E+00
-0.11404189201443E+01
 0.41871597752480E+01
-0.28315859925182E+01
-0.22533266688761E+00
 0.88495139497367E+00
-0.11094490856716E+01
 0.13815472256893E+01
 0.68333705862373E+00
 0.16753889084835E+01
-0.35843490907792E+00
-0.39981892711605E+00
-0.10754257388237E+01
-0.83715240680236E+00
 0.46213866461471E+00
-0.45685944785742E+00
 0.21696996858152E+00
 0.55511862844561E+00
 0.99218831319870E+00
-0.34858211016878E+00
 0.13907453802134E+00
 0.18375790631058E+01
-0.68716807693973E+01
-0.50538423814155E+01
 0.24347761682514E+00
-0.21419379615205E+00
-0.42400325583950E+01
-0.16671473662217E+01
-0.30829764962023E+01
-0.12768270818894E+00
 0.20008727737783E+01
 0.11241147135901E+01
 0.12194175844073E+01
-0.37400168303071E+00
 0.11464801900074E+01
 0.17178508251267E+01
 0.15979879663272E+01
 0.21427507709415E+01
-0.82678660402805E+00
 0.11725903133081E+00
-0.15181804931445E+01
-0.35454324362421E+00
-0.50072853454878E+00
-0.18229019821036E+01
-0.36315688747029E+01
-0.50118610735817E+01
-0.35757698356015E+01
-0.75965310894673E+01
-0.54700362308551E+01
-0.74165237782367E+01
-0.72266519080654E+01
-0.68463071703776E+01
-0.47322464230674E+01
-0.47497726828946E+01
-0.75465666633442E+01
-0.76495352687256E+01
-0.67716079019212E+01
-0.69150891340089E+01
-0.61734729382118E+01
-0.71750871535728E+01
-0.39848832817090E+01
-0.49819350599063E+01
-0.33008265625563E+01
-0.58454383749829E+00
-0.28940645126512E+01
-0.18787893589033E+01
-0.25194844427656E+01
-0.43501657951632E+01
-0.25436515259561E+01
-0.30728820447364E+01
-0.35531342112678E+01
-0.34978430653093E+01
-0.36484219440449E+01
-0.62279084462436E+01
-0.22761243638200E+01
-0.20219669860332E+01
-0.14657254143323E+01
-0.22222979557984E+00
-0.65433936124405E+00
 0.12900913448127E+00
 0.42645111910950E+00
 0.65994963447244E+00
 0.76740833611201E+00
 0.22707285356540E+01
 0.47336221422591E+01
 0.36123320598892E+01
 0.42772878227928E+01
 0.49620737559060E+01
 0.20480393530965E+01
 0.43951198588348E+01
 0.42123161192575E+01
 0.35005599863492E+01
 0.49405134090044E+01
 0.33623574087188E+01
 0.35188948402280E+01
 0.57639262751085E+01
 0.60387958787765E+01
 0.57845905281057E+01
 0.55266236468346E+01
 0.58262965704713E+01
 0.63360846743329E+01
 0.79389522925355E+01
 0.59859888041128E+01
 0.51856860676794E+01
 0.61767012984724E+01
 0.70606846014342E+01
 0.97160514895487E+01
 0.66118172305184E+01
 0.54758524345889E+01
 0.90942509458983E+01
 0.70385916738323E+01
 0.84160571951998E+01
 0.62854858982733E+01
 0.83059886242433E+01
 0.60229001317702E+01
 0.10726191940065E+02
 0.78990356996797E+01
 0.10293294417401E+02
 0.51920662461001E+01
 0.79074786736361E+01
 0.89773736897604E+01
 0.93891725967643E+01
