 0.11772717483620E-12
 0.18836347973727E-11
 0.95359012149890E-11
 0.30141988262312E-10
 0.68496191624934E-10
 0.14459316693092E-09
 0.25826517766795E-09
 0.72080806809553E-09
 0.12214202549778E-08
 0.32858002083408E-08
 0.87226303978198E-08
 0.18786955170604E-07
 0.38107559719182E-07
-0.76020074357475E-05
 0.82295793780982E-05
-0.55645826524021E-05
-0.12070438169308E-04
 0.15465920181461E-04
 0.36354703880187E-05
 0.69012047589280E-05
 0.43212077292521E-05
 0.48518373841821E-05
 0.11791416654683E-05
 0.69065308561050E-06
-0.27072176281249E-07
 0.14784930846835E-05
-0.55325108698073E-04
 0.80439272001562E-04
 0.46581374337218E-04
-0.79576718891522E-04
-0.76454220745444E-04
-0.30841491881180E-04
 0.82123566700939E-03
-0.54068039623926E-03
 0.19812301509990E-03
 0.77616244491438E-03
-0.60098886290277E-03
-0.23126452803278E-02
-0.47085785952379E-03
 0.33912962663074E-02
-0.50402435091706E-03
-0.43508630036645E-02
 0.44098740678866E-02
 0.37822928814153E-02
-0.63185857710273E-03
-0.69410741943945E-02
-0.38985745484835E-02
-0.32649319637437E-03
 0.15187245054862E-02
 0.63255918798757E-02
 0.50864849540789E-02
 0.35408288158305E-02
 0.31429959392043E-02
-0.40582878208711E-02
-0.14885636453009E-01
-0.13189364364803E-01
 0.98624236339152E-02
 0.17042243982895E-01
 0.83762279037624E-02
-0.76453930360324E-02
-0.39170361513798E-02
-0.44097695013276E-02
-0.10931624476163E-01
 0.13473592033115E-01
 0.25465302194624E-01
 0.68592876359357E-02
-0.34734126219123E-02
-0.23080410665574E-01
-0.25986890833647E-01
-0.13594809950020E-01
-0.10765205130481E-01
 0.24431885743719E-01
 0.47019607347126E-01
 0.50619733005916E-01
 0.49180786029426E-02
-0.55933460199296E-01
-0.70139052743669E-01
-0.76185441602188E-01
-0.46112331538091E-01
 0.18377579647958E-01
-0.20928757347937E-01
 0.13029707092305E+00
 0.39321749378177E+00
-0.17856650714894E+00
-0.58316086514668E+00
-0.66881041376917E+00
-0.72435873168111E+00
 0.30902437983734E+00
 0.87768084505649E+00
 0.40263612023838E+00
 0.61906895251327E+00
 0.20867337225565E+00
-0.10219312171872E+01
-0.51589998392228E+00
 0.74502273191067E+00
 0.11162715514647E+01
-0.19737585909235E+00
-0.12445338892106E+01
-0.14185033004223E-01
 0.11419759773000E+00
 0.24192136323081E+01
 0.17877529162193E+01
 0.10901019047371E+01
 0.33356355342220E+00
-0.17256519405143E+01
 0.20230797444859E+01
 0.68438210170914E+00
 0.12952319599346E+00
 0.36748052402942E+00
-0.77465524300958E+00
 0.33063436161936E+00
-0.13286629320363E+01
-0.70337313897926E+00
-0.51121740194605E+00
 0.49444081367249E+00
-0.20425973961684E+01
 0.10219545518068E+01
 0.47844276887154E-01
 0.74705034616181E+00
 0.10370055944852E+01
-0.11492308237266E+00
 0.44151483422273E+00
-0.19130482701856E+00
-0.97808095013343E+00
-0.51675605074586E+00
 0.63401028330926E+00
-0.19770990272680E+00
 0.12399268433484E+00
 0.15904530742599E+00
-0.52522132847512E+00
 0.24943698970194E+00
 0.89858078026869E+00
 0.59758526381469E+00
 0.73490135267008E-01
 0.65644166963468E+00
 0.15115449041576E+01
-0.61277114109308E+00
 0.10993121477007E+01
-0.64284920150553E+00
 0.34305635586263E+00
-0.97860470750020E+00
-0.18072273614360E+01
-0.65617416802658E+00
-0.16724659456843E+01
-0.11024953625759E+01
-0.48620948284919E+00
-0.55812524223661E+00
-0.11619608361609E+01
-0.74315294189399E+00
-0.13920627588692E+01
 0.19693984599534E+01
-0.13419971709218E+01
 0.27503969034694E+01
 0.18772472110716E+01
-0.55749646325952E+01
 0.51130751689820E+00
-0.12836806179299E+01
 0.41859087224313E+01
 0.18028390039525E+01
 0.84846268959833E+00
-0.40494835610540E+00
 0.77155079133568E+01
 0.16274925988228E+01
 0.13884526375410E+01
-0.62446569239063E+01
-0.60242473978095E+00
 0.79794164183233E+00
-0.45242636546204E+01
 0.19272646617781E+01
-0.23407736700755E+01
-0.62347823072622E+00
 0.37746911704303E+01
 0.16899635026238E+02
 0.62314286542968E+01
 0.33442955184541E+01
 0.82904436254005E+00
 0.11004943339473E+02
 0.27593450595740E+02
-0.38601107645497E+01
-0.25146486891860E+02
 0.25289647276170E+02
-0.14657186063697E+02
 0.14022859839799E+02
 0.58694611401713E+01
-0.18585468186501E+02
-0.26093421224404E+01
-0.12814079584033E+01
 0.17630259274839E+01
-0.10433305967847E+02
-0.14220728360858E+02
-0.13192118809710E+02
 0.19214447145085E+01
 0.73474987692721E+01
 0.59234738967951E+01
 0.59530149371760E+01
-0.17302244867570E+01
-0.18417621293987E+01
-0.35451684626436E+01
-0.15237555815491E+00
-0.67051882950013E+02
 0.38063657399701E+02
-0.39437157693932E+02
-0.93098294550807E+00
-0.60349155301807E+01
 0.27268261433171E+01
 0.23380685206188E+02
 0.31771528280858E+02
 0.29880024001427E+02
 0.27265690832728E+02
 0.25287000410395E+02
 0.21317734061517E+02
 0.21186216673351E+01
-0.11093376494646E+02
-0.10200720191060E+02
-0.26313768919670E+02
-0.87364828378521E+01
-0.61106715048394E+01
-0.11947794810184E+02
-0.19788792526975E+02
-0.13532957903458E+02
-0.15960787393433E+02
 0.32869153539050E+01
-0.14706840519488E+02
-0.23009228668178E+02
-0.20583911766774E+02
-0.16302428798811E+02
-0.27311001603925E+02
-0.28858833973794E+02
-0.25145772442749E+02
-0.26620111542385E+02
-0.11206283846473E+02
-0.37646096128701E+02
-0.19970918149473E+02
-0.20266275826434E+02
-0.25871120668697E+02
-0.13005643882210E+02
-0.92852165357132E+01
-0.25982103470884E+02
-0.18482856312588E+02
-0.16730002244609E+02
-0.13565854488503E+02
-0.37450744313860E+02
-0.19658321517661E+02
-0.99965753188045E+01
-0.59115748139905E+01
-0.13152286210381E+02
 0.39097525924787E+01
 0.73605104575394E+01
 0.68081903822511E+01
 0.14868078011750E+02
 0.20270352523310E+02
 0.60313761362097E+02
 0.37138150076582E+02
 0.25645597555957E+02
 0.35464884226197E+02
 0.25519136139122E+02
 0.35660779028658E+02
 0.30709373663801E+02
 0.32461626206683E+02
 0.33054596362248E+02
 0.29351800367128E+02
 0.15612650764664E+02
 0.18975305709530E+02
 0.22812382603983E+02
-0.89471686650463E+01
-0.37121863578695E+02
-0.22927822573479E+02
-0.50563993204071E+02
-0.83890164055181E+02
-0.11108177235662E+03
-0.10698013914470E+03
-0.14829712497503E+03
-0.13653678844532E+03
-0.18199416322825E+03
-0.21755148513890E+03
-0.23158188967159E+03
-0.24261312614277E+03
-0.28476923581165E+03
-0.29552775203175E+03
-0.32515613382883E+03
-0.34358377669857E+03
-0.36653870271343E+03
-0.45912238494880E+03
-0.41571413741350E+03
-0.52350690193347E+03
-0.53087165778695E+03
-0.50673583764670E+03
-0.62543064230582E+03
-0.57886820142859E+03
-0.64711200189920E+03
-0.73743923070222E+03
-0.65670956642086E+03
-0.79107158699929E+03
-0.93467024649827E+03
-0.83306747031956E+03
-0.88117135337640E+03
-0.10671981971745E+04
-0.99820326688628E+03
-0.10144227822836E+04
-0.11929710345267E+04
