 0.36026483326913E-09
 0.36026483326775E-09
 0.36026483326582E-09
 0.36026566311176E-09
 0.36136349793641E-09
 0.40493478235702E-09
 0.42558631665852E-09
 0.33343799241210E-09
 0.28145119310635E-09
 0.57568286643529E-09
 0.40386566734905E-09
 0.37209693561639E-09
 0.47930158259997E-09
 0.26857213197726E-09
 0.45739388788945E-09
 0.19773246086961E-09
 0.46607816880164E-09
 0.43147668516573E-09
 0.29119072456738E-09
 0.45400647470065E-09
 0.40197423130976E-09
 0.19712777650208E-09
 0.52635656633982E-09
 0.27787629927565E-09
 0.32923362109482E-09
 0.39183453774097E-09
 0.40961555232661E-09
 0.52108311826016E-09
 0.48763193414013E-09
 0.57710553349273E-09
 0.72187199860810E-09
 0.11039762403096E-08
 0.15377902476523E-08
 0.23416255080396E-08
 0.34476956548601E-08
 0.53300782224669E-08
 0.77931895410051E-08
 0.11548770860930E-07
 0.16463244138387E-07
 0.23743027370351E-07
 0.33153614776862E-07
 0.45688372926371E-07
 0.62175918324704E-07
 0.83391182897049E-07
 0.11033914405235E-06
 0.14407652140641E-06
 0.18601005138630E-06
 0.23742411214579E-06
 0.29989791854054E-06
 0.37495589567197E-06
 0.46446211369426E-06
 0.56990136023379E-06
 0.69328666450283E-06
 0.10453523458776E-05
 0.70190795627631E-06
 0.13925993605115E-05
 0.13961231823269E-05
 0.16319890156378E-05
 0.18939118124612E-05
 0.21823109925462E-05
 0.24968179753894E-05
 0.28370807073991E-05
 0.32014616199683E-05
 0.35880890845103E-05
 0.39936317344882E-05
 0.44135453650663E-05
 0.48430423680437E-05
 0.52748835697125E-05
 0.57014172033264E-05
 0.61119703025808E-05
 0.64953560189749E-05
 0.68382177322945E-05
 0.71244738004701E-05
 0.73361741071548E-05
 0.74530100874170E-05
 0.74516975317277E-05
 0.73060102462005E-05
 0.69874940324267E-05
 0.64631910466042E-05
 0.56979497739013E-05
 0.46520895379581E-05
 0.32826815031371E-05
 0.15421307806920E-05
-0.62087929002500E-06
-0.32622965370045E-05
-0.64435819555435E-05
-0.10229767051355E-04
-0.14692274379292E-04
-0.20057068181240E-04
-0.25859819028918E-04
-0.32758629796217E-04
-0.40923216699631E-04
-0.50032987888498E-04
-0.60370994739839E-04
-0.72049043887083E-04
-0.85191022292600E-04
-0.99927264407240E-04
-0.11639506196292E-03
-0.13474147579541E-03
-0.15512112670687E-03
-0.17770886204851E-03
-0.20264382443942E-03
-0.23014351557872E-03
-0.26038805973820E-03
-0.29358170445772E-03
-0.32993734374874E-03
-0.36967862062530E-03
-0.41304190460975E-03
-0.45548070460875E-03
-0.51163685508536E-03
-0.56739662972299E-03
-0.62783832698099E-03
-0.69325736446142E-03
-0.76396211528621E-03
-0.84027211805504E-03
-0.92252123050312E-03
-0.10110542877141E-02
-0.11062286195729E-02
-0.12084132767697E-02
-0.13179900382779E-02
-0.14353539899002E-02
-0.15609445774769E-02
-0.16948007465674E-02
-0.18381533629899E-02
-0.19906340275558E-02
-0.21529873689445E-02
-0.23255841689331E-02
-0.25088321588814E-02
-0.27031035196570E-02
-0.29087942539721E-02
-0.31262449199005E-02
-0.33557641051054E-02
-0.35976148769327E-02
-0.38547864107985E-02
-0.41172649653168E-02
-0.43987808347958E-02
-0.46911010070877E-02
-0.49934632922581E-02
-0.53123806335152E-02
-0.56402858068695E-02
-0.59785928643049E-02
-0.63270463051362E-02
-0.66816863030758E-02
-0.70392404431324E-02
-0.74059049058596E-02
-0.77692719544138E-02
-0.81298101131446E-02
-0.84818980816268E-02
-0.88208945442323E-02
-0.91401863482566E-02
-0.94340579131992E-02
-0.96948292366440E-02
-0.99147385087848E-02
-0.10085878182178E-01
-0.10199610556726E-01
-0.10251952869073E-01
-0.10230362766105E-01
-0.10143365229000E-01
-0.99635248631750E-02
-0.97301975062070E-02
-0.94312870089432E-02
-0.90668550015763E-02
-0.86354598707369E-02
-0.81668684121839E-02
-0.76655552154385E-02
-0.71414895199372E-02
-0.66047078040329E-02
-0.60516785945919E-02
-0.55340983995896E-02
-0.49588569049091E-02
-0.45526216663927E-02
-0.39569720245892E-02
-0.34632392085549E-02
-0.30086580718428E-02
-0.24563947046497E-02
-0.20334267905700E-02
-0.15876227951307E-02
-0.12296404230420E-02
-0.71214510278147E-03
-0.28653532209333E-03
 0.13193650324067E-03
 0.57296502218186E-03
 0.95165891114723E-03
 0.13544253444425E-02
 0.17524229925625E-02
 0.21478120356837E-02
 0.25388038585457E-02
 0.29261233306941E-02
 0.33083991978501E-02
 0.36892047756989E-02
 0.40638408410203E-02
 0.44432451066408E-02
 0.48028285270111E-02
 0.51547914195407E-02
 0.55151277410016E-02
 0.58603233153167E-02
 0.61999202588017E-02
 0.65214082431670E-02
 0.68470583925996E-02
 0.71517565637936E-02
 0.74459562938691E-02
 0.77347575360867E-02
 0.79995130220851E-02
 0.82631960497993E-02
 0.85048355347136E-02
 0.87355637444818E-02
 0.89491192745216E-02
 0.91579426336090E-02
 0.93287113946373E-02
 0.94969120595370E-02
 0.96571562441013E-02
 0.97985348627869E-02
 0.99233212126735E-02
 0.10040247176338E-01
 0.10132115977364E-01
 0.10222282346279E-01
 0.10303527961954E-01
 0.10358969051025E-01
 0.10414468133391E-01
 0.10451545117708E-01
 0.10493396462378E-01
 0.10519184808883E-01
 0.10543550576892E-01
 0.10548657372643E-01
 0.10554828069127E-01
 0.10550763614330E-01
 0.10547263951977E-01
 0.10531475305323E-01
 0.10515541966110E-01
 0.10504361067926E-01
 0.10482942992690E-01
 0.10462653407622E-01
 0.10432768419240E-01
 0.10414106863152E-01
 0.10369512916820E-01
 0.10345601036035E-01
 0.10323827987461E-01
 0.10266561772514E-01
 0.10239955159125E-01
 0.10186802243331E-01
 0.10171876148187E-01
 0.10120731149985E-01
 0.10094725549724E-01
 0.10061803746902E-01
 0.10015052187763E-01
 0.99794225725920E-02
 0.99450482827717E-02
 0.99054898455258E-02
 0.98836667457764E-02
 0.98376069037415E-02
 0.97896750726931E-02
 0.97601604706480E-02
 0.97252587525932E-02
 0.96977308976549E-02
 0.96531858626669E-02
 0.96161014695013E-02
 0.95864827842916E-02
 0.95519844126416E-02
 0.95227247399959E-02
 0.94781186723500E-02
 0.94534130161127E-02
 0.94126518910950E-02
 0.94017505784912E-02
 0.93665737846689E-02
 0.93455077169800E-02
 0.92969338208927E-02
 0.92572938536591E-02
 0.92409630488752E-02
 0.92106563960222E-02
 0.91897147979796E-02
 0.91810972349274E-02
 0.91400078218438E-02
 0.91168703546708E-02
 0.90854121682871E-02
 0.90660729541497E-02
 0.90279053581489E-02
 0.90174659278135E-02
 0.90146883268855E-02
 0.89697092400280E-02
 0.89144009606472E-02
 0.88804418388022E-02
 0.89029740623469E-02
 0.88735444068628E-02
 0.88649807550519E-02
 0.87993170834048E-02
 0.88837809743567E-02
 0.87942640542011E-02
 0.86835675401114E-02
 0.87435233298974E-02
 0.87183745284903E-02
 0.87171942094636E-02
 0.86974565302896E-02
 0.86806647521568E-02
 0.86616515149280E-02
 0.86439218638591E-02
 0.86264903898654E-02
 0.86101595332954E-02
 0.85707909115094E-02
 0.85751434532473E-02
 0.85577030692314E-02
