 0.10184128105568E-12
 0.16294604968843E-11
 0.82491437654310E-11
 0.26071430470418E-10
 0.63852883564897E-10
 0.14717878339996E-09
 0.28125141071341E-09
 0.43633162023892E-09
 0.64132486212354E-09
 0.14873203830851E-08
 0.15876879040780E-08
 0.23472202835041E-08
 0.35741436888132E-08
 0.33621586795124E-08
 0.64434116197993E-08
 0.48779576091492E-08
 0.10889887285332E-07
 0.12651718176135E-07
 0.11064682578083E-07
 0.18646852058517E-07
 0.22771359118085E-07
 0.23771156237396E-07
 0.34562350502558E-07
 0.29659751922917E-07
 0.37753897899368E-07
 0.46291590740303E-07
 0.59501166324702E-07
 0.75623663170949E-07
 0.72385167034534E-07
 0.83931015369320E-07
 0.89228270234423E-07
 0.11945610364048E-06
 0.12069270269459E-06
 0.14854393092274E-06
 0.13492618713304E-06
 0.17460678972704E-06
 0.17130125674427E-06
 0.23330705752963E-06
 0.16575224140994E-06
 0.31331040483646E-06
 0.31442489728389E-06
 0.29340119714325E-06
 0.37354926857965E-06
 0.49967671560714E-06
 0.54645714004310E-06
 0.53562212175926E-06
 0.63517927334735E-06
 0.70997300337936E-06
 0.69605209110729E-06
 0.66785562004550E-06
 0.73552361319399E-06
 0.77275820497952E-06
 0.98810692649099E-06
 0.29570125045157E-03
-0.56594033611999E-03
 0.32533011909902E-03
 0.84225664860892E-06
 0.84414917975258E-06
 0.86036020938361E-06
 0.10298106845447E-05
 0.66062342453467E-06
 0.62293666348992E-06
-0.10976279507195E-06
 0.64155692547623E-07
 0.38494047761252E-07
-0.74180650015070E-06
-0.10845050207898E-05
-0.23751137840016E-05
-0.15309800589047E-05
-0.31364108251639E-05
-0.48806399809411E-05
-0.57505955442123E-05
-0.75109006882136E-05
-0.96140717349013E-05
-0.11102985468593E-04
-0.13392477971708E-04
-0.17152547782881E-04
-0.19441221554256E-04
-0.24507166413671E-04
-0.28210814507234E-04
-0.33984188540547E-04
-0.39045219734368E-04
-0.46683245823454E-04
-0.53682214700543E-04
-0.61102747036816E-04
-0.71543032788924E-04
-0.80654625581812E-04
-0.93372601571692E-04
-0.16112977665124E-02
 0.25099760825154E-03
 0.17520778753637E-02
-0.15789659989306E-03
-0.17694948831550E-03
-0.19959028242323E-03
-0.22245151798107E-03
-0.24907601898227E-03
-0.27978161676961E-03
-0.30846056556557E-03
-0.34248885602415E-03
-0.38125164996999E-03
-0.66643873632360E-03
-0.46604629820074E-03
-0.51796058593502E-03
-0.56604547059840E-03
-0.62016974495253E-03
-0.68519896412209E-03
-0.75081455808547E-03
-0.81598455505736E-03
 0.37903099031756E-01
-0.97245493726247E-03
-0.10549274961786E-02
-0.11401127519454E-02
-0.12352577070642E-02
-0.13084020614220E-02
-0.14384860554263E-02
-0.15374357277065E-02
-0.16420495441388E-02
-0.17486692755256E-02
-0.18624211390317E-02
-0.19791821689987E-02
-0.20955475668878E-02
-0.30917961079233E-02
 0.11496157500152E-01
-0.32462352953366E-02
-0.24594584128214E-02
-0.25257236567894E-02
-0.27333911983264E-02
-0.39821751023173E-02
-0.25575248976159E-02
-0.25252112426120E-02
-0.23811116894989E-02
-0.21996432432167E-02
-0.19439655897927E-02
-0.42071528020834E-01
 0.30954902509096E-01
-0.59855383489819E-03
 0.17688750911703E-03
 0.53972408645826E-01
 0.23557900065073E-02
 0.35800038932046E-02
 0.51813928024949E-02
 0.94312054956536E-01
-0.22834119961980E-01
 0.20496002815744E+00
 0.66829204755794E-02
 0.65769664389277E-01
 0.21648245489667E-01
 0.28071958811800E-01
-0.11185292071794E-01
 0.52818241402068E-01
 0.44482927700731E-01
 0.43004394326897E-01
 0.45890140906492E-01
 0.48082065423778E-01
 0.26641983316623E+00
 0.46505901692380E-01
 0.41078882792941E+00
 0.35002869101573E-01
 0.21286733068019E+01
 0.86406709595686E+00
-0.31377005816482E-02
-0.12472932363380E+01
-0.21158605154129E-01
 0.13593794199410E-01
-0.68312845936587E-01
-0.81358920945325E-01
-0.16595085506088E+00
 0.13011736519481E+01
-0.90263103300124E+00
 0.34671037592370E+01
-0.12300673568271E+02
-0.52057513326842E+00
 0.29410531179485E+01
-0.30700823000950E+01
 0.77580672539998E+01
 0.31476039427976E+00
-0.49803427828956E+01
-0.20411583395062E+02
-0.21348213920686E+00
-0.59648512128057E-01
-0.93158784372561E-01
 0.91480693737314E+01
-0.40411335725182E-02
-0.84697194333793E-01
-0.13520567205003E+00
-0.30578882797199E-01
-0.16256909864584E-01
-0.28639969460392E-02
 0.21901120613761E-01
 0.41324471204211E-02
-0.21263862844747E-01
 0.30419837946274E+01
-0.79620809496209E+00
-0.67698655112741E+00
 0.10614511591317E+01
 0.55114691743577E+00
 0.11478194010453E+01
-0.71544620582789E+00
 0.57700928967682E+00
 0.26009535854906E+00
-0.49157510848353E+00
 0.71577443046402E+00
-0.52691016996215E+00
-0.26982861144757E+00
-0.58421733252689E-01
 0.10864345860219E+01
 0.67638876402197E-01
 0.52238695444263E+01
-0.12815315567920E+01
-0.24572520434701E+01
-0.17628313679506E+00
 0.56923455450894E+00
 0.58504067681069E-01
 0.24442821370115E+01
-0.46938073171631E+00
-0.11318088167580E+00
 0.41989203967033E+01
-0.23265254760948E+01
-0.16679502125372E+00
-0.55721967685048E+01
-0.39410100825870E+00
-0.78018223723515E+00
 0.46886779958770E+01
-0.19251866345171E-01
 0.30230189204214E+00
-0.24468295049588E+01
-0.90569283830870E+00
-0.16868384945175E+01
-0.54044451585488E+01
-0.42526058904489E-01
 0.35900552414322E+00
 0.24887725064082E+01
-0.11661092190476E+00
 0.66918723172690E+01
 0.60982662860975E+00
 0.37722025005374E+01
 0.10562013448273E+02
-0.41336535701815E+01
 0.23143391476803E+01
-0.52690305216094E+01
 0.66002299809360E+01
-0.75248304563113E+01
 0.58377929646085E+01
 0.36723074680937E+01
-0.18798640981121E+01
-0.81673881093414E-01
-0.13301147131296E-01
 0.15914248094690E-01
 0.60262421768748E+01
 0.60938302171524E+01
-0.25878193603149E+01
-0.27587599931782E+00
 0.19760904634675E+00
 0.71490410513103E+01
-0.15671792325563E+01
-0.49479610702310E+01
-0.16678309592100E+01
-0.43836576228140E+01
 0.51394825945167E+00
-0.42648977523828E+01
-0.83826977992071E+01
-0.15645306529476E+02
 0.15293723964206E+01
 0.19541028399165E+00
 0.79185736353361E+01
-0.89017781064114E+01
-0.30743780075772E+02
-0.86264743543560E+01
-0.22786004776792E+02
 0.86058554097412E+01
 0.92065208354812E+01
-0.17068522574505E+01
 0.86558759221164E+00
 0.23167642222660E+01
-0.40718467065920E+01
-0.22677992000871E+02
 0.63637516014843E+00
 0.25122672422185E+02
-0.11299437447076E-01
-0.49930765489600E+02
-0.70784786609372E+02
 0.17187237929745E+01
-0.20865298999847E+01
-0.41464498731296E+01
-0.64479884815986E+02
 0.92953215813066E+02
-0.20040931039511E+01
-0.14138441937734E+03
-0.14866785406216E+02
-0.35300390051631E+02
-0.75205602587234E-01
-0.29576042304870E+01
 0.32522293790382E+01
-0.66261731423077E-01
-0.41903282387467E+00
 0.25770729973734E+00
 0.15150476832781E+01
-0.63709815152359E+01
-0.17242165717653E-01
-0.14336143847495E+00
