   6.46114195192883683103959025933776710      
   6.46114195192883683103959028497732578      
   6.46114195192883683103955342051319612      
   6.46114195192883683017430247034482347      
   6.46114195192883631202684105844099931      
   6.46114195192879374822801839469359182      
   6.46114195192773441007052000383496937      
   6.46114195191562482416807252590545078      
   6.46114195183430361631463954717654066      
   6.46114195145963039456490214459404695      
   6.46114195014853094426853311415483172      
   6.46114194641592702253765540601966093      
   6.46114193734686066786788236189699298      
   6.46114191784748361476617162370871853      
   6.46114187997298722860514512229374168      
   6.46114181212683765112364538616048110      
   6.46114169835029886681473023403251871      
   6.46114151775593426238229196621743277      
   6.46114124409189656238269154382254537      
   6.46114084545097821824622766118826717      
   6.46114028413302719695401554341882508      
   6.46113951666628137267778345975027946      
   6.46113849396718087746078084103105784      
   6.46113716174011862091465464991779433      
   6.46113546096687214000055035670443618      
   6.46113332857183945329969041730112045      
   6.46113069821804218363551847133820560      
   6.46112750130041324779900253818555668      
   6.46112366794028817876148546405150578      
   6.46111912796865596939115199163806937      
   6.46111381199999133675848675191676039      
   6.46110765236981318362375837424606027      
   6.46110058386238878740128125389161102      
   6.46109254440403492233673464688313115      
   6.46108347560586055044136196407368419      
   6.46107332276954086886872579160572456      
   6.46106203496049895420862388745145527      
   6.46104956477131873392689073512003085      
   6.46103586792113737150843066427392755      
   6.46102090251881985654583565583211283      
   6.46100462826848273194334416490100698      
   6.46098700577351768768469209821049507      
   6.46096799526166881811498274547244202      
   6.46094755564856527263004647968292631      
   6.46092564345350907763998792750704472      
   6.46090221174262717559093337041781259      
   6.46087720905546639103581049465156395      
   6.46085057844714992604097390287257562      
   6.46082225679300531569282560763892463      
   6.46079217368830017968981338878345372      
   6.46076025087824190977694287928021965      
   6.46072640165526016100536819661780165      
   6.46069053035778096525084703073958509      
   6.46065253202472621684842909203319920      
   6.46061229207216901032689110204337106      
   6.46056968621863303846877043618221385      
   6.46052458025996839257418749128129141      
   6.46047683016013440981700772309857807      
   6.46042628213975892533758520697317723      
   6.46037277279161543466877291908433444      
   6.46031612926109651092929734369656045      
   6.46025616955773468582146309125023015      
   6.46019270285099852076037258420426779      
   6.46012552970703663278910795051841529      
   6.46005444248420265357328785062527976      
   6.45997922568060197878573009512302122      
   6.45989965621001196808931767473409338      
   6.45981550386233982202148570755341864      
   6.45972653155169844085889067208458337      
   6.45963249567225709171583087862682979      
   6.45953314634795034142980979854412089      
   6.45942822767566884530781613724961812      
   6.45931747795416274605545970295143792      
   6.45920062986286802341448735638565405      
   6.45907741060528742094876893168771142      
   6.45894754197167416038798695907030713      
   6.45881074011716830980921144485544457      
   6.45866671632938790484872696390895497      
   6.45851517605259369242088380529961797      
   6.45835581937163011974707958856066205      
   6.45818834080142273563409399780039181      
   6.45801242776668695507372080203440932      
   6.45782776251487321871133465617774460      
   6.45763401987410795389147991034403983      
   6.45743086825171745326325443934437604      
   6.45721796757701815050926476621814329      
   6.45699497005137698030378046191257256      
   6.45676151869629671540823750718539360      
   6.45651724721092005284263227733820225      
   6.45626177906054636630832339931533436      
   6.45599472559579230689602679156296059      
   6.45571568726050081752448456156496400      
   6.45542425033099361092256773058148865      
   6.45511998769434599091506166752229062      
   6.45480245631687547369793975269971688      
   6.45447119664174427760022983245276339      
   6.45412573120349641423245449137300695      
   6.45376556326667054643553379227670608      
   6.45339017510951064020291397813383153      
   6.45299902632879948662703152238572436      
   6.45259155255476750689279510024158646      
   6.45216716347816870936985454568210510      
   6.45172524048409061578305354154905119      
   6.45126513512685803209469647306687272      
   6.45078616672665662738522533163447231      
   6.45028762021148727892527349928000031      
   6.44976874313503315777498036768845125      
   6.44922874382740389047103089166532206      
   6.44866678802725192715764173062089464      
   6.44808199608542940868743189329550627      
   6.44747344007339942257948011513998686      
   6.44684013978022407940960633103978377      
   6.44618105997753159314620856464760710      
   6.44549510586850270974761041506058479      
   6.44478111952787313185861517533832734      
   6.44403787519204815439407680565272361      
   6.44326407484917347548894447439043079      
   6.44245834314354847800911313408804905      
   6.44161922205953732995648388556828416      
   6.44074516515098045256696570797624744      
   6.43983453151199067042990531442813671      
   6.43888557918866421818932639543898320      
   6.43789645783972074397001509531189735      
   6.43686520131533546525995857817192783      
   6.43578971924308913813878121612849207      
   6.43466778828487988730934927717628559      
   6.43349704228545153157857518669051467      
   6.43227496203330605291502698092993827      
   6.43099886386639185196870982279058803      
   6.42966588744648126989399918066975503      
   6.42827298248627391024597052355249291      
   6.42681689430573613077906573042063069      
   6.42529414832596632781306804159804266      
   6.42370103231637947335524862932413303      
   6.42203357879014237071768026198734951      
   6.42028754415629532932839948465207372      
   6.41845838686094067370025980296896041      
   6.41654124346446624887506594374637837      
   6.41453090225962462279569673357138193      
   6.41242177536061499822351976671123711      
   6.41020786759996973394680300634770932      
   6.40788274323955892912157838326252978      
   6.40543948994832758769027191219484202      
   6.40287068012750180900821176759158208      
   6.40016832954125288530848054223182263      
   6.39732385344140918450035522054990672      
   6.39432802060084744254446186547101680      
   6.39117090580178673114800761934741936      
   6.38784184169174851515932957326771850      
   6.38432937133931630740322624831439312      
   6.38062120373431897676621740423601380      
   6.37670417240905329123072984310815663      
   6.37256420569310167061471623507554598      
   6.36818630483064174605158774606369246      
   6.36355453991920832645627194681877597      
   6.35865206536321463997951281939347773      
   6.35346115858214471864880849927704122      
   6.34796328578143613970263689427406213      
   6.34213919511872783584738029428365648      
   6.33596903676621332349357877230022832      
   6.32943250580224731788714784485938584      
   6.32250900106011182962770802354328629      
   6.31517779201242761039237300460966118      
   6.30741818419967088133627887444549030      
   6.29920967345225630808974619918775727      
   6.29053208014673466698220429420707214      
   6.28136566019464390116748484110916529      
   6.27169118624323531411050440586532547      
   6.26149000216072912729583919274179806      
   6.25074405054602962470801869736700660      
   6.23943587782011217496252841015490202      
   6.22754861946550920663217568154574156      
   6.21506597531877015419755132795999278      
   6.20197217036193160925752530364659638      
   6.18825191359711045175381850627558303      
   6.17389035202527356322946716532870974      
   6.15887302739649152293268352568745652      
   6.14318583042559746097762511849796312      
   6.12681496000984155473703937432256707      
   6.10974688790494019646231393517945243      
   6.09196832200382284330214223800754186      
   6.07346617738577135437008675805266197      
   6.05422755065090256536185967642048886      
   6.03423969654485902671031254328090214      
   6.01349000831890056112449715197022560      
   5.99196600208057027536081944210064991      
   5.96965530226498269875886213980969407      
   5.94654563055272205080527984864721240      
   5.92262479649674669317663640124126847      
   5.89788068982007955844559391527289671      
   5.87230127362020159397765110391828030      
   5.84587457992716344639269205478029786      
   5.81858870418210283506084603472027598      
   5.79043180262033277567432868261463888      
   5.76139208758879970587575479308882850      
   5.73145782495881391273656462612884794      
   5.70061733037931155752131364942714187      
   5.66885896577227590179663999276510548      
   5.63617113393960153294026438613588643      
   5.60254227847725827360053573919358909      
   5.56796087099952184576594653974637791      
   5.53241541497413469421660333113615364      
   5.49589443358103301500931886252337479      
   5.45838646532727068259948924886705821      
   5.41988005659683690874898413486049573      
   5.38036375516952856879263525035106108      
   5.33982610266641997313431362160376464      
   5.29825562712506137899715395282528131      
   5.25564083582245183853869663479545953      
   5.21197020728475904418695376868412110      
   5.16723218456022559836520564510967472      
   5.12141516836011990280914292174808469      
   5.07450751044316096438470702467861051      
   5.02649750745840019724845857241382930      
   4.97737339551142447736547608648494246      
   4.92712334490370768219052822191724463      
   4.87573545547929417052005766489563445      
   4.82319775298341055724494108227953543      
   4.76949818484689659566520936126266520      
   4.71462461742889172945738515325643626      
   4.65856483359447755829818994497541990      
   4.60130653026161086963990973187232754      
   4.54283731670361682669011867330150970      
   4.48314471320848494687625382101771229      
   4.42221614984587657205296486261382442      
   4.36003896652034822150419060486088667      
   4.29660041092482695403036965230493060      
   4.23188763984362753048473937801674610      
   4.16588771817287175560769718470175292      
   4.09858761916319713097613783416622093      
   4.02997422455933293655995740520617639      
   3.96003432550837665867662605782425275      
   3.88875462279613893910129901997164220      
   3.81612172666431653166835807362494502      
   3.74212215825631074393426591714846000      
   3.66674234961538674518074122685054869      
   3.58996864477629577264689507164816695      
   3.51178730026700260109692756240807295      
   3.43218448565009682251249989634349891      
   3.35114628435059992848210813172533965      
   3.26865869418490729716395644307756534      
   3.18470762833903674949691304912781260      
   3.09927891568954801851034053525195417      
   3.01235830152667083746747158479280359      
   2.92393144814121267888092553367697030      
   2.83398393566190994954495413344647610      
   2.74250126221675454537684389999272187      
   2.64946884494005360890057055619983198      
   2.55487202006605903073517464762168452      
   2.45869604381009944319737592086347706      
   2.36092609243035299582409636668671060      
   2.26154726318112033673531274573785101      
   2.16054457436036834116590464549424002      
   2.05790296584490090006331549091368755      
   1.95360729958536118151474788635971177      
   1.84764235971614088276596128034151258      
   1.73999285326189508531442348027907282      
   1.63064341020691244358348164271783946      
   1.51957858377083432500731237173284908      
   1.40678285095861652635746259085332142      
   1.29224061261037754879659687207343807      
   1.17593619387066429373409663779536453      
   1.05785384387995281306579823969026373      
  0.937977737270437921776487976618857439      
  0.816291972801182486387634355292895982      
  0.692780574731462950835440349774025060      
  0.567427492308410208037165168660182188      
  0.440216600563567173756869056492233932      
  0.311131699904159012132966400676662160      
  0.180156516861115270578503660209172711      
   4.72747036712989063504271103848895038E-0002
  -8.75301611084492095541101620572262713E-0002
 -0.224274572886268738973864921037616376      
 -0.362975100310271013704166201631879162      
 -0.503648385930107393356922178219124492      
 -0.646311145245246039388723781088598722      
 -0.790980167401488795307252549633045700      
 -0.937672314279572023886479357431617932      
  -1.08640452108941661068708606455907773      
  -1.23719379584477075548609101726524824      
  -1.39005721932975143194986333064066311      
  -1.54501194534910324670374177085237951      
  -1.70207520009279878150621760969725649      
  -1.86126428237415139332586745607981025      
  -2.02259656377636893466341986059187232      
  -2.18608948785365458803593784070338237      
  -2.35176057094734330144148346463478141      
  -2.51962740150239304806073328529480614      
  -2.68970764006287435260440919120204397      
  -2.86201901968738718335048420075186827      
  -3.03657934508108526465147285911948057      
  -3.21340649322128097054448449600119004      
  -3.39251841320060047027395340793270907      
  -3.57393312564232053168393900704509774      
  -3.75766872320019735174645456589658464      
  -3.94374337050876667164594480568507410      
  -4.13217530366199460734952874590567959      
  -4.32298283044366613612824226116394779      
  -4.51618433062066532982967178561595479      
  -4.71179825508832517148834108361170348      
