   6.46114195192883683103959025933776710      
   6.46114195192883683103959028499496191      
   6.46114195192883683103959038314688231      
   6.46114195192883683103933437570985625      
   6.46114195192883683025891176476935281      
   6.46114195192883663959149311535934162      
   6.46114195192882621076616365705724762      
   6.46114195192860943047578049878285024      
   6.46114195192628156559726996160573594      
   6.46114195191063804851685304077577820      
   6.46114195183604903774680787285436174      
   6.46114195156129158745735206985456172      
   6.46114195073147493359995319559211029      
   6.46114194858713870587596660981584112      
   6.46114194369521366902721923517616878      
   6.46114193360876941087672684242754084      
   6.46114191447262117054211069601678280      
   6.46114188059802057952138492111822752      
   6.46114182403175821050698548918851995      
   6.46114173414393755669536102251350827      
   6.46114159724517004209522214235620839      
   6.46114139630497809214472364716513895      
   6.46114111070826151617283212182549173      
   6.46114071610072504600104203698165571      
   6.46114018436379532507780479195616920      
   6.46113948369274886313196191469792704      
   6.46113857879048757010837119214160972      
   6.46113743117304195448192615587971223      
   6.46113599957542223828683473256069754      
   6.46113424043907875274049419092865945      
   6.46113210845588996993285857683517546      
   6.46112955713905678087987947439434330      
   6.46112653938905094204422845668831408      
   6.46112300801974383990136116962813998      
   6.46111891620180181122677839364069146      
   6.46111421791373240892161477892008698      
   6.46110886812048093295287143797030186      
   6.46110282295047714069873737266663733      
   6.46109603970941697284243727153239464      
   6.46108847676886525157189556238245716      
   6.46108009333772002014400770905488479      
   6.46107084912453171305663803724476588      
   6.46106070390681206903333870023493134      
   6.46104961697989242596929271108117089      
   6.46103754665367199912755370214547325      
   6.46102444971278583918322927856888810      
   6.46101028062409414697404996011292565      
   6.46099499097713943917646839345189061      
   6.46097852886433876888727726037618813      
   6.46096083827858728120743646520570895      
   6.46094185855867866317188439278188944      
   6.46092152386084606502563667937433889      
   6.46089976269346319993568419457729485      
   6.46087649747299499249170624912666044      
   6.46085164421889731742741709601649066      
   6.46082511228851009041728258216600105      
   6.46079680410026704179976548798503370      
   6.46076661492764427193426172443393279      
   6.46073443280914996313299464848442146      
   6.46070013847553328127766125066592009      
   6.46066360534297546703273507332898619      
   6.46062469949854614868182097569431879      
   6.46058327978737839839523282509935682      
   6.46053919793268613544617343328229927      
   6.46049229861204716051393776667426978      
   6.46044241954996549634989085766267818      
   6.46038939174117108788145825700269622      
   6.46033303959686446933957954369868970      
   6.46027318105323747904372907992655599      
   6.46020962779485526248548378168132658      
   6.46014218535918177021824059818033278      
   6.46007065333036160254714860012980745      
   6.45999482548038622947713982756433416      
   6.45991448981045553831462997067931886      
   6.45982942868588953249157086082955504      
   6.45973941889078836420648101827681062      
   6.45964423161278458475912929185520696      
   6.45954363263532907690314287838385918      
   6.45943738208150615646127758976265920      
   6.45932523442261595911695296255691805      
   6.45920693848433450727681134806272056      
   6.45908223712186755660923985167177129      
   6.45895086711964071276507174305833457      
   6.45881255895691890549785764121619109      
   6.45866703647993424898899609290370370      
   6.45851401659515527449853756995722108      
   6.45835320889713308919510484733404291      
   6.45818431531827532345821816337587768      
   6.45800702944981479143803469936304209      
   6.45782103614367536309226387780845428      
   6.45762601084605489672359692157692146      
   6.45742161895821199179401401559086572      
   6.45720751510772002557399023850651345      
   6.45698334228011293027093313659703947      
   6.45674873128960881328503914058066249      
   6.45650329950064759120263926843183340      
   6.45624664997077694328546208641140807      
   6.45597837039585882515720310299027243      
   6.45569803199982178426553681459698542      
   6.45540518825787720314610310102399252      
   6.45509937342325178989699339659340946      
   6.45478010190855889737812551266547288      
   6.45444686577879855842012212004965074      
   6.45409913393522153441965780220034991      
   6.45373634997582165522136942566815601      
   6.45335793047701553192310017774327529      
   6.45296326433621070911649757209084169      
   6.45255170644296558735405875606429478      
   6.45212258272064557312660324339121185      
   6.45167518136129363039521703419393167      
   6.45120875374637376015728769594239086      
   6.45072251068875366872839039779752437      
   6.45021561889628041971634783659380494      
   6.44968720069238721986931749320225527      
   6.44913632884756922708451774632995312      
   6.44856202248735930688450978934430626      
   6.44796324551263902992754991006435554      
   6.44733890147405923898225035336491219      
   6.44668782959855473470158998668920218      
   6.44600880044323268186140781588514394      
   6.44530051150328182665227597871565723      
   6.44456158175305499954098704536117675      
   6.44379054610528430972997848568542519      
   6.44298584925742067231072512008192524      
   6.44214584036001320665549474804238598      
   6.44126876492868359260241882747369717      
   6.44035275832355193133067101213939143      
   6.43939583702748464642613327789979306      
   6.43839589075092767756989249162705562      
   6.43735067189142340245071678614822431      
   6.43625778646399053879341655051579864      
   6.43511468261913345789151869923114935      
   6.43391863821116997250998422209667030      
   6.43266674792265324552646267514624377      
   6.43135590915237257857496835193102574      
   6.42998280579704180498962121804310562      
   6.42854389163516231582667782683530588      
   6.42703537158819813435506607588978340      
   6.42545318111419708737713541615953340      
   6.42379296410645843681672756318572755      
   6.42205004773652029343324421309756163      
   6.42021941667302727411210819518915580      
   6.41829568325441101563488297451167797      
   6.41627305517622212687535904147726146      
   6.41414530120213460020013213048445921      
   6.41190571278385824876843016035494683      
   6.40954706280707320675774763315154656      
   6.40706156098724507299991330966735295      
   6.40444080613821771057201900852523783      
   6.40167573524678405906517815602125975      
   6.39875656991116481477935916211366867      
   6.39567276090813070328258842438764455      
   6.39241293204760206932193554674906336      
   6.38896482496903638607328850434663417      
   6.38531524750207866687355457938601498      
   6.38145002850661548646722067788171324      
   6.37735398336472109495695026080749442      
   6.37301089590304904581481597295196479      
   6.36840351857760889865757163204332675      
   6.36351360399533418022376734455459087      
   6.35832196334318452751773612649195476      
   6.35280856136348678278854014189365926      
   6.34695264746245611417427013113203222      
   6.34073291706765305769357738401825089      
   6.33412769977230003270102863579043904      
   6.32711516198730241902640721726976026      
   6.31967351151792638552807644691900074      
   6.31178119165059111934354926034042463      
   6.30341705058812634780240407012812672      
   6.29456048164142115979886344663303754      
   6.28519152250280941757638824310457173      
   6.27529092193584888777390410560660298      
   6.26484016424783991365265609827956311      
   6.25382147346756563811506592014193063      
   6.24221778341617029708155671241540195      
   6.23001269741279363969445207600854586      
   6.21719043546593493244340277085088690      
   6.20373577441632156325839260675092892      
   6.18963398621297368292716799679365979      
   6.17487077998528383703608044721786176      
   6.15943224234688040491449085148407023      
   6.14330478561223108906102689342305567      
   6.12647510416746486504492603994755585      
   6.10893012518532097692596283053612538      
   6.09065697916868643397965460560218991      
   6.07164296191861373001282814572579336      
   6.05187550958905530020377307686515261      
   6.03134217579491389222092233932138779      
   6.01003060978172197378823496868736803      
   5.98792854036560946344371616518019766      
   5.96502376252015053705200754915202947      
   5.94130412555541547826372349061187960      
   5.91675752367822491993881779990016522      
   5.89137188747460715227966167341581112      
   5.86513517914269438400477049483924440      
   5.83803538808552059455203358621776222      
   5.81006052344826427079728014170100505      
   5.78119861565108439474148980482038695      
   5.75143771031240891652906451370666365      
   5.72076587007390038605891554411572843      
   5.68917116671771658565571217193484148      
   5.65664168535614929185929194079118824      
   5.62316552648577900657662859160615332      
   5.58873079494725483315713083305165990      
   5.55332560550931412733594060049436158      
   5.51693807878460575840706318058721041      
   5.47955634197190280349440782378346062      
   5.44116852416098271023340890369202500      
   5.40176275610297992088211791274595988      
   5.36132716676366514248402750731034179      
   5.31984988042482752409391174518177032      
   5.27731901322882935530068303834523039      
   5.23372267025837179277428044874943067      
   5.18904894043355993433957291358093423      
   5.14328589375914569868383602483589697      
   5.09642157560618200246447102796418873      
   5.04844400330566906684807375199467373      
   4.99934116085332890105422900666360389      
   4.94910099403634216268276154228689765      
   4.89771140674987255657420313324051766      
   4.84516025559440282041125101061617148      
   4.79143534560490941546887066717514226      
   4.73652442614686742526090703537990950      
   4.68041518692837530458150370557038676      
   4.62309525394752561390381678317730268      
   4.56455218609948560441196061261399919      
   4.50477347204400442731633774036179069      
   4.44374652704582912332911515544604162      
   4.38145869055289656552414284327493818      
   4.31789722372699484677617472918797137      
   4.25304930737738111816584064351746957      
   4.18690204033742121012241167555175804      
   4.11944243813777657076805536699348054      
   4.05065743129630660008833774683345038      
   3.98053386456539308788016828515164112      
   3.90905849625406279678458849302932013      
   3.83621799756187031030902551399553984      
   3.76199895208676491550028247263240720      
   3.68638785568145448857215275384303534      
   3.60937111630200978093311643104937305      
   3.53093505397615814178172571488590272      
   3.45106590084186162922586807721587518      
   3.36974980154722168538528108193270058      
   3.28697281328446308627214398359822635      
   3.20272090642305606518027756635817931      
   3.11697996442747187951098396696229293      
   3.02973578459428811647236299404780547      
   2.94097407854482420173319749454106442      
   2.85068047235576525598037421677989021      
   2.75884050744510794056510190381001611      
   2.66543964076851576181835388328926240      
   2.57046324545319748345070979594281852      
   2.47389661132540435836028607320173500      
   2.37572494516078387391707595917953917      
   2.27593337150202037635250218000483884      
   2.17450693299747317739492053947896957      
   2.07143059068021952440318101208883980      
   1.96668922482069277477537390033889621      
   1.86026763502731508289574043558353609      
   1.75215054075137389896536937696472453      
   1.64232258187723608839871752134697058      
   1.53076831889848950353841959680718807      
   1.41747223334213731815075637092935248      
   1.30241872830046703304107054094553241      
   1.18559212859420951111315349690780379      
   1.06697668112122027944902288107796237      
  0.946556555317767152690653920346093400      
  0.824315843459107945571644006921573818      
  0.700238560591376039478450687537623855      
  0.574308645435645186635895379654924068      
  0.446509960135124982028577347387845346      
  0.316826290517830103571031156634405156      
  0.185241347089857179018979869522190353      
   5.17387640838522558674263630018450711E-0002
  -8.36978994141456097371893925912446307E-0002
 -0.221085159740182511481176979386479297      
 -0.360439607992404710038317678966576277      
 -0.501777910536739654200917889894621609      
 -0.645116807977953848442521109809876337      
 -0.790473115687079275099929397751542706      
 -0.937863723197858710923620986990877354      
  -1.08730559434573436657768889782357227      
  -1.23881576703671072721017675055313786      
  -1.39241135289597008423193114244785525      
  -1.54810953732976390040141558884622034      
  -1.70592757943133258922680883158649551      
  -1.86588281172455895916878715586502444      
  -2.02799264014843697111216923219932529      
  -2.19227454379282598535167116349655719      
  -2.35874607498999926507013697648648645      
  -2.52742485903568812306534680579471971      
  -2.69832859412289839946961096873410230      
  -2.87147505138090236060885275779101138      
  -3.04688207460074262281978892321639961      
  -3.22456758023064186796511755877300228      
  -3.40454955716003263810190061361304419      
  -3.58684606685574458480972655197760297      
  -3.77147524312942509608063490639169399      
  -3.95845529212414717782052154638399440      
  -4.14780449199732964140420828590091531      
