   6.46114195192883683103959025933776710      
   6.46114195192883683103959028499496191      
   6.46114195192883683103959038329440624      
   6.46114195192883683103935709324554455      
   6.46114195192883683031477967894610582      
   6.46114195192883665107874864086077249      
   6.46114195192882675936540342244422997      
   6.46114195192861974256404551729848535      
   6.46114195192638482979506589259759540      
   6.46114195191130131472971394295791133      
   6.46114195183912847343920454279273900      
   6.46114195157248876087485449881811627      
   6.46114195076518607864152881876708911      
   6.46114194867459084843075637634736690      
   6.46114194389649957635672970275797141      
   6.46114193402897039308394181707281177      
   6.46114191528176177771735744228731757      
   6.46114188205422475722487844944610555      
   6.46114182650671794358655355855680267      
   6.46114173814990144161803383915796847      
   6.46114160346240702486347835728570988      
   6.46114140560587313284206325960141767      
   6.46114112418222696148094551480955381      
   6.46114073507712152768134407572873575      
   6.46114021042879779458966734599429737      
   6.46113951870268428176184399963449499      
   6.46113862488016676933269678140669270      
   6.46113749075869334507617320505424924      
   6.46113607535207294523526468929995782      
   6.46113433537249369818031722206550241      
   6.46113222576945157193503714852973187      
   6.46112970029622448376844058526013004      
   6.46112671207225904331958661880783525      
   6.46112321411002863003398841121556341      
   6.46111915974436792484150850077551931      
   6.46111450310189768055849833597613138      
   6.46110919926866214818811716682508328      
   6.46110320447068614237317988922602999      
   6.46109647609265245647135589310603119      
   6.46108897256885217268776967000351584      
   6.46108065315905376044219664374377677      
   6.46107147761538904150187642373215178      
   6.46106140575609999711048604162286971      
   6.46105039693630577554577067284029943      
   6.46103840948064730908929018696558454      
   6.46102540025595437092559313922905745      
   6.46101132380409278362338060725110833      
   6.46099613180971690939378212347474110      
   6.46097977248238973489052313873499678      
   6.46096218995544793498068434421317685      
   6.46094332373517766566637508243822709      
   6.46092310817312718897641351702006168      
   6.46090147200149208137534025828507076      
   6.46087833790089141520691857334412035      
   6.46085362215751261714016225145045922      
   6.46082723443546959147267974713080021      
   6.46079907749949312549278118691669803      
   6.46076904698972659899757180852562756      
   6.46073703133540402815346303609028626      
   6.46070291168170812201142278638767690      
   6.46066656188103402826267067755690330      
   6.46062784848041994476373621585570803      
   6.46058663080535654125594708155061662      
   6.46054276105272172520633679999456734      
   6.46049608441934297889074054707737711      
   6.46044643915740495005631220918846325      
   6.46039365677349076644019198764342308      
   6.46033756222882863621441630587741170      
   6.46027797401185361269012467971760309      
   6.46021470434841748480469753095352514      
   6.46014755935482609956451589328553230      
   6.46007633914902419980340659867511618      
   6.46000083808424300679748964148506011      
   6.45992084472658562632154789939572225      
   6.45983614200902403807096364807543036      
   6.45974650728499995980305045418918199      
   6.45965171232166198343100707842140445      
   6.45955152344639138140609424184666327      
   6.45944570138431697889789621210157618      
   6.45933400114174304640816160012301880      
   6.45921617213975042275096506023662848      
   6.45909195781153246557563424158757271      
   6.45896109550913136560169878164620891      
   6.45882331630300122749623968089881439      
   6.45867834463093672529511835498098907      
   6.45852589798351399674073687853664502      
   6.45836568657055356964153570008066995      
   6.45819741291750377743657253588265034      
   6.45802077126088272962488237146853735      
   6.45783544708219313879532243310415245      
   6.45764111648723726173799991049923915      
   6.45743744555507310060295045337635101      
   6.45722408962706065031940412790536712      
   6.45700069236892834959599461971896766      
   6.45676688535847648677311275093579685      
   6.45652228674339107023764528542750853      
   6.45626650039201419942921622993551389      
   6.45599911484156343659766441551814377      
   6.45571970220134898511936973226086243      
   6.45542781688967942093228319265491666      
   6.45512299413998697532059037491781171      
   6.45480474937705831990660007610213890      
   6.45447257575359448451078656531660683      
   6.45412594329647510605261032944401278      
   6.45376429683076625784384581834586084      
   6.45338705423607458315378172760018569      
   6.45299360593613076447558349230625923      
   6.45258330778521782435558605348850998      
   6.45215548724052719547083275211045465      
   6.45170943509165684930894810779183124      
   6.45124440348866737219492855556269724      
   6.45075960523243606052264322403583947      
   6.45025420901911915816515098521201364      
   6.44972733925702654325005049793573700      
   6.44917807081248148580428247078975664      
   6.44860542598472092789114434643556359      
   6.44800836954450362934756774456288950      
   6.44738580887260190754055741712507178      
   6.44673658584394139512906455584594359      
   6.44605947388906764128827281869597459      
   6.44535317381709616985075869802947864      
   6.44461630786660723332938428505520468      
   6.44384741457125957354790781764712528      
   6.44304494286344889351558585684121758      
   6.44220724562075457105107206837766786      
   6.44133257290899382118546996662120842      
   6.44041906500138009239827256283855873      
   6.43946474326034289226056600760982648      
   6.43846750283931462907664819391533064      
   6.43742510202214391102570351548892250      
   6.43633515291421187318302179819525353      
   6.43519511032259818899956039291787434      
   6.43400225921010469341992966629267534      
   6.43275370193053441028755905916601079      
   6.43144634390973811000265587045073325      
   6.43007687794273690595702732027844753      
   6.42864176719336580915389860479651801      
   6.42713722666545373880660585101411090      
   6.42555920265977165004443339442734725      
   6.42390335079635449626092986911926277      
   6.42216501080109195549870687263151154      
   6.42033918086137717942294995422572171      
   6.41842048774170543072228048937271365      
   6.41640315514533257836440684164850713      
   6.41428096832793254110930766732912585      
   6.41204723693330474251345730341665676      
   6.40969475336462347786260728074508908      
   6.40721574821205377354571575650298966      
   6.40460184263015720281255603376901228      
   6.40184399749774306346604573312642502      
   6.39893245985010499840462514144288599      
   6.39585670738903671176199478850830740      
   6.39260539226737350051721215993464239      
   6.38916628570887267715496964331827534      
   6.38552622608665168349261567324731957      
   6.38167107335944224787355889640660033      
   6.37758567392618646085250463954688048      
   6.37325384182077118417594709502569693      
   6.36865835840256035460838061219048815      
   6.36378100192814114521565030350094414      
   6.35860260575534361399183383399196180      
   6.35310315143425281949456912964539298      
   6.34726189958774836425625619413053914      
   6.34105754982851700739164568388818331      
   6.33446842895908262420469564704696425      
   6.32747269358659756476872094165648518      
   6.32004853530464257946263377768663027      
   6.31217437586714416119156275543212409      
   6.30382903778788453309855527287209232      
   6.29499188623903245443303438384497916      
   6.28564292916601765416294531073953926      
   6.27576288643288598650910546231728550      
   6.26533321396694719949147818149954748      
   6.25433610952141906332868135538695088      
   6.24275448353740530501031635643566708      
   6.23057191793201844367375079653723744      
   6.21777261406292528392141432090150823      
   6.20434133470262271223844955317178498      
   6.19026333813367163541701413814004677      
   6.17552432201490735211544682651691183      
   6.16011036535361070225773904283029348      
   6.14400787367868535894854644779857047      
   6.12720353588248090612404591872750681      
   6.10968427519538392139445410414709529      
   6.09143721907320480326924028071981332      
   6.07244966123250782941979406051076867      
   6.05270903633742105825825214875072666      
   6.03220289670911817894912330466272268      
   6.01091889128942974520684474401927023      
   5.98884474799617976625028055885408233      
   5.96596826174942367355521795011466625      
   5.94227728142987394401299972865897859      
   5.91775970074001643916314144291830130      
   5.89240345008138031952568694139231385      
   5.86619649115199056600910675190255650      
   5.83912681181632347189704604588715300      
   5.81118242077863607600850912900215837      
   5.78235134669553690148356347218261669      
   5.75262163374678712143965280830181541      
   5.72198134255058583966030761975854788      
   5.69041854259509279074935420104802439      
   5.65792131831020307356879276494598607      
   5.62447776183005337028305662539717725      
   5.59007598033251923518360457008722355      
   5.55470408350749219679673543187273184      
   5.51835018832591332637051995233938269      
   5.48100241829657771331635602783605669      
   5.44264889857528965437880992664586350      
   5.40327775610257092571564578780198124      
   5.36287711587039617666431070082797742      
   5.32143509801948157059789567119416734      
   5.27893981526116432728816550104378477      
   5.23537936840913394128611346115964591      
   5.19074184334721675049468080024514904      
   5.14501530655333307976807618135383100      
   5.09818780046615701536473355525435801      
   5.05024733964888538906450884169150841      
   5.00118190579246863519645751278028271      
   4.95097944261474101900887133345504133      
   4.89962785249451014655485462282223909      
   4.84711499080065022285726280213278330      
   4.79342866176287830377217419760262955      
   4.73855661435994536513770086374500518      
   4.68248653823333431735432054648595112      
   4.62520605987564451241651601246820569      
   4.56670273882118904676887967473359425      
   4.50696406483807530596730922649249036      
   4.44597745462241730594593794508598980      
   4.38373024931016812112647577917368025      
   4.32020971204309613014975782973773016      
   4.25540302586226487826419512100334595      
   4.18929729203166927185833263347537741      
   4.12187952878975185775704555003104939      
   4.05313666940641535158194219762071059      
   3.98305556164847609810475756835763123      
   3.91162296680568964179712930540311066      
   3.83882555937340367770175564121656528      
   3.76464992616398792324099928281467247      
   3.68908256638631688766428854169443481      
   3.61210989136591423486645113141237269      
   3.53371822456240490782918236130413233      
   3.45389380156018012623531754418110589      
   3.37262277040502395541217547622458658      
   3.28989119181501359015742257012406552      
   3.20568503954371468056257764663250307      
   3.11999020046701882146585511759807557      
   3.03279247538509788994270965656298859      
   2.94407757917486890483424163822114431      
   2.85383114136135487661338474897271313      
   2.76203870655135409337473868557971859      
   2.66868573505969346761859085259891841      
   2.57375760322961157720012333736498236      
   2.47723960406761952950678414067360485      
   2.37911694744827679931216947834555601      
   2.27937476109248818095667123153818692      
   2.17799809066644706047949112687285593      
   2.07497190021025086743043622765023847      
   1.97028107298188596591900039062004120      
   1.86391041149779520868894871428671261      
   1.75584463811533101332884487059958072      
   1.64606839553492144379025671013681991      
   1.53456624708605146772469444538418800      
   1.42132267701772056879310531164288985      
   1.30632209116618257693349173897395114      
   1.18954881702777197524526729479661644      
   1.07098710416339289718566258067127596      
  0.950621124624407464492048095394208703      
  0.828434973222191104793963404490096513      
  0.704412667634864400266343461058267630      
  0.578538149066313589469221899871783526      
  0.450795282040677739865984323141864871      
  0.321167855003061497922921617070819930      
  0.189639580788507817010282313808133420      
   5.61940960894332553336409043920405972E-0002
  -7.91850376848968538636495067679467604E-0002
 -0.216514334459741699989517654702814671      
 -0.355810383076953689875342373861957918      
 -0.497089847467040421429586674531461065      
 -0.640369466136246498282659962204815940      
 -0.785666052033773547135270987643127649      
 -0.932996492493218446162161984886885673      
  -1.08237774919270525186714184432132599      
  -1.23382685776609088394770264890612813      
  -1.38736092759672012870441937316469691      
  -1.54299714200472886493736585088683856      
  -1.70075275788505774426487319998364613      
  -1.86064510563043242594073739453988834      
  -2.02269158902770747240156245345238061      
  -2.18690968508397192859037662658675981      
  -2.35331694399170009451118619447422575      
  -2.52193098900406516458620151142802617      
  -2.69276951620062130632150789540269831      
  -2.86585029459936569916703770808369321      
  -3.04119116605104604358095647012354336      
  -3.21881004483347781282979693814015538      
  -3.39872491792096844549350144609961696      
  -3.58095384465767762232097487944899958      
  -3.76551495691794038712047816135345195      
  -3.95242645870212203148960481477500073      
  -4.14170662633126823212146421568941933      
