   6.46114195192883683103959025933776710      
   6.46114195192883683103959028499496191      
   6.46114195192883683103959031084971476      
   6.46114195192883683103522959513316899      
   6.46114195192883682350389056047909918      
   6.46114195192883556457390526672357380      
   6.46114195192878319490025555613539097      
   6.46114195192789884235920641619355644      
   6.46114195191983226467691226818410963      
   6.46114195187229561580089130455008337      
   6.46114195166878790437118010680057384      
   6.46114195098352383700005973441305859      
   6.46114194906512501412485796598707462      
   6.46114194441918661124981976270751520      
   6.46114193439809190843798803170127751      
   6.46114191472176817941862638601599945      
   6.46114187896188811838902446066903585      
   6.46114181800868525364514108060332974      
   6.46114171961579749020274393144272221      
   6.46114156796609048896178199126842288      
   6.46114134328779428670498886197312177      
   6.46114102160917836138661696702375309      
   6.46114057461810019831902323833842539      
   6.46113996963086242888803878391088256      
   6.46113916969756811789735370406322002      
   6.46113813384048226515605216500917953      
   6.46113681742384302919487482478535437      
   6.46113517264426868735576183559703021      
   6.46113314912219112281134126383729891      
   6.46113069456661861495960247352648073      
   6.46112775547817657287560862040967736      
   6.46112427781843525802191875259171200      
   6.46112020778559731878618790690787810      
   6.46111549229716482730198133345014772      
   6.46111007951871232225571322836958445      
   6.46110391922054397620808552944957350      
   6.46109696297151658358299022497153099      
   6.46108916420918841282184734887498570      
   6.46108047810546583049446017867071600      
   6.46107086132763372519187857013283853      
   6.46106027163807454258097448526061788      
   6.46104866746849941147379225139261637      
   6.46103600713722784205345190724580184      
   6.46102224823518323800156996870536332      
   6.46100734686698481152988794788346287      
   6.46099125687011580043348330328370989      
   6.46097392902028731369737107427292086      
   6.46095531023665116871679791242465767      
   6.46093534279554770362278480431750043      
   6.46091396357542770899136432656901623      
   6.46089110360541401468778373242135001      
   6.46086668714074719457757670827062164      
   6.46084063123302312682645640719302503      
   6.46081284522463628904473003722672955      
   6.46078323031653296428708371186403832      
   6.46075167921315118718649360094644722      
   6.46071807580117819911213963238255429      
   6.46068229490205275156961971285667162      
   6.46064420219495919579793034435988633      
   6.46060365389555428123981945610625935      
   6.46056049681344828965037898654678592      
   6.46051456820082141145229602177017884      
   6.46046569572660631332688704253819571      
   6.46041369745490297669168959161200072      
   6.46035838190666865312854659853628228      
   6.46029954791757902357655606703298802      
   6.46023698487156488427254459409088479      
   6.46017047247011608912162341741784744      
   6.46009978079351336240754003521162259      
   6.46002467022706993687035958374555364      
   6.45994489141713315279225507821090838      
   6.45986018521203635263728502796191368      
   6.45977028241541291061123210426712611      
   6.45967490358908380619483271067372385      
   6.45957375899897004639518660620773962      
   6.45946654811807793702214988101446900      
   6.45935295934361667385503335206795957      
   6.45923266963820843671459191678659296      
   6.45910534399122595238951806575900023      
   6.45897063491309642861042994454778493      
   6.45882818172070505544940474843398124      
   6.45867761010107670703604533673338932      
   6.45851853113199430743731078410610225      
   6.45835054046182283701684892234951717      
   6.45817321738002811433309392788340080      
   6.45798612380110530058464073088475073      
   6.45778880313332139786008942610473754      
   6.45758077908820509633432220328098400      
   6.45736155437652142316546110498561757      
   6.45713060899192819116853257937418613      
   6.45688739921807675124371562582359178      
   6.45663135564098588316389157419562076      
   6.45636188137921093010464114219798731      
   6.45607835030446069420012641777167887      
   6.45578010497693549834682792819339564      
   6.45546645431771667948353647777163720      
   6.45513667143344261234844230147113381      
   6.45478998977853389438620732450928078      
   6.45442560503893465361652936370639500      
   6.45404266720554399731663098978135451      
   6.45364027928781703325799370057499128      
   6.45321749505891965624719859306126975      
   6.45277331520356496120683962151979509      
   6.45230668332831743724167459124893038      
   6.45181648259919897888079796913040797      
   6.45130153157903949710195614649790431      
   6.45076058013046599574004795139393528      
   6.45019230406777140980973021890287538      
   6.44959530211192539048875644633893006      
   6.44896808873478053266995604999959105      
   6.44830908963456631892482992435227078      
   6.44761663659353155818480929528462262      
   6.44688895955862920037244336616263335      
   6.44612418232314777391387280473291236      
   6.44532031392308474182588337199375921      
   6.44447524148699734301706737407243592      
   6.44358672319590080221571859896737782      
   6.44265237912754847869126326578101217      
   6.44166968279753489102907729010299351      
   6.44063595128646173113515938977130725      
   6.43954833576560151255899275049970879      
   6.43840381057573999420685311832568003      
   6.43719916143643496254930986435598727      
   6.43593097424083676672835290846359493      
   6.43459562150738602557646006321066322      
   6.43318924912094489932304093541344208      
   6.43170776193620234818152373852070596      
   6.43014680824596386208054706235469897      
   6.42850176381288466846967098084984639      
   6.42676771510581021228205490034069852      
   6.42493944078070369287971344931772980      
   6.42301139363185964471696753984627720      
   6.42097768014443193443250048230863718      
   6.41883204086140287462273115993870161      
   6.41656782825168412306874082535469536      
   6.41417798642941049252982870700874226      
   6.41165502852683243266744052617986438      
   6.40899101464746946755832139776928350      
   6.40617753100860445826559630036969349      
   6.40320566892420471242848987609505988      
   6.40006600556456198880419954040814528      
   6.39674858691571540771293776667803791      
   6.39324291428929569239497084103195086      
   6.38953793289821899335372176290493289      
   6.38562202716410100163921320638679626      
   6.38148302129803092564957152833789038      
   6.37710818658562554798709413650460215      
   6.37248425637340404361411423962919855      
   6.36759744976426911196099977494696677      
   6.36243350352277241446035965238301316      
   6.35697771381703350989565495993601568      
   6.35121498485082965325353902607900052      
   6.34512988647242943795060681581823985      
   6.33870671497254640781452250866640589      
   6.33192955889528093348937551336379838      
   6.32478236919191961363160391892657719      
   6.31724902200442616441794137126487556      
   6.30931338711247474853566650613423047      
   6.30095938505682910565971589145431090      
   6.29217103941160401014984985424595304      
   6.28293252450080653093158348388984423      
   6.27322820102885701355325585159420968      
   6.26304264659835686210190111053948408      
   6.25236067459268651001269102574980833      
   6.24116735332693448036413583548362288      
   6.22944800799206866434909676528851131      
   6.21718822800196635589516036151920017      
   6.20437385911393768382214662037715147      
   6.19099100193097882502788966270251457      
   6.17702600179657959948870202219352303      
   6.16246543868129596360466783867626643      
   6.14729611561589098676967098392986383      
   6.13150504631217073613252598675757108      
   6.11507944412894704679900465533828224      
   6.09800670890120346593353750039326669      
   6.08027441595854743310685322041313388      
   6.06187030416938012025206941912763494      
   6.04278226611993635364430642131381752      
   6.02299833721579934646913306680528933      
   6.00250668630788032920074453969385775      
   5.98129560668093016754093469400193350      
   5.95935350631399063987296878107027556      
   5.93666890049848805885473870615196255      
   5.91323040205008757896411175645571410      
   5.88902671365412262427184763924234993      
   5.86404661939691198456874406928535187      
   5.83827897531381459472815664858581484      
   5.81171270279389759017503255787103954      
   5.78433677777138151723788449835768636      
   5.75614022286186980834069555358991532      
   5.72711209919445412862978234458706028      
   5.69724149627239229378952998363621281      
   5.66651752323060872480503941940818978      
   5.63492930119958129781714041000514201      
   5.60246595368271908066786117042648726      
   5.56911659830204281409968748094601827      
   5.53487033869644785985928800882838920      
   5.49971625697590794534455672760347781      
   5.46364340560219964283777330763752251      
   5.42664080105407959780323836417371295      
   5.38869741756753074285278231768127433      
   5.34980218046919330496060647432376710      
   5.30994396139696699279398800219753772      
   5.26911157295266833645179703855529495      
   5.22729376444061310970029305321162707      
   5.18447921809434740374446637364581051      
   5.14065654556298616454357534862330218      
   5.09581428489388315205731016476372507      
   5.04994089822399741664806554570783101      
   5.00302476947997088631639758856247697      
   4.95505420273300890783027868028171182      
   4.90601742078854483776198456423667886      
   4.85590256410164886299742183124773242      
   4.80469768971098442195828575103856396      
   4.75239077069192296973177854299520657      
   4.69896969624036999924016643182786876      
   4.64442227078769699135849104261021159      
   4.58873621406584743642053990195579475      
   4.53189916108668959293989714569720927      
   4.47389866296720283182014712281735245      
   4.41472218626240999397407422132507936      
   4.35435711363084464232111565262267556      
   4.29279074470422102936054421155161739      
   4.23001029522173087220838875225574815      
   4.16600289902051140470565769657792503      
   4.10075560740051185710210894007218711      
   4.03425538999636682178139190435268369      
   3.96648913508026500221610768207276647      
   3.89744365052096885669804386329655703      
   3.82710566373001922894743097822674611      
   3.75546182211297906889194145488980858      
   3.68249869434477224964508831300432892      
   3.60820276963582520341298866625221235      
   3.53256045923160309732891836397771066      
   3.45555809627197440060338098151133455      
   3.37718193615552566027930855399963124      
   3.29741815742778237316393378545086169      
   3.21625286158732995138656270396454388      
   3.13367207373696653781709496312613720      
   3.04966174305264895009702881738964121      
   2.96420774258173464333014763606415349      
   2.87729587023667812556969319691382473      
   2.78891184860563746997410314141167627      
   2.69904132529537508187744494347466695      
   2.60766987338517777689626681935309969      
   2.51478299137790713726441519304806982      
   2.42036610371515505905864200044966972      
   2.32440456082413518081404944154951430      
   2.22688363917756162215449423189408297      
   2.12778854186581029072324296168332074      
   2.02710439848056078618619904890005574      
   1.92481626528570223068886129535915221      
   1.82090912542603485393431314024532146      
   1.71536788899012776318787023021442079      
   1.60817739359668794052453132256663210      
   1.49932240371714772280561983770912914      
   1.38878761135816891852391582918774690      
   1.27655763596201536029704561340977915      
   1.16261702467246485072055882033935742      
   1.04695025220611909680259653790898275      
  0.929541721201973350351597329690739726      
  0.810375761928448377468302500396489626      
  0.689436632805611273161299613991263935      
  0.566708520041531560576670993630358132      
  0.442175538035509767582589743860833556      
  0.315821729234064104562713672951718255      
  0.187631064396765680657410114135797160      
   5.75874422150660287960115145964024070E-0002
  -7.43253100192599889895349038524492230E-0002
 -0.208123436834310996552448407285903508      
 -0.343823254533293637337750580670968855      
 -0.481441150829181833753397735837700184      
 -0.620993584964980850746701343316595488      
 -0.762497087902215960718280078743751433      
 -0.905968261826506002164874386113556281      
  -1.05142378071583681796148038047632427      
  -1.19888038964614381300573659405554710      
  -1.34835490523790726273936182181776521      
  -1.49986421548333833164387218504594011      
  -1.65342527970553087990138046709925232      
  -1.80905512853133350164392876250610941      
  -1.96677086384631084408797533218527934      
  -2.12658965889453476114590895651064529      
  -2.28852875802941916961822457418862840      
  -2.45260547689221724203317364801569741      
  -2.61883720224821387066702900105607146      
  -2.78724139207822681355442246725727258      
  -2.95783557559531141468928152247918116      
  -3.13063735289912236616402398780972952      
  -3.30566439531662985815448676703290198      
  -3.48293444535658663106855470575893169      
  -3.66246531638754164658711275310597271      
  -3.84427489286500193771597639316421327      
  -4.02838113030625921138723084154799167      
  -4.21480205511979831830909197785121893      
  -4.40355576466459699579970251275497883      
  -4.59466042722068647098786123910292248      
  -4.78813428200958879142069878036655009      
  -4.98399563912877559899410821677164133      
  -5.18226287947568603599915951300258162      
