   6.46114195192883683103959025933776710      
   6.46114195192883683103959028499496191      
   6.46114195192883683103959051620388942      
   6.46114195192883683103901759401758372      
   6.46114195192883682955362663706078256      
   6.46114195192883650370079584834441999      
   6.46114195192882001189018908981595855      
   6.46114195192849681356326799795584523      
   6.46114195192518312682543249198966488      
   6.46114195190372897003482586315642678      
   6.46114195180451376534922930028746868      
   6.46114195144823793124707921678674243      
   6.46114195039514693726126087488449105      
   6.46114194772351119572081237277646695      
   6.46114194172489555855616530135567886      
   6.46114192952714139268668981133189832      
   6.46114190666617720590406974784490561      
   6.46114186663316158575323787798773309      
   6.46114180042444414290935524023589539      
   6.46114169610799129798950809619733876      
   6.46114153847809918818295387785379545      
   6.46114130874996617486725650258740118      
   6.46114098432656319151047119199901520      
   6.46114053869514973637447827084074743      
   6.46113994142735528448986163201955817      
   6.46113915829767727037653153036371990      
   6.46113815152253307194434902348343856      
   6.46113688011411680575466821745048607      
   6.46113530033549677647061389051438319      
   6.46113336623578496432075034664107381      
   6.46113103023780150368146765425158220      
   6.46112824374625641657673481860334233      
   6.46112495774257322537596487482431851      
   6.46112112329947763499262382248158760      
   6.46111669214916033698625777904823955      
   6.46111161695751702572189751916616721      
   6.46110585160940248273399269913239722      
   6.46109935131623580919832780844352317      
   6.46109207260908251264312217561623683      
   6.46108397317776509024228349781058069      
   6.46107501159374393977205364626745217      
   6.46106514691727575323102235316755380      
   6.46105433814456832191969981196761693      
   6.46104254378725539062930916323934859      
   6.46102972117221399837776718454429460      
   6.46101582570392726843454067358434119      
   6.46100081021962796417263016130633039      
   6.46098462429469560811533024949818677      
   6.46096721355715647765269265524011605      
   6.46094851903109672429443865738856856      
   6.46092847650492168958627733808330702      
   6.46090701594807179023992496998878469      
   6.46088406094968677040109587271897724      
   6.46085952830771340293647499352665054      
   6.46083332765935319283647584168105290      
   6.46080536097278707248545400413871170      
   6.46077552231482286441546181832107778      
   6.46074369759194785546671213342079934      
   6.46070976435678611446226144568623387      
   6.46067359164087206495676750422588145      
   6.46063503984713105290575935474091080      
   6.46059396063277232583285152518663519      
   6.46055019698080141328771450448543454      
   6.46050358299845786494286579673369728      
   6.46045394395596928867430935345709356      
   6.46040109635784340656509398823625109      
   6.46034484782601902152440416858133330      
   6.46028499711217836261422412027458495      
   6.46022133414627309217965524949106069      
   6.46015363984994567254675121081483706      
   6.46008168630759874133970082649582387      
   6.46000523647313145612329123318164403      
   6.45992404412067714437563102440018367      
   6.45983785369661162881261313289159663      
   6.45974640008802142390024362757791096      
   6.45964940844008026739247535004923971      
   6.45954659387490529844787088482413299      
   6.45943766101784774710578022866440058      
   6.45932230375758127439781525443379581      
   6.45920020470314934026436236197525531      
   6.45907103460902374794580079380607070      
   6.45893445186575922167338564081104603      
   6.45879010177471936805888568585489384      
   6.45863761581781638373371742428801668      
   6.45847661079955846760048231771595884      
   6.45830668803496403986343586447984347      
   6.45812743236258642485289576941740907      
   6.45793841096008531776923165166339697      
   6.45773917223907896611452020683630145      
   6.45752924456586851384400451771684451      
   6.45730813490015706371042274260366026      
   6.45707532734124631047034106860691650      
   6.45683028147276160338534550685195273      
   6.45657243063412525340930756246638947      
   6.45630118042171720339804610263451384      
   6.45601590634353259378889533135430417      
   6.45571595158306963334969559887925252      
   6.45540062588502097719300173017645574      
   6.45506920176188522593235939322015105      
   6.45472091255860586855714118805416417      
   6.45435495034934983141942447109678417      
   6.45397046252649754434423548653536320      
   6.45356654702045369130561113051298174      
   6.45314225274832041792363746522622866      
   6.45269657426887516818513241221512103      
   6.45222844740612100566123112964044606      
   6.45173674601943483262389837939634738      
   6.45122027720691003476259204978755270      
   6.45067777935815261646961808144550277      
   6.45010791372149839526404965104987210      
   6.44950926279236072825381766025230279      
   6.44888032285407294805478611713824978      
   6.44821949921366815470819795665084463      
   6.44752510022701560464004592889826622      
   6.44679533064652169303614239756180309      
   6.44602828503051301969145199146568626      
   6.44522194035051746763047661422081414      
   6.44437414820916037348864643099081502      
   6.44348262688957023123152959180014184      
   6.44254495307011885054975372136811193      
   6.44155855072801124731133355429733532      
   6.44052068352364884719245730563485364      
   6.43942844273820195722263026746947216      
   6.43827873623574926851791490453277640      
   6.43706827683316039946636678760969300      
   6.43579356918305461028916850175660376      
   6.43445089636065540511883009364178095      
   6.43303630528348285075020579207483612      
   6.43154559126398096606787878061059160      
   6.42997428186309821209888809503341580      
   6.42831761944445440228656522444311397      
   6.42657054291903733287483580874169896      
   6.42472766839941851307065482383964900      
   6.42278326889457229145607672431749364      
   6.42073125354675998224538585758137415      
   6.41856514480480336704885616376866347      
   6.41627805628503023078895211778684383      
   6.41386266840165617851667639457184614      
   6.41131120603441295682316019431274670      
   6.40861541374036069287815086699274735      
   6.40576653312150851541482903341909208      
   6.40275528053739169171490988070693458      
   6.39957182644882328463075985638625900      
   6.39620577776253025563711487090547179      
   6.39264616371549248541336249698818918      
   6.38888142530565852648243933327297963      
   6.38489941203502170071791128040447131      
   6.38068738472946108778278229818905651      
   6.37623202620759062851412427755523911      
   6.37151946189828715564553046067476435      
   6.36653528941176837878582691174597052      
   6.36126461826032491956137416555296227      
   6.35569211968536733507538425812395964      
   6.34980208552966920448348475056065512      
   6.34357849323191158019190013677653898      
   6.33700507804386085412295416720371234      
   6.33006540685043454992077161694406824      
   6.32274295295010563148025347040207860      
   6.31502117035547737454034100374884740      
   6.30688355904587073769815225612900387      
   6.29831372629033136791762482867787683      
   6.28929544042063199666193762702915699      
   6.27981267472212832402810362634983920      
   6.26984963927389592356226611911006323      
   6.25939080458769452256986015068121863      
   6.24842092151948948063234444316703060      
   6.23692502616342253442391621304957477      
   6.22488843887121475830944596076715003      
   6.21229676588287707782429029102567213      
   6.19913588840167202699909721406249904      
   6.18539194959728397664203790257229843      
   6.17105134556367190705505820923067351      
   6.15610070659913570078050562673522464      
   6.14052688442465149733149770982421446      
   6.12431693625595209822544720765182987      
   6.10745811136112772482920479457392171      
   6.08993783480572984122307072677046259      
   6.07174369600482324821647235150290547      
   6.05286343494030152469428445168575704      
   6.03328493118865557934447419343719192      
   6.01299619307477938602934913602321171      
   5.99198534797516674440613100761714213      
   5.97024063295518887467488463365532325      
   5.94775038600032867562222041044590964      
   5.92450303874193507300381600299061435      
   5.90048710752364787498797378268914692      
   5.87569118750492177037954680175159556      
   5.85010394419460576228677658804627455      
   5.82371410720670290112169020001479495      
   5.79651046183455730518584768101130880      
   5.76848184440379576376824237790915073      
   5.73961713224853614395586144691547399      
   5.70990523801330609069119688311415742      
   5.67933510183891502251418812509278869      
   5.64789568404546744446097753455880123      
   5.61557595851213469580216546902565961      
   5.58236490423055367183139279301102323      
   5.54825149678468353500973737584173492      
   5.51322470353617604160318700828542742      
   5.47727347547639505837669020678623074      
   5.44038673942488945808382231901898724      
   5.40255339298959532541192567387178474      
   5.36376229699912902446381696668672300      
   5.32400227060302617403841352267020371      
   5.28326208506430987612891755917371592      
   5.24153045885298129289127688435240178      
   5.19879605308448863565012011669539359      
   5.15504746723123640392098108211611035      
   5.11027323500982231133770430715717649      
   5.06446182143101109411499005949693457      
   5.01760161944404162462742927054713259      
   4.96968094759128897405714851582880946      
   4.92068804762920015894998208900498934      
   4.87061108281466845259894778771641483      
   4.81943813612376526964358742671522748      
   4.76715720915396667601136151550917859      
   4.71375622087851716650063203978668442      
   4.65922300748557667041742338136853680      
   4.60354532083985599618695346670408765      
   4.54671082891623543141930450158287885      
   4.48870711508025191355103637141550613      
   4.42952167837149412885226092895400215      
   4.36914193319944501676243762916575248      
   4.30755520958019590358942752837284993      
   4.24474875370642658101260991574552830      
   4.18070972753323863721656203615428007      
   4.11542520967409870309338188135685924      
   4.04888219562109634328002911139811915      
   3.98106759791928409159535791716799115      
   3.91196824701511368544572610059937960      
   3.84157089117285374373301891692875004      
   3.76986219755812978253556909799507645      
   3.69682875207880876652028703658046446      
   3.62245706033791767849672533330534790      
   3.54673354773435102596002803270896851      
   3.46964456009412287536610210705850806      
   3.39117636407578266296745267467477286      
   3.31131514770374781134057622800727891      
   3.23004702034559135264037481800436994      
   3.14735801373849999002872100653880579      
   3.06323408187044136377350708902796287      
   2.97766110163500336337406120309831374      
   2.89062487299892024621738712708990944      
   2.80211111942078600022591967024956008      
   2.71210548819367568944940745004419495      
   2.62059355066974283754502062332715012      
   2.52756080265646353343298478002642134      
   2.43299266453307974650845645308398923      
   2.33687448161302684738589233929817264      
   2.23919152436028141372260516217184745      
   2.13992898865664040543127447101900524      
   2.03907199597992214072191168643517468      
   1.93660559352142674851605463518845685      
   1.83251475451994014494994646439850731      
   1.72678437836078432211526250001902679      
   1.61939929076566582971103017808065264      
   1.51034424387202991665639010359880830      
   1.39960391666963351240507391003589553      
   1.28716291465550441818022360187712213      
   1.17300577039653481363330380773662086      
   1.05711694348635028789024834460496266      
  0.939480820457723009046440227600772264      
  0.820081715337637998091228041478003803      
  0.698903869293970278861148764049891649      
  0.575931451137892684808332420116543014      
  0.451148557105061100125624635423322256      
  0.324539211008157943679269400851748747      
  0.196087364388381810384199220925134561      
   6.57768965682185968451451892732180856E-0002
  -6.64083853699451172310092988664579513E-0002
 -0.200484746326042107712816166189952642      
 -0.336468523248487887662629249188398134      
 -0.474376125347047202470219928840539698      
 -0.614224033345029130016879194968319183      
 -0.756028800042910479725147917639915799      
 -0.899807050183512999862759546600335506      
  -1.04557547996381034936539752417685451      
  -1.19335085770234983823845140494096758      
  -1.34315002317939048817320794525049219      
  -1.49498988772680235531908482339924941      
  -1.64888743446532483226081188105196732      
  -1.80485971817393380325173564463274254      
  -1.96292386493112001996497990286825189      
  -2.12309707239238417784146642929268089      
  -2.28539660971411612770848183141434796      
  -2.44983981749017957304730239670486851      
  -2.61644410760415312009921277198686582      
  -2.78522696346154884985624311995753792      
  -2.95620593966583265962754842546890914      
  -3.12939866217289855916768935024447962      
  -3.30482282815387698198026187675978597      
  -3.48249620607089506186334373134045907      
  -3.66243663560328878346075034590907865      
  -3.84466202758759156930249025028758453      
  -4.02919036392069585651618233044805659      
  -4.21603969767048465171573984860850136      
  -4.40522815299581753370645466499461271      
  -4.59677392507114679504732929141564786      
  -4.79069528008683868194717514035387272      
  -4.98701055528611279276021763138542988      
