   6.46114195192883683103959025933776710      
   6.46114195192883683103959028499496191      
   6.46114195192883683103958322865347639      
   6.46114195192883683078620411275084056      
   6.46114195192883663673802754712621812      
   6.46114195192881783250735575504311310      
   6.46114195192829036433698284773480254      
   6.46114195192168715241853885827573177      
   6.46114195187406754733238691239708829      
   6.46114195164174184607331940409101054      
   6.46114195078975205271114818335927203      
   6.46114194826775752872128716931573933      
   6.46114194193521790495356548145803095      
   6.46114192796037177072710549310419939      
   6.46114190009971532658590090303407265      
   6.46114184910851930280867538999203530      
   6.46114176200773487402869075397405986      
   6.46114162147483091277222909777016009      
   6.46114140539326336011634143623076663      
   6.46114108649320984314582822989442065      
   6.46114063214025586899034911552160265      
   6.46114000426731438566004371442068575      
   6.46113915943380431522076345139938780      
   6.46113804912834903619580883733884846      
   6.46113662012406191250609571099045135      
   6.46113481504254579932363339429285125      
   6.46113257305816712289121603310834949      
   6.46112983068724552533949220799732351      
   6.46112652275654977925394906487091653      
   6.46112258332471824721034543675236191      
   6.46111794659533895301566607649508939      
   6.46111254779438231852448754589509373      
   6.46110632400967169584391352686079399      
   6.46109921477275485336800302741043317      
   6.46109116243856489489945254243243016      
   6.46108211265756418904099943013412931      
   6.46107201421587779009999892106692267      
   6.46106081889278209369261678620956067      
   6.46104848111567816637163157440010740      
   6.46103495737590320482170959148481622      
   6.46102020556801386473228725014425909      
   6.46100418411326342731670330307960863      
   6.46098685093036332130707041029874112      
   6.46096816270107418821413496145670198      
   6.46094807353021206674283893564441676      
   6.46092653402166515545820578710198266      
   6.46090349023806016269266009392758900      
   6.46087888271075738079486980219136983      
   6.46085264549126968709722940425304585      
   6.46082470524024481987705432926046794      
   6.46079498058716356480600193493382000      
   6.46076338135913434193240253105937269      
   6.46072980788906178497650226349475336      
   6.46069415056080324241229535897671718      
   6.46065628936366361496614216082349100      
   6.46061609356047042531610797589084167      
   6.46057342138264722989353224171797009      
   6.46052811988684802507913568786462559      
   6.46048002477912556534525916456449168      
   6.46042896028739134947398857427808824      
   6.46037473911051650528792779299162401      
   6.46031716250669920887709965051031023      
   6.46025602021909901331719964236354673      
   6.46019109045802647741891890232184021      
   6.46012214002044663841824297882307704      
   6.46004892430030544721628168311704319      
   6.45997118722152143964114520882077704      
   6.45988866129087726157435375637322900      
   6.45980106754247627616235184281740297      
   6.45970811545002627893690805269857783      
   6.45960950279368444136444673015142094      
   6.45950491552529834663108339225125383      
   6.45939402759633567631875500195192517      
   6.45927650059688654595207503350765912      
   6.45915198341773749092200442900165565      
   6.45902011183425071817148993196799642      
   6.45888050803834784000396504437778961      
   6.45873278006268634540938036626612531      
   6.45857652086038986131910454848648616      
   6.45841130840436769595716023831297136      
   6.45823670371331898231436972454830071      
   6.45805225181450018692756458291649137      
   6.45785747637689287297889943053985675      
   6.45765188494862643970825831199032480      
   6.45743496278045774308826393034925014      
   6.45720617407104801407962749878430988      
   6.45696495898846949046008787806781054      
   6.45671073234120188699716770333642418      
   6.45644288333901466560134085904862527      
   6.45616077204121072485132710727200043      
   6.45586372814247722325647632735489262      
   6.45555104938997333081115381354657819      
   6.45522199819313940256517807808382882      
   6.45487580080318997429611690375435136      
   6.45451164344144480170789731196622798      
   6.45412867013432222662565356519491079      
   6.45372598001147920701565948151411367      
   6.45330262428501818120081217233519681      
   6.45285760257988555852376845195663259      
   6.45238986039150184435607005649750745      
   6.45189828436322220734386373694626624      
   6.45138169932521615785780958805374565      
   6.45083886414726150582751642870008444      
   6.45026846693279061554986244041946832      
   6.44966912056515846101499462868795138      
   6.44903935856177766905540569193820598      
   6.44837762917712384701068364237766075      
   6.44768229022888678193074727626079947      
   6.44695160328183038808922411985163526      
   6.44618372758357887333938138707488714      
   6.44537671378510564322498058068473278      
   6.44452849693175199373982606564433316      
   6.44363688891292695193281022981446371      
   6.44269957145119191383926718744411386      
   6.44171408733278642760034408282653128      
   6.44067783193262075062547064954507620      
   6.43958804438859316007779386916947419      
   6.43844179760340849822774428321533014      
   6.43723598799524373356290030704667142      
   6.43596732483173038275911185177558389      
   6.43463231862940072620613451952489489      
   6.43322726907686966320672259665933059      
   6.43174825216323126472362816357401484      
   6.43019110707833859679757148046140904      
   6.42855142149523224394023524327125361      
   6.42682451692487230660437583761049038      
   6.42500543317232257463243303748482266      
   6.42308891206490554125369010614783389      
   6.42106937970391199594913165525135239      
   6.41894093027626801768515653109457967      
   6.41669730674355322343383622701677509      
   6.41433188323004433377340295553223291      
   6.41183764590403731644822949540302931      
   6.40920717436424684832394084696512362      
   6.40643262334956004047865440948335273      
   6.40350570508371058966702508132656166      
   6.40041767251062505850631308461898313      
   6.39715930434207125401333317777496839      
   6.39372089234302184151373520667309261      
   6.39009223105386435506798421329404653      
   6.38626261213358338096193737496314911      
   6.38222082092083874277131918554453663      
   6.37795514155709578822386325109199367      
   6.37345336400323417614487999622628965      
   6.36870280038885065171491761077029726      
   6.36369030631451769001619741632772298      
   6.35840230898462330053062953907492455      
   6.35282484386898618625626086481162883      
   6.34694359637705863923081198093551547      
   6.34074394701736082849497643677393149      
   6.33421102391979306569647510319164308      
   6.32732975724123220888796208544030205      
   6.32008493181245532917492401289957214      
   6.31246124536831769598263952087863916      
   6.30444335813687514673174114148780351      
   6.29601594519062077105193232375568587      
   6.28716374071816753738348632179563671      
   6.27787157638731196092712854165745403      
   6.26812442000282909444560157076646538      
   6.25790739856464834639554637460065527      
   6.24720582658103190405402170693580535      
   6.23600521876941548597407761339531642      
   6.22429130496323935320948914718018751      
   6.21205003694907621173191731616072369      
   6.19926759281872817383872070132276503      
   6.18593037750946509123909939594639621      
   6.17202502184723186307867384387101866      
   6.15753837850400485069349007238177712      
   6.14245751765801453065156777464038151      
   6.12676971964825937346566351166232390      
   6.11046246776754314158311029177303910      
   6.09352344197639365123627400293726635      
   6.07594050903191539902094481564919836      
   6.05770171402171745683107932384251451      
   6.03879527134374185107852960653438204      
   6.01920955569765528223707236957977585      
   5.99893309061319603359891438219530750      
   5.97795453904764780395844999532658019      
   5.95626269210332359490754310570442384      
   5.93384645752505758020045281745686789      
   5.91069484880034589795963837874755710      
   5.88679697157822194176208909973422001      
   5.86214201322293085469842086615936831      
   5.83671922770036361482902184513156048      
   5.81051792758619674812184147963357936      
   5.78352746720269834761733532368095169      
   5.75573723329890074210644804914138877      
   5.72713663058897336446761532062038554      
   5.69771507359518195427778737050252325      
   5.66746197327612515325844611416751291      
   5.63636672844994766836494071985137743      
   5.60441871521808631188165425914173902      
   5.57160727829908375647905035437281119      
   5.53792172425188735756298279608161401      
   5.50335131309304455795432100361930319      
   5.46788525181841229673481651155076272      
   5.43151268960760935825611401089825456      
   5.39422271184025109889038928420013515      
   5.35600433673760990180018789056337494      
   5.31684651075344136799726159206074907      
   5.27673810644096486276914437599360867      
   5.23566791887700771315575727464789225      
   5.19362466463699580934677241197125002      
   5.15059697912955274612031924546500887      
   5.10657341641322491696205810505151224      
   5.06154244715707580426454326729158127      
   5.01549245842490209199874404144889676      
   4.96841175379940092036902718431902315      
   4.92028855216962658145042939623216403      
   4.87111098869335193987294588170179656      
   4.82086711402770250357878176012135716      
   4.76954489415773050254835892166195747      
   4.71713221284523570984128025444358707      
   4.66361686997096134213709829809990161      
   4.60898658270115829919133835102648965      
   4.55322898585145654079427160551110315      
   4.49633163246619558063165556246927944      
   4.43828199424020269178399584662421157      
   4.37906746237842311686081473537920303      
   4.31867534766131243224362652331465181      
   4.25709288147674913864171914453549635      
   4.19430721580634869256535769096813754      
   4.13030542429217684417856571956515764      
   4.06507450250487876811587443663047563      
   3.99860136815254649766268647466757962      
   3.93087286202744842322433762437203376      
   3.86187574813494255876419840587680977      
   3.79159671418592320439923736748641442      
   3.72002237211997189946230482929672199      
   3.64713925834621545947257093406227470      
   3.57293383387822235300575870399332591      
   3.49739248543326063777482383889174060      
   3.42050152471415635907482049420802281      
   3.34224718967000323731259137358209595      
   3.26261564399184991530771968798363636      
   3.18159297787466169463736479169662909      
   3.09916520815580053439599822408492903      
   3.01531827842332970266670474854004490      
   2.93003805910752925566966991566534425      
   2.84331034819550352680435268927572669      
   2.75512087083432279845951701699301107      
   2.66545527986083419727885734507698066      
   2.57429915461340341676756975896213798      
   2.48163800460718919894034393316488342      
   2.38745726584890514023541254077493231      
   2.29174230249566853073475325537437209      
   2.19447840697772710635107021898672636      
   2.09565080019402822054521872140386912      
   1.99524463136716595870871624852563509      
   1.89324497806206535788211914908310011      
   1.78963684638131983475801675224350413      
   1.68440517116849601034820518380040788      
   1.57753481588450563918037090790804206      
   1.46901057238122771420219521478677126      
   1.35881716201800483645911990298722881      
   1.24693923423324816311272356527528753      
   1.13336136758582541463541432019093516      
   1.01806806978576222639698019213083920      
  0.901043777072813262132120098450065363      
  0.782272854805963018336416518228050884      
  0.661739597296316320205849737836376716      
  0.539428227970771970580076973623880483      
  0.415322899198775457724217396493337583      
  0.289407692065183016091938692112555462      
  0.161666617412867946864027575242696571      
   3.20836146008807992138602366235614606E-0002
  -9.93574480895428929153288611340887899E-0002
 -0.232672772524182061808988622022997685      
 -0.367878632058916836750355300158442431      
 -0.504991370942180196354620336998606025      
 -0.644027404037795083582690061323455961      
 -0.785003217212318226015475481885735886      
 -0.927935367186206632656720380560730328      
  -1.07284048169113260135676576949659875      
  -1.21973525908611283988934691875645994      
  -1.36863646856385530099373737003727202      
  -1.51956095037009495141915952183907275      
  -1.67252561582755019331520027078678946      
  -1.82754744628801596466173892077027529      
  -1.98464349451567739756135950411583507      
  -2.14383088415564876923369056559572376      
  -2.30512680965499974865543565482613376      
  -2.46854853588047875527003072350434177      
  -2.63411339878921378626837120085505929      
  -2.80183880509889281418432457975023783      
  -2.97174223269386488123463031749802570      
  -3.14384122944320056718283886274562851      
  -3.31815341459964985185194064289565002      
  -3.49469647835786830401807175651325559      
  -3.67348818080300248999230781080234591      
  -3.85454635371015560755441586985689977      
  -4.03788889895716844598272590514290421      
  -4.22353378946529006865563100757927843      
  -4.41149906870890805470024842827644045      
  -4.60180285075039329165845130452009402      
  -4.79446332113938644297347710019226469      
  -4.98949873469137732155352429678359311      
  -5.18692741794572913519914826722675420      
  -5.38676776790164449097190410027554489      
  -5.58903825169443747272687244388476566      
