   6.46114195192883683103959025933776710      
   6.46114195192883683103959028499496191      
   6.46114195192883683103958883419823798      
   6.46114195192883683094878623567144160      
   6.46114195192883674554542496712820015      
   6.46114195192882724578062798441317873      
   6.46114195192853281688372490511930172      
   6.46114195192455674863368553988206704      
   6.46114195189412608016461203640627951      
   6.46114195173839500132250188138484671      
   6.46114195114450153174742092473832691      
   6.46114194932830211712564071613590080      
   6.46114194464088958669190476110782254      
   6.46114193405090686212272460835088995      
   6.46114191253212127997546758993566154      
   6.46114187240042101335004449863855263      
   6.46114180276790448018378869904840492      
   6.46114168887619932172531209314045255      
   6.46114151160879965124516714598622849      
   6.46114124711464286586451727204038433      
   6.46114086654521973809865735903894434      
   6.46114033591858058205740783396685217      
   6.46113961611680614178619266391197947      
   6.46113866309868934891653850778913421      
   6.46113742816744586116552059349135110      
   6.46113585845184522710040758943896771      
   6.46113389751490496097149474260441868      
   6.46113148608434465314530788839154536      
   6.46112856283824936948014393205154707      
   6.46112506536953333441635629388596856      
   6.46112093099953008793196114161535059      
   6.46111609762358166642457977789703280      
   6.46111050447978937517296793942540266      
   6.46110409273512806539684139494833526      
   6.46109680606972736367064795663331026      
   6.46108859081468331504669555244565848      
   6.46107939616093940887329968535576865      
   6.46106917407833916604184140974555647      
   6.46105787889112550399387850783023157      
   6.46104546688917759394701896360823726      
   6.46103189569066836453629753799003279      
   6.46101712349609169065110584835680344      
   6.46100110823004625424547002656830038      
   6.46098380663557184564141941235261401      
   6.46096517329545153413851070268690651      
   6.46094515974324433689573733765751843      
   6.46092371334344650836616283229436356      
   6.46090077642865001860192854534462746      
   6.46087628540206552931434276403831541      
   6.46085016990993632598589438612095291      
   6.46082235206308231585606909261928334      
   6.46079274575108796202996230969201801      
   6.46076125606532645842139024640880016      
   6.46072777888028431603665372043533864      
   6.46069220022597941094210482818478890      
   6.46065439602515858305638634403068271      
   6.46061423179808824332105232543264161      
   6.46057156245806444496184540908279407      
   6.46052623215173799559587891126389116      
   6.46047807414577659542304613658588372      
   6.46042691082521243154902661477191412      
   6.46037255356459973629162489429693978      
   6.46031480274731067083898203313315596      
   6.46025344782024840339528013295150090      
   6.46018826732817000413324649937517867      
   6.46011902886342192624443406150102939      
   6.46004548905480818865314687884142647      
   6.45996739372618823628141390717323705      
   6.45988447766535912042360464935722959      
   6.45979646462704799669745279051099255      
   6.45970306726855851590035447237891882      
   6.45960398694718027568776697588556125      
   6.45949891354508543350635754830680080      
   6.45938752516116584023382142875610972      
   6.45926948788831753038175889215439002      
   6.45914445544875291332951377585566916      
   6.45901206864036754918415618879378847      
   6.45887195484075582913838288787211842      
   6.45872372743051019524959911542282518      
   6.45856698510720728734413240886372359      
   6.45840131112650240909823549519129062      
   6.45822627213890816911261715009991375      
   6.45804141819535418829691412328660384      
   6.45784628039285841124358061068767903      
   6.45764037158174941526504931815347987      
   6.45742318132295277956026055993006210      
   6.45719417976364765793411830509011400      
   6.45695281294009998492692814977180240      
   6.45669850162870855185513111051032308      
   6.45643063913873889751608266026840701      
   6.45614859089189205152716985484673880      
   6.45585169215453044803062281907987263      
   6.45553924453955261873410565789394424      
   6.45521051546598968721892621402024324      
   6.45486473506706017372087550527570651      
   6.45450109330719772177643576481480832      
   6.45411873818560884691923009552352096      
   6.45371677206725516493724531560367238      
   6.45329424866482668411441551468260560      
   6.45285017054433959691249482496296741      
   6.45238348471403060145066314244125905      
   6.45189307982503470348010486562764772      
   6.45137778171796475296649110152777469      
   6.45083634939100000079384851741815293      
   6.45026747103317509871374681111866074      
   6.44966975898044333993353585918633138      
   6.44904174461590889560645686562965456      
   6.44838187412174222281619214771572390      
   6.44768850206066636606786231427426421      
   6.44695988543473816074976195159380752      
   6.44619417860220170321973101254934284      
   6.44538942535782356228063978638403995      
   6.44454355295274283087517233478886676      
   6.44365436415053989721807539675486400      
   6.44271952960855543231399978606825848      
   6.44173657950387240254362102991152834      
   6.44070289470981007093088137435782418      
   6.43961569759187337683676141859448671      
   6.43847204190586232211693524081558580      
   6.43726880239744842459353221169527638      
   6.43600266367229903247162908268911941      
   6.43467010841254599896138620931401194      
   6.43326740494854662913681106914381797      
   6.43179059408836718675075924501693796      
   6.43023547516250184020678966874357796      
   6.42859759164096882454854793507826595      
   6.42687221545111875047795246518811201      
   6.42505433098445330051024748373108773      
   6.42313861825410085082238347737961996      
   6.42111943477855996185258002992196762      
   6.41899079838099932720753438926404871      
   6.41674636766112931012934865615096433      
   6.41437942284540006705712318896605721      
   6.41188284686508246431575506126908295      
   6.40924910536479419608017934115174182      
   6.40647022789606784319346744619439515      
   6.40353778935974360449416714933138173      
   6.40044289281358138588075764719388477      
   6.39717615384914838802037913990058457      
   6.39372768731254628797207889176622508      
   6.39008709718697652506444863503480534      
   6.38624347043435363539932272025603589      
   6.38218537442774139693623450732734251      
   6.37790086241055489814545741479824524      
   6.37337748204429475727854439953669376      
   6.36860229278409389204861533993604842      
   6.36356188964822259706100037325514983      
   6.35824243493464277879741473916771669      
   6.35262969480872364466266658839398133      
   6.34670908783497336419027144961487481      
   6.34046573089001138330357760240904098      
   6.33388449630887003389880360779731424      
   6.32695006829713110563086365336860715      
   6.31964700160379665791555815404440698      
   6.31195977752328641946928430560422252      
   6.30387286013474122993449973598637512      
   6.29537074525282442854256454584495201      
   6.28643800933137012304413628282669677      
   6.27705934682324355793252618513440825      
   6.26721960328180645722983640901097772      
   6.25690380724309580347156412171103484      
   6.24609718359003197570792995230610950      
   6.23478517758613250431941636364122676      
   6.22295345776415917790562401930377821      
   6.21058792466752016082309579686278400      
   6.19767471274181164334848050668540150      
   6.18420018756732454152298327146435981      
   6.17015094276725916381224311830743344      
   6.15551379593860960704612369026387322      
   6.14027577905488354784714209186263355      
   6.12442413228892627614980012121380029      
   6.10794629602729628148118209343888568      
   6.09082990085955967237093119765346438      
   6.07306275952164749635418301715439342      
   6.05463285672441773340433162642888819      
   6.03552834131873672789062393978191600      
   6.01573751499489899308973264900894882      
   5.99524882398037284241092708480117737      
   5.97405084846838168678086928879243989      
   5.95213229225593081015173707630020818      
   5.92948197369882928057933955417871114      
   5.90608881272520372234047468935254428      
   5.88194182239497048432549424270189504      
   5.85703009558372699657924096674183440      
   5.83134279500373579065631710759121022      
   5.80486914100648720271230509137094592      
   5.77759840010143943195301242326850523      
   5.74951987403204651735251988810843479      
   5.72062288857242916632287542026746328      
   5.69089678177958650106138100987940581      
   5.66033089527179217172756653900813533      
   5.62891456247755664654564364015482962      
   5.59663709986394993708338511468625329      
   5.56348779771445802058060104388638520      
   5.52945591306167489772801745223956704      
   5.49453066134545734625604185943342820      
   5.45870121026410451867272412082839397      
   5.42195667251715580685010567727160305      
   5.38428610233580244342932870694349937      
   5.34567848921173640099670730850137064      
   5.30612275374543209966915621889323233      
   5.26560774614163188619916055464920457      
   5.22412224024779813783542451423528787      
   5.18165493412660823486236728161137454      
   5.13819444546228835118176315154167325      
   5.09372931189567872268668715214108397      
   5.04824798841792231826375867941642164      
   5.00173884736867683390625472460038816      
   4.95419017695152775541643480963800177      
   4.90559018163178120501432714783968728      
   4.85592698186652712006697413545482624      
   4.80518861244550195626315162879843523      
   4.75336302450815706953232371125623991      
   4.70043808546654253235560182095989003      
   4.64640157856062567317593984690761867      
   4.59124120341271330530385217633917656      
   4.53494457661921125902181052231754456      
   4.47749923202381325870999612128598187      
   4.41889262177996901602447982858656381      
   4.35911211593372927344648666754876195      
   4.29814500382306016913776275432731559      
   4.23597849404047374466251895293274422      
   4.17259971527532983807810327904580677      
   4.10799571660473330008470871421600800      
   4.04215346830497143311583398546621366      
   3.97505986196512973956999800956397116      
   3.90670171118423257686435241175770418      
   3.83706575212937341931583534443982807      
   3.76613864382422005632098923711355904      
   3.69390696851532661681911681237555878      
   3.62035723220129448236936370786138745      
   3.54547586508019418291164305554187296      
   3.46924922172536944910269858927519116      
   3.39166358140210438843083775058110666      
   3.31270514877168373330840118167451222      
   3.23236005356883979234182609931507776      
   3.15061435152987913158006496875050050      
   3.06745402419328513107253320750778820      
   2.98286497924725204944452729817388105      
   2.89683305098499931418246666546845794      
   2.80934400034027513998032885771880662      
   2.72038351493331173029819691159252850      
   2.62993720956484720188316338582338406      
   2.53799062618819937895438048807022138      
   2.44452923411363816066767215692425733      
   2.34953843027049385465928137613891727      
   2.25300353912321244804135502984663935      
   2.15490981280405567097285247636560018      
   2.05524243184181358376774134718131675      
   1.95398650380808503919532822810120371      
   1.85112706527198940067243084121620166      
   1.74664908143891236244553568112256465      
   1.64053744320924895511404581688044427      
   1.53277697255996185644648915439702449      
   1.42335241887488643059685421789387395      
   1.31224845981379304618709082688395990      
   1.19944970229848486703286118722043767      
   1.08494068113452105121482938721416883      
  0.968705859929561885099777124424999140      
  0.850729630577527436769509575936561574      
  0.730996314563066386602149515970199189      
  0.609490161486318252460761714991937829      
  0.486195349826168962663361189413998428      
  0.361095986738614888866708472795395116      
  0.234176108180420133973831416342408100      
  0.105419679566566993911418018217936810      
  -2.51894053304286805339972047127918299E-0002
 -0.157667323761748434472366325430666502      
 -0.292030324553338963033617939165399572      
 -0.428294726505804713458652255064147757      
 -0.566476920201593522410640262367125778      
 -0.706593367082968466489237669360532727      
 -0.848660599787237553506023301288641665      
 -0.992695222135863581445059269187050538      
  -1.13871390813721907074645706353922664      
  -1.28673340337529457454811036740141064      
  -1.43677052446847528636515246734549677      
  -1.58884215925698083875960815310528588      
  -1.74296526558224215385591489405387822      
  -1.89915687287908624708284738118936960      
  -2.05743408153635506458428826942018350      
  -2.21781406305968030712395150642015095      
  -2.38031405930726259095230877532401476      
  -2.54495138337673894160796595561908911      
  -2.71174341910722963947106018507939325      
  -2.88070762136564749696412137056660322      
  -3.05186151616326271396243988171224979      
  -3.22522269977040166708166704703535202      
  -3.40080883954525312308640917606757501      
  -3.57863767375286510777509643270055889      
  -3.75872701148401484817281383736959254      
  -3.94109473315768795862788632505114025      
  -4.12575878865056585901712805831760398      
  -4.31273719961203227631671027977066902      
  -4.50204805827688349349815236937107309      
  -4.69370952737733157857912226757638562      
  -4.88773984139590898612898099766849969      
  -5.08415730379791397485632541732918885      
  -5.28298028982261758181646996109705635      
  -5.48422724517390594343131354676654812      
