   6.46114195192883683103959025933776710      
   6.46114195192883683103959028504556148      
   6.46114195192883683103954854995647161      
   6.46114195192883683009014451783817001      
   6.46114195192883627202175803179955678      
   6.46114195192879099817754002725159986      
   6.46114195192767436266351992759667761      
   6.46114195191499725103494148017806374      
   6.46114195183032262432637074988383793      
   6.46114195144188437509277309630235215      
   6.46114195008742450027242641657816503      
   6.46114194624272408613351523255021803      
   6.46114193692448493412247282193416247      
   6.46114191692910164649750159648079271      
   6.46114187816769812214444113402554875      
   6.46114180884342477229095487495345137      
   6.46114169275043083538721207205043013      
   6.46114150870636207425008439795020238      
   6.46114123012144327031488786510936592      
   6.46114082471237909336666885625879234      
   6.46114025437129464918286249227562027      
   6.46113947519446259859862219809467043      
   6.46113843765024446398360154513657858      
   6.46113708698671679461869028286758433      
   6.46113536373150521838107398942747870      
   6.46113320436502406265931959787737296      
   6.46113054212185117225057752852360840      
   6.46112730800758569359402012187333351      
   6.46112343177953393704562416866810726      
   6.46111884294536150361635045147278165      
   6.46111347186126829446594597552947612      
   6.46110725063723852506293615265826881      
   6.46110011387744108951668363496218684      
   6.46109199942036573245272466553361614      
   6.46108284879046176420785503854399633      
   6.46107260726551444692574770940891764      
   6.46106122391370359857173070475447469      
   6.46104865138747919371725695144840610      
   6.46103484545590974121283775587005426      
   6.46101976428203060509497856684829185      
   6.46100336768006443352763145627811421      
   6.46098561629354767134294360919894291      
   6.46096647039837171747661502616469692      
   6.46094588892966100714423058052635496      
   6.46092382838989962915719686508917968      
   6.46090024178753324204377107238688373      
   6.46087507752168983216721724084542962      
   6.46084827853283974012786287719020222      
   6.46081978143376213741472734630804069      
   6.46078951551487399097302487030216187      
   6.46075740214240563312484450154399770      
   6.46072335414543603054044957694723542      
   6.46068727531536751557289324266689881      
   6.46064906004272670644943728834589315      
   6.46060859302707342341557812586180432      
   6.46056574912548526753524882630740831      
   6.46052039316397443735683077376670203      
   6.46047238005297206673551622124282161      
   6.46042155478056867613527670551901267      
   6.46036775259848630199901668955262572      
   6.46031079912301798017764382219689445      
   6.46025051071923415150857677408553190      
   6.46018669467815964017671814887962547      
   6.46011914950050687472196357500561067      
   6.46004766526942747795702162279017313      
   6.45997202394884174640048134547258553      
   6.45989199964555436338947228896185701      
   6.45980735906465122584540352599986771      
   6.45971786172298582932996739587979256      
   6.45962326021301134936946319652971105      
   6.45952330049916109904586500472247207      
   6.45941772207022543035572640363959074      
   6.45930625814876484270325991628761701      
   6.45918863581695073719610168431254469      
   6.45906457612104395061741099336706372      
   6.45893379404360181707190680878126862      
   6.45879599826314435836289344381556393      
   6.45865089188587209936502499709526452      
   6.45849817136725865746547242614413316      
   6.45833752694684054230134290203249688      
   6.45816864217263942236052109086046626      
   6.45799119289135211626776788474699462      
   6.45780484810727808927782755295077711      
   6.45760926907882173500978156814744275      
   6.45740410783075881988036174565387000      
   6.45718900820264132974541687494205503      
   6.45696360399940142222573124163753690      
   6.45672751818041626503872557738077147      
   6.45648036290006644876654444496264566      
   6.45622173800698387562503171589761827      
   6.45595122963809836592407108447114462      
   6.45566841037368334015153745442416935      
   6.45537283673944680347206797847681018      
   6.45506404925249181636561428974432707      
   6.45474156991646892491165583850235140      
   6.45440490151164458783025956409556156      
   6.45405352572876980437416060491717919      
   6.45368690201076529879159711242279639      
   6.45330446521485831997516681909019068      
   6.45290562395488522057992277350980215      
   6.45248975903595848893766074691609262      
   6.45205622106326013612894822223566821      
   6.45160432787813088109560923014401042      
   6.45113336281245134466995497599232881      
   6.45064257195944993356247091932287723      
   6.45013116140681212556465842113404357      
   6.44959829436307847046824017769998653      
   6.44904308859993546140995182870641289      
   6.44846461250819392387874255279628119      
   6.44786188241168513755148813450647714      
   6.44723385866050157971159932936103113      
   6.44657944140744394582214202311881786      
   6.44589746734629496137678554535500464      
   6.44518670445307308203619789046933338      
   6.44444584788704579402130373099414236      
   6.44367351467773465384486903636753948      
   6.44286823853822574629466950202183712      
   6.44202846404149735513439630794920887      
   6.44115254061326897372786352737098105      
   6.44023871582784490372233758484582260      
   6.43928512843133540548176592089871435      
   6.43828980077949373986107263240218783      
   6.43725063067170896324471932881860239      
   6.43616538261936864489940696611471403      
   6.43503167840374212274951718234894042      
   6.43384698690271048658322794750356383      
   6.43260861319436711329841492899589859      
   6.43131368664086119692291144941233149      
   6.42995914834150895114967496027367591      
   6.42854173664030787760293241110754321      
   6.42705797310858929137765619949139399      
   6.42550414577905247428481072497621817      
   6.42387629179122321765360991049818782      
   6.42217017842382153998585129297210258      
   6.42038128259394097763479881392587935      
   6.41850476865453381447761584534595055      
   6.41653546442208067005457380273483893      
   6.41446783525906270848931501180382933      
   6.41229595616670517537766306064549319      
   6.41001348183153289612495915510124228      
   6.40761361446565266505454994465939844      
   6.40508906971875776004577630931252424      
   6.40243204031275087042311532413989066      
   6.39963415817468210350269411278469925      
   6.39668645499688706581523666088891247      
   6.39357932195825550632180022923130327      
   6.39030246977581074871036550165849360      
   6.38684488829002586297050136180721909      
   6.38319481186240805722999847054550726      
   6.37933968607008816660962232163491326      
   6.37526614327197788245225554496670160      
   6.37095998714307756002286300716789562      
   6.36640619054693188713210091240819736      
   6.36158890850052191882449765356120271      
   6.35649151027668213871215182932579177      
   6.35109663186723926586677909276725706      
   6.34538624959100306394590041998807818      
   6.33934177595193017937630764641989344      
   6.33294417195959616009520292129296899      
   6.32617407379959023782336938582081205      
   6.31901192985092309234286860997092496      
   6.31143813459580386747196884330998095      
   6.30343316168512269840405888584628308      
   6.29497768091639980422030926370798207      
   6.28605266035559398237647160391512969      
   6.27663944795801507673264714447435154      
   6.26671983108671148007518101509793475      
   6.25627607478950419174370278098871432      
   6.24529094198671596007372519662195064      
   6.23374769597770695896413839664189400      
   6.22163008898564197039589180949569287      
   6.20892234221876172870106507793841399      
   6.19560911812679352801244126617212193      
   6.18167548814828694222046677067404520      
   6.16710689753293224052454800452340301      
   6.15188913276324172792541681356795960      
   6.13600828619982231727144019614114333      
   6.11945072488149995706449824248763961      
   6.10220306074340852792478863459072756      
   6.08425212465484066391574662233924706      
   6.06558494190469150407483174575777025      
   6.04618871117376240196811350546755259      
   6.02605078648745631150287751739688202      
   6.00515866133408616544886359950026847      
   5.98349995494241787231915091012212830      
   5.96106240095300601767287902295771053      
   5.93783383774326807692512387675400967      
   5.91380219977037856096456078608984646      
   5.88895551100920644404793658048291443      
   5.86328187836355746681762318375561285      
   5.83676948654407113401216718248779301      
   5.80940659251640463317246142747098218      
   5.78118152144372233707395623685758976      
   5.75208266133968565917755814996540829      
   5.72209845800444096263710046599741608      
   5.69121741086798794642173582660258857      
   5.65942806522687955273791650743196655      
   5.62671900958530205588373815568183139      
   5.59307886675336165475036514530688385      
   5.55849628767674285200244999960487232      
   5.52295994418188659663935287778097625      
   5.48645852201401394598411665248237298      
   5.44898071202944826765189492614015726      
   5.41051520274007759157961385286416143      
   5.37105067255343559420542827007019460      
   5.33057578149867974920776969461170733      
   5.28907916363375339006835968362047816      
   5.24654941934239433046241937243173583      
   5.20297510846276602705206913655711359      
   5.15834474306215138808343468751592141      
   5.11264678181367526391335070035468008      
   5.06586962366184097284344791667365536      
   5.01800160282861378814303242035942424      
   4.96903098404806453803681106590316931      
   4.91894595859733826206851145462275828      
   4.86773464056708069201693397706825278      
   4.81538506364082987471686349638944856      
   4.76188517864851178557882734952648091      
   4.70722285132329762362485109342981811      
   4.65138586072498247387162758560663126      
   4.59436189746657079547086771888667152      
   4.53613856288732790316435101147166486      
   4.47670336875566023756712953999240004      
   4.41604373588485850060680693090489787      
   4.35414699444965798370605277213312596      
   4.29100038381972697380760832380158849      
   4.22659105263295370046205251529493394      
   4.16090605891226490542611351284325322      
   4.09393237060739708699772808101004645      
   4.02565686617849549398611882192641935      
   3.95606633464546817570108140456326672      
   3.88514747657847423330373937890210340      
   3.81288690438056996226697704808584610      
   3.73927114321721063515146503366698692      
   3.66428663098042794570930089145050079      
   3.58791972037452541629052454991284190      
   3.51015667803257689691880447012694374      
   3.43098368616648890173506831159198835      
   3.35038684268269248013374081614186795      
   3.26835216204545017312810367396145039      
   3.18486557602476055150498326021613341      
   3.09991293399103460121361074392082400      
   3.01348000364570107045139133109889834      
   2.92555247172070509249641048468512881      
   2.83611594423253970726294867565945321      
   2.74515594710560591873707853402851713      
   2.65265792683038379175087812924162960      
   2.55860725065982285950551772817492413      
   2.46298920719359047379565412293986253      
   2.36578900683680320547603334290380432      
   2.26699178206262786728865470886351584      
   2.16658258774519822967514156387402506      
   2.06454640195975529993755716044530148      
   1.96086812559987236038025257151204776      
   1.85553258338123971586009865012272514      
   1.74852452358837776716350018980283086      
   1.63982861882832956069940909388554690      
   1.52942946597731987463016393605153096      
   1.41731158639136941954578163434414218      
   1.30345942657731149861814468691981640      
   1.18785735761142068678768940458889371      
   1.07048967653971809078164912987769479      
  0.951340605390762549015734889532861214      
  0.830394291940199843574875061604186839      
  0.707634809813275642069415323969132852      
  0.583046158687011410535869175871398769      
  0.456612264224528605041342937444722989      
  0.328316978596437857412369427005718522      
  0.198144080246373679598218033829897175      
   6.60772744292799919089646480402845200E-0002
  -6.78998074159153602794665318102313800E-0002
 -0.203803606536712050124744736548085318      
 -0.341650637522297361395960566613313194      
 -0.481457487880100892665749958361516118      
 -0.623240818008279179819658096794851205      
 -0.767017361295049032386496553441897643      
 -0.912803923475206227266902144396390651      
  -1.06061738324347169443549405767470786      
  -1.21047469161335719566918546830313991      
  -1.36239287215031372548023733908957571      
  -1.51638902098835339723803647976029987      
  -1.67248030618010663329841878761966253      
  -1.83068396852010193973920151871168689      
  -1.99101732063012762785699870060079470      
  -2.15349774739921339726252033412092331      
  -2.31814270585257996850274015811774188      
  -2.48496972493235708269065480741208155      
  -2.65399640550210481701713637009697971      
  -2.82524042054553134933754970037665097      
  -2.99871951467296390523356568149262550      
  -3.17445150430963938411145995062332615      
  -3.35245427787915448812230240758769800      
  -3.53274579515239047208617127450908633      
  -3.71534408783556477919012339672787359      
  -3.90026725902029599046115653898079273      
  -4.08753348375031618340961852669740077      
  -4.27716100790420069011387686782421940      
  -4.46916814935039801303711156259606231      
  -4.66357329740731081703741481725778014      
  -4.86039491234780832237089494838340392      
