   6.46114195192883683103959025933776710      
   6.46114195192883683103959028499496191      
   6.46114195192883683103959035532093786      
   6.46114195192883683102469808778159386      
   6.46114195192883681091044040802683296      
   6.46114195192883395908069845156040125      
   6.46114195192872862681807356996520710      
   6.46114195192710348449190041646863091      
   6.46114195191329443903158385284320480      
   6.46114195183642797858460156276527042      
   6.46114195152238731142081597173540684      
   6.46114195050531948608522499603603846      
   6.46114194775015728303509861303514049      
   6.46114194126271020073181861150428251      
   6.46114192760518538182546392397553451      
   6.46114190135030112416343784437385045      
   6.46114185449193934877407924652644678      
   6.46114177594327917734390915459747239      
   6.46114165102815896145320686000092430      
   6.46114146101758435379155350010196781      
   6.46114118282214108085040183305184981      
   6.46114078876851865068258475016324381      
   6.46114024652224575622252593874044686      
   6.46113951912675856705910842878452317      
   6.46113856517669433847759635179572155      
   6.46113733914552401632632931407496367      
   6.46113579184630968838126849003718066      
   6.46113387101500220771229244493138636      
   6.46113152199278961058872035411768673      
   6.46112868846795749559060239774149620      
   6.46112531324145389191015190198983243      
   6.46112133906912761206380994114992893      
   6.46111670928294945322244577249005887      
   6.46111136844618460306959134421830794      
   6.46110526284376267001531283544440515      
   6.46109834082859160481670433118815490      
   6.46109055297989901731388855253296333      
   6.46108185218273527331580338620684719      
   6.46107219331379221955070298520343288      
   6.46106153322944113891960532884433573      
   6.46104982999399303548305915166447230      
   6.46103704242985599128718161284865345      
   6.46102312942819381138200897696200919      
   6.46100804920177139619715354620218885      
   6.46099175849355065688267277716756013      
   6.46097421174543954097857453962617506      
   6.46095536025077217905285317065816302      
   6.46093515141423161837783982624840047      
   6.46091352806052539926583505241727303      
   6.46089042753980399562006985737485755      
   6.46086578118250883116145749559711947      
   6.46083951371181468700312134481184673      
   6.46081154274516074230264441417700010      
   6.46078177837025853855516022951724674      
   6.46075012279655814466705252165022127      
   6.46071647010574777080837437073074881      
   6.46068070609795338555129539390784059      
   6.46064270814638461202383549476630227      
   6.46060234513565969622519306209792526      
   6.46055947746478622999178776376671318      
   6.46051395711232495277306952271127679      
   6.46046562778014440876078647560689306      
   6.46041432497402963072730199831515451      
   6.46035987627124681779591667511236117      
   6.46030210146628577489876293050703071      
   6.46024081275734880289950080639180538      
   6.46017581497505972931093464859499670      
   6.46010690583266442826720383664758760      
   6.46003387620008786221970776405095908      
   6.45995651019815482631355726467920787      
   6.45987458543268476129033552948938401      
   6.45978787326145889224073990688645152      
   6.45969613880447033049615657453619291      
   6.45959914112111577611411834301490823      
   6.45949663333007508586761678939621694      
   6.45938836259203327881401559202284140      
   6.45927407011639783885871039964816812      
   6.45915349114955444691653514756033218      
   6.45902635497377215956254598733315936      
   6.45889238465103255833274693768151733      
   6.45875129687779553954684928898380744      
   6.45860280172420818221783553990914810      
   6.45844660236978529186632732043740716      
   6.45828239475073101190731272529585988      
   6.45810986715467921411580643766476727      
   6.45792869970588544530018204518313387      
   6.45773856385993228243435013258200845      
   6.45753912170474264269393861448857410      
   6.45733002582664555211388736868521320      
   6.45711091790708958225273913557717407      
   6.45688142806765821342750101132912995      
   6.45664117405713244904972674131121031      
   6.45638976149400672189561398340024715      
   6.45612677879300320225999263124518698      
   6.45585180170081028184819435804862369      
   6.45556438926451354307797831589664277      
   6.45526408160112668440697463347691150      
   6.45495040028949737519701353265564840      
   6.45462284509767060412326662401040625      
   6.45428089559032095085905099854450622      
   6.45392400571160987048210918955504362      
   6.45355160462996858999511094016230989      
   6.45316309364982525714498382853512174      
   6.45275784499200439899475443323151119      
   6.45233519894301223132178381339915392      
   6.45189446190644203208990904552780716      
   6.45143490398492071536351889992334470      
   6.45095575676417029876805104808752541      
   6.45045621013404912048012451475495655      
   6.44993540916929268652345352313478724      
   6.44939245177352635547877279588455310      
   6.44882638510521396190591119869819161      
   6.44823620169979942981301355231673684      
   6.44762083618472985308306929414134750      
   6.44697916117512359763080077827200759      
   6.44630998279594794561587650417075541      
   6.44561203637386607770110157470828420      
   6.44488398158920590647220333155296706      
   6.44412439680922025877705665144400878      
   6.44333177412450073499771696965261728      
   6.44250451303898971485439887872116254      
   6.44164091335572012287934141515573902      
   6.44073916975248652984615053006509845      
   6.43979736287914452219436209854623672      
   6.43881345199052624874690806468377471      
   6.43778526600285030081933326471061916      
   6.43671049439063356265511130902770525      
   6.43558667675098055570334856918351884      
   6.43441119223107285888937945515005699      
   6.43318124717906237041876641847638021      
   6.43189386270118755972505352691287613      
   6.43054586080920167587518627085130914      
   6.42913384884718862433472484282577800      
   6.42765420334986677415293087877972239      
   6.42610305239017305360307786378110509      
   6.42447625607751709551892396005486869      
   6.42276938526181215716864061700251593      
   6.42097769925544657888832006585217569      
   6.41909612053829578634778187615946442      
   6.41711920805956926017399696377972451      
   6.41504112803518170886079935548484549      
   6.41285562247416849268648941208428907      
   6.41055597522932527412114505179470008      
   6.40813497559400858739132460743888926      
   6.40558487945428806806753673391439628      
   6.40289736814041617621959939635940384      
   6.40006350530722672047385705862104848      
   6.39707369233949072960367683242470312      
   6.39391762282296208538625403464976012      
   6.39058423801586746381737265175839544      
   6.38706168350166303303354645726523595      
   6.38333727080544068341513431904147970      
   6.37939744360676869844665444288514779      
   6.37522775717595845682984812427742598      
   6.37081286778708220007822959518183911      
   6.36613654100674366017690006303055907      
   6.36118168029388152480763942630759742      
   6.35593037906955847263210114715944316      
   6.35036399957395724561309854373954547      
   6.34446327564191332857094840452887024      
   6.33820843941969605807946173774895774      
   6.33157936654108090927904237114003362      
   6.32455573118611022154315761890371770      
   6.31711716639944113575500080015867865      
   6.30924341492584932602553449497905549      
   6.30091446887908674935163951293967749      
   6.29211068663901741288936785209097655      
   6.28281288465287408012443255252341654      
   6.27300240468012022900214872719792345      
   6.26266115138751520036639605179381809      
   6.25177161125640403799921028041195197      
   6.24031684682018779117344451417164361      
   6.22828047876626951129073408055989572      
   6.21564665643742066030360047689450670      
   6.20240001835305235903716708560050848      
   6.18852565047468973582153200621573969      
   6.17400904444169782261777327936166209      
   6.15883605218614825484929913257542845      
   6.14299284587025605983883641256408596      
   6.12646587988461596746118667168167718      
   6.10924185419803541008579834541676863      
   6.09130768335283698758946244837954284      
   6.07265046930796912314083931033941937      
   6.05325747508419060355794222234662523      
   6.03311610544308190278873337271131245      
   6.01221388683723472161430629619619055      
   5.99053845276238177601312959302445831      
   5.96807752945684417799841686472540699      
   5.94481892688207125395767671881721849      
   5.92075052743075326919149484997382586      
   5.89586027934667881198038604570671357      
   5.87013619024846308811089478407831480      
   5.84356632152994796529919104163011065      
   5.81613878409652577064861979072982565      
   5.78784173462825677795307005275341860      
   5.75866337222104309065383639612296008      
   5.72859193521274025529133335030382830      
   5.69761569835364516851081389489046017      
   5.66572296971067096322481063648434779      
   5.63290208755960908069055682615964722      
   5.59914141704967515959978142783616864      
   5.56442934636409093562141261881236429      
   5.52875428331060976107411583800030771      
   5.49210465022706282278688389724484170      
   5.45446887967428924433015675186729739      
   5.41583540914946496694195752632202574      
   5.37619267583903455062436093908304458      
   5.33552911061285276614631627552856937      
   5.29383313239439561735284549465376516      
   5.25109314195916049327317852608638134      
   5.20729751587845155655531455430012052      
   5.16243460057120560542467854759350860      
   5.11649270598922458237607426557675722      
   5.06946010022037812299438452964327613      
   5.02132500349150849254314989050885358      
   4.97207558326561487318988117617890071      
   4.92169994887950180563867012635905479      
   4.87018614725508218193298801249889872      
   4.81752215841320352427686344742598968      
   4.76369589189824862547258618423970554      
   4.70869518342238041434167678405082138      
   4.65250779154069877049477088039701851      
   4.59512139509742515426241842769750554      
   4.53652359116238638316430932002694669      
   4.47670189342598420846794900009094112      
   4.41564372983949024152461303376771861      
   4.35333644167748261587833989884972969      
   4.28976728352401108080932588075100332      
   4.22492342069515721498942522390558344      
   4.15879193053988985928249160073062202      
   4.09135980070301747791990700905754558      
   4.02261393007055156923233139698357032      
   3.95254112818550981437155601010363697      
   3.88112811523000554220224397698866205      
   3.80836152306725974080093329389214494      
   3.73422789441809510754451662668161251      
   3.65871368452718352645609634345976671      
   3.58180526024196309813700945706183041      
   3.50348890190157705439287499570217178      
   3.42375080258980715177442189284498257      
   3.34257706970330116842569340295507998      
   3.25995372458057963255365271054082151      
   3.17586670409511811198049998025373337      
   3.09030186041083969720096862556443758      
   3.00324496201159556375722061519998031      
   2.91468169355774903854721721969416539      
   2.82459765782297829303883121575608885      
   2.73297837454896724666090962437212773      
   2.63980928247703378998540365476748296      
   2.54507573868439516426707930388016033      
   2.44876302000219322402552230131639389      
   2.35085632240971882989694440827525416      
   2.25134076285017933176666340537713523      
   2.15020137854854131701100204961506854      
   2.04742312794813320068022151440577313      
   1.94299089095455977576105385255007523      
   1.83688946924060915681633264829692162      
   1.72910358681624263446780425562687905      
   1.61961789034292490435768689538122530      
   1.50841694927675847504768861990025194      
   1.39548525618599961940837562781386249      
   1.28080722733946071924322284714712286      
   1.16436720244855383966792500688332546      
   1.04614944557257046299637373876891717      
  0.926138145064616114042193649165419783      
  0.804317413605917862521857244134712351      
  0.680671288665022949517139262949518486      
  0.555183732888695839848723436221721982      
  0.427838633678304699627867182551880459      
  0.298619804255216493976107648687227487      
  0.167510983074693919468860154642791780      
   3.44958338956553604945747486306483004E-0002
 -0.100442052607652332950047240341627470      
 -0.237319160948466875466204469724646931      
 -0.376152048396500905561182889177326274      
 -0.516957347161286311456552349033237552      
 -0.659751761767779533719006500117041540      
 -0.804552070757981509544779053907530999      
 -0.951375126271066124539501220278538641      
  -1.10023785345027566194968954487636106      
  -1.25115725063713818773535272944397263      
  -1.40415038808434153100596215329939142      
  -1.55923441079618966453578858345672974      
  -1.71642653659828976956303496382886395      
  -1.87574405313212861333926524022857991      
  -2.03720432465983288757324770121360484      
  -2.20082478521581224145458780248037023      
  -2.36662294124508114548794872283840613      
  -2.53461637469677844007756996159656454      
  -2.70482273600324324598057506467515521      
  -2.87725974981354179787001249228942873      
  -3.05194521391016774462246839609703895      
  -3.22889699512659674352598116676622717      
  -3.40813303492995087512269080241087342      
  -3.58967134715194718819516227104219604      
  -3.77353001479544038369803626861394020      
  -3.95972719450694811623341043960467711      
  -4.14828111597940165850977526578682512      
  -4.33921007864285547645976432463834669      
  -4.53253245337241114607261267253477652      
