   6.46114195192883683103959025933776710      
   6.46114195192883683103959028499496191      
   6.46114195192883683103959044278650548      
   6.46114195192883683103714820224952773      
   6.46114195192883682630028892066539901      
   6.46114195192883597053652991678933092      
   6.46114195192879831923532937749447694      
   6.46114195192813486342155299620215230      
   6.46114195192187747170654437651871594      
   6.46114195188399727216670155344631682      
   6.46114195171821338806957260798673234      
   6.46114195114962246219264165816245213      
   6.46114194953294904802819295501645897      
   6.46114194556542263630906195238931843      
   6.46114193690897255877654664077855271      
   6.46114191974139961579848430172629639      
   6.46114188826564573044289621671374432      
   6.46114183420489119667836939478056887      
   6.46114174632047317758957609372108526      
   6.46114161001407426814918164010653294      
   6.46114140693333415313679407548462156      
   6.46114111470035190868071325014276631      
   6.46114070674795843905535354930972207      
   6.46114015226584657371978287473076942      
   6.46113941627199333936445686297348799      
   6.46113845981424878880131181863765419      
   6.46113724030063084035721867506982130      
   6.46113571194906717276093997040758577      
   6.46113382633888795635343336001843299      
   6.46113153303840518516362116232560568      
   6.46112878027651553379986026995695769      
   6.46112551560522974185249183035543785      
   6.46112168657814454242762743801623628      
   6.46111724134645844226880869325863125      
   6.46111212910398811291953449891271308      
   6.46110630048113782980074011718293558      
   6.46109970776818164313859495589253758      
   6.46109230499889038403249005239595837      
   6.46108404788297508393109934955091275      
   6.46107489357970279760987705905453810      
   6.46106480034545206730849084437624901      
   6.46105372715144030745671209165173067      
   6.46104163308935464941198575055257657      
   6.46102847666912223292224777720803742      
   6.46101421517835792040093545220439023      
   6.46099880396073362832068378152548134      
   6.46098219568889612171541987542848910      
   6.46096433964046731746283977066347637      
   6.46094518099447102367449572541125498      
   6.46092466015756725647978417470262208      
   6.46090271209421923487862185955096979      
   6.46087926604482580120777047597474953      
   6.46085424471021721724600370712990175      
   6.46082756396704540762321551236316041      
   6.46079913250427512845611186340515429      
   6.46076885154052455764532382872652743      
   6.46073661462154886428813090046475062      
   6.46070230744599083677649463080622151      
   6.46066580778388954519511265415991039      
   6.46062698553304728313979001475660502      
   6.46058570259683975136875838830466093      
   6.46054181303318883148694173388333738      
   6.46049516314925561180084506101931507      
   6.46044559158899859037025842761844719      
   6.46039292949735388000498558997922230      
   6.46033700075408026559198315907337005      
   6.46027762202656049906322404443996498      
   6.46021460316942251960354385587805067      
   6.46014774722343045547911450278717233      
   6.46007685066004717960199132904959027      
   6.46000170353241721535408307955736925      
   6.45992208965360014703387589567039777      
   6.45983778679233098512848206853466966      
   6.45974856667457651288170340565766776      
   6.45965419503417800351940180435723638      
   6.45955443188031737733169260230442295      
   6.45944903127846715737071806147836246      
   6.45933774138127897198555697334297904      
   6.45922030442816548193689315448008189      
   6.45909645655240560041646856121171565      
   6.45896592761982434914297774265372180      
   6.45882844106271770840039254441541244      
   6.45868371372195237504777675542913461      
   6.45853145531682834540825956354987936      
   6.45837136822418861171526799860563080      
   6.45820314699191510394808246155160464      
   6.45802647788228812058173116560900598      
   6.45784103832961032678325739152991434      
   6.45764649634492292274716803789497068      
   6.45744250973919854416920455540424462      
   6.45722872562659652269241839890070280      
   6.45700477958208538885273044436344305      
   6.45677029449055798085037267411303672      
   6.45652487988085130213310568517775431      
   6.45626813042525896777991480885405721      
   6.45599962601673584543870586372834143      
   6.45571892953952335539733530357068376      
   6.45542558494171645979365456299588847      
   6.45511911834709305616691811382902042      
   6.45479903450846513226605410071540087      
   6.45446481582910403110306731658995635      
   6.45411592001669442014837352093494398      
   6.45375177967172882062974610064865315      
   6.45337180054539837364019966947873051      
   6.45297535794257257161337120278751418      
   6.45256179595989545471111449564013094      
   6.45213042455912721818891360914173917      
   6.45168051711737582799988834404956688      
   6.45121130934008567591196261695192691      
   6.45072199361969336672715741831577177      
   6.45021171986955123300745703763454030      
   6.44967958892247268315249672618963211      
   6.44912465199654661655711756329506348      
   6.44854590548552633445303547209997532      
   6.44794228761223960354872983532648450      
   6.44731267549441906753430494051071118      
   6.44665587893545233823934555071229713      
   6.44597063742257537508997652517579590      
   6.44525561534431607775951464927910724      
   6.44450939508669550899730874818013022      
   6.44373047332970451939394432763433204      
   6.44291725375287607096095624439574629      
   6.44206804127251933563562284578281609      
   6.44118103429043185105130329443540355      
   6.44025431828900749556219342244379382      
   6.43928585651188649137285907420001943      
   6.43827348202660105461781581355861790      
   6.43721488786223460967181854799499217      
   6.43610761706495716602113941498898265      
   6.43494905128385978633835364936724051      
   6.43373639895412343955291943922554613      
   6.43246668229477072662720227658715495      
   6.43113672298172399265673925656041540      
   6.42974312697492831025893270944652407      
   6.42828226767754676055835930145489760      
   6.42675026746282159572119318088001552      
   6.42514297860046368194607631935886932      
   6.42345596115513526059525777172432570      
   6.42168445954877113562506589635549004      
   6.41982337735431657647641044437109275      
   6.41786724943343645086743154515641077      
   6.41581021190318028688821630833025001      
   6.41364596938176374724432113943447613      
   6.41136776015630044595264338883122913      
   6.40896831849705432802279714582673252      
   6.40643983360066750989945086674788836      
   6.40377390750152206563927269358277578      
   6.40096150958396046232786780588371046      
   6.39799292992274629245448122376687803      
   6.39485773170643102158146891480705378      
   6.39154470415065834726692438883095343      
   6.38804181695554794227616910963720653      
   6.38433617937441700230187501789669843      
   6.38041400529768570319886713507669200      
   6.37626059036370465451314582198040403      
   6.37186030198423963166946272617960860      
   6.36719658760697863309716619813753121      
   6.36225200599353375996166154988524451      
   6.35700828441868275142490269321390300      
   6.35144640218815615654642588828831790      
   6.34554670289416485895377679581231744      
   6.33928903089022391486392157813198348      
   6.33265288661814811035752001459464338      
   6.32561759375051275640407397293929680      
   6.31816246704608404643711269433826193      
   6.31026697397752991967736274718043767      
   6.30191087900176803554765415501059819      
   6.29307436181959397140650499476628928      
   6.28373811118903795150423712489583579      
   6.27388338849225723066340291197378057      
   6.26349206255939323697941992887127814      
   6.25254661821319073741195568018674293      
   6.24103015114818116869350266149297951      
   6.22892633912789500132621050029309839      
   6.21621940495127155991384126268016192      
   6.20289407756463207009975591921501632      
   6.18893553787564957510960381931246086      
   6.17432938019907111920251410156708117      
   6.15906155691095398643087398827880827      
   6.14311834154462650253586846624343857      
   6.12648628386195005712518025444110302      
   6.10915217354979613245780784130014993      
   6.09110300998097752848915828336882096      
   6.07232597020967443679144145454485013      
   6.05280838462527029652613838684450270      
   6.03253771583984138662712838397530074      
   6.01150153916768696845170171155669283      
   5.98968752666294422172558160339234466      
   5.96708343412566686131749223189275167      
   5.94367709025428147229346521824363393      
   5.91945638643759340142171118027481337      
   5.89440926916434621343902901974532827      
   5.86852373505036455575414967515749631      
   5.84178782374853955430166196400579675      
   5.81418961510464516325984788428979338      
   5.78571722486621854803323907874549745      
   5.75635880208791192955423297493613454      
   5.72610252602560467121077945214470641      
   5.69493660397523601440600026622185452      
   5.66284926892588383815798279148967806      
   5.62982877722274624742854985337882141      
   5.59586340581664739125093770425244688      
   5.56094145008868063796327382083623785      
   5.52505121976551793509972901525393732      
   5.48818103670591783441512022136755998      
   5.45031923124089544486072724595581007      
   5.41145413698679865600521084598067446      
   5.37157408725077688365530465815648798      
   5.33066741083324625188331859273237718      
   5.28872242641297564119312347485606182      
   5.24572743706039032155704535127051030      
   5.20167072572007013804378912063046255      
   5.15654054949764359341020602508910449      
   5.11032513360677366853052744006998717      
   5.06301266697781510556914297202298336      
   5.01459129610511982215623588603467190      
   4.96504912020589449582744314556187852      
   4.91437418631133377937710653330681658      
   4.86255448434000964986725919081368659      
   4.80957794357302962829282926746207819      
   4.75543242721080429500165493860893914      
   4.70010573003323506728290762323723583      
   4.64358557427247963142729130643534127      
   4.58585960681421764545169283467956657      
   4.52691539681007326115814009871990436      
   4.46674043295569922666302343860400519      
   4.40532212199316880038812856464263502      
   4.34264778664823299328190469444162908      
   4.27870466455773171652482151533835172      
   4.21347990740706831314236255176445331      
   4.14696057937552205890529032086994790      
   4.07913365712996957693532080173515925      
   4.00998602904353763882419719697999284      
   3.93950449536056023899819597713338713      
   3.86767576750011818016731281904613114      
   3.79448646872639758238793990625271584      
   3.71992313356709173532587272951122022      
   3.64397220867316231682034077817237975      
   3.56662005296853840377194342852590676      
   3.48785293778587734314352126848887088      
   3.40765704742030906868025099854904592      
   3.32601847977342523066816249257862744      
   3.24292324643418783419933770038999098      
   3.15835727361099346006567577951779765      
   3.07230640249596741463112147176526849      
   2.98475638966725732373495564123777861      
   2.89569290778561096887832496565472510      
   2.80510154598542807860933655385882736      
   2.71296781067891427471705237770942451      
   2.61927712579202857608938423919391442      
   2.52401483327776941740921658630705192      
   2.42716619385718003423609658755893147      
   2.32871638729217742257310811686298453      
   2.22865051282618109903924174722415760      
   2.12695358969468840300312378252800330      
   2.02361055771456495273824623495167959      
   1.91860627741038993554318901390018873      
   1.81192553053454947380572116783524428      
   1.70355302055141482818888001098783660      
   1.59347337282763642335256818264612184      
   1.48167113500384223056336854482777127      
   1.36813077747017888911702753195079302      
   1.25283669349378369987932724924016849      
   1.13577319964636516722500790707813142      
   1.01692453595268928858305832475394403      
  0.896274866358450621140314013955852298      
  0.773808278791225150011737255724625941      
  0.649508785250138332652563769574815083      
  0.523360322945853886594382592788544467      
  0.395346753100776018965686668828007522      
  0.265451862303466416973115885287446749      
  0.133659361959830045893468090945750770      
  -4.71107702925527059506635507596578118E-0005
 -0.135683993608642333163561590887564704      
 -0.273267798342456051436499590775203865      
 -0.412815111113586424127401130576878542      
 -0.554342591828647048080854933959600690      
 -0.697866974546493747859964096126248050      
 -0.843405066827183122797589600325543641      
 -0.990973750010638171237509696029265291      
  -1.14058997875313851634398283598440572      
  -1.29227078119472594018651243577003426      
  -1.44603325860440695555604532102053903      
  -1.60189458554072272810812636190449482      
  -1.75987200939921762193064646520011401      
  -1.91998285061753768707996870196242397      
  -2.08224450246179150676913790099627630      
  -2.24667443090460631180025942119646600      
  -2.41329017464332121880192949881258055      
  -2.58210934486941064251063730647314207      
  -2.75314962525391812886693123292779312      
  -2.92642877187894979966927336384623500      
  -3.10196461321911275403727009872749560      
  -3.27977504988459622684742747017771935      
  -3.45987805477893563217637449363953673      
  -3.64229167278545018712204982601063323      
  -3.82703402104989802551126508392950635      
  -4.01412328841954918913316437065479718      
  -4.20357773574003210267679799763567407      
  -4.39541569574629444311408209131014192      
