   6.46114195192883683103959025933776710      
   6.46114195192883683103959028499496191      
   6.46114195192883683103959038071354302      
   6.46114195192883683103928273633393897      
   6.46114195192883683013542623418020241      
   6.46114195192883661466969647403458503      
   6.46114195192882503627668169475373720      
   6.46114195192858757203990398949266574      
   6.46114195192606436337199126198680621      
   6.46114195190925155456877147755128283      
   6.46114195182964422843240375582955137      
   6.46114195153810081878228989898549752      
   6.46114195066190303658226115140177716      
   6.46114194840720777206742358798810817      
   6.46114194328216531507485074460584367      
   6.46114193274848786366205719337909885      
   6.46114191281943402559677051895851072      
   6.46114187762817769749855614856367419      
   6.46114181899239542566050953964395532      
   6.46114172599701269522304361338651684      
   6.46114158461937663807902029760105629      
   6.46114137744223971439124269676605136      
   6.46114108341211858955080287433903177      
   6.46114067769596086437265085964147676      
   6.46114013166149529704661611346811401      
   6.46113941296423934998908954306774778      
   6.46113848575131672000359814719370354      
   6.46113731097776205606417755053760069      
   6.46113584682345837822655789620878222      
   6.46113404919143968946442203420481715      
   6.46113187226193494332092668809059138      
   6.46112926907202202633093308838758462      
   6.46112619208860519334959352075222614      
   6.46112259373287759281904934684390898      
   6.46111842685212345763498473290288245      
   6.46111364513316406746142607591015128      
   6.46110820330362216905542238301527330      
   6.46110205730104551696907990208903311      
   6.46109516427732664232429618605285710      
   6.46108748248223065380993990773486511      
   6.46107897102596508926662397243696457      
   6.46106958953220269671004063138882797      
   6.46105929769846664055371556580197281      
   6.46104805470223328575079796118778572      
   6.46103581881697052747999902929061056      
   6.46102254666567749135619722751748263      
   6.46100819255662191206477563813650586      
   6.46099270788119083496323115983312290      
   6.46097604048481388930467463345924629      
   6.46095813406287778601048879371949059      
   6.46093892759566975302262378641052612      
   6.46091835482020618459870436460757685      
   6.46089634375055015546736247163792516      
   6.46087281624307829243215033091369558      
   6.46084768770315489233605045657342304      
   6.46082086680143336802888857471929069      
   6.46079225516576225949971386640209331      
   6.46076174722021480168062168645604988      
   6.46072923007395286621672441358723617      
   6.46069458345617886848953782011557177      
   6.46065767968861572558444170126981070      
   6.46061838370757222805719829530255122      
   6.46057655307588687101373646949529685      
   6.46053203821829900117201955769426829      
   6.46048468235724425481987203131850600      
   6.46043432167214863162298877615213259      
   6.46038078555993484222444895476781272      
   6.46032389666833731990796095841171883      
   6.46026347106739889885492803998828218      
   6.46019931846810791140568772809515675      
   6.46013124224189658764331690302911756      
   6.46005903974126479885775544646841960      
   6.45998250225875498654709590730117934      
   6.45990141516448715974095151432692256      
   6.45981555798903415377159846286531253      
   6.45972470443321759096400935724562941      
   6.45962862244324797682308635597074586      
   6.45952707420560098197226037202843521      
   6.45941981595218883207171638205865874      
   6.45930659803503677903384592013083295      
   6.45918716470662464078999862697478631      
   6.45906125389506131562464724868159340      
   6.45892859705837713833829480925917589      
   6.45878891885504719734552053586535601      
   6.45864193681244404642196317812642729      
   6.45848736099019424965281463720589264      
   6.45832489356639908994260157603381579      
   6.45815422833461452430834540303769600      
   6.45797505010339102792001826140534286      
   6.45778703415477195894684851471219452      
   6.45758984555439907553174579291687721      
   6.45738313843201695816293273786158693      
   6.45716655514840776321334012242849709      
   6.45693972549871373642537364395962398      
   6.45670226587506499846020354412302583      
   6.45645377805170739410298862266954734      
   6.45619384820574789254908858861359216      
   6.45592204576949145801105792161588394      
   6.45563792219850044791602251049422798      
   6.45534100958404005540128544374673581      
   6.45503081905517909169163255594553901      
   6.45470684010140565643487891254431083      
   6.45436853787931761101161040505637931      
   6.45401535221819098026419347495801044      
   6.45364669521512543353330125675602601      
   6.45326195025146215904179552608853538      
   6.45286046857170034718545000104536504      
   6.45244156713375465233767691982456815      
   6.45200452885284212573077030251890013      
   6.45154859692830738983892207973236923      
   6.45107297352918907953029537673128096      
   6.45057681622987861110610968897671692      
   6.45005923684425318459382947136220730      
   6.44951929559049717021192464989338752      
   6.44895600025976371789332163700307840      
   6.44836829952926839687667900484869499      
   6.44775508248033589884229590916950986      
   6.44711517073067650741512728461288888      
   6.44644731729281356400845049771977987      
   6.44575019971047387677347137572883144      
   6.44502241407813823415536525748791606      
   6.44426247281198580970205531183291701      
   6.44346879498925992829583398564345092      
   6.44263970183629498997227804957540401      
   6.44177340946919971780051342811782993      
   6.44086802090388537488299057506392745      
   6.43992151833773125292342126443310783      
   6.43893175465091504591066920728982161      
   6.43789644307250452052971756924882230      
   6.43681314773079090707778427473696423      
   6.43567927210195342350995701632832115      
   6.43449204696529023744033315051913270      
   6.43324851739254615947935131249452652      
   6.43194552831518131278153608470368052      
   6.43057970912324725720796705359408203      
   6.42914745665477385119223197601755763      
   6.42764491696117054629613029375652903      
   6.42606796459101302657150935249221539      
   6.42441218152390050133214183155092121      
   6.42267283281534810172163092563779987      
   6.42084484059956225900932193747482581      
   6.41892275575649877500441410724363289      
   6.41690072717971791850720716087952767      
   6.41477246815710272745593078497495875      
   6.41253122026909464190345205608660324      
   6.41016971431041645819628657502246677      
   6.40768012836618847425543767234669476      
   6.40505404302293967970469149253257580      
   6.40228239489944899177225719719042717      
   6.39935542680207973171464854959633552      
   6.39626263827715253671000546098373344      
   6.39299273514967754555228717933015974      
   6.38953358117114582656244935940952601      
   6.38587215368733034415701001788548454      
   6.38199450673538147999175993586983475      
   6.37788574270896006216315293143695664      
   6.37353000229909627033142238681257273      
   6.36891047071394385801702294478257774      
   6.36400940928966295437740242467350466      
   6.35880821428619256441465343157768175      
   6.35328750564283448901589799006437462      
   6.34742724580863094475740568502104834      
   6.34120688520732219297793065727999098      
   6.33460552903228765549482400982805233      
   6.32760211678917972564329281448186989      
   6.32017560192048506141688845312423529      
   6.31230512392596534266386613079068475      
   6.30397016034049061695073422838577770      
   6.29515065306158203120056050707406585      
   6.28582710257338332913394429062312630      
   6.27598063141395236982662480266448846      
   6.26559301539583643662678698597024699      
   6.25464669262069329067043798441381088      
   6.24312474537893828859046605903593818      
   6.23101086847972836439164296285400399      
   6.21828932879813659036371022307730217      
   6.20494491415457276010040652808422650      
   6.19096288041675524497398071541496254      
   6.17632890425002362799889559395723382      
   6.16102902616556179385070446649589722      
   6.14504960644889438704370977401377553      
   6.12837728366445004059317489035809956      
   6.11099893195497037226587330246163190      
   6.09290162965616024005673634325228238      
   6.07407262817860812313712283145149788      
   6.05449932416909281452863459115832676      
   6.03416923828356492989071280845769890      
   6.01306999524025414612104526167016412      
   5.99118930903050801964939236465210715      
   5.96851496733469527553245273091939360      
   5.94503482050294600614967947347958901      
   5.92073677272112814411591555040017984      
   5.89560877209050737568415924796026686      
   5.86963880796239706350014670683430934      
   5.84281490247445284819335483316411365      
   5.81512510724379968181400060140145217      
   5.78655750072251940671059836129271595      
   5.75710018426607655872513782128671579      
   5.72674128056461963134711138039911804      
   5.69546893333538540207175282136694746      
   5.66327129576254136261588825458312727      
   5.63013654811205389295399965911904482      
   5.59605287637462711623407169866705024      
   5.56100848016885881276786275270465193      
   5.52499156887712849132779195662311621      
   5.48799035952363508500833807325478247      
   5.44999307303564095012849411013981688      
   5.41098793316941200451867725132423917      
   5.37096316203221296084596384659834941      
   5.32990697639728280663011701057519706      
   5.28780758436012644356342838393329119      
   5.24465318063175513016773596880605615      
   5.20043194292463754642046586386175040      
   5.15513202671058933124891283162697092      
   5.10874156070179272183339131099039681      
   5.06124864212926284061050908156235201      
   5.01264133155109690952303935994349404      
   4.96290764870879676883040439373376061      
   4.91203556731375307968435737047877673      
   4.86001301000499297124692377991266560      
   4.80682784554378500293961430862360538      
   4.75246788307630300248572521204928194      
   4.69692086917852578629118902399137553      
   4.64017448357335371565184161513154768      
   4.58221633648068499391257045140971673      
   4.52303396518337307746656900229980644      
   4.46261483165447027407944304301461503      
   4.40094631979352888658453565276612040      
   4.33801573380774398589571074952156795      
   4.27381029587023747820428268472775915      
   4.20831714554893718383318743332926223      
   4.14152333730315609311455902842043387      
   4.07341584039248033931815892982439076      
   4.00398153780918330015125637555373625      
   3.93320722560892950171256032183360699      
   3.86107961262103668417109759352354205      
   3.78758532008477987178718633888891276      
   3.71271088159347177832837081455614924      
   3.63644274305643902188897621714134341      
   3.55876726278838193072967144820426216      
   3.47967071168993252167718848452267798      
   3.39913927371481245996657297137590311      
   3.31715904585736781748570906730031528      
   3.23371603870749119425604502231269618      
   3.14879617700852149150023431340302947      
   3.06238529960529846418784575333916025      
   2.97446916051515843589059751797432642      
   2.88503342912639650575403515553230136      
   2.79406369062490467007312002181828694      
   2.70154544645691688637890734782141566      
   2.60746411512478692584903134420661921      
   2.51180503241460691627916261225931849      
   2.41455345189551385904520738239714214      
   2.31569454545719650841757895301393700      
   2.21521340383558227460746866958603205      
   2.11309503692986486417532332584863066      
   2.00932437430022257237879558289566967      
   1.90388626564216561780806046170195418      
   1.79676548113791142154164688961880543      
   1.68794671179856011760311091777784707      
   1.57741457007361895383401213582451780      
   1.46515358986208488941437471263480417      
   1.35114822706249599969940302798417591      
   1.23538286007159134907459041818237313      
   1.11784178971101346025784137873933465      
  0.998509239830870635904554944454127916      
  0.877369357513437612327067652264539136      
  0.754406213250253859083659064164946046      
  0.629603801510167739902153575563100986      
  0.502946040264498138244001460113604651      
  0.374416772622094075905442626243373665      
  0.243999765330973729651377182138789948      
  0.111678710173932115176524969694351954      
  -2.25627761450040352540024273793234580E-0002
 -0.158741151997960389404133764302961684      
 -0.296872950316311417030077668998372947      
 -0.436974778668242836062868278307632168      
 -0.579063318943750738570208953429644332      
 -0.723155327318638760464064360950066543      
 -0.869267634026251217987236519101360338      
  -1.01741714315136878660865175034778059      
  -1.16762083265250054178175480470387959      
  -1.31989575399634817399220077708401961      
  -1.47425903245500389311428943808605985      
  -1.63072786637584943679546867040459732      
  -1.78931952761723890124806085101997359      
  -1.95005136103210897690389383682845194      
  -2.11294078470243477681603120030482930      
  -2.27800528957339642139892784334910736      
  -2.44526243948053235902927628017685699      
  -2.61472987104416008429383797029948488      
  -2.78642529350144170007464711215378580      
  -2.96036648880212659737937507554657793      
  -3.13657131120892440006208386169176325      
  -3.31505768752870057197065240196162510      
  -3.49584361684608110022306239616666607      
  -3.67894717061793697711339432586573178      
  -3.86438649229016374688079574486923624      
  -4.05217979746797101484849276979828435      
  -4.24234537395643327174459251052201855      
