   6.46114195192883683103959025933776710      
   6.46114195192883683103959028499496191      
   6.46114195192883683103959038314688231      
   6.46114195192883683103933437570985625      
   6.46114195192883683025891176476935204      
   6.46114195192883663959149311535934316      
   6.46114195192882621076616365705634012      
   6.46114195192860943047578049863468691      
   6.46114195192628156559726995355219333      
   6.46114195191063804851685283937496071      
   6.46114195183604903774680501870329223      
   6.46114195156129158745732572072531132      
   6.46114195073147493359977862748061064      
   6.46114194858713870587507698800764746      
   6.46114194369521366902354902481801035      
   6.46114193360876941086398636508313511      
   6.46114191447262117050377296103207791      
   6.46114188059802057941900761015722434      
   6.46114182403175821025973012936966558      
   6.46114173414393755614655052158035208      
   6.46114159724516980280404085311848411      
   6.46114139630497711925230447046029219      
   6.46114111070826151519473210748881894      
   6.46114071610072504152773698799071975      
   6.46114018436379530689330551836250608      
   6.46113948369274879641200002319558008      
   6.46113857879048734662440368803355558      
   6.46113743117304126441706986365121242      
   6.46113599957542025768895781661645928      
   6.46113424043907343074462487758810195      
   6.46113210845587649835240141757452836      
   6.46112955713902448277342402854843508      
   6.46112653938897725178350512210951224      
   6.46112300801958316625203497051929937      
   6.46111891620146578482818006944633739      
   6.46111421791305610300280130770543405      
   6.46110886811916709842961796451524563      
   6.46110282294800698613827610716436802      
   6.46109603970491152282343397422736721      
   6.46108847676087557138839684319245697      
   6.46108009332391751673366952940658997      
   6.46107084910126113542072219455298650      
   6.46106070386845964735060053792416702      
   6.46104961691800947380152195485164388      
   6.46103754655578154942088342166585787      
   6.46102444956078239789744701818721742      
   6.46101028039213118361504520422914928      
   6.46099499062887906481882458950178709      
   6.46097852834941650525599458953732716      
   6.46096083752812178863546878231964086      
   6.46094185747963098021265194198890844      
   6.46092152233038911497701594830551065      
   6.46089976054662505270829171867250267      
   6.46087649449551712565331330455904432      
   6.46085164013341170016375768889901300      
   6.46082510673919912345379832451989936      
   6.46079679663296058804852711282490783      
   6.46076660497235067061028273529905233      
   6.46073441965059294659985448185862226      
   6.46070012122436538600754952569396001      
   6.46066358290085883476330359049937268      
   6.46062467051765947151764048641017825      
   6.46058324262374497815727477235103482      
   6.46053915059248418873946673802117977      
   6.46049223869033666356881732659333700      
   6.46044234416090728112167097070780581      
   6.46038929743853991276254417615474350      
   6.46033292228471319536064225771100143      
   6.46027303588493035885648931741770878      
   6.46020944905962975708739891589334354      
   6.46014196635555839820151634045758693      
   6.46007038622407277700714074774299654      
   6.45999450114725474537859597557892898      
   6.45991409766120747232990790231055476      
   6.45982895647245520544991452338147819      
   6.45973885249256274781258780632719050      
   6.45964355480022637235505255525803805      
   6.45954282681035579149463104235324903      
   6.45943642599409776815387280556786861      
   6.45932410385657602603042442467868661      
   6.45920560591822415607076078959407010      
   6.45908067135588394661981088530721874      
   6.45894903286934333265616057444272861      
   6.45881041641216653977131202853118216      
   6.45866454082596043892492931041512117      
   6.45851111748868586350788288359755551      
   6.45834984990096701840994163108891599      
   6.45818043329422720584960559338370155      
   6.45800255389637346619128650419292431      
   6.45781588847886884821555898628111139      
   6.45762010363958650952920041099333497      
   6.45741485509757087249567535847088503      
   6.45719978691096849256726646430460128      
   6.45697453051014019951054874926064798      
   6.45673870413482239980417760277694147      
   6.45649191145371894121025826645649218      
   6.45623374062813765683409658078358850      
   6.45596376316497510726997025774570914      
   6.45568153272088601975050107680992096      
   6.45538658372365704422891386721567277      
   6.45507842976302739950795405431808484      
   6.45475656288620987340332007863533444      
   6.45442045097060860441937900547019547      
   6.45406953675838249814547345781259309      
   6.45370323558871315995247853078227342      
   6.45332093352035965817847274804357626      
   6.45292198662012946514920485884377722      
   6.45250571397923504907646034652102672      
   6.45207140336675162804258947291234258      
   6.45161830174796222362109372338792137      
   6.45114561598960475255068371850818367      
   6.45065250860606064985371448352462371      
   6.45013809594512101209104658212789115      
   6.44960144431234149082671248815735547      
   6.44904156642706915114599443567257923      
   6.44845741771555646106300662163364078      
   6.44784789313957038781046183390561347      
   6.44721182222089907445587001559890984      
   6.44654796464703444844114348206033908      
   6.44585500557722387914468886921666232      
   6.44513155070586615677454293364266116      
   6.44437612048351496048193333218471656      
   6.44358714417529955190403617553097453      
   6.44276295253462187649305281978683028      
   6.44190177326916259629225857608274520      
   6.44100172076816501173677716151891984      
   6.44006079012222276626197620772818428      
   6.43907684720448274646668166062023648      
   6.43804761975952792995028078009090736      
   6.43697068702128024501658695789867632      
   6.43584346891672233450601873206404895      
   6.43466321370088954932737184496773252      
   6.43342698515910634969925237725942968      
   6.43213164829335050360287513826538784      
   6.43077385394636609737604758690900151      
   6.42935002201303004052902168650630869      
   6.42785632320080149175007169900243084      
   6.42628865854142403069322736114804660      
   6.42464263838017433454174400511544663      
   6.42291355817046730096132859581731489      
   6.42109637267445508480014353974365701      
   6.41918566778408429441377168335159035      
   6.41717562981412432252838029690773986      
   6.41506001220352952497343382649903931      
   6.41283209952069015464489244766710284      
   6.41048466843922475857414972812513215      
   6.40800994601321264905462776342751744      
   6.40539956503430471788567547243144871      
   6.40264451729409300653272091884554082      
   6.39973510404322043902394037483662259      
   6.39666088613095041575014533076209801      
   6.39341063337284171387711913118542040      
   6.38997227549221596259401119682325908      
   6.38633285729476121797420507824477144      
   6.38247850066232173031630739710433673      
   6.37839437475388660391274794557361329      
   6.37406468436098305119592450589183970      
   6.36947267405749985980679616076444642      
   6.36460065766903839925378399815543444      
   6.35943007470415254938230593575917432      
   6.35394157677865669748715988203244418      
   6.34811514459847912526381385462203083      
   6.34193023211183871757641288025719106      
   6.33536593286616199986560023289414640      
   6.32840115931772642254974988948135403      
   6.32101482487798915324115851858393445      
   6.31318601764768995107611001539317156      
   6.30489415523270893793074151138521211      
   6.29611911403016509648878856514060592      
   6.28684132665690196526309393856473376      
   6.27704184729365956361054701613425494      
   6.26670238841234647687746387333001196      
   6.25580532533286625229211379113290314      
   6.24433368520481485608470002641059660      
   6.23227111340315908054215912210795625      
   6.21960183359909046623282874290621507      
   6.20631059442281488084899256595182127      
   6.19238262289909273151618567973201098      
   6.17780356692584635899183675231181366      
   6.16255944508013471813117216878756460      
   6.14663660146618730686023944562804492      
   6.13002165870168733346281267413869070      
   6.11270148075369032806767044237260211      
   6.09466313584765016781146582712748318      
   6.07589386878979291654704825872746344      
   6.05638107073138288739950984247715519      
   6.03611225829697841264629731592542943      
   6.01507505156230371396862918371472700      
   5.99325716198865057885476058855990857      
   5.97064637472010059702820088523486041      
   5.94723053734619777318509247685212416      
   5.92299755105510895548555965523663807      
   5.89793536197169907530134971590255736      
   5.87203195502897166552517572225785238      
   5.84527534933143474929528248769332767      
   5.81765359175103010524287062723471977      
   5.78915475653233536096484501315114323      
   5.75976693917558439760542817259292930      
   5.72947825677244435595655477278702461      
   5.69827684609359991625054501926825419      
   5.66615085335588380909253306959559994      
   5.63308845093244177809872332437880812      
   5.59907781672503550195152139793260212      
   5.56410714160240969379271577801609360      
   5.52816462611118312042674019276481689      
   5.49123847766308194278556805284557824      
   5.45331690852186386290249389170325037      
   5.41438813308982530559297880570260705      
   5.37444036372714122365736254985738439      
   5.33346180828752019760375188858332669      
   5.29144066664984128906652332876351935      
   5.24836512508948390830204745194177056      
   5.20422335386636927641990191481139577      
   5.15900350142569644569910338576138003      
   5.11269369057926114985589437318654097      
   5.06528201256945122424571717494211209      
   5.01675652378975212919676415886808380      
   4.96710524042274367304003188613850558      
   4.91631613314514700053711750738844245      
   4.86437712323627615461666207043927809      
   4.81127607819143363334220177373351895      
   4.75700080737089992845609272106663336      
   4.70153905783294772675328774252959086      
   4.64487851123036414993357344029749116      
   4.58700678019050868903119527759846731      
   4.52791140518266867355547102556264756      
   4.46757985187952258375246489825024849      
   4.40599950869291378382706047503999304      
   4.34315768469778803787699137335956743      
   4.27904160776060324808010180114854861      
   4.21363842276363744945165149052132232      
   4.14693519091336338514186163451092927      
   4.07891888783856617157843871402236894      
   4.00957640331141870033698512106813610      
   3.93889454043001409838177701009434582      
   3.86686001518291348411885863847563372      
   3.79345945615299792070303133160838058      
   3.71867940430286075520070357234224302      
   3.64250631302448116542550401333537175      
   3.56492654814796309492717531592980845      
   3.48592638811587958960807882344833527      
   3.40549202429305756777709751751897015      
   3.32360956123630524846577334807151814      
   3.24026501688177745950684578283231746      
   3.15544432330469966213058580386044799      
   3.06913332673329128083881004403455832      
   2.98131778837442185585657995264716462      
   2.89198338464672398818437765664535532      
   2.80111570777179777145900472305854677      
   2.70870026620405121004510066639626501      
   2.61472248521434972804106307057964826      
   2.51916770727622086218584310069507743      
   2.42202119253372825683241062565536325      
   2.32326811953389199363591079119942641      
   2.22289358521778657603149341322967176      
   2.12088260588965634191138173282210100      
   2.01722011734796515110090549005570905      
   1.91189097529626004861162321862828931      
   1.80487995594119864885752887170281577      
   1.69617175621000494214612785014963815      
   1.58575099436501694965805270340025378      
   1.47360220993894976801927403049026214      
   1.35970986460665418104094883684398905      
   1.24405834220306820976283777423685880      
   1.12663194902097350443738925675077799      
   1.00741491437568109536231266736407473      
  0.886391390519823363877619804827411954      
  0.763545453334434604206944335035513290      
  0.638861102317083213031881035227573089      
  0.512322260704493599664076835616531173      
  0.383912776480436966999734977211074012      
  0.253616421459601383798183062228797176      
  0.121416892344868819523808454419582312      
  -1.27021893887044080975623654623640519E-0002
 -0.148757277193520925137559446127136882      
 -0.286764899345351016749729831021650429      
 -0.426741658665145739142225018820634485      
 -0.568704232408323159472674593985106644      
 -0.712669372068316404196339631008067405      
 -0.858653903380397250306390280641990268      
  -1.00667472594840446062803004405471564      
  -1.15674881310817430789493871941903922      
  -1.30889321203297302170671220788991542      
  -1.46312504342723732078880399391736606      
  -1.61946150137915960268247413609837489      
  -1.77791985331019933873913592964393969      
  -1.93851743981415902117517642413449175      
  -2.10127167472779739963654442993184324      
  -2.26620004467650856536904785449755189      
  -2.43332010923907192742499475163390576      
  -2.60264950090697615482766800609010437      
  -2.77420592477747111536917247832556167      
  -2.94800715856400615308648351053805375      
  -3.12407105240689235663318281961823266      
  -3.30241552902921640091053888975293499      
  -3.48305858344088747934587126766081648      
  -3.66601828301428715340162165800636205      
  -3.85131276716857761945303681470449103      
  -4.03896024746447222950337099325161724      
  -4.22897900768093453945967055963268425      
