   6.46114195192883683103959025933776710      
   6.46114195192883683103959028499496191      
   6.46114195192883683103959038329440624      
   6.46114195192883683103935709324554455      
   6.46114195192883683031477967894610736      
   6.46114195192883665107874864086077018      
   6.46114195192882675936540342244336792      
   6.46114195192861974256404551715705507      
   6.46114195192638482979506588487072132      
   6.46114195191130131472971374894503121      
   6.46114195183912847343920178434362367      
   6.46114195157248876087482896461808645      
   6.46114195076518607864135926941998410      
   6.46114194867459084842989068944892859      
   6.46114194389649957635315244373315493      
   6.46114193402897039307150663676099507      
   6.46114191528176177767989291040432196      
   6.46114188205422475712472672585686849      
   6.46114182650671794334444970806553321      
   6.46114173814990144108023910540117592      
   6.46114160346240678976842481562633851      
   6.46114140560587217624180100163245039      
   6.46114112418222696054910801074023090      
   6.46114073507712152341107674235551607      
   6.46114021042879777719873811730903745      
   6.46113951870268421784593304036578499      
   6.46113862488016655490784117371456044      
   6.46113749075869268202965881456182006      
   6.46113607535207103964005971361487083      
   6.46113433537248857135493955112041536      
   6.46113222576943857935246586778007121      
   6.46112970029619330035490375284344070      
   6.46112671207218782428810184038613031      
   6.46112321410987320082038309048745586      
   6.46111915974404256983959482416052867      
   6.46111450310124230451356021361996812      
   6.46110919926738797036283088284593103      
   6.46110320446828876779209809209391680      
   6.46109647608827668884903867852844673      
   6.46108897256108732296705490221058191      
   6.46108065314563125394205504014901749      
   6.46107147759274569250980912224402638      
   6.46106140571876030777065619239905991      
   6.46105039687602470863195656597673446      
   6.46103840938524249280619022748997901      
   6.46102540010773897070711939514306951      
   6.46101132357780657551643929227192649      
   6.46099613146983065449621157444281967      
   6.46097977197963925503690168339443802      
   6.46096218922243007979860998066677340      
   6.46094332268081574848945864025730543      
   6.46092310667714342081106340841906652      
   6.46090146990228028399436190900571402      
   6.46087833498849674777408547357570755      
   6.46085361816005347372132775375757797      
   6.46082722900406243926654789398215614      
   6.46079907018868181363884602773380429      
   6.46076903724032116674530328614174719      
   6.46073701844549043579123285179561748      
   6.46070289477833642847838354578413183      
   6.46066653988585215321561645302455312      
   6.46062782006983791028410114545403396      
   6.46058659436458417121291090916384036      
   6.46054271462291897980820465899176315      
   6.46049602563728079561045471181069883      
   6.46044636518673729552404691691477919      
   6.46039356422644298602728619778620309      
   6.46033744707818778768162188020165655      
   6.46027783149147228743401731489089416      
   6.46021452884139884675041058086621370      
   6.46014734426876157802011474591686362      
   6.46007607677589121856789615255989148      
   6.46000051944552569374060109777213418      
   6.45992045940048443136274525686841940      
   6.45983567793941714580292496938233273      
   6.45974595057030265649318205358645374      
   6.45965104698286490990865260352462188      
   6.45955073116898300444019147396947894      
   6.45944476124002102108424078067824891      
   6.45933288927786781425475937981566014      
   6.45921486144477112151181454464165585      
   6.45909041754668272753939847236603222      
   6.45895929090729148064372136163408134      
   6.45882120813329643153259225353504391      
   6.45867588872408444318580142934483910      
   6.45852304471987167271498136103134193      
   6.45836238031794016305805596350264492      
   6.45819359142823960082662854348576267      
   6.45801636502310220443423613061934817      
   6.45783037860935165242790283843032314      
   6.45763529955976236691141241533751972      
   6.45743078439641733849579521439787836      
   6.45721647802748633582551917376975675      
   6.45699201271027640160166392712516700      
   6.45675700760815557711604367679126741      
   6.45651106734615911294229627837635129      
   6.45625378108322282193689512064066215      
   6.45598472136954708661355142115123934      
   6.45570344296452469912954471692698434      
   6.45540948146662458477212337951432373      
   6.45510235172431477855795202870594177      
   6.45478154704639238841788941557946377      
   6.45444653671713743345015179035543050      
   6.45409676486351502966939365822880553      
   6.45373164844782073396702679257527306      
   6.45335057517942562230534867382330974      
   6.45295290217890086503699952048810328      
   6.45253795249776027698852387936985262      
   6.45210501343593978963895182769851334      
   6.45165333561131017114978386763054659      
   6.45118212728551678357585708759158666      
   6.45069055391089421506421754094650601      
   6.45017773426638633874096587809981317      
   6.44964273651964559464386276718824203      
   6.44908457722213576978622815116844534      
   6.44850221527005711431220257372293741      
   6.44789454752658179352341000241917243      
   6.44726040795667495711060913980518802      
   6.44659855984998675979460571669626173      
   6.44590769222722827001847059601335778      
   6.44518641520483602321292497621876599      
   6.44443325334765679805883095600944848      
   6.44364664099051272594856664026782986      
   6.44282491423269718612335077614265253      
   6.44196630595039008588637486708372136      
   6.44106893668651958422196254038959727      
   6.44013080747664109168405363756041858      
   6.43914979119419202544150464204571986      
   6.43812362266229243369188533507343025      
   6.43704988881783703401070831144317133      
   6.43592601778449967385735277934749759      
   6.43474926658124818035707289550583346      
   6.43351670841930351809942878505940082      
   6.43222521838950040288101116275602209      
   6.43087145810239096184667437523915391      
   6.42945185901527518012417148861652990      
   6.42796260423237310578827385323368230      
   6.42639960808538558454863578504551811      
   6.42475849518301131119646654707533146      
   6.42303457624638967113491520460888577      
   6.42122282243039755201111757235207778      
   6.41931783720122276510374864616337744      
   6.41731382572017830230782987310453946      
   6.41520456161028058453918103940270730      
   6.41298335102999577720889726087275226      
   6.41064299372813518624538922343095770      
   6.40817574140701200616092001992826943      
   6.40557325307383605397252129195377400      
   6.40282654840692760267293689014550067      
   6.39992595787514142577608336790288773      
   6.39686107342723280671826672349434705      
   6.39362069699632796630817770264008540      
   6.39019279172235588044904224987488031      
   6.38656443657122257523048338248789642      
   6.38272178719605736835529397755344070      
   6.37865004759496106644744391897479558      
   6.37433345417107433021557222863910352      
   6.36975528210606847492236550356654885      
   6.36489787202815776904612211310092560      
   6.35974268564356499709044504769233212      
   6.35427039100736976666429079211984341      
   6.34846097856397983306347903569757522      
   6.34229390451768528904885069401649738      
   6.33574825695152347398920936758472115      
   6.32880293514351063986564258078500073      
   6.32143683265877410375135927386550068      
   6.31362901186002721627166385577291286      
   6.30535886005753121695157857189399870      
   6.29660622083749428593752738242219097      
   6.28735149268902316982905557043593346      
   6.27757569465461175215807944045957488      
   6.26726050696460450846616989350323464      
   6.25638827367391958873469974410031648      
   6.24494199343627968276706176484980410      
   6.23290528706886659884248250059756755      
   6.22026235457449817505408323741281231      
   6.20699792733532008519695131825881076      
   6.19309721454344143052611806045826598      
   6.17854585159109991004824164026418672      
   6.16332984529267877195782697402871533      
   6.14743553134090634099755815404377628      
   6.13084952441515268626840511275432913      
   6.11355868333433094740553027026093692      
   6.09555007080220120359823726824277767      
   6.07681092875791460432148168700036592      
   6.05732864535510698816123602929172065      
   6.03709073496473828235176859740871161      
   6.01608481591145731271300963667280553      
   5.99429859829192164525000200016773939      
   5.97171986559376097633372705702011643      
   5.94833646434679643076891908724877549      
   5.92413629428206726983556783667858619      
   5.89910730046409626717108293807435893      
   5.87323746566017249819730209305249810      
   5.84651480748611531851385555089215851      
   5.81892737112284494261154590449918730      
   5.79046322786261675450904184921429474      
   5.76111047100661380309421042428619659      
   5.73085721452726940027563718456290193      
   5.69969159186023841483355407152174815      
   5.66760174587124771649718945942476762      
   5.63457584489672218552307477078390225      
   5.60060206295109155877399087983107240      
   5.56566858647583177325236671623800861      
   5.52976361166698079825234600265209442      
   5.49287534124010736515249999475681585      
   5.45499198286367763203247279510481678      
   5.41610174618494385392279104032237950      
   5.37619283888204165939326630133227128      
   5.33525346476820377459777930431437057      
   5.29327181870288736574648640944077219      
   5.25023608325257639026687799896732970      
   5.20613442473256471880812209204249302      
   5.16095498795608623300252862796628370      
   5.11468589258660313602218416921001528      
   5.06731522713880567747429240822114061      
   5.01883104562592765179584433942373097      
   4.96922136232983183887546460093463567      
   4.91847414662723088505764472152128576      
   4.86657731837715102105878506142813895      
   4.81351874490941770031681387914414308      
   4.75928623543684430855045790894684223      
   4.70386753736553001430828458649788156      
   4.64725033301788967207826007522899207      
   4.58942223626270808381195295538831251      
   4.53037078904516930209460593795385924      
   4.47008345895437400186075697499966838      
   4.40854763651332530932336698410079315      
   4.34575063326672082625950247049673892      
   4.28167967976217122952834861926641132      
   4.21632192378753130884658958129886655      
   4.14966442970814532351527940291752716      
   4.08169417635838974783715734988526307      
   4.01239805691535687742949140862711277      
   3.94176287801859748757913067763702872      
   3.86977535923371601091108221587431762      
   3.79642213284092000763792074839063896      
   3.72168974349336368301643615562982618      
   3.64556464836363228692205567026579908      
   3.56803321704827829118693348413617636      
   3.48908173180748169065641696633679573      
   3.40869638773873651941070675556140534      
   3.32686329315920059517742672674168365      
   3.24356846987353300090657324478451975      
   3.15879785348630127402812491969351813      
   3.07253729401515708157441973353068923      
   2.98477255634795652546807008434666611      
   2.89548932034456922491944725761506545      
   2.80467318191609215296307717854743713      
   2.71230965296835703168097357186320185      
   2.61838416225079785963850244274871510      
   2.52288205557330338253208539006186507      
   2.42578859651331097838334588576182171      
   2.32708896680466051092065098144956255      
   2.22676826673266085753149772480869871      
   2.12481151570052712211665429098320854      
   2.02120365270514179769298227894170510      
   1.91592953650327701005338319461395278      
   1.80897394632757661562279187699131515      
   1.70032158215061721250685626195886252      
   1.58995706509504515348586384160214936      
   1.47786493768512478135123356200673735      
   1.36402966439389533502407165968415677      
   1.24843563183422122810224662351085703      
   1.13106714910165255242154448670871064      
   1.01190844825256690910831665214631555      
  0.890943684222067530867801659845538279      
  0.768156935548054609834122071990871843      
  0.643532204345323775202559161626361135      
  0.517053416354856982506896766615162940      
  0.388704422235091043718781376874412579      
  0.258468996213326832758968843982494080      
  0.126330837537563151531605054027027048      
  -7.72642985563186850130148145526043057E-0003
 -0.143719256948436910135445288345653432      
 -0.281664169714770504087104010867261881      
 -0.421577768525089548788024574402339423      
 -0.563476728273291384190334967118331871      
 -0.707377798120897201236575416242210956      
 -0.853297801543062436564406044753560613      
  -1.00125363578991736873743784854090148      
  -1.15126227196303392388860378082985335      
  -1.30334075496778259741630518546505750      
  -1.45750620326499903117248018480332106      
  -1.61377580870620344594790208216618584      
  -1.77216683661116531087693162938026130      
  -1.93269662531663736385419998817943508      
  -2.09538258645605653869279633517529692      
  -2.26024220458956003577597311766815054      
  -2.42729303710696630312284319016342592      
  -2.59655271438828701500922278187916743      
  -2.76803893937154166106853171945217939      
  -2.94176948771958357629000458335014143      
  -3.11776220748452726128041976651990721      
  -3.29603501929508864505756398056227014      
  -3.47660591610402757213577154452816202      
  -3.65949296321801829313910382746296281      
  -3.84471429796631544483093039121185545      
  -4.03228813005095518788620305486848627      
  -4.22223274095901675970818710592793026      
