   6.46114195192883683103959025933776710      
   6.46114195192883683103959028499496191      
   6.46114195192883683103957778849406763      
   6.46114195192883683065256408907608525      
   6.46114195192883655836643787287316089      
   6.46114195192881163349339682269385544      
   6.46114195192814071526348511081851981      
   6.46114195192000067114074885740084988      
   6.46114195186272283844328941080864364      
   6.46114195158873810446205253188880586      
   6.46114195060008226791022358242315122      
   6.46114194771262752425784468993555879      
   6.46114194054422192905593680107110616      
   6.46114192486840828637446848356422506      
   6.46114189388705226130051997863673735      
   6.46114183761350905523759361082528473      
   6.46114174209544486510838593922119163      
   6.46114158885085381495552195129946990      
   6.46114135440522568075597675973142446      
   6.46114100995902621833992527605877586      
   6.46114052119875001453758801632796041      
   6.46113984825794099458040794970275750      
   6.46113894580968079945986007406241235      
   6.46113776340135886141714579057430410      
   6.46113624585565056805512046642817914      
   6.46113433386891192561182176762345296      
   6.46113196475655666109954589020959749      
   6.46112907326509969346043966174188530      
   6.46112559264807717805212947818780967      
   6.46112145551951971892711390798923769      
   6.46111659485382558961435769954054406      
   6.46111094489587426044518347627624974      
   6.46110444200702081749590078412811144      
   6.46109702519902427229302629889211588      
   6.46108863664777727429145781254360202      
   6.46107922205700533055890738476794864      
   6.46106873048503917244022636896572059      
   6.46105711426803452058511092277203102      
   6.46104432860837837463295283699906783      
   6.46103033106272470126542481310580937      
   6.46101508081054190205138386683702275      
   6.46099853769269970800288399911665522      
   6.46098066154663109847883626652037512      
   6.46096141098433732039539044401495395      
   6.46094074243317278921345347354747736      
   6.46091860913612340367157803305349645      
   6.46089496016493000215778003580571353      
   6.46086973947299678272634434553161042      
   6.46084288497136045322344415461690437      
   6.46081432787583146619332397997842287      
   6.46078399197889024886601806205017071      
   6.46075179292497796391584359378930587      
   6.46071763779376004445568713353912686      
   6.46068142469025277027965691172208764      
   6.46064304245508629353740825398420779      
   6.46060237045174569198041032126862432      
   6.46055927848101642163797343191850985      
   6.46051362674454127307283737079616828      
   6.46046526581983879095601313571931357      
   6.46041403681495985336860313879213950      
   6.46035977155457369485499335093580522      
   6.46030229275919840006235903916633819      
   6.46024141422779185064599004577703166      
   6.46017694122648180552229638306467270      
   6.46010867071917441700614707080148067      
   6.46003639162326160421769417963419090      
   6.45995988517041609687711943883147318      
   6.45987892517741925622755657644159828      
   6.45979327829180236670783526615488730      
   6.45970270432619438245133049956336314      
   6.45960695643401172458593083752088381      
   6.45950578141808476307811361555505437      
   6.45939891977376819366320782546207194      
   6.45928610585958702394085711204454035      
   6.45916706798873649651748383242406995      
   6.45904152846469373328904003235456763      
   6.45890920358938708622988484991995804      
   6.45876980353390941148218483105153838      
   6.45862303208906549720813920851025632      
   6.45846858705412719884229507460413552      
   6.45830615928830487768244534947785169      
   6.45813543281902565974471240173793379      
   6.45795608447397757883053275626609673      
   6.45776778327391832565042431865224411      
   6.45757018966707719535750491907945096      
   6.45736295483557893123761107829306207      
   6.45714572237786688281734800583862309      
   6.45691812401788565323203280309178356      
   6.45667978091822453389433332129910211      
   6.45643030255216780265931752102025024      
   6.45616928564585688149304643509023505      
   6.45589631300108615931399407606087115      
   6.45561095232382996850322883005233586      
   6.45531275571456723832481681922484397      
   6.45500125724171101319102300249335862      
   6.45467597304603606135204078574105520      
   6.45433639852736192054759103682908326      
   6.45398200715207147049960590018829900      
   6.45361224944830440787563492693092966      
   6.45322655051716005376051818869497807      
   6.45282430830322757420362226639787309      
   6.45240489161457021556182294704578708      
   6.45196763809517055465181846108976128      
   6.45151185193837459156804085297286612      
   6.45103680138093222770196420526723985      
   6.45054171580172785341678982992298439      
   6.45002578388673301420861482750572043      
   6.44948814994204263416259674910506607      
   6.44892791087495601372089389780598948      
   6.44834411345467674396791771784193449      
   6.44773575021537793758283443014225070      
   6.44710175595076268037775723263761032      
   6.44644100399164401132699250964166851      
   6.44575230136704366125106815220921813      
   6.44503438506841347328920902789512173      
   6.44428591653039336055567393746078154      
   6.44350547668161085441586881304537463      
   6.44269156087985439754192519242851536      
   6.44184257207407878588540298438413545      
   6.44095681540045959665969107783854322      
   6.44003249064487112820236128809195810      
   6.43906768546357094343800007325281481      
   6.43806036715062789850370092593651880      
   6.43700837436582826242542057151062094      
   6.43590940798036648621726402565449241      
   6.43476102125488297517243909769846560      
   6.43356060926746150632976354500705647      
   6.43230539739411947276393449590808952      
   6.43099242909009104539995791862812601      
   6.42961855253988632465850270708454213      
   6.42818040565881227246029529925035866      
   6.42667440125045115036585496494864080      
   6.42509670954921369704511517145676174      
   6.42344323992691910720363370625425437      
   6.42170962096872585406493692557842819      
   6.41989117893980806464001605680572412      
   6.41798291440103554164260502042139660      
   6.41597947700392556946831396124296994      
   6.41387513819358385433753043450428945      
   6.41166376186976922557829241642275466      
   6.40933877284363180912752790509315870      
   6.40689312310516541408490769627871230      
   6.40431925593477821671023056716865418      
   6.40160906809892062389567811739116273      
   6.39875387016621013990450249460612361      
   6.39574434568615184551955826611322691      
   6.39257050978789726579472580758340455      
   6.38922166848253941056401183952962867      
   6.38568637818694091445661696356702623      
   6.38195241185982632159738206005841256      
   6.37800672791203764623443478997714397      
   6.37383544911355474233718764007133507      
   6.36942385219449185218498876967153610      
   6.36475637328412402826701009431333079      
   6.35981662970850564462443399913488579      
   6.35458746316877198412173712970908532      
   6.34905100481145633196482231728198115      
   6.34318876204078171587226207829565749      
   6.33698172702033946511208525933015523      
   6.33041050131752305324739919656332525      
   6.32345543220464980814653462583020277      
   6.31609675461660508984479061854569358      
   6.30831472869047346441855813927931895      
   6.30008977061055869841655554926206498      
   6.29140256428725683891786418866668347      
   6.28223415530748338519336690496373596      
   6.27256602303839003185183614970853040      
   6.26238012694260351836687438381172854      
   6.25165893677591720619438492155766374      
   6.24038543930992544890120561227862164      
   6.22854313318353741675028177474158224      
   6.21611600914295373425016618590784579      
   6.20308852343038400062463161907669910      
   6.18944556521784334439926162792539618      
   6.17517242167958656366156442813201245      
   6.16025473993010971765381774524105659      
   6.14467849250512580176645165673917946      
   6.12842994266333743550176960966981862      
   6.11149561211807856043350242249057458      
   6.09386225203242683421922283564532625      
   6.07551681702005714072077173484674544      
   6.05644644184268202480783014924363260      
   6.03663842139449056511636907168814663      
   6.01608019265005617945774389017692596      
   5.99475931991178541657424537780484953      
   5.97266348200505893220254170523584596      
   5.94978046155890040932271223542751522      
   5.92609813541526500128404455572282844      
   5.90160446769341552856463441616482837      
   5.87628750214848517915053599393665974      
   5.85013535784906302242731930193371262      
   5.82313622261458342610841871877992321      
   5.79527835002402156732512339161547220      
   5.76655005348365022633728978718528336      
   5.73693970331336814649403414231003253      
   5.70643572122144963963810767982391541      
   5.67502657597472963478356007703683223      
   5.64270077878558379922375158994116271      
   5.60944687732015352731172480505424626      
   5.57525344983657654182811677927788331      
   5.54010909930419310540352905611042739      
   5.50400244662731225484144194244495479      
   5.46692212355345522053415087575723489      
   5.42885676574632165929342676907555777      
   5.38979500433785528156721683228087605      
   5.34972545948613063038621719304842547      
   5.30863673252271288245515120373877993      
   5.26651739809308336673740210919536554      
   5.22335599792825035789535584484864667      
   5.17914103308960218309576786435989078      
   5.13386095771575901292673380442957119      
   5.08750417330286977802281115684039994      
   5.04005902232805601046821340096030901      
   4.99151378371628504427961762834623885      
   4.94185666808892360564554553941207827      
   4.89107581344060866094132363928835088      
   4.83915928125160647777577602121722595      
   4.78609505440784312332012435173109318      
   4.73187103335931263594379299789767526      
   4.67647503451756576008871381328140190      
   4.61989478816652185665425783475591457      
   4.56211793730143682910936266380768361      
   4.50313203581795339976970417546539425      
   4.44292454910384153209840877336760087      
   4.38148285178725767936321357052257928      
   4.31879422812282674537517221243713165      
   4.25484587225905964706720052573471625      
   4.18962488782342025783546703618368498      
   4.12311828768982173752300707543837998      
   4.05531299483435873003468785167283479      
   3.98619584346922421409900087885972782      
   3.91575357781729803127234539488606480      
   3.84397285380207948770339808495653592      
   3.77084023915160217091152067063670976      
   3.69634221409767264152578644349980843      
   3.62046517224713897038703777671115979      
   3.54319542087469986532720442392434420      
   3.46451918174853138045797866524986411      
   3.38442259169767400888600707541170060      
   3.30289170331793257697505207650755393      
   3.21991248559906709461544015855690704      
   3.13547082436049393988214963446086867      
   3.04955252322517922057769103910601361      
   2.96214330364155169197230592869404301      
   2.87322880594204632827842779340769195      
   2.78279458966476690238653786167009295      
   2.69082613395252211471253014060257190      
   2.59730883825682297232276715739617254      
   2.50222802275571771223636208696333225      
   2.40556892855649470560260375163638830      
   2.30731671854910421812989025064929965      
   2.20745647738968912692782906161979122      
   2.10597321207043592703301330560190505      
   2.00285185239924569727538512977424149      
   1.89807725105283446321994082326215188      
   1.79163418414213190539737937214539529      
   1.68350735127763942944144874404470600      
   1.57368137614735256035796112753832981      
   1.46214080658377869316966438738981392      
   1.34887011492345981641889160699780858      
   1.23385369802732226159721074666319358      
   1.11707587767512130650078522093741548      
  0.998520901217162169817211719675800525      
  0.878172940874113410366756468495872248      
  0.756016094448452840176224928667284106      
  0.632034385520287715500489190654581196      
  0.506211763515605986358751303647331423      
  0.378532103963135464713150213836469710      
  0.248979208421648992278794004212101288      
  0.117536804933935200954046412259016740      
  -1.58114521855367906926305225723937910E-0002
 -0.151081982003540475829537772129905906      
 -0.288291276629686680193777548503382266      
 -0.427455901777228242075415289807026737      
 -0.568592495870940290419369169480666324      
 -0.711717770611525173676442304722290090      
 -0.856848510400026417574697169492339903      
  -1.00400157239016568641390700013045304      
  -1.15319388677729964035390379524629947      
  -1.30444245584575310113678484752079618      
  -1.45776435477725777056009029889557361      
  -1.61317673137454209484020999011721683      
  -1.77069680524504028014776896279807778      
  -1.93034186894559091175196083383611574      
  -2.09212928689251371842633076187736375      
  -2.25607649575122302703319388350734620      
  -2.42220100446421376176880178033197074      
  -2.59052039392426130286128902368462606      
  -2.76105231692047701356521396561423387      
  -2.93381449858257266141404874662598189      
  -3.10882473542101719416378632741152508      
  -3.28610089605238230836342814786895185      
  -3.46566092100488808930874127593334409      
  -3.64752282221126769815990834839971546      
  -3.83170468352787659324521240350829649      
  -4.01822466031271063882720902057627749      
  -4.20710097974243520713660080188057071      
  -4.39835194008917353834978370147640198      
  -4.59199591143966891515658244653928883      
  -4.78805133545270845970142036765696639      
