   6.46114195192883683103959025933776710      
   6.46114195192883683103959028499496191      
   6.46114195192883683103958322865347716      
   6.46114195192883683078620411275093146      
   6.46114195192883663673802754752105764      
   6.46114195192881783250735586934982247      
   6.46114195192829036433698980070452049      
   6.46114195192168715241869724109893192      
   6.46114195187406754733425218185761620      
   6.46114195164174184608711303419526580      
   6.46114195078975205278368248235623332      
   6.46114194826775752901666854014584411      
   6.46114194193521790509688048801727710      
   6.46114192796037177269191691501662206      
   6.46114190009971534651937324836331196      
   6.46114184910851945496302825454022024      
   6.46114176200773579478280082220453754      
   6.46114162147483550379303788298850407      
   6.46114140539328277335210044547510458      
   6.46114108649328143038352712799107190      
   6.46114063214049042869637982769347416      
   6.46114000426800860687060989284926999      
   6.46113915943568560873383011328130379      
   6.46113804913307032399374510895421298      
   6.46113662013513777076159318575420423      
   6.46113481506702711900567832205222686      
   6.46113257310949032424260044752820428      
   6.46112983078987503800432741196617672      
   6.46112652295323449082478820810794280      
   6.46112258368746519365887271058632866      
   6.46111794724146067899883810864225691      
   6.46111254890933118826453158447774192      
   6.46110632587399720627279684635722044      
   6.46109921781650648279695872749917982      
   6.46109116728723760256929139027900134      
   6.46108212020836415715427577761121131      
   6.46107202573066641063663831065700916      
   6.46106083611461385042318239352928069      
   6.46104850641259646072603904367709383      
   6.46103499391635469602094653126514452      
   6.46102025753083099873857711147463646      
   6.46100425693924076410535725622257845      
   6.46098695161778150997711760320531596      
   6.46096830015128334883333305668983857      
   6.46094825894829852518524507760550128      
   6.46092678137773679042290773560845124      
   6.46090381679660492794790789590648458      
   6.46087930962680707436744815183706218      
   6.46085319849372159801636818021334340      
   6.46082541539608329618177830978561549      
   6.46079588516103329205500183210052800      
   6.46076452477287541392050293155707679      
   6.46073124279144644862308839854377498      
   6.46069593901517609113225309302992497      
   6.46065850416305863499421777831625239      
   6.46061881968021355167138324108727916      
   6.46057675757808996625793687362613519      
   6.46053218045583458004698058137021375      
   6.46048494148543210657266731727935512      
   6.46043488446242344585794299018178503      
   6.46038184398145409087041219939100498      
   6.46032564568198444840079807931877332      
   6.46026610642451819284975756981278682      
   6.46020303449622433024850306662190081      
   6.46013623001156569347356249311691765      
   6.46006548512891551850979987454111109      
   6.45999058430481807118688001253952740      
   6.45991130463841411363551758026576563      
   6.45982741612065117455962294994714107      
   6.45973868186538115726856441618170448      
   6.45964485836661290242316984503079072      
   6.45954569571225937585312570989475569      
   6.45944093780130120422287718025534015      
   6.45933032235885513922706570141843432      
   6.45921358106754272936530007924107644      
   6.45909043960910740563645332855374468      
   6.45896061765282672148476524852674627      
   6.45882382881913580453470712888961591      
   6.45867978048219484455569165397211866      
   6.45852817351681178065922745042684869      
   6.45836870259018408119996019597213317      
   6.45820105515309761716298895236703230      
   6.45802491150244830644140662779072891      
   6.45783994436828351849459651755945681      
   6.45764581850719434236824127703231269      
   6.45744218905024991186473617530985924      
   6.45722870191817389145160429144098993      
   6.45700499456185753016296253053978312      
   6.45677069194957035958478490436637822      
   6.45652540822518943726882471701268642      
   6.45626874423434979993554212660480015      
   6.45600028801769890143783257798731939      
   6.45571961241386048804634724172770937      
   6.45542627436917395582632776177578121      
   6.45511981430385278480335294371903238      
   6.45479975349766117803043815043035455      
   6.45446559402689223276590183863562990      
   6.45411681624786414762382371107987365      
   6.45375287714413122326996315324941161      
   6.45337320948611648121752292545157773      
   6.45297721915841439205197200868813730      
   6.45256428343280452496293449954990556      
   6.45213374872847333935867846894890820      
   6.45168492870848239413869976626186488      
   6.45121710167050462096770878108975789      
   6.45072950814739694477499222957187986      
   6.45022134766748031776479178527696638      
   6.44969177702093889100418167614606695      
   6.44913990626477162676214878467179183      
   6.44856479563770986420758022019410242      
   6.44796545254468776096018414620156792      
   6.44734082762657713140959715996059445      
   6.44668981068412285684826477530303338      
   6.44601122683780948286219505357938995      
   6.44530383184274275814313946295863831      
   6.44456630745672575273276991329085455      
   6.44379725637705614239414247482790061      
   6.44299519667089917073055672046382268      
   6.44215855617685782460308681803749410      
   6.44128566570434697087883383260433330      
   6.44037475336135376823061589905731901      
   6.43942393631027563996410484790143509      
   6.43843121363963533780226383770498784      
   6.43739445780200285015158146581792407      
   6.43631140576314040080606777515383649      
   6.43517964927143267385998940926314048      
   6.43399662447753972811477452905993283      
   6.43275960063693729870880776927851357      
   6.43146566796472978740753891160752269      
   6.43011172459923296360719953936587676      
   6.42869446184964704394135792539419277      
   6.42721034946686598438830661506494052      
   6.42565561853482486597950437149779038      
   6.42402624335287860281384259114427876      
   6.42231792193954397855337824792244548      
   6.42052605466161333345904338054946077      
   6.41864572121040956124386255343586642      
   6.41667165566507731526761870829909317      
   6.41459821957411756268540207967587904      
   6.41241937284352804832342701322878299      
   6.41012864253714813515967240730499832      
   6.40771908938641393949467378095749303      
   6.40518327207475757443885312636667671      
   6.40251320948653382950237557019420987      
   6.39970034120572588025395820833430900      
   6.39673548621157971126407844946141540      
   6.39360880124065185175720727160950107      
   6.39030973909560921982700429418237293      
   6.38682700852508083177336343810817044      
   6.38314853549444997343674604919732899      
   6.37926143352011323028163415243741295      
   6.37515197781382534857274263022339345      
   6.37080559229695418851089827474897694      
   6.36620685046173616090731677944839066      
   6.36133949351959430145290046131021711      
   6.35618646839480300005950456639209487      
   6.35072998856664053459972078737115195      
   6.34495161719684580594199712741947447      
   6.33883237149395369391480751949882584      
   6.33235284742681922751255431583996271      
   6.32549335493355478830398076741885608      
   6.31823406105855089531108002866126604      
   6.31055513351496035592135711059605705      
   6.30243687234143271836017159888840557      
   6.29385983054130353081116460375917492      
   6.28480491208273487197617293886727320      
   6.27525344932644075042995239014598307      
   6.26518725667148801960772979502067379      
   6.25458866181190511697513884258842118      
   6.24344051803695323085120963883113419      
   6.23172619997775360950547702865931694      
   6.21942958577247040813410031979947504      
   6.20653503130806960354296340569937189      
   6.19302733653633451903636541583040325      
   6.17889171092136405069159254111900195      
   6.16411373429726937620978731286442949      
   6.14867932112514164890777538254654819      
   6.13257468375762970970550177062114584      
   6.11578630130734066009620779483167808      
   6.09830088734946271680024694764934182      
   6.08010536363488258838131766619092358      
   6.06118683545279846815030874240096178      
   6.04153257081414962352073974540638826      
   6.02112998199304871902862928181694512      
   5.99996660939194215035038101190616930      
   5.97803010823000318352844211368620572      
   5.95530823718092713958409790703916824      
   5.93178884901698108294920080082909947      
   5.90745988213864610934684879271542981      
   5.88230935396278299442304332826785994      
   5.85632535516055458411418532473031776      
   5.82949604452654207599798980032097608      
   5.80180964408085428019113688966094743      
   5.77325443552289036320737484410841105      
   5.74381875541931957407729790828401573      
   5.71349099146583239673064759549537872      
   5.68225957775032687895972551874854259      
   5.65011299029368000253761481803627036      
   5.61703974245037509200012113626739791      
   5.58302837895916557536336451673220186      
   5.54806747004826812874899016289291675      
   5.51214560480101382171646980258136346      
   5.47525138734210885120606627526038957      
   5.43737342538037831675242160022517484      
   5.39850032715326398140774848302566369      
   5.35862069131153679886726465932737629      
   5.31772310142846967374021503562908797      
   5.27579611774906065826885983327202920      
   5.23282827030128266051971089683942316      
   5.18880805217024750710186164211415847      
   5.14372391279341973981386874942975478      
   5.09756425172557610373756558169999307      
   5.05031741283200232889851877352381303      
   5.00197167907578194047879536207555918      
   4.95251526758520685421979342094308976      
   4.90193632522908845865719525535947277      
   4.85022292485352207198291857432120100      
   4.79736306218996434476052796916995253      
   4.74334465225516645961346409017383702      
   4.68815552754970985275051436112246212      
   4.63178343571087994236851943024225402      
   4.57421603788876534983141430905282436      
   4.51544090752847183443803455849653502      
   4.45544552893504109282158191574692304      
   4.39421729765558172089678693669888421      
   4.33174351852747472258967282632525458      
   4.26801140650035702243138094043034536      
   4.20300808591997159126050492493272538      
   4.13672059140299642046019801196703215      
   4.06913586592396677306262178229298511      
   4.00024076503302913812329809363093731      
   3.93002205358287003079360539650340560      
   3.85846640782592456279912707503964461      
   3.78556041556647191358082767709216491      
   3.71129057720293342428986855589165440      
   3.63564330555672532542479474148323672      
   3.55860492733754594032096283372309937      
   3.48016168296248145631218108075767009      
   3.40029972784514937450321207704717029      
   3.31900513272641707647914725758609376      
   3.23626388431537264394070562793506620      
   3.15206188568806527703226421721226687      
   3.06638495757644283406451231193165662      
   2.97921883820724909411075061826236395      
   2.89054918416367355046491526401150637      
   2.80036157094499879030137279242713516      
   2.70864149346817446866566972257799139      
   2.61537436652915357123852200252244214      
   2.52054552518542122951116450681032562      
   2.42414022551243038258799067467486591      
   2.32614364468049552303493207008878300      
   2.22654088169727031770637152465545817      
   2.12531695735013104886838192048085772      
   2.02245681517232335788621766966862922      
   1.91794532119738586987696719048744127      
   1.81176726478789135037536502360802684      
   1.70390735855446451498531146242420507      
   1.59435023901981017897797504578648750      
   1.48308046638380862870480171196089203      
   1.37008252548193792752796012613944279      
   1.25534082532961620853071936374741305      
   1.13883969981505771134653055424250845      
   1.02056340800536669762684915338853876      
  0.900496133896075749671433708844086102      
  0.778621986752777873767158703215456871      
  0.654925001573402543194669933357662809      
  0.529389139098667094998410813139485868      
  0.401998285909551068323556371652249178      
  0.272736254623996232501863691978750890      
  0.141586784035249123419894886764915969      
   8.53353939406499553761038445818337413E-0003
 -0.126439887778845830615015785120866155      
 -0.263349978988486546583746640311947955      
 -0.402213289616160595838330777894434301      
 -0.543046447576663169066460939910843328      
 -0.685866154348183304630614457252896157      
 -0.830689184255536838498740309123131396      
 -0.977532384157823833975679999422723682      
  -1.12641267418953305061983802429841808      
  -1.27734704681130839721925194595272512      
  -1.43035256730760221136793951631723885      
  -1.58544637357388759400213441749765669      
  -1.74264567551545543374991849381785565      
  -1.90196775582175752663197118663687657      
  -2.06342996956773953783233676185424736      
  -2.22704974357937171751911423726235903      
  -2.39284457726942637871242889571176574      
  -2.56083204228971256763106038753077901      
  -2.73102978177466294152134457209917061      
  -2.90345551131928964669833485200864675      
  -3.07812701852601657491665162319200253      
  -3.25506216237398169549515224935939979      
  -3.43427887403064078654373385963794466      
  -3.61579515671501160850202988299686376      
  -3.79962908455210231985280563287944169      
  -3.98579880397324123698530537376848298      
  -4.17432253308231088229086529013996346      
  -4.36521856102150539985239129657020542      
  -4.55850524878673105243875281690152411      
  -4.75420102885333695947085679874313353      
