   6.46114195192883683103959025933776710      
   6.46114195192883683103959028499496191      
   6.46114195192883683103958646774751092      
   6.46114195192883683088387525916077465      
   6.46114195192883669942175927966679013      
   6.46114195192882309845587592267317525      
   6.46114195192842308411268413414253100      
   6.46114195192323200477721769420728514      
   6.46114195188472441242937572537972921      
   6.46114195169254521225005242754778291      
   6.46114195097457125870425017322154811      
   6.46114194881617998746493388931708858      
   6.46114194332549056997645712918631686      
   6.46114193107279641442879183623754496      
   6.46114190642291185015768634813574394      
   6.46114186090389373249835676337130754      
   6.46114178257393176562223780042893537      
   6.46114165537170723690593183202297351      
   6.46114145865106542783824688359589365      
   6.46114116681549558520833006566879397      
   6.46114074907533620869012354177250953      
   6.46114016935032925271013148792511137      
   6.46113938629261292745439587541766056      
   6.46113835355543356777604474386304059      
   6.46113702009789718191052015332738972      
   6.46113533071313151481860717523271590      
   6.46113322668658205536744185877670714      
   6.46113064656427587262946040727562764      
   6.46112752701065242487434565546594981      
   6.46112380380372632086441370898163661      
   6.46111941265556378368542038749676478      
   6.46111429011984699174244530405640747      
   6.46110837433484491356051684550890572      
   6.46110160575209346141583913344727174      
   6.46109392752039584411482402239463172      
   6.46108528573074833849935998200426335      
   6.46107562975387452347409107629285610      
   6.46106491181723228453372441939100357      
   6.46105308682858728740243548486983627      
   6.46104011187959571549153147079037550      
   6.46102594559614987184068921820824117      
   6.46101054740701023249867060348372275      
   6.46099387666280216750778421792733848      
   6.46097589169642828659630117445579386      
   6.46095654901039395368830388748076571      
   6.46093580212328326680686290396142525      
   6.46091360072307176467913854188994515      
   6.46088988975662416234954324592359180      
   6.46086460859953203467401602326618942      
   6.46083769026568750117721880221825292      
   6.46080906069685170257146812505291545      
   6.46077863827078322133247532724660641      
   6.46074633327593314601342487736556622      
   6.46071204739456987670039809587590714      
   6.46067567346131241998267896534892809      
   6.46063709522701678854564681002462474      
   6.46059618724063719013864824155413029      
   6.46055281475780594313604997572467160      
   6.46050683380808050756184479115223712      
   6.46045809124874626316986156033087261      
   6.46040642484986883655039790062405395      
   6.46035166346054176061825027856524204      
   6.46029362734277306356493544753798136      
   6.46023212831696114083252008774189645      
   6.46016696998898606758775999190621074      
   6.46009794811819695885484096481170456      
   6.46002485087375520111888052349931664      
   6.45994745903967805773076213231908355      
   6.45986554633938937686318465990203537      
   6.45977887967839791459703393713428075      
   6.45968721933910000235792657541901624      
   6.45959031916325489113634142595932084      
   6.45948792679276455430015968339533152      
   6.45937978381292320504278914537833507      
   6.45926562572422893488129151081451253      
   6.45914518204011493362861847520307993      
   6.45901817627219945721487169546952469      
   6.45888432587463196881386750091122519      
   6.45874334215244221977104305735471360      
   6.45859493006104259225822559807252074      
   6.45843878782148882258832639413568952      
   6.45827460725366786673324056247087883      
   6.45810207259517031109172543897354156      
   6.45792086063357175991913720233966126      
   6.45773064016122381030892659863074820      
   6.45753107136767935430507846913420751      
   6.45732180591128168344330038057613705      
   6.45710248228056402421817687796549261      
   6.45687273248109230926652360101707967      
   6.45663217564232456173328923864656007      
   6.45638041792220687810904732612114317      
   6.45611705225007046047945774798216107      
   6.45584165760870624591011796110915822      
   6.45555379723511993692813907611612501      
   6.45525301686338363902144727410707680      
   6.45493884539516497328705314538686382      
   6.45461079140668579605922843774856479      
   6.45426834272854448268480488328518088      
   6.45391096476416181786046873167962641      
   6.45353809797515876216940013335676995      
   6.45314915728251844638280545376185635      
   6.45274352962222798553962201956362718      
   6.45232057127899855320586557960349531      
   6.45187960655032855658776643028311432      
   6.45141992504596449865109335221807757      
   6.45094077925495033367356955073276273      
   6.45044138191034276817019711463804664      
   6.44992090300045496274968210625846981      
   6.44937846729965236217707581033027120      
   6.44881315086133222954934830562217917      
   6.44822397729001510549008185336132895      
   6.44760991483584245546559927269762735      
   6.44696987227202216630933100965553616      
   6.44630269452308483662786871060632472      
   6.44560715876768401186367933646013959      
   6.44488196947658418020445268421378255      
   6.44412575348596080668602935251647218      
   6.44333705481544453481661648413420352      
   6.44251432864020899669924563579592170      
   6.44165593537964858466386370458384933      
   6.44076013425149640074963818984494550      
   6.43982507588317045076693202263075823      
   6.43884879489065810743719678215695077      
   6.43782920175464201900440394892727709      
   6.43676407394234880873665324798923418      
   6.43565104646426446021938772658133614      
   6.43448760156928952879504035359513552      
   6.43327105778680538489327230605990976      
   6.43199855789226671171666729261531533      
   6.43066705605453272702142959253013233      
   6.42927330393935474323307057897017905      
   6.42781383493055060948950168310660606      
   6.42628494862587221109098734933828653      
   6.42468269245906039495938784223182506      
   6.42300284247632195981765037659400241      
   6.42124088242681278340820492651775377      
   6.41939198109106459848344645496731733      
   6.41745096765362538958524108675560328      
   6.41541230510899311855464973351524858      
   6.41327006165982955382329440241738944      
   6.41101787969073504531240138692732538      
   6.40864894265754664737354854525003019      
   6.40615593960782498918885909024770916      
   6.40353102764004968125238556728793319      
   6.40076579227222560127978325451102945      
   6.39785120625448014050234879727961522      
   6.39477758723308699022783613163801898      
   6.39153455553451058897950024673644175      
   6.38811099267562039642519982475490705      
   6.38449500143300859441676186137861893      
   6.38067387318055521180172458179454984      
   6.37663405974668748758023677063712494      
   6.37236115644055917579373059844776878      
   6.36783989815204182419358919573281099      
   6.36305417324784345409474954195869987      
   6.35798705581476994116794227414160934      
   6.35262086110177538393451006803231579      
   6.34693722390888567846132007424219871      
   6.34091719982192260172388919135239007      
   6.33454138590774949243709483174147975      
   6.32779005734396925533908936260169662      
   6.32064331162020581417991781370724841      
   6.31308121396675221349327900767308834      
   6.30508393694554272512691542767338866      
   6.29663188491455020941707023344722680      
   6.28770580050174651469680040430325899      
   6.27828684704043424781888678346605812      
   6.26835667006639523371238009303722654      
   6.25789743248134168250859173280296939      
   6.24689183085170788628271726985175174      
   6.23532309463549890799842363166919056      
   6.22317497006022196352429047685531015      
   6.21043169374587202564238212127137763      
   6.19707796165579019468915991910731905      
   6.18309889102704678376117468520734323      
   6.16847998234468423049917483428103168      
   6.15320708179301313996281156607053244      
   6.13726634350737486580767565523382935      
   6.12064419565398497122497735044796990      
   6.10332730872980145078740162832399827      
   6.08530256672828097599454406560625346      
   6.06655704186129622203111297849284807      
   6.04707797233234701078183426599530412      
   6.02685274239025987817243166064842352      
   6.00586886664750711169225762661902295      
   5.98411397482633725667539943698174568      
   5.96157580027512761827096712920300787      
   5.93824216948775978436188490746149743      
   5.91410099399655734445654707784133696      
   5.88914026289921767266676906017878868      
   5.86334803674917183941755106798722910      
   5.83671244291580379664797993487326943      
   5.80922167026535273614052974472776843      
   5.78086396539974568941693228275938153      
   5.75162762868656997053026543571684544      
   5.72150101027902739073293663512052599      
   5.69047250623842181853893835090402040      
   5.65853055356324337752877947419543321      
   5.62566362702328822451710568299479214      
   5.59186023279853684099140875186210789      
   5.55710890444282056128544039597129863      
   5.52139819627125495509581471538508074      
   5.48471667587821381880877874444972491      
   5.44705292202754466224520137185470907      
   5.40839551308103610933529092759224714      
   5.36873302293393112710215997141482725      
   5.32805401238613007781546093468300839      
   5.28634702334429855504494939016022161      
   5.24360057082262866897300612398402230      
   5.19980313655533451374256959798076275      
   5.15494316208301164802167950201817876      
   5.10900904290216748837331081141029182      
   5.06198912221155953309489028114582352      
   5.01387168549590899694307505472111598      
   4.96464495541333355243002337971243561      
   4.91429708731154897860503105656753151      
   4.86281616509527703725591751318839043      
   4.81019019749485675635875340736445618      
   4.75640711501621997855943864433191561      
   4.70145476726043974186864614657863609      
   4.64532092049232925558292337027147172      
   4.58799325577879138145570732212115038      
   4.52945936767507981113130147203918190      
   4.46970676219391972965553259633887814      
   4.40872285758522834838010368783364963      
   4.34649498182080048751421968090036267      
   4.28301037318679692965105239604405599      
   4.21825617967019213341667029966311607      
   4.15221945957573563295445911748891717      
   4.08488718112886423764726396871989818      
   4.01624622125763450690343574267375166      
   3.94628336985798599727591630641935789      
   3.87498532634007532704271051085220620      
   3.80233870165837415213496136651906512      
   3.72833001875724167753148927339730473      
   3.65294571320739573190842499347136137      
   3.57617213354477611560352391152203703      
   3.49799554217832566694771988387879954      
   3.41840211574165635875538430011811092      
   3.33737794584798766291314310025285121      
   3.25490903977052770216252507031388648      
   3.17098132086155781990953492372561192      
   3.08558062935922764916569375873011072      
   2.99869272276250503055277133341742570      
   2.91030327678906303240626173165401225      
   2.82039788510651062363716857328238809      
   2.72896206080221293596626416418913632      
   2.63598123673037578810481008866160144      
   2.54144076526092453793326762127093703      
   2.44532591957073225407288146003178008      
   2.34762189350370148606287720328622581      
   2.24831380255007861709380005595796084      
   2.14738668372838179088976006481504834      
   2.04482549623429699507359312576508134      
   1.94061512179449773227521547105766384      
   1.83474036492634891620622327524554190      
   1.72718595339306512947528877981233359      
   1.61793653833733512148579711802174175      
   1.50697669473800344579031444396028860      
   1.39429092146856599718821439848355204      
   1.27986364195838351160222163987334517      
   1.16367920382581172776349116158785239      
   1.04572187956760009093840611299225927      
  0.925975867077827225506109807118024531      
  0.804425288906334011701346077661870065      
  0.681054193298496674885405553913947785      
  0.555846553654702590562694348422109639      
  0.428786269764634048765176234731098461      
  0.299857166703233804443841632347230654      
  0.169042996016197166340272298611818545      
   3.63274353885854580444892396318684499E-0002
  -9.83059114798972744710118532624019754E-0002
 -0.234873513809131326518251300984112393      
 -0.373391914935201025858929063459914097      
 -0.513877730887320247756517848482142101      
 -0.656347651131206274589252284942296708      
 -0.800818438219640775861460953967996146      
 -0.947306927451164603976022833201988453      
  -1.09583002739562912501139696690264076      
  -1.24640471900679875689970257691024597      
  -1.39904805607830818975710656561582602      
  -1.55377716517972327846010335889867691      
  -1.71060924505152272948990616711471379      
  -1.86956156717872937473989755123072696      
  -2.03065147539479143477966911848403370      
  -2.19389638559229630340965859766600627      
  -2.35931378629804154234212225945290552      
  -2.52692123795627824496014849145054766      
  -2.69673637306308261581949534665661701      
  -2.86877689628338769502853685632336798      
  -3.04306058446773623795322961283233407      
  -3.21960528594539847488965536382244550      
  -3.39842892117765126896686065337978735      
  -3.57954948253518280022374965517819965      
  -3.76298503401281091309397922019870896      
  -3.94875371113749038459379441222709251      
  -4.13687372160953640177303595583332801      
  -4.32736334422557527832413688761837655      
  -4.52024092942950922509475902724903914      
  -4.71552489935514652165217333265050725      
