-0.16277684267187E-07
-0.40694210667849E-08
-0.18086315937497E-08
-0.10174641906082E-08
-0.51977390111219E-09
-0.41533177723246E-10
 0.73359388233902E-08
 0.70944689997000E-07
 0.39894466289469E-06
 0.15566642040476E-05
 0.46764769903110E-05
 0.11564229243271E-04
 0.24645292706670E-04
 0.46870839092213E-04
 0.80850278327457E-04
 0.13078439634749E-03
 0.19726563058592E-03
 0.28252471792868E-03
 0.38903860771640E-03
 0.51710604840095E-03
 0.66672725686517E-03
 0.83729641013088E-03
 0.10280563136768E-02
 0.12375419025784E-02
 0.14640513861845E-02
 0.17056669677599E-02
 0.19601441867188E-02
 0.22252322030039E-02
 0.24988975336001E-02
 0.27784513368579E-02
 0.30614441772845E-02
 0.33460179857589E-02
 0.36303051827721E-02
 0.39125927084760E-02
 0.41909265048933E-02
 0.44644834070859E-02
 0.47321572589169E-02
 0.49929170460087E-02
 0.52461064024205E-02
 0.54920517329977E-02
 0.57314321139690E-02
 0.59642180231815E-02
 0.61906531530931E-02
 0.64120543849764E-02
 0.66292286126133E-02
 0.68431154820520E-02
 0.70547436898035E-02
 0.72655792828786E-02
 0.74770779443885E-02
 0.76908276331236E-02
 0.79084788160644E-02
 0.81313937040180E-02
 0.83608762231635E-02
 0.85983079540659E-02
 0.88451307837276E-02
 0.91026239732296E-02
 0.93722465735901E-02
 0.96554875882530E-02
 0.99536684397403E-02
 0.10267961104238E-01
 0.10599422220470E-01
 0.10949147631080E-01
 0.11318360785521E-01
 0.11708011108731E-01
 0.12119144959181E-01
 0.12552899549432E-01
 0.13010134226043E-01
 0.13491724573412E-01
 0.13998532567299E-01
 0.14531358069009E-01
 0.15091174952182E-01
 0.15678771492956E-01
 0.16295094362263E-01
 0.16940688246044E-01
 0.17616782294599E-01
 0.18324118489515E-01
 0.19063105481650E-01
 0.19834868770235E-01
 0.20639982411379E-01
 0.21479444523356E-01
 0.22354369251897E-01
 0.23265176532930E-01
 0.24213765180694E-01
 0.25199616964611E-01
 0.26224176261653E-01
 0.27287820020935E-01
 0.28392184521215E-01
 0.29538153398830E-01
 0.30726803676163E-01
 0.31958439976523E-01
 0.33234763992324E-01
 0.34556759489028E-01
 0.35924894048159E-01
 0.37341504690558E-01
 0.38806231626124E-01
 0.40322089362687E-01
 0.41888324315034E-01
 0.43507268292307E-01
 0.45179158922354E-01
 0.46906033424259E-01
 0.48688898414401E-01
 0.50529372427663E-01
 0.52428207963374E-01
 0.54387065362679E-01
 0.56407164732799E-01
 0.58490047949576E-01
 0.60636752230079E-01
 0.62848664015673E-01
 0.65127363867870E-01
 0.67474218932024E-01
 0.69890422269441E-01
 0.72377200142043E-01
 0.74936319097460E-01
 0.77568548136499E-01
 0.80275365772436E-01
 0.83058069773867E-01
 0.85917640996779E-01
 0.88854900501623E-01
 0.91871063588076E-01
 0.94967107184708E-01
 0.98143383374263E-01
 0.10140045175654E+00
 0.10473818586816E+00
 0.10815681293126E+00
 0.11165612334523E+00
 0.11523554927144E+00
 0.11889369413253E+00
 0.12262893174121E+00
 0.12643895830162E+00
 0.13032085554700E+00
 0.13427109822878E+00
 0.13828506208464E+00
 0.14235727077459E+00
 0.14648144957223E+00
 0.15064998853443E+00
 0.15485431965371E+00
 0.15908519601040E+00
 0.16333148041946E+00
 0.16758113166347E+00
 0.17182201669170E+00
 0.17604082736381E+00
 0.18022386420508E+00
 0.18435682797745E+00
 0.18842651186346E+00
 0.19241934651720E+00
 0.19632281990213E+00
 0.20012503355793E+00
 0.20381574709478E+00
 0.20738540069519E+00
 0.21082667510031E+00
 0.21413323984724E+00
 0.21729919126247E+00
 0.22032106032750E+00
 0.22319474325483E+00
 0.22591676378114E+00
 0.22848590685039E+00
 0.23089904549260E+00
 0.23315361244683E+00
 0.23524658684290E+00
 0.23717482293004E+00
 0.23893472295710E+00
 0.24052241405492E+00
 0.24193389899330E+00
 0.24316551684021E+00
 0.24421322703672E+00
 0.24507427500975E+00
 0.24574663375368E+00
 0.24622847955140E+00
 0.24652029166164E+00
 0.24662370900466E+00
 0.24654187622573E+00
 0.24627989231225E+00
 0.24584473128430E+00
 0.24524445013439E+00
 0.24448879638493E+00
 0.24358921269474E+00
 0.24255764705300E+00
 0.24140716778848E+00
 0.24015141478937E+00
 0.23880381579557E+00
 0.23737835043379E+00
 0.23588853236893E+00
 0.23434705801728E+00
 0.23276627716702E+00
 0.23115816102074E+00
 0.22953299143581E+00
 0.22790037187197E+00
 0.22626905169293E+00
 0.22464690849459E+00
 0.22304041155424E+00
 0.22145542130213E+00
 0.21989695915192E+00
 0.21836882233855E+00
 0.21687448414936E+00
 0.21541646975181E+00
 0.21399661841280E+00
 0.21261625418580E+00
 0.21127636037794E+00
 0.20997758032160E+00
 0.20872001807718E+00
 0.20750356633880E+00
 0.20632734429762E+00
 0.20519111440349E+00
 0.20409384389295E+00
 0.20303468196424E+00
 0.20201246313016E+00
 0.20102619385686E+00
 0.20007448815306E+00
 0.19915631998957E+00
 0.19827035285786E+00
 0.19741521803453E+00
 0.19658983719373E+00
 0.19579287203977E+00
 0.19502313744741E+00
 0.19427953756216E+00
 0.19356064765460E+00
 0.19286559664683E+00
 0.19219331709310E+00
 0.19154250421530E+00
 0.19091248925951E+00
 0.19030203587488E+00
 0.18971042955298E+00
 0.18913661788662E+00
 0.18857994161507E+00
 0.18803944972225E+00
 0.18751447375090E+00
 0.18700427241225E+00
 0.18650816463503E+00
 0.18602549976997E+00
 0.18555562765611E+00
 0.18509803036427E+00
 0.18465207350869E+00
 0.18421723222245E+00
 0.18379314830595E+00
 0.18337912298527E+00
 0.18297488791563E+00
 0.18258000472809E+00
 0.18219398733535E+00
 0.18181644906216E+00
 0.18144713313386E+00
 0.18108555887764E+00
 0.18073156737377E+00
 0.18038468135077E+00
 0.18004464748472E+00
 0.17971141189868E+00
 0.17938444686233E+00
 0.17906360584952E+00
 0.17874860167598E+00
 0.17843920769336E+00
 0.17813530565163E+00
 0.17783659183553E+00
 0.17754291030282E+00
 0.17725413310433E+00
 0.17696999276422E+00
 0.17669039296350E+00
 0.17641515962296E+00
 0.17614418617451E+00
 0.17587728581237E+00
 0.17561431578035E+00
 0.17535515780368E+00
 0.17509967878293E+00
 0.17484782216883E+00
 0.17459940479237E+00
 0.17435438140388E+00
 0.17411262189814E+00
 0.17387401431911E+00
 0.17363848356505E+00
 0.17340587017698E+00
 0.17317613994163E+00
 0.17294927771771E+00
 0.17272506771659E+00
 0.17250358163028E+00
 0.17228461644067E+00
 0.17206827595576E+00
 0.17185428038066E+00
 0.17164269228889E+00
 0.17143344619419E+00
 0.17122653939221E+00
 0.17102174182957E+00
 0.17081912339050E+00
 0.17061872428628E+00
 0.17042029159397E+00
 0.17022386462150E+00
 0.17002938752743E+00
 0.16983687697228E+00
 0.16964628587395E+00
 0.16945749408645E+00
 0.16927046195914E+00
 0.16908535811615E+00
 0.16890187019794E+00
 0.16871998927777E+00
 0.16853987119178E+00
 0.16836137140694E+00
 0.16818445774733E+00
 0.16800908538135E+00
 0.16783538162602E+00
 0.16766310436019E+00
 0.16749220056250E+00
 0.16732294155608E+00
 0.16715489167624E+00
