 0.42941814937961E-09
 0.42941814937824E-09
 0.42941815161374E-09
 0.42946900570126E-09
 0.37661990937415E-09
 0.45339285085865E-09
 0.11915458382683E-08
 0.84994291357640E-08
 0.44652254988844E-07
 0.17326593883861E-06
 0.51998875782185E-06
 0.12848161081566E-05
 0.27372121044399E-05
 0.44789867348598E-05
 0.10348852731192E-04
 0.13361676130496E-04
 0.20439740393982E-04
 0.32353966612391E-04
 0.43814403308964E-04
 0.57856026473186E-04
 0.74318250510304E-04
 0.93671667978891E-04
 0.11498187925855E-03
 0.13867533711669E-03
 0.16461820223527E-03
 0.19191335238485E-03
 0.22155864219048E-03
 0.25435654760791E-03
 0.28570571611078E-03
 0.31855825560207E-03
 0.35578028847911E-03
 0.39449882060594E-03
 0.43462477545998E-03
 0.47006957717717E-03
 0.51459905307348E-03
 0.55678851842022E-03
 0.59558405993256E-03
 0.63908013627877E-03
 0.69764321547458E-03
 0.76161870438354E-03
 0.81245199123798E-03
 0.86690731247048E-03
 0.94200460114070E-03
 0.10099829555179E-02
 0.10779943586918E-02
 0.11527978707462E-02
 0.12455855514061E-02
 0.13497811765792E-02
 0.14649090170902E-02
 0.15888833647010E-02
 0.17129828615080E-02
 0.18429969166546E-02
 0.19852721776582E-02
 0.21406960026170E-02
 0.23102332568324E-02
 0.25036554279812E-02
 0.27187247316760E-02
 0.29460283935597E-02
 0.31803968583786E-02
 0.34273627849249E-02
 0.36969252370815E-02
 0.39934640756231E-02
 0.43057873259679E-02
 0.46459457578877E-02
 0.50124165448443E-02
 0.53902220992349E-02
 0.57888133487146E-02
 0.62137146998485E-02
 0.66668136696463E-02
 0.71579341426509E-02
 0.76730087831210E-02
 0.82206464009827E-02
 0.87836275371204E-02
 0.94080745835049E-02
 0.10034919843417E-01
 0.10664793943104E-01
 0.11369742272106E-01
 0.12099369702746E-01
 0.12897474668049E-01
 0.13744687780465E-01
 0.14596114362575E-01
 0.15510091892371E-01
 0.16335083000757E-01
 0.17260194943022E-01
 0.18223479791881E-01
 0.19301827197988E-01
 0.20382253800157E-01
 0.21496526516114E-01
 0.22625915678328E-01
 0.23850232177476E-01
 0.25109631196348E-01
 0.26387850398579E-01
 0.27779473440254E-01
 0.29092292110325E-01
 0.30553392337403E-01
 0.31813981814828E-01
 0.33310503795725E-01
 0.34782869245758E-01
 0.36425768331705E-01
 0.38043373477325E-01
 0.39730350900916E-01
 0.41362788236976E-01
 0.43092529834534E-01
 0.44852760422239E-01
 0.46653567496142E-01
 0.48431499057325E-01
 0.50313163674062E-01
 0.52235433995330E-01
 0.54167426937703E-01
 0.56103455957592E-01
 0.58085772345576E-01
 0.60140965721621E-01
 0.62116051923680E-01
 0.64201883829121E-01
 0.66291778124905E-01
 0.68371351085218E-01
 0.70483217229568E-01
 0.72666904117505E-01
 0.74844426087242E-01
 0.76962790788221E-01
 0.79120206884806E-01
 0.81268551779278E-01
 0.83501698553793E-01
 0.85758015921701E-01
 0.87989109938684E-01
 0.90143418596962E-01
 0.92283954380791E-01
 0.94399736456475E-01
 0.96512565782625E-01
 0.98594530522638E-01
 0.10060049427418E+00
 0.10256606278324E+00
 0.10451433721734E+00
 0.10640999647668E+00
 0.10826396710456E+00
 0.11009883424304E+00
 0.11177872679191E+00
 0.11344860799085E+00
 0.11524818517906E+00
 0.11706474507279E+00
 0.11893776993281E+00
 0.12083766816420E+00
 0.12297527695650E+00
 0.12519852564972E+00
 0.12758422223386E+00
 0.13009131662212E+00
 0.13275421768118E+00
 0.13542731575241E+00
 0.13824517344596E+00
 0.14083683495172E+00
 0.14307746720240E+00
 0.14501699075429E+00
 0.14612560009250E+00
 0.14650441262368E+00
 0.14619192998654E+00
 0.14441687354114E+00
 0.14123030214966E+00
 0.13649793049980E+00
 0.13005745019404E+00
 0.12186065359250E+00
 0.11182544164777E+00
 0.10003977696982E+00
 0.86615841619559E-01
 0.71582312822799E-01
 0.55398409299305E-01
 0.38200148717543E-01
 0.20120759349209E-01
 0.20346625703980E-02
-0.15908844930821E-01
-0.33240425980763E-01
-0.49522740609702E-01
-0.64425183736215E-01
-0.77834054045232E-01
-0.89282014198474E-01
-0.98607121235616E-01
-0.10588397775462E+00
-0.11094269257911E+00
-0.11392479991721E+00
-0.11503718754003E+00
-0.11419854156959E+00
-0.11185030777035E+00
-0.10819432527163E+00
-0.10330776416126E+00
-0.97462231793412E-01
-0.91153827547752E-01
-0.84346052666296E-01
-0.77217244738975E-01
-0.69939389064923E-01
-0.62806995722995E-01
-0.55749656108647E-01
-0.48896671914790E-01
-0.42466665853126E-01
-0.36318002831893E-01
-0.30616154821007E-01
-0.25377193947914E-01
-0.20550372606797E-01
-0.16058624461454E-01
-0.11876935056747E-01
-0.81974946700722E-02
-0.49625711159964E-02
-0.22111580083308E-02
 0.43193688766485E-03
 0.26469849087599E-02
 0.46623590501082E-02
 0.63838204050918E-02
 0.79348719909975E-02
 0.92281002848342E-02
 0.10417547058915E-01
 0.11370538347864E-01
 0.12171058515432E-01
 0.12919100203261E-01
 0.13501449689703E-01
 0.14003286428739E-01
 0.14401545671146E-01
 0.14665355681198E-01
 0.14982273787084E-01
 0.15178916184957E-01
 0.15262060502781E-01
 0.15438804670947E-01
 0.15443506108375E-01
 0.15516339736142E-01
 0.15485642115111E-01
 0.15516839378709E-01
 0.15449751735394E-01
 0.15422512939930E-01
 0.15370207333301E-01
 0.15299552359263E-01
 0.15217204534391E-01
 0.15114809527406E-01
 0.15035609695746E-01
 0.14915988934680E-01
 0.14820250331500E-01
 0.14767135115369E-01
 0.14608007011146E-01
 0.14562042301837E-01
 0.14463577946708E-01
 0.14310953168226E-01
 0.14161034387245E-01
 0.14138817029383E-01
 0.13991049911615E-01
 0.13968749337929E-01
 0.13782389587507E-01
 0.13797114987358E-01
 0.13818888181021E-01
 0.13599673575257E-01
 0.13497889135248E-01
 0.13380989441409E-01
 0.13319126154603E-01
 0.13300491605080E-01
 0.13237442221229E-01
 0.13213852260427E-01
 0.13245718055278E-01
 0.13203412785176E-01
 0.13214447524585E-01
 0.13207292861069E-01
 0.13213067200863E-01
 0.13192521084927E-01
 0.13148217828998E-01
 0.13121398106580E-01
 0.13104043726949E-01
 0.13101735916387E-01
 0.13026808491597E-01
 0.12981800165799E-01
 0.12888001379559E-01
 0.12768283050410E-01
 0.12665224188342E-01
 0.12542166989443E-01
 0.12494317366386E-01
 0.12454809051717E-01
 0.12337439469276E-01
 0.12317923090937E-01
 0.12212885658116E-01
 0.12194968501473E-01
 0.12014770042496E-01
 0.11992637998468E-01
 0.11953627607191E-01
 0.11882045628282E-01
 0.11733954372043E-01
 0.11717998797609E-01
 0.11692087327143E-01
 0.11516653387680E-01
 0.11459197738641E-01
 0.11418044974870E-01
 0.11413660394475E-01
 0.11354535975434E-01
 0.11241395634531E-01
 0.11192587373456E-01
 0.11212009648222E-01
 0.10985254399793E-01
 0.10930727135908E-01
 0.10993120152296E-01
 0.10921094787823E-01
 0.10866071837482E-01
 0.10817731828820E-01
 0.10812216596846E-01
 0.10604671655418E-01
 0.10524848912825E-01
 0.10587649201608E-01
 0.10370128987326E-01
 0.10485515664328E-01
