-0.93864423502421E-11
-0.37545769400843E-10
-0.84477981608507E-10
-0.15020154439032E-09
-0.21382529245289E-09
-0.31476133718637E-09
-0.29307239160069E-09
 0.93787902392751E-10
 0.43191261004834E-08
 0.18397263862710E-07
 0.56242362603310E-07
 0.14095433189537E-06
 0.30177011613078E-06
 0.40770380680477E-05
-0.31829426709934E-05
 0.45514116214269E-05
 0.73515179368506E-05
-0.14879432859623E-05
 0.31962795698945E-05
 0.49714301304822E-05
 0.78818497091178E-05
 0.95116008235938E-05
 0.13115887392554E-04
 0.16185544831804E-04
 0.17970828949844E-04
 0.26705648634408E-04
 0.32422144135184E-04
 0.20864769671341E-04
 0.35925853865472E-04
 0.57178988977568E-04
 0.55002160758457E-04
 0.50244091148769E-04
 0.37969075063716E-05
 0.11947860245099E-03
 0.66965797617466E-04
 0.62122477833440E-04
 0.19760045135842E-03
 0.33971228575083E-03
 0.20774404995523E-03
-0.18736492421675E-04
 0.22664587415169E-03
 0.47036694431581E-03
 0.10729651472776E-03
 0.20246313636136E-03
 0.50423096318011E-03
 0.85847056269485E-03
 0.82982544316056E-03
 0.74151517776737E-03
 0.65072992183767E-03
 0.50451890308112E-03
 0.67852668070423E-03
 0.96715435633703E-03
 0.12318592992091E-02
 0.16366125692254E-02
 0.21266674292853E-02
 0.21973353588299E-02
 0.18812709505387E-02
 0.16833359814041E-02
 0.20914757006925E-02
 0.28442086530762E-02
 0.33840985372272E-02
 0.34536330545746E-02
 0.39691238790282E-02
 0.40089418807088E-02
 0.37208461748309E-02
 0.43972757632066E-02
 0.53544908825521E-02
 0.62128880089975E-02
 0.70096566421877E-02
 0.68976727559136E-02
 0.73257035709429E-02
 0.73841273402906E-02
 0.92311725664803E-02
 0.74079473335852E-02
 0.84799722357098E-02
 0.13896418979507E-01
 0.14299487395561E-01
 0.16483607196380E-01
 0.15079382701919E-01
 0.10804240506674E-01
 0.99513595923887E-02
 0.56601696054193E-02
 0.16668160706274E-01
 0.21644885736353E-01
 0.26246625481299E-01
 0.21343843609108E-01
 0.22003893814480E-01
 0.23344082591870E-01
 0.27802102870091E-01
 0.26883524919522E-01
 0.24569004074078E-01
 0.24974472466928E-01
 0.15549237905034E-01
 0.23358307329257E-01
 0.17568631189028E-01
 0.51745172889974E-01
 0.49659546521202E-01
 0.55417932364618E-01
 0.41253418444620E-01
 0.40652978983771E-01
 0.32638020159930E-01
 0.44663579852578E-01
 0.44722606339869E-01
 0.43964235956780E-01
 0.44016527988706E-01
 0.56882769018962E-01
 0.50608331453364E-01
 0.46422920098661E-01
 0.45825270436909E-01
 0.51254030984610E-01
 0.52217170684919E-01
 0.42484681765299E-01
 0.60306690145568E-01
 0.55210730859648E-01
 0.57083208972543E-01
 0.65920116458760E-01
 0.71755413214673E-01
 0.64287679414505E-01
 0.63728605221030E-01
 0.81373554021433E-01
 0.90640506275487E-01
 0.10478605027343E+00
 0.10243992608937E+00
 0.93103539044534E-01
 0.87953283254361E-01
 0.99807408103453E-01
 0.11309312543108E+00
 0.12873978405071E+00
 0.13265626487863E+00
 0.14062848924503E+00
 0.16037350165656E+00
 0.18162584065248E+00
 0.19545163613991E+00
 0.20783499234323E+00
 0.22220116570378E+00
 0.23374679346152E+00
 0.28402275810795E+00
 0.33610157434170E+00
 0.35374130941010E+00
 0.37612494711454E+00
 0.40233929246116E+00
 0.45658201663782E+00
 0.48180333642525E+00
 0.51658720395369E+00
 0.54011857460622E+00
 0.56098288804843E+00
 0.56606173763758E+00
 0.57971565099555E+00
 0.50456337149419E+00
 0.45255768023585E+00
 0.38765260365186E+00
 0.24286110864935E+00
 0.14594604020516E+00
-0.16360924932467E-01
-0.33729009518815E+00
-0.59750207018669E+00
-0.87445821399362E+00
-0.11945728130485E+01
-0.15005714671022E+01
-0.18222024778335E+01
-0.20969691055052E+01
-0.23481888896056E+01
-0.25594004623823E+01
-0.26624247377121E+01
-0.27470106341349E+01
-0.27261223214737E+01
-0.24649337095903E+01
-0.22304439008159E+01
-0.18910040190877E+01
-0.15024566220959E+01
-0.10853451508719E+01
-0.65925838689210E+00
-0.13593810675107E+00
 0.32498287033709E+00
 0.72351548022601E+00
 0.11168253171471E+01
 0.14022532245440E+01
 0.16324100554246E+01
 0.18408450650510E+01
 0.18851413037420E+01
 0.19250759904700E+01
 0.19242981853704E+01
 0.18234547258932E+01
 0.16531393422308E+01
 0.15691193030312E+01
 0.14333149270697E+01
 0.12721675092064E+01
 0.10761842225262E+01
 0.95522069694027E+00
 0.79781388944348E+00
 0.61880221960078E+00
 0.52356484303090E+00
 0.39146134985068E+00
 0.29121922532528E+00
 0.24183172241913E+00
 0.21488745317412E+00
 0.14766721648609E+00
 0.54484526457455E-02
-0.51681399084674E-01
-0.53269686266817E-01
 0.40314656328465E-01
-0.46552897049696E-02
 0.48189618769883E-01
 0.45687707689533E-01
 0.82536559029141E-01
 0.81529534497189E-01
 0.11461060449807E+00
 0.99789873202120E-01
 0.13165796268565E+00
 0.16792552539092E+00
 0.15177018255969E+00
 0.16758735588527E+00
 0.16970616680722E+00
 0.18965719127820E+00
 0.24073479240582E+00
 0.21205536950176E+00
 0.23051824791606E+00
 0.28530434981673E+00
 0.24254578672520E+00
 0.30209712516448E+00
 0.28398463786096E+00
 0.32815514864222E+00
 0.29880598550918E+00
 0.33702726850512E+00
 0.33015047122038E+00
 0.32765330833989E+00
 0.33490010508329E+00
 0.34237250752067E+00
 0.36614419611927E+00
 0.36178566463877E+00
 0.38756978294832E+00
 0.39276965170722E+00
 0.35679585429044E+00
 0.41036164335341E+00
 0.36856314891602E+00
 0.36879864826643E+00
 0.42304356190055E+00
 0.49570454253441E+00
 0.40468369716698E+00
 0.47113015425704E+00
 0.39407206404172E+00
 0.52200211413485E+00
 0.38948525344368E+00
 0.26477305427876E+00
 0.41810583473320E+00
 0.45297593167204E+00
 0.50487022391199E+00
 0.49680405909306E+00
 0.45036253921321E+00
 0.43999065507158E+00
 0.40247161870051E+00
 0.27844644579752E+00
 0.25353107526325E+00
 0.18030052251426E+00
 0.12827466195423E+00
 0.54491979452871E-01
-0.99308359085802E-02
-0.21871857598982E-01
-0.56889093418424E-01
-0.10779483337438E+00
-0.17482251798462E+00
-0.14710589358351E+00
-0.15593123323331E+00
-0.10613052978263E+00
-0.19224020263758E-01
 0.42464631998748E-01
 0.13417548412281E+00
 0.14062858780562E+00
 0.13354000731866E+00
 0.22454425622241E+00
 0.20433563023791E+00
 0.28901595606323E+00
 0.26807825972133E+00
 0.45515752980940E+00
 0.44008226622472E+00
 0.44327374634755E+00
 0.50620876574010E+00
 0.65074584815482E+00
 0.64376258566888E+00
 0.63768725087587E+00
 0.82019299556549E+00
 0.87308530921849E+00
 0.90523480690683E+00
 0.88171448474560E+00
 0.93376336813783E+00
 0.10584667992054E+01
 0.10922086252674E+01
 0.10334888742410E+01
 0.13188147365518E+01
 0.13725778536744E+01
 0.12805279784703E+01
 0.13576470162597E+01
 0.14086619775092E+01
 0.14629708423423E+01
 0.14454203430234E+01
 0.17186570954401E+01
 0.18121330087007E+01
 0.17199476524435E+01
 0.20148358987510E+01
 0.18408530401103E+01
