-0.23255411696651E-11
-0.18604329357245E-10
-0.62789611995262E-10
-0.14885698967800E-09
-0.32301928862087E-09
-0.54138370167365E-09
-0.79834186822324E-09
-0.97278983663328E-09
-0.78906480370674E-09
 0.37337455856467E-08
 0.15574937604718E-07
 0.41807555808415E-07
 0.93858844784952E-07
 0.78249316074313E-05
-0.61048920900024E-05
 0.22793459890295E-04
-0.18561330331354E-04
-0.58655219372546E-05
-0.24150198366703E-05
-0.10614054908026E-04
-0.11483897116180E-04
-0.77065904011192E-05
 0.12517840930751E-05
 0.38398915976666E-05
-0.13132289670756E-04
 0.41549916668506E-04
 0.78932868056869E-04
-0.87569290354811E-04
 0.14295158384343E-03
-0.30682389042212E-04
 0.99662249733737E-04
-0.40054290997238E-04
-0.62476537282117E-03
 0.75109061564376E-03
-0.47348184362795E-03
 0.31013391243997E-03
 0.73171473892819E-03
-0.13977533668427E-03
-0.11446676952760E-02
-0.42291309558108E-03
 0.21017091915000E-02
-0.11370084398219E-02
-0.12349579206578E-02
 0.11969354795499E-02
 0.37062616729854E-02
 0.23458841921227E-02
-0.34524296850135E-02
-0.23557756399089E-02
 0.14156074008445E-02
 0.22881994195354E-02
 0.20647659633168E-03
-0.17652253419695E-02
 0.41158662986094E-02
 0.63559778103228E-02
 0.42193491945393E-02
-0.23022121870194E-02
-0.38488584409627E-02
-0.27713277464557E-02
 0.48830143765596E-02
 0.10208113505803E-01
 0.73507264793165E-02
 0.24053969809627E-02
-0.17666678400482E-02
-0.55812150608789E-02
 0.35594717676007E-02
 0.14456072834675E-01
 0.14439899835628E-01
 0.10229845381246E-01
 0.20428914650308E-02
-0.25735814716141E-02
 0.86441322060613E-02
-0.73641213313894E-02
 0.26907150656356E-01
-0.24017967803336E-01
 0.22561516618346E-01
 0.93368691318800E-01
 0.46809710838991E-01
 0.39443625898387E-01
 0.21028076569683E-01
-0.10238775881157E+00
-0.73659698368510E-01
-0.73045287335332E-01
 0.17345346802350E+00
 0.21069682408342E+00
 0.84018438230970E-01
-0.75442844330100E-01
-0.34968613358386E-01
 0.66817976825319E-01
-0.22907132218001E-01
 0.33098904986057E-01
-0.18841728790068E+00
-0.11347996100316E+00
 0.13978607349272E+00
 0.27461423344504E+00
 0.88049151782117E+00
 0.29469421116738E+00
 0.19426820743461E+00
-0.70373713184171E+00
-0.32995948036812E+00
-0.14124275500311E+00
 0.20635242808764E+00
 0.25944223634035E-01
-0.63568844931186E-01
-0.11293745003558E+00
 0.23957772141528E+00
-0.20748646561001E+00
-0.73308982033531E-01
 0.37406390890782E-01
 0.12191893202712E+00
 0.12874162638038E-01
-0.22681750441010E+00
 0.20142748930516E+00
 0.15319563132898E+00
 0.41058698010784E+00
 0.41689707783727E+00
 0.17204405932681E+00
-0.16329116154736E+00
-0.37431493253104E+00
 0.11755722937362E+00
 0.22452388363627E+00
 0.17422774652203E+00
-0.10632836937709E-01
-0.95492510768503E-01
 0.11965750828029E-01
-0.46594878359561E-01
 0.27319248367840E+00
 0.11500808807765E+01
 0.16072618804264E+00
 0.57424789250151E+00
 0.70978914239616E+00
 0.97332273053479E+00
 0.65222598696777E+00
 0.36264467769904E-01
 0.87034192189006E-01
 0.56090833168098E+00
 0.16072115500947E+01
 0.12708772452715E+01
 0.26270044895065E+01
 0.72693290645899E+00
 0.14020695650268E+00
 0.89200959553470E+00
 0.22609336504057E+01
 0.13604759847145E+01
 0.31713011369633E+01
 0.94510104351695E+00
 0.27889281440657E+01
 0.10694499080049E+01
 0.19702758076203E-01
 0.27575105934398E+00
-0.17088099436591E+01
-0.14282287530558E+01
 0.20470682031739E+00
 0.41192635425298E+00
-0.64431903120110E+01
-0.57139303604987E+01
-0.88501225153109E+01
-0.91882083141535E+01
-0.98463915246072E+01
-0.11544813056383E+02
-0.11782529263117E+02
-0.12412417721077E+02
-0.11494809142013E+02
-0.11868217274427E+02
-0.92184099880079E+01
-0.96090930364727E+01
-0.51232174862446E+01
 0.35401696023710E+01
 0.52639017355917E+01
 0.77101140571769E+01
 0.88964384675422E+01
 0.10772315608655E+02
 0.92067091140102E+01
 0.11836025470061E+02
 0.15252958491105E+02
 0.13117517399332E+02
 0.17022855552597E+02
 0.15705626498474E+02
 0.12954378992445E+02
 0.11710509831433E+02
 0.11787963949483E+02
 0.99625412909892E+01
 0.58106807793448E+01
 0.46669774824299E+01
 0.14374053651172E+01
-0.25518827660325E+01
-0.43345233786209E+01
-0.58128250954950E+01
-0.49814783568263E+01
-0.47811055108876E+01
-0.51620206637795E+01
-0.63245064581627E+01
-0.76661082725349E+01
-0.89141771033934E+01
-0.94435140926093E+01
-0.93257442581534E+01
-0.62864837427983E+01
-0.87120655995385E+01
-0.15217389810637E+02
-0.14817437313452E+02
-0.16223076986003E+02
-0.93339159023559E+01
-0.10105236921849E+02
-0.93022530855043E+01
-0.85626699182121E+01
-0.68039576847182E+01
-0.84092646840688E+01
-0.69362602976230E+01
-0.10203121619428E+02
-0.70525626678330E+01
-0.62257477083223E+01
-0.78680396416742E+01
-0.55691415239666E+01
-0.42678277148771E+01
-0.55555179772275E+01
-0.35806893006649E+01
-0.29796469056796E+01
-0.46101187021523E+01
-0.33173248667175E+01
-0.15522222043938E+01
-0.15740685820060E+01
-0.16944429341160E+01
-0.92305051004627E+00
-0.15321727522840E+01
-0.12867418348941E+01
-0.13579797339754E+01
-0.17739269117557E+01
-0.16427461689414E+01
-0.11219424806041E+01
-0.17393239494838E+01
-0.56796581957045E+00
-0.13992055711681E+01
-0.16720377047142E+00
-0.48963821439413E+00
-0.16038745389389E+01
-0.18346630738610E+01
-0.22979668018846E+01
-0.44485069331538E+00
 0.33758764235597E+01
 0.13943303928518E+01
-0.40132005679097E+00
 0.17779902787800E+01
 0.21765577647942E+01
 0.14786536846199E+01
-0.65789887367202E+01
 0.10918907810191E+01
 0.61853345388543E+01
 0.97010907666946E+01
 0.80506131622510E+01
 0.45163661212789E+01
 0.31080954170742E+01
-0.21991393670538E+01
-0.43884178897982E+01
-0.90960826738423E+01
-0.10715816212271E+02
-0.20080112918654E+02
-0.21105670591163E+02
-0.15836158550209E+02
-0.14940542554033E+02
-0.15626719238619E+02
-0.14528657421321E+02
-0.11566277387753E+02
-0.10727045769768E+02
-0.74111575175250E+01
-0.99239087788914E+01
-0.66029341174957E+01
-0.42448771368532E+01
 0.96305821041204E+00
-0.82002979255364E+00
 0.60155032552750E-01
-0.61882045396572E+00
 0.20021041096218E+00
 0.61192887054975E+01
 0.98672370822245E+00
 0.28452213869057E+01
 0.20442564808674E+01
 0.38765294073697E+01
 0.18884270068327E+01
 0.73197080071858E+01
 0.51395369123946E+01
 0.54808538234784E+01
 0.17550568179007E+01
 0.43615542292537E+01
 0.68197100675642E+01
 0.11336314590748E+02
 0.85752141336155E+01
 0.37836992721158E+01
 0.59100888272312E+01
-0.20942208900873E+00
 0.89000734282579E+01
 0.99338027815238E+01
 0.12724457358999E+02
 0.15051465762876E+02
 0.70924304408501E+01
 0.78825087552927E+01
 0.46996639346201E+01
 0.69779165598787E+01
 0.99103935955041E+01
 0.19094501907504E+02
 0.12429037892352E+02
 0.16180882635536E+02
