   503.353983595366473674394243594379533      
   503.353983595366473674394243594379533      
   503.353983595366473625259747661739557      
   503.353983595364706214074883606856537      
   503.353983594385564169746336239281770      
   503.353983528051408072866617702868715      
   503.353982199854274252842738992661898      
   503.353969926382971288518765138591155      
   503.353902464214686544095924037020840      
   503.353644733802120947950013293178261      
   503.352888069619218789583826095858865      
   503.351062016256851167559762140516348      
   503.347266767154744481098486826473134      
   503.340244227779367277501258639310001      
   503.328392389665352328256098690857601      
   503.309816676124408352937277464943946      
   503.282406002501303615392639286709787      
   503.243920456492005368760918520560145      
   503.192079228070881915049285571264758      
   503.124640824582386251639630451331432      
   503.039470800661253796326635822199947      
   502.934594975576800892394263933591433      
   502.808238086354461727023922979912646      
   502.658849079187828384069418152925612      
   502.485114912840208496628798801861140      
   502.285964983177540984300463301677342      
   502.060568238084373160043306885751319      
   501.808324841904380982454347874610282      
   501.528853961635827336417520952402572      
   501.221978940694473128399630721744890      
   500.887710850629968099625891099037267      
   500.526231136923716374265452413616842      
   500.137873905819809126809436588447196      
   499.723108231569912189513957045052791      
   499.282520519958509728444562905912847      
   498.816798384791421890880900099762901      
   498.326713193348110882073762391398723      
   497.813105165763534104150642436792349      
   497.276868369106754801483736838722509      
   496.718936759707679822118223693740842      
   496.140271134067536664584563902895398      
   495.541847059053143478079904541085256      
   494.924643668427746320166826498995611      
   494.289633653760412262132517797917221      
   493.637774228140470999499052292807416      
   492.969999028725786707772572692137998      
   492.287211103643617299363356208793072      
   491.590276898081616600970543788212557      
   490.880021230403989880279751102932541      
   490.157223007158714989847780817686707      
   489.422611996627980262182278709054695      
   488.676866522065985213861005813506461      
   487.920611563324033310581897883013832      
   487.154417767459239305093679139993793      
   486.378801051973161354513748874860842      
   485.594222711587163155822888355293217      
   484.801089828829312998257272838525782      
   483.999756645872389613924824997886231      
   483.190525757643841523330263797999490      
   482.373649709429664174532303143775034      
   481.549332924617617494224195062383424      
   480.717733871841579649271239278211910      
   479.878966815535714135272749230329708      
   479.033104544089207026825239097402955      
   478.180180572741973183179727215600187      
   477.320191496222626857322706571087390      
   476.453099226873776299692237999332063      
   475.578833119973536893872382483394199      
   474.697292292109873178826836184905906      
   473.808347800311062776728908119082455      
   472.911844584406287028142536884315449      
   472.007603226432375788634961974062267      
   471.095422165003613189072500496747099      
   470.175078800166369860397273028192218      
   469.246331198081597100003275400652880      
   468.308919610977825937505777633505715      
   467.362567619184022045603827492878742      
   466.406983260670706619880173977426181      
   465.441860068892556971862540399150036      
   464.466877580858913273722012777329602      
   463.481702688769296569336559505003746      
   462.485990353913982000330142145317618      
   461.479382579859903373442334815211884      
   460.461511249382764841859986307019603      
   459.431996339637490341280590776591834      
   458.390447329850062025428848128772038      
   457.336461901119286722600581062362000      
   456.269629070572241731069408122636556      
   455.189525310061011567726758774938677      
   454.095716588648362246381603378520284      
   452.987757877746364755931601464663956      
   451.865192797960150065847352425819474      
   450.727553101971548933901564116100042      
   449.574358524728005125691050701329330      
   448.405116343646562997749035135438164      
   447.219320706705092204735642991566922      
   446.016452285446515352611306567027606      
   444.795977354198856753919522414188589      
   443.557347723745642162071644150701900      
   442.299999583467626391609759932976428      
   441.023353103843934333320269641307240      
   439.726811045058871757512571645661799      
   438.409759105662617937488933690702298      
   437.071563989680397695639108538088646      
   435.711573140240943774347879094613846      
   434.329113723126279125956323921793203      
   432.923491731971377930064341745693867      
   431.493991111354547118959833521678235      
   430.039872341451129192967015173735444      
   428.560372555214488160722233756856530      
   427.054703218744822450990670143377873      
   425.522049488011598496971634895273905      
   423.961571503765581016351682354226245      
   422.372399508977351766136252062478558      
   420.753635774363387331827053436591818      
   419.104353128610471617252296311112204      
   417.423593833659407954026335658251511      
   415.710369449566393808619565770505905      
   413.963660028368486569361716799075136      
   412.182414167553352074731871432910589      
   410.365548844391376098565703469895416      
   408.511949724579139632056603616482219      
   406.620472264028557768710911816419839      
   404.689942424904188965341235993510847      
   402.719158890685903619299580951023393      
   400.706895991919627621587285719536423      
   398.651906643473074170638860379703385      
   396.552927351430458948047008047121143      
   394.408684238627642080810692868224736      
   392.217900290419736713887612103746886      
   389.979304476732693945871731817566970      
   387.691642080927475430277823431723662      
   385.353692160225852731679576680950582      
   382.964277610639845261807824855313722      
   380.522287726280564458735432239654167      
   378.026698983364978902390974621473135      
   375.476599848167117823336911593432820      
   372.871218654506820855298709174553472      
   370.209954516898984284883859020692806      
   367.492410829253531513081135372504388      
   364.718431007829039458491948581498235      
   361.888135669522669003506382600611410      
   359.001960012836176640873333075872685      
   356.060690603953888338681713397406784      
   353.065499461816962578003255922541432      
   350.017974565472194974864845567450807      
   346.920144616014399404963958146653935      
   343.774496983450852810198408652740782      
   340.583987346457888147166918649451838      
   337.352040473903124572269218625881441      
   334.082541164828388238915342920289650      
   330.779822259005618496044169021336291      
   327.448633042559899858100413577917472      
   324.094114173455693164886759880421975      
   320.721761171057935026865485067761897      
   317.337388443306675606116470686985766      
   313.947091355739111448978150171574254      
   310.557209931857047690298170452074207      
   307.174289848081445764246610856749404      
   303.805066862798845336874723345429038      
   300.456411788972856870905556419660091      
   297.135317530736837097258212583652291      
   293.848867450873111104153548210107242      
   290.604207488065121646541908151611319      
   287.408515436213665787909595899196354      
   284.268969696910922567763703402498975      
   281.192714406487845077169665227533516      
   278.186821842506244567224178035985927      
   275.258248955763487976791385323842959      
   272.413796745140327914137672093403477      
   269.660060730357873849854755657388415      
   267.003382566025990653447308944677750      
   264.449800172566454223373211205437781      
   262.004997185697794046345357843023270      
   259.674253266758932564518617547076455      
   257.462396309703806835864601989453957      
   255.373757343070215989363733020995202      
   253.412130216264795915389419519609710      
   251.580736367244125490136176340768460      
   249.882196193000557302761688930855399      
   248.318508707463642241208582010137492      
   246.891039093150253308198803867199951      
   245.600515796651735802522365945279333      
   244.447036268336756057031315636116374      
   243.430082415944359111716747592722254      
   242.548544236720302587563031530311233      
   241.800751219136350086872573717509267      
   241.184510472300513116122231708411056      
   240.697150342834166151458921795528578      
   240.335567946912214495979756287546083      
   240.096279872831732446835847503809547      
   239.975474089450095597460699750356060      
   239.969062467600491221298334356022266      
   240.072732212978498016684186262324277      
   240.281995690729270078419606863399552      
   240.592237840183166505518114187715788      
   240.998760397003585597551133859332756      
   241.496822629787676666166800091890671      
   242.081678208718133578485379999345988      
   242.748608173282260283072860307993904      
   243.492949798318246961090761438924123      
   244.310121564845943521519908540353222      
   245.195644284236743734205038344847150      
   246.145158662048269127137883699672350      
   247.154439495264221886337876276878834      
   248.219406735343709859777276593267249      
   249.336133841698432152985216015714762      
   250.500853626629118008250386093827490      
   251.709961865972657077916492967256973      
   252.960019075210749569835476747221102      
   254.247750593117052088187941199536240      
   255.570045207682032204020368664066781      
   256.923953109149176810784772299796359      
   258.306681911457728759320867198240160      
   259.715592952015381254758013482452301      
   261.148196422441361768609795236370391      
   262.602146188022351061491890325181659      
   264.075234309989579980900002259849066      
   265.565385312603310958055855830942522      
   267.070650360028609669185592400881726      
   268.589201334923886603656630269685569      
   270.119324999323158770204940670855836      
   271.659417173484710863505901051868526      
   273.207977040676588028410131466393872      
   274.763601592850125328988134905512989      
   276.324980250628546291290130040774337      
   277.890889647610729852307304574025201      
   279.460188652538344336347817443487740      
   281.031813556254525570365292794827051      
   282.604773512905163083153838466595991      
   284.178146162285704919484932644358850      
   285.751073498506575840523548200791927      
   287.322757924790868036443566869703486      
   288.892458536244434404079918828866479      
   290.459487600411186239555458915942159      
   292.023207230292713306981486512106606      
   293.583026247329797404030890256378068      
   295.138397230281078144965494283810785      
   296.688813745827117979082618447269265      
   298.233807718748699756212039077731820      
   299.772946992685472135057703440935026      
   301.305833022953613085311080252779521      
   302.832098711929960421593161710285238      
   304.351406377643075835376200959728132      
   305.863445860294723490619735874486295      
   307.367932736245310262010921987094452      
   308.864606647340051735215713153172447      
   310.353229739639551668182680067357990      
   311.833585200878183094375141244776553      
   313.305475757336644819423352430562231      
   314.768722921750932311740078098064058      
   316.223164973760119725130626274295565      
   317.668656397650291141183301317462791      
   319.105066687716531134530615401179355      
   320.532279361107575300348222701424644      
   321.950191033050696177087428432194542      
   323.358710562186964893372903022416414      
   324.757758238930859915091830422150502      
   326.147265025091179236114372136861077      
   327.527171856158290953972440971063073      
   328.897428974136956844830611154982217      
   330.257995305951129224521815649190196      
   331.608837890746628594046010532236963      
   332.949931328491839349393597118010281      
   334.281257274514738817008370980938087      
   335.602803967055067918274761961617145      
   336.914565775511038427181209087456694      
   338.216542783307045146062363145121193      
   339.508740400154155085892871422188992      
   340.791168991579884906189665853916048      
   342.063843537246249209179555600518617      
   343.326783307845227444579354274390837      
   344.580011567087279380727045696684861      
   345.823555280645272633731113314032337      
   347.057444856979280424951890295138734      
   348.281713902171546125358110217730094      
   349.496398976709210601398947418115183      
   350.701539382975783446312254186397796      
   351.897176962470703120476623961285320      
   353.083355902976317845257840397304002      
   354.260122546805612519780314887804867      
   355.427525237743597585672631511920759      
   356.585614155251820717721601211085143      
   357.734441165274370971001573494487288      
   358.874059678973906953163371209473479      
   360.004524524504975049225688735611504      
   361.125891826594609530511418478448729      
   362.238218884289102463622264589603545      
   363.341564067183966111820001701330039      
   364.435986713397538867745400370476864      
   365.521547036433127589417533837064684      
   366.598306030417307440563477706992151      
   367.666325389714793154063670784338482      
   368.725667429662987591292758104350976      
   369.776395014436326687339466753328100      
   370.818571488368949998801243307598181      
   371.852260602279410788323100316138595      
   372.877526463851039244894455761901717      
   373.894433477915259028056021843634649      
   374.903046288578513540157694537285607      
