 0.13548723707728E+03
 0.13548723707728E+03
 0.13548723707728E+03
 0.13548723707728E+03
 0.13548723707728E+03
 0.13548723707730E+03
 0.13548723707789E+03
 0.13548723708563E+03
 0.13548723714262E+03
 0.13548723742166E+03
 0.13548723843664E+03
 0.13548724139174E+03
 0.13548724864568E+03
 0.13548726422658E+03
 0.13548729431823E+03
 0.13548734764887E+03
 0.13548743573894E+03
 0.13548757298984E+03
 0.13548777662569E+03
 0.13548806650739E+03
 0.13548846485304E+03
 0.13548899589896E+03
 0.13548968553415E+03
 0.13549056093768E+03
 0.13549165024237E+03
 0.13549298224170E+03
 0.13549458615066E+03
 0.13549649142472E+03
 0.13549872763556E+03
 0.13550132439742E+03
 0.13550431133443E+03
 0.13550771807635E+03
 0.13551157427287E+03
 0.13551590961136E+03
 0.13552075382925E+03
 0.13552613671177E+03
 0.13553208806903E+03
 0.13553863768765E+03
 0.13554581525871E+03
 0.13555365027535E+03
 0.13556217191350E+03
 0.13557140888963E+03
 0.13558138930485E+03
 0.13559214047932E+03
 0.13560368878244E+03
 0.13561605946415E+03
 0.13562927649149E+03
 0.13564336239664E+03
 0.13565833813302E+03
 0.13567422295534E+03
 0.13569103431324E+03
 0.13570878776609E+03
 0.13572749691882E+03
 0.13574717337851E+03
 0.13576782673365E+03
 0.13578946455362E+03
 0.13581209240618E+03
 0.13583571388503E+03
 0.13586033068021E+03
 0.13588594263587E+03
 0.13591254783473E+03
 0.13594014269347E+03
 0.13596872206822E+03
 0.13599827936369E+03
 0.13602880665509E+03
 0.13606029481441E+03
 0.13609273363870E+03
 0.13612611197957E+03
 0.13616041788046E+03
 0.13619563870548E+03
 0.13623176127253E+03
 0.13626877198068E+03
 0.13630665693666E+03
 0.13634540208943E+03
 0.13638499334582E+03
 0.13642541668232E+03
 0.13646665826097E+03
 0.13650870453826E+03
 0.13655154236333E+03
 0.13659515907871E+03
 0.13663954261817E+03
 0.13668468158867E+03
 0.13673056535719E+03
 0.13677718412978E+03
 0.13682452902642E+03
 0.13687259215207E+03
 0.13692136665923E+03
 0.13697084683863E+03
 0.13702102813520E+03
 0.13707190724868E+03
 0.13712348216860E+03
 0.13717575224359E+03
 0.13722871818251E+03
 0.13728238225276E+03
 0.13733674810632E+03
 0.13739182103372E+03
 0.13744760792591E+03
 0.13750411733079E+03
 0.13756135956207E+03
 0.13761934665366E+03
 0.13767809254550E+03
 0.13773761304001E+03
 0.13779792596371E+03
 0.13785905116202E+03
 0.13792101063124E+03
 0.13798382857788E+03
 0.13804753150932E+03
 0.13811214834847E+03
 0.13817771053986E+03
 0.13824425219122E+03
 0.13831181009712E+03
 0.13838042400861E+03
 0.13845013675262E+03
 0.13852099436902E+03
 0.13859304630199E+03
 0.13866634563375E+03
 0.13874094929222E+03
 0.13881691827133E+03
 0.13889431794837E+03
 0.13897321835822E+03
 0.13905369450536E+03
 0.13913582673635E+03
 0.13921970114810E+03
 0.13930541000691E+03
 0.13939305222979E+03
 0.13948273392058E+03
 0.13957456895094E+03
 0.13966867959922E+03
 0.13976519726059E+03
 0.13986426322864E+03
 0.13996602955742E+03
 0.14007066000096E+03
 0.14017833106017E+03
 0.14028923312030E+03
 0.14040357171067E+03
 0.14052156886021E+03
 0.14064346460899E+03
 0.14076951868256E+03
 0.14090001198042E+03
 0.14103524882085E+03
 0.14117555869510E+03
 0.14132129840861E+03
 0.14147285423518E+03
 0.14163064409513E+03
 0.14179511968840E+03
 0.14196676849233E+03
 0.14214611550114E+03
 0.14233372455075E+03
 0.14253019901613E+03
 0.14273618164783E+03
 0.14295235324432E+03
 0.14317942986391E+03
 0.14341815823306E+03
 0.14366930908388E+03
 0.14393366820699E+03
 0.14421202533656E+03
 0.14450516024872E+03
 0.14481382862107E+03
 0.14513874597030E+03
 0.14548057275839E+03
 0.14583990144815E+03
 0.14621724713688E+03
 0.14661304305531E+03
 0.14702764174098E+03
 0.14746132208237E+03
 0.14791430140472E+03
 0.14838675162429E+03
 0.14887881759670E+03
 0.14939063585250E+03
 0.14992235244690E+03
 0.15047413835761E+03
 0.15104620206392E+03
 0.15163879879666E+03
 0.15225223672194E+03
 0.15288688033121E+03
 0.15354315142582E+03
 0.15422152832904E+03
 0.15492254354467E+03
 0.15564677867196E+03
 0.15639486750634E+03
 0.15716748051616E+03
 0.15796532678898E+03
 0.15878914686593E+03
 0.15963970678509E+03
 0.16051779188257E+03
 0.16142420019593E+03
 0.16235973553669E+03
 0.16332520012557E+03
 0.16432138667901E+03
 0.16534907035448E+03
 0.16640899995040E+03
 0.16750188893089E+03
 0.16862840608621E+03
 0.16978916596010E+03
 0.17098471912383E+03
 0.17221554258290E+03
 0.17348203030247E+03
 0.17478448417507E+03
 0.17612310553617E+03
 0.17749798753852E+03
 0.17890910853102E+03
 0.18035632663732E+03
 0.18183937577022E+03
 0.18335786309442E+03
 0.18491126814239E+03
 0.18649894420821E+03
 0.18812012013904E+03
 0.18977390509145E+03
 0.19145929452840E+03
 0.19317517741586E+03
 0.19492034503443E+03
 0.19669350050633E+03
 0.19849326981171E+03
 0.20031821266234E+03
 0.20216683430412E+03
 0.20403759729132E+03
 0.20592893306548E+03
 0.20783925335212E+03
 0.20976696103807E+03
 0.21171046039716E+03
 0.21366816659221E+03
 0.21563851429998E+03
 0.21761996549825E+03
 0.21961101621415E+03
 0.22161020244644E+03
 0.22361610508103E+03
 0.22562735402175E+03
 0.22764263132964E+03
 0.22966067354779E+03
 0.23168027416074E+03
 0.23370028345419E+03
 0.23571960987883E+03
 0.23773721976759E+03
 0.23975213690963E+03
 0.24176344169889E+03
 0.24377027000489E+03
 0.24577181173570E+03
 0.24776730927245E+03
 0.24975605563466E+03
 0.25173739261363E+03
 0.25371070879913E+03
 0.25567543751999E+03
 0.25763105481408E+03
 0.25957707732311E+03
 0.26151306026653E+03
 0.26343859541279E+03
 0.26535330910376E+03
 0.26725686031152E+03
 0.26914893877901E+03
 0.27102926322569E+03
 0.27289757960277E+03
 0.27475365944635E+03
 0.27659729827727E+03
 0.27842831410804E+03
 0.28024654599766E+03
 0.28205185269090E+03
 0.28384411133331E+03
 0.28562321624670E+03
 0.28738907778530E+03
 0.28914162124292E+03
 0.29088078583727E+03
 0.29260652374474E+03
 0.29431879920048E+03
 0.29601758764669E+03
 0.29770287493449E+03
 0.29937465658803E+03
 0.30103293708719E+03
 0.30267772922392E+03
 0.30430905331826E+03
 0.30592693733206E+03
 0.30753141526704E+03
 0.30912252739288E+03
 0.31070031958864E+03
 0.31226484290472E+03
 0.31381615314518E+03
 0.31535431049945E+03
 0.31687937916546E+03
 0.31839142702806E+03
 0.31989052534084E+03
 0.32137674843916E+03
 0.32285017346222E+03
 0.32431088010056E+03
 0.32575895036214E+03
 0.32719446834977E+03
 0.32861752005353E+03
 0.33002819315974E+03
 0.33142657687015E+03
 0.33281276173753E+03
 0.33418683950706E+03
 0.33554890297295E+03
 0.33689904584230E+03
 0.33823736260959E+03
 0.33956394843886E+03
 0.34087889905259E+03
 0.34218231063469E+03
 0.34347427973144E+03
 0.34475490316621E+03
 0.34602427795605E+03
 0.34728250123529E+03
 0.34852967018621E+03
