 0.13548723707728E+03
 0.13548723707728E+03
 0.13548723707728E+03
 0.13548723707728E+03
 0.13548723707728E+03
 0.13548723707730E+03
 0.13548723707789E+03
 0.13548723708563E+03
 0.13548723714262E+03
 0.13548723742166E+03
 0.13548723843664E+03
 0.13548724139174E+03
 0.13548724864569E+03
 0.13548726422664E+03
 0.13548729431859E+03
 0.13548734765037E+03
 0.13548743574433E+03
 0.13548757300664E+03
 0.13548777667231E+03
 0.13548806662468E+03
 0.13548846512423E+03
 0.13548899648186E+03
 0.13548968670999E+03
 0.13549056319630E+03
 0.13549165434136E+03
 0.13549298936599E+03
 0.13549459806542E+03
 0.13549651067647E+03
 0.13549875779480E+03
 0.13550137034486E+03
 0.13550437959215E+03
 0.13550781718438E+03
 0.13551171521146E+03
 0.13551610626819E+03
 0.13552102351103E+03
 0.13552650069908E+03
 0.13553257221336E+03
 0.13553927304924E+03
 0.13554663878445E+03
 0.13555470551540E+03
 0.13556350977550E+03
 0.13557308842993E+03
 0.13558347855578E+03
 0.13559471731186E+03
 0.13560684180363E+03
 0.13561988894885E+03
 0.13563389534730E+03
 0.13564889716281E+03
 0.13566493001125E+03
 0.13568202887320E+03
 0.13570022801915E+03
 0.13571956095571E+03
 0.13574006039574E+03
 0.13576175823283E+03
 0.13578468556841E+03
 0.13580887273188E+03
 0.13583434932514E+03
 0.13586114429623E+03
 0.13588928602047E+03
 0.13591880240276E+03
 0.13594972099218E+03
 0.13598206910976E+03
 0.13601587399185E+03
 0.13605116293912E+03
 0.13608796347425E+03
 0.13612630351386E+03
 0.13616621154392E+03
 0.13620771683288E+03
 0.13625084950080E+03
 0.13629564088013E+03
 0.13634212360053E+03
 0.13639033182672E+03
 0.13644030145851E+03
 0.13649207033501E+03
 0.13654567844663E+03
 0.13660116815435E+03
 0.13665858441133E+03
 0.13671797498239E+03
 0.13677939067478E+03
 0.13684288558913E+03
 0.13690851731803E+03
 0.13697634724675E+03
 0.13704644074658E+03
 0.13711886752550E+03
 0.13719370180651E+03
 0.13727102266264E+03
 0.13735091432386E+03
 0.13743346646735E+03
 0.13751877452629E+03
 0.13760694013450E+03
 0.13769807121097E+03
 0.13779228269427E+03
 0.13788969673544E+03
 0.13799044315319E+03
 0.13809465986853E+03
 0.13820249345854E+03
 0.13831409959093E+03
 0.13842964356293E+03
 0.13854930094119E+03
 0.13867325813826E+03
 0.13880171304294E+03
 0.13893487578946E+03
 0.13907296945528E+03
 0.13921623087821E+03
 0.13936491152043E+03
 0.13951927837913E+03
 0.13967961495460E+03
 0.13984622229495E+03
 0.14001942022396E+03
 0.14019954806542E+03
 0.14038696651621E+03
 0.14058205858530E+03
 0.14078523104872E+03
 0.14099691593994E+03
 0.14121757205737E+03
 0.14144768657152E+03
 0.14168777673883E+03
 0.14193839147362E+03
 0.14220011319460E+03
 0.14247355957819E+03
 0.14275938532356E+03
 0.14305828391038E+03
 0.14337098931127E+03
 0.14369827760586E+03
 0.14404096870777E+03
 0.14439992707146E+03
 0.14477606376885E+03
 0.14517033676901E+03
 0.14558375167603E+03
 0.14601736188457E+03
 0.14647226830458E+03
 0.14694961850582E+03
 0.14745060522270E+03
 0.14797646410325E+03
 0.14852847076014E+03
 0.14910793660171E+03
 0.14971620409479E+03
 0.15035464035832E+03
 0.15102462979260E+03
 0.15172756564259E+03
 0.15246483818747E+03
 0.15323782980852E+03
 0.15404789294781E+03
 0.15489634247765E+03
 0.15578443940774E+03
 0.15671337506909E+03
 0.15768425462386E+03
 0.15869808057208E+03
 0.15975573596358E+03
 0.16085796771985E+03
 0.16200537113296E+03
 0.16319837477280E+03
 0.16443722730876E+03
 0.16572198627579E+03
 0.16705250921685E+03
 0.16842844800156E+03
 0.16984924663338E+03
 0.17131414282714E+03
 0.17282217352938E+03
 0.17437218433412E+03
 0.17596284218995E+03
 0.17759265256082E+03
 0.17925997632968E+03
 0.18096305131447E+03
 0.18270001335308E+03
 0.18446891817915E+03
 0.18626776277660E+03
 0.18809450609096E+03
 0.18994708846418E+03
 0.19182344915001E+03
 0.19372154261908E+03
 0.19563935229936E+03
 0.19757490286432E+03
 0.19952627017016E+03
 0.20149158942812E+03
 0.20346906252886E+03
 0.20545696170623E+03
 0.20745363396878E+03
 0.20945750302479E+03
 0.21146707077685E+03
 0.21348091721252E+03
 0.21549770006207E+03
 0.21751615359283E+03
 0.21953508708533E+03
 0.22155338255653E+03
 0.22356999246548E+03
 0.22558393719704E+03
 0.22759430224749E+03
 0.22960023529122E+03
 0.23160094340136E+03
 0.23359569011979E+03
 0.23558379255325E+03
 0.23756461851330E+03
 0.23953758373873E+03
 0.24150214956830E+03
 0.24345781952007E+03
 0.24540413772132E+03
 0.24734068573311E+03
 0.24926708097168E+03
 0.25118297389938E+03
 0.25308804638377E+03
 0.25498200964055E+03
 0.25686460217274E+03
 0.25873558823416E+03
 0.26059475621012E+03
 0.26244191677864E+03
 0.26427690161058E+03
 0.26609956220668E+03
 0.26790976805990E+03
 0.26970740589202E+03
 0.27149237830746E+03
 0.27326460277202E+03
 0.27502401057984E+03
 0.27677054577921E+03
 0.27850416461334E+03
 0.28022483428951E+03
 0.28193253239013E+03
 0.28362724621100E+03
 0.28530897188217E+03
 0.28697771407424E+03
 0.28863348488770E+03
 0.29027630357592E+03
 0.29190619622004E+03
 0.29352319482705E+03
 0.29512733702571E+03
 0.29671866592348E+03
 0.29829722919647E+03
 0.29986307906259E+03
 0.30141627178700E+03
 0.30295686740226E+03
 0.30448492953847E+03
 0.30600052474238E+03
 0.30750372253573E+03
 0.30899459530529E+03
 0.31047321759223E+03
 0.31193966617959E+03
 0.31339401980224E+03
 0.31483635911076E+03
 0.31626676621620E+03
 0.31768532473496E+03
 0.31909211961966E+03
 0.32048723684692E+03
 0.32187076346469E+03
 0.32324278745216E+03
 0.32460339740886E+03
 0.32595268264725E+03
 0.32729073307408E+03
 0.32861763895019E+03
 0.32993349092452E+03
 0.33123837994810E+03
 0.33253239710743E+03
 0.33381563364464E+03
 0.33508818089180E+03
 0.33635013008771E+03
 0.33760157244209E+03
 0.33884259908005E+03
 0.34007330090689E+03
 0.34129376859434E+03
 0.34250409265171E+03
 0.34370436313150E+03
 0.34489466988745E+03
 0.34607510234268E+03
 0.34724574951342E+03
 0.34840669997336E+03
 0.34955804187012E+03
 0.35069986283944E+03
 0.35183225002616E+03
 0.35295529003889E+03
 0.35406906893789E+03
 0.35517367222006E+03
 0.35626918483746E+03
 0.35735569108531E+03
 0.35843327469458E+03
 0.35950201878105E+03
 0.36056200584138E+03
 0.36161331770761E+03
 0.36265603557071E+03
 0.36369023998586E+03
 0.36471601086145E+03
 0.36573342742079E+03
 0.36674256823586E+03
 0.36774351117616E+03
 0.36873633347941E+03
 0.36972111166832E+03
 0.37069792168903E+03
 0.37166683865154E+03
 0.37262793708697E+03
 0.37358129080951E+03
 0.37452697299359E+03
 0.37546505614563E+03
 0.37639561203483E+03
 0.37731871175849E+03
 0.37823442579032E+03
 0.37914282391510E+03
 0.38004397521443E+03
 0.38093794817912E+03
 0.38182481059067E+03
 0.38270462956031E+03
 0.38357747154668E+03
 0.38444340236322E+03
