   503.353983595366473674394243594379533      
   503.353983595366473674394243594379484      
   503.353983595366473673271516016021774      
   503.353983595366369793403255444901002      
   503.353983595264853938766508326033416      
   503.353983585190643068116496322774520      
   503.353983319046949474090937861350571      
   503.353980281542863012453663466439584      
   503.353960572508609811534081996531598      
   503.353874527613186962963606934457862      
   503.353592707133255518103095358022921      
   503.352847687362747802467901678462730      
   503.351175281091866304436320203192883      
   503.347870041910209116631761437166122      
   503.341964990788007305585040029886232      
   503.332238370797587838131540144068221      
   503.317244209734624972381551965163934      
   503.295360087921853730672110269787159      
   503.264844211169005823511296205813106      
   503.223895104383014186393023992843715      
   503.170708230872156386237865226971723      
   503.103526021756922694949329678602868      
   503.020679296356569968384279731973139      
   502.920618653179782114952015608353480      
   502.801940177923739430085478855917337      
   502.663396790223960892886280707709599      
   502.503908187613752591410852004063278      
   502.322562337707758203840010024184002      
   502.118612838753830151358615379137771      
   501.891472748108067771460780134288066      
   501.640705811508086047275873677521173      
   501.366015861605844963997519401083162      
   501.067234997512323274949350298882985      
   500.744311037366416699306048922299034      
   500.397294586885750897390742550730994      
   500.026326030850829566605105152198488      
   499.631622650664600576762127982508307      
   499.213466031810858742726151488217079      
   498.772189926291957851263300524436826      
   498.308168475571833278813314326386461      
   497.821805344755597231638091728417906      
   497.313523242261664648393454069212894      
   496.783754269089135676024954039744141      
   496.232931016470693572554248922897532      
   495.661478447343679881244952933331032      
   495.069806557905143993139656195413133      
   494.458303907640463858733476391475001      
   493.827331704572684309370570658261779      
   493.177219077954976090275599997801099      
   492.508258796413242906806243032967035      
   491.820703791285496100744106777630234      
   491.114764388823651302970332916374827      
   490.390606079205366171945033599629141      
   489.648348453597162701591983734941354      
   488.888063604914321059512830378211171      
   488.109775875923651339475972822586378      
   487.313462156209780415213094143430060      
   486.499051987834989131021745522633212      
   485.666428394210059480428239945243310      
   484.815428925786885087708695021397957      
   483.945846977700438553685222531620537      
   483.057433382260500509024450824665550      
   482.149897822061724895069923695527794      
   481.222910941249685931679018025085428      
   480.276106290736644258280686161069701      
   479.309082183363370253897116111097190      
   478.321403723918508674923104862143758      
   477.312604055168339160680893109059286      
   476.282189498680193107649606114951522      
   475.229636946878459120750886104754733      
   474.154398836671868843967095681397311      
   473.055904250893084640725979885549946      
   471.933560682028541172977736293454401      
   470.786755720440195279724367418370394      
   469.614858831969453635693340609449059      
   468.417222737048603166609478457331353      
   467.193184561712116030603793112576413      
   465.942067513644409255048549817342422      
   464.663181950027772568177107500823300      
   463.355825890378485584487789755688804      
   462.019287480814949932615730990269190      
   460.652843972301501098740950726608552      
   459.255764271668532956532434530365702      
   457.827307503364960889343392662652805      
   456.366725886675607650893621815327624      
   454.873264072874405635843456686822708      
   453.346159101635881610059214289003187      
   451.784641189170864443800758833931803      
   450.187934532755204716662439381966011      
   448.555255018551359848661049693107424      
   446.885816434181434208913178078767519      
   445.178823024642183075809161100473976      
   443.433473823381778402336192705266936      
   441.648961916561466276248663800047828      
   439.824474817282771117756578130825626      
   437.959193317690442489146661059446971      
   436.052292476296200632996259629660775      
   434.102942422368261757060400142047353      
   432.110305533363218656119350651847114      
   430.073540215358546009305947954658874      
   427.991799180638598164545411463587981      
   425.864229152342048077125930995676406      
   423.689973436095965622898885562395633      
   421.468170730685897847271609197260252      
   419.197957244320399071101685747688806      
   416.878466835574626178827834899698476      
   414.508833244636735119055740653662025      
   412.088191217396311096322599730195720      
   409.615678293450636753108612433335153      
   407.090442135289539098054906014627165      
   404.511636497026167036518272069020877      
   401.878430105601037902538959955403512      
   399.190010762766976463198706093906083      
   396.445590681698673392967683196362134      
   393.644414269681597284453951184589697      
   390.785765956202178386969634047120715      
   387.868978647427181623877672057202659      
   384.893448026946460063114573585734671      
   381.858643724041080891975297317152587      
   378.764124858043197661855911360370358      
   375.609557863572263118785324758050340      
   372.394737149644276151081609924412639      
   369.119607713611320133117174267706281      
   365.784291594066241921234530161178353      
   362.389115242429436436198023010197784      
   358.934648906417213880024964092625839      
   355.421733845508599170280859523589473      
   351.851528466114934948326306900528731      
   348.225550469227790016028126503351449      
   344.545724054217118354001483500615346      
   340.814429760970830160366826001014534      
   337.034557991929758688201179323893591      
   333.209562606392211079622206700446568      
   329.343516764518426726230381884835945      
   325.441166034451885220292825880950887      
   321.507979736951995227736898008931896      
   317.550194882431370203866316289660443      
   313.574852654347316337565587556196718      
   309.589820535735189441196069460227872      
   305.603798959630280504908019349378142      
   301.626299842801038019067119506258181      
   297.667624023582248190448175624655695      
   293.738764700414130314044567024120903      
   289.851323915394540494770503348885682      
   286.017375488078909937230458931723322      
   282.249305918632043600193135700130308      
   278.559631919746641551523049093364668      
   274.960801215118728114698909899152588      
   271.464988604013716396229133618255848      
   268.083896840258031817853814353673353      
   264.828568143809366751036029583807479      
   261.709218144964255419113033308483830      
   258.735093941581027325878846341665452      
   255.914358936750740272879923411637174      
   253.254006256002796929683059284806619      
   250.759798138095217772598421072064517      
   248.436230990214761713371374722033864      
   246.286524611652979639316596873607851      
   244.312634553880332022427953679377444      
   242.515286955496169902587815129427263      
   240.894034539793980167236121492954550      
   239.447330667908357870043536933680387      
   238.172622393536150018212105093519937      
   237.066453944789123027738017173013434      
   236.124580624702953740855870892920453      
   235.342087196782796159882269132260317      
   234.713506964918060916738060700944815      
   234.232937595031285064984538652284833      
   233.894150929795620508043331714178681      
   233.690694230150324447000895553365157      
   233.615981326912179036212779791137624      
   233.663373065174012580288625652304456      
   233.826246309563877251334581440419072      
   234.098052626544257798418396953956602      
   234.472366000075547783691898571905643      
   234.942921931746394935311140427255120      
   235.503647174022709541525699896355923      
   236.148682719884843356393459338213970      
   236.872399994726985843067464189146902      
   237.669411534533056311073111840503652      
   238.534577178612933696219521129389883      
   239.463006346981870139843273046009030      
   240.450057222978854709950154459655808      
   241.491333600800474801519672660836545      
   242.582679541596106655296931965144645      
   243.720172752732814914084752303355839      
   244.900116836632756153693274195270960      
   246.119032667485746540269284495199243      
   247.373649272612729394075782912742794      
   248.660894475295875301847164692207755      
   249.977885357636280414022654100484446      
   251.321918680493636676839121734207182      
   252.690461477057181560270855611046579      
   254.081141746860994328595619552481524      
   255.491739793641912156621151056369350      
   256.920178911807020912179256373292428      
   258.364517670605069398837453412030919      
   259.822941415832444476882349998632604      
   261.293755082825200566630715440076255      
   262.775375526970350843736214561417465      
   264.266324912359218278892378880263584      
   265.765224149982229179922691728310013      
   267.270786546186410237641131536069490      
   268.781812196959602493574816457047284      
   270.297182530620327401192941785638758      
   271.815854939111175978743210964393194      
   273.336858080443893799075352046442750      
   274.859287524237166191722873903349377      
   276.382301037392574918061909351358988      
   277.905114990843966738822550227665929      
   279.427000423279473990681653957721629      
   280.947279621248728583900853001974084      
   282.465322779298349856553396117638940      
   283.980544847861523118554160952460888      
   285.492402932678521332904723987290125      
   287.000393255941016986032202398067917      
   288.504048822768577216086322416941896      
   290.002937107254030335873128740109942      
   291.496657690561369654180312081742547      
   292.984840512068760907301684540135606      
   294.467143481821060665332468718893919      
   295.943250945168585772120451421112331      
   297.412872155276545126340921553088503      
   298.875739349205655710971138348806188      
   300.331606407598307920806427063088446      
   301.780247722380250117506061804073422      
   303.221456464240348244866058736545505      
   304.655043676655143286839581364902258      
   306.080837021579827866851997295848181      
   307.498679767040708524391714800619564      
   308.908429912582019945360683458269110      
   310.309958910307006856296042265231795      
   311.703151089107300191592975323502946      
   313.087902974880808654185916205364050      
   314.464122087492036115415162451779762      
   315.831726503383494564889049295192904      
   317.190644112423178334213584742521550      
   318.540812132214774312847536916183913      
   319.882176264549448960302690622164701      
   321.214690333043080777778404478152118      
   322.538315760631039165010076145599025      
   323.853020924922120040436971344417564      
   325.158780872421068121392120559192021      
   326.455576878578177953925461121777730      
   327.743395867443491375831524160989660      
   329.022230226404601546409474641390206      
   330.292077431487264535478622175462787      
   331.552939585047608525751698886507616      
   332.804823218249909693371657465153793      
   334.047738995956866613288064660809460      
   335.281701355659642467098205592812783      
   336.506728336920325459608450517681805      
   337.722841341948651757969303506542445      
   338.930064787894294646027898627887517      
   340.128426013960229783468350990172794      
   341.317955072968066220845474742708080      
   342.498684463866730131632865210030686      
   343.670648983842559327868801634863323      
   344.833885666028825247173616887180965      
   345.988433388785617628925641620981440      
   347.134332993834430448016471005809318      
   348.271626971556728251397650754202398      
   349.400359375353224921892681106067058      
   350.520575695191179885420665836633844      
   351.632322779870951881975672554753666      
   352.735648671058876332722404905635443      
   353.830602542475958822553388951980704      
   354.917234578821886177368854446431909      
   355.995595891800239443004034589759106      
   357.065738436701974517899631208321254      
   358.127714964558342450903491496232529      
   359.181578853504073762694079904218218      
   360.227384137911686604306873364700109      
   361.265185404738774470444429391143699      
   362.295037735636066123593841106973581      
   363.316996613503676176894150704553410      
   364.331117898343844356394734964817038      
   365.337457785589566098415426272318948      
   366.336072752994986945470110642707326      
   367.327019484391834226033060158792007      
   368.310354860345540853937086042882358      
   369.286135874929303209499717745301713      
   370.254419666546074949578659252423285      
   371.215263406037516230137367621345133      
   372.168724397798716287407836877079996      
   373.114859797067835972138632976313517      
   374.053726832658686847329700734980794      
   374.985382645887900813439809271351321      
   375.909884334735640345043208162074444      
   376.827288908059769364043135585303473      
   377.737653190672293337938708166157789      
   378.641033864230656339692845589459050      
   379.537487493792180943871302187108665      
   380.427070444004128536252369325320725      
   381.309838844417175654630726641634159      
   382.185848681369919140928315387909998      
   383.055155663593254772910795073331834      
   383.917815243899145211985472696169100      
   384.773882620362169600867184897358551      
   385.623412727092155147782763199956563      
