 0.13548723707728E+03
 0.13548723707728E+03
 0.13548723707728E+03
 0.13548723707728E+03
 0.13548723707729E+03
 0.13548723707754E+03
 0.13548723708286E+03
 0.13548723713533E+03
 0.13548723744356E+03
 0.13548723870218E+03
 0.13548724264747E+03
 0.13548725279615E+03
 0.13548727523494E+03
 0.13548731931234E+03
 0.13548739811741E+03
 0.13548752869537E+03
 0.13548773199907E+03
 0.13548803261521E+03
 0.13548845832396E+03
 0.13548903955476E+03
 0.13548980879669E+03
 0.13549080001260E+03
 0.13549204809576E+03
 0.13549358839543E+03
 0.13549545633113E+03
 0.13549768710252E+03
 0.13550031549539E+03
 0.13550337577625E+03
 0.13550690166354E+03
 0.13551092635991E+03
 0.13551548262495E+03
 0.13552060286977E+03
 0.13552631925777E+03
 0.13553266379401E+03
 0.13553966839426E+03
 0.13554736489403E+03
 0.13555578507986E+03
 0.13556496062272E+03
 0.13557492300005E+03
 0.13558570338104E+03
 0.13559733248236E+03
 0.13560984040028E+03
 0.13562325642999E+03
 0.13563760887881E+03
 0.13565292487798E+03
 0.13566923020165E+03
 0.13568654909828E+03
 0.13570490414145E+03
 0.13572431609789E+03
 0.13574480382167E+03
 0.13576638417709E+03
 0.13578907198532E+03
 0.13581287999899E+03
 0.13583781890530E+03
 0.13586389735612E+03
 0.13589112201464E+03
 0.13591949763622E+03
 0.13594902716450E+03
 0.13597971184394E+03
 0.13601155135470E+03
 0.13604454395762E+03
 0.13607868665222E+03
 0.13611397533747E+03
 0.13615040499353E+03
 0.13618796985778E+03
 0.13622666361131E+03
 0.13626647956160E+03
 0.13630741082905E+03
 0.13634945053284E+03
 0.13639259196596E+03
 0.13643682879020E+03
 0.13648215520789E+03
 0.13652856612867E+03
 0.13657605734138E+03
 0.13662462567803E+03
 0.13667426916679E+03
 0.13672498720734E+03
 0.13677678067777E+03
 0.13682965210801E+03
 0.13688360584883E+03
 0.13693864812472E+03
 0.13699478724262E+03
 0.13705203367622E+03
 0.13711040022402E+03
 0.13716990213358E+03
 0.13723055719928E+03
 0.13729238593475E+03
 0.13735541160993E+03
 0.13741966048177E+03
 0.13748516186802E+03
 0.13755194828824E+03
 0.13762005561525E+03
 0.13768952321017E+03
 0.13776039405878E+03
 0.13783271494522E+03
 0.13790653661289E+03
 0.13798191392921E+03
 0.13805890610059E+03
 0.13813757684747E+03
 0.13821799461173E+03
 0.13830023279927E+03
 0.13838437001519E+03
 0.13847049034200E+03
 0.13855868359565E+03
 0.13864904563406E+03
 0.13874167870669E+03
 0.13883669180720E+03
 0.13893420099206E+03
 0.13903432988072E+03
 0.13913721003471E+03
 0.13924298147015E+03
 0.13935179319935E+03
 0.13946380362161E+03
 0.13957918136581E+03
 0.13969810579407E+03
 0.13982076771672E+03
 0.13994737014022E+03
 0.14007812907698E+03
 0.14021327441930E+03
 0.14035305082410E+03
 0.14049771868894E+03
 0.14064755522932E+03
 0.14080285554599E+03
 0.14096393378916E+03
 0.14113112435942E+03
 0.14130478317533E+03
 0.14148528895617E+03
 0.14167304454134E+03
 0.14186847821206E+03
 0.14207204499427E+03
 0.14228422800991E+03
 0.14250553929933E+03
 0.14273652138420E+03
 0.14297774782096E+03
 0.14322982394139E+03
 0.14349338721418E+03
 0.14376910726315E+03
 0.14405768547212E+03
 0.14435985412306E+03
 0.14467637498932E+03
 0.14500803740631E+03
 0.14535565578040E+03
 0.14572006654795E+03
 0.14610212471266E+03
 0.14650270000203E+03
 0.14692267284022E+03
 0.14736293031556E+03
 0.14782436239241E+03
 0.14830785847874E+03
 0.14881430488439E+03
 0.14934458225336E+03
 0.14989956548706E+03
 0.15048012307305E+03
 0.15108711801670E+03
 0.15172140942302E+03
 0.15238385432945E+03
 0.15307531002106E+03
 0.15379663433206E+03
 0.15454869397300E+03
 0.15533235511292E+03
 0.15614848994623E+03
 0.15699797343070E+03
 0.15788168038247E+03
 0.15880048089223E+03
 0.15975523445584E+03
 0.16074678238278E+03
 0.16177593879220E+03
 0.16284348028500E+03
 0.16395013432096E+03
 0.16509656771355E+03
 0.16628337224447E+03
 0.16751105223674E+03
 0.16878001109408E+03
 0.17009053830967E+03
 0.17144279764760E+03
 0.17283681624263E+03
 0.17427247556861E+03
 0.17574950441921E+03
 0.17726747414989E+03
 0.17882579630913E+03
 0.18042372339583E+03
 0.18206035156299E+03
 0.18373462651834E+03
 0.18544535149080E+03
 0.18719119768483E+03
 0.18897071583403E+03
 0.19078235035915E+03
 0.19262445375712E+03
 0.19449530195609E+03
 0.19639311005134E+03
 0.19831604772942E+03
 0.20026225522080E+03
 0.20222985686087E+03
 0.20421697554808E+03
 0.20622174521093E+03
 0.20824232232572E+03
 0.21027689610146E+03
 0.21232369737283E+03
 0.21438100622161E+03
 0.21644715828266E+03
 0.21852054984385E+03
 0.22059964180750E+03
 0.22268296258909E+03
 0.22476911007123E+03
 0.22685675269737E+03
 0.22894462982013E+03
 0.23103155138107E+03
 0.23311639711166E+03
 0.23519811516460E+03
 0.23727572043569E+03
 0.23934829243004E+03
 0.24141497365180E+03
 0.24347496622234E+03
 0.24552753003489E+03
 0.24757198005949E+03
 0.24960768346549E+03
 0.25163405723881E+03
 0.25365056540287E+03
 0.25565671648536E+03
 0.25765206098381E+03
 0.25963618890458E+03
 0.26160872739392E+03
 0.26356933847010E+03
 0.26551771682925E+03
 0.26745358775519E+03
 0.26937670516371E+03
 0.27128684968154E+03
 0.27318382689780E+03
 0.27506746565505E+03
 0.27693761647751E+03
 0.27879415005559E+03
 0.28063695585736E+03
 0.28246594078729E+03
 0.28428102796845E+03
 0.28608215555731E+03
 0.28786927567217E+03
 0.28964235336419E+03
 0.29140136566726E+03
 0.29314630071334E+03
 0.29487715689785E+03
 0.29659394209684E+03
 0.29829667296008E+03
 0.29998537422227E+03
 0.30166007806794E+03
 0.30332082356835E+03
 0.30496765610829E+03
 0.30660062689165E+03
 0.30821979246075E+03
 0.30982521411851E+03
 0.31141695810044E+03
 0.31299509427639E+03
 0.31455969642807E+03
 0.31611084174945E+03
 0.31764861054675E+03
 0.31917308593536E+03
 0.32068435358853E+03
 0.32218250147848E+03
 0.32366761964588E+03
 0.32513979998730E+03
 0.32659913605081E+03
 0.32804572285842E+03
 0.32947965672116E+03
 0.33090103508554E+03
 0.33230995638201E+03
 0.33370651988557E+03
 0.33509082558639E+03
 0.33646297407233E+03
 0.33782306641422E+03
 0.33917120406192E+03
 0.34050748875647E+03
 0.34183202242744E+03
 0.34314490712185E+03
 0.34444624492507E+03
 0.34573613788496E+03
 0.34701468795160E+03
 0.34828199691559E+03
 0.34953816635303E+03
 0.35078329756626E+03
 0.35201749154638E+03
 0.35324084892623E+03
 0.35445346993148E+03
 0.35565545435321E+03
 0.35684690151289E+03
 0.35802791022191E+03
 0.35919857876191E+03
 0.36035900485337E+03
 0.36150928563416E+03
 0.36264951763745E+03
 0.36377979676376E+03
 0.36490021827654E+03
 0.36601087677331E+03
 0.36711186617869E+03
 0.36820327972614E+03
 0.36928520994877E+03
 0.37035774866725E+03
 0.37142098698313E+03
 0.37247501526459E+03
 0.37351992314523E+03
 0.37455579951955E+03
 0.37558273252474E+03
