   6.46114195192883683103959025933776710      
   6.46114195192883683103959028499496191      
   6.46114195192883683103959035532093786      
   6.46114195192883683102469808778159386      
   6.46114195192883681091044040802683296      
   6.46114195192883395908069845156041512      
   6.46114195192872862681807356997449548      
   6.46114195192710348449190041761323034      
   6.46114195191329443903158390284838653      
   6.46114195183642797858460261538880581      
   6.46114195152238731142082895702763819      
   6.46114195050531948608533199764122418      
   6.46114194775015728303574360409717330      
   6.46114194126271020073485413285516450      
   6.46114192760518538183716653383909889      
   6.46114190135030112420176092088228066      
   6.46114185449193934888371543120061965      
   6.46114177594327917762410876562799901      
   6.46114165102815896210506719196322503      
   6.46114146101758446979003674451795923      
   6.46114118282214160022426364471155310      
   6.46114078876852068902609171008533308      
   6.46114024652224576445407856617827164      
   6.46113951912675860155489080943718703      
   6.46113856517669446809006834148431362      
   6.46113733914552445869967292531737344      
   6.46113579184631107462038280537891914      
   6.46113387101500623252563306567375258      
   6.46113152199280052228472559538194463      
   6.46112868846798530553059258491700408      
   6.46112531324152090593594692050914409      
   6.46112133906928107273603078645315243      
   6.46111670928328489819451925776470521      
   6.46111136844688725037959373210047516      
   6.46110526284517798275858104560637060      
   6.46109834083134146232823938508128593      
   6.46109055298506698652156912575843848      
   6.46108185219215316037949002403495737      
   6.46107219333047212799336780981638103      
   6.46106153325821045537793153526449762      
   6.46104983004240645303533512928782789      
   6.46103704250947857974565468301906842      
   6.46102312955637149672359388199626522      
   6.46100804940403072418178824280274712      
   6.46099175880679874522159675538622189      
   6.46097421222216792365906745761158756      
   6.46095536096449774433966041281423794      
   6.46093515246646092946821332120674626      
   6.46091352958809598379000350740175552      
   6.46089042972977133231548956024162182      
   6.46086578428218993651965438740409096      
   6.46083951804654273472280002244431736      
   6.46081154873853112795936552957192686      
   6.46078178656852884154092101148294304      
   6.46075013389783249673719943695563680      
   6.46071648499640258426274459985301271      
   6.46068072588887311234368882226465083      
   6.46064273422525968211716075791011184      
   6.46060237922162275795137687845541929      
   6.46055952167337894050533711612760232      
   6.46051401403047569496717047604747362      
   6.46046570055232663787640844363862146      
   6.46041441740072292646156313334843136      
   6.46035999292133372082853844459350164      
   6.46030224780422791542557214865449797      
   6.46024099528717512462571983916156359      
   6.46017604140218991005938435236786022      
   6.46010718524661249588561940265189510      
   6.46003421927755949283719462832498900      
   6.45995692942980804930943143947890081      
   6.45987509537687135264318750517334937      
   6.45978849082359924067082632274329289      
   6.45969688354757724318596769066847797      
   6.45960003560792035519217436885947801      
   6.45949770350025961163861795293065599      
   6.45938963817616369337073722730933547      
   6.45927558508887942797935112682253816      
   6.45915528422846407944689196388846248      
   6.45902847016273652089641511356531953      
   6.45889487182963731323625950044321316      
   6.45875421244605534972874170156703821      
   6.45860620930279536320532680715417843      
   6.45845057356138393625781745586764726      
   6.45828700996221969444665222880838781      
   6.45811521648851479709208626592465363      
   6.45793488391903021446138717111194352      
   6.45774569540875900094260719504553274      
   6.45754732589064632753589460306002010      
   6.45733944197089289927417850703413738      
   6.45712170064673604863440605805153502      
   6.45689374879632485836785407179118526      
   6.45665522240230166155882259434157348      
   6.45640574686897286457226569385957776      
   6.45614493213443921667635673749191331      
   6.45587237811952674698612251323526144      
   6.45558766847187436687083892234084048      
   6.45529037122945630138854156162643192      
   6.45498003788528636377759391221053018      
   6.45465620051067758016522176699421376      
   6.45431837392120739411809881764386988      
   6.45396604938666972301476063421902243      
   6.45359869743305606189216166571620331      
   6.45321576317544431838405701728835944      
   6.45281666648584891620292595341433058      
   6.45240079875847209391395240508241580      
   6.45196752171269593117048626737988646      
   6.45151616480026407785910362671158974      
   6.45104602357941243827335005168511508      
   6.45055635665354809144998732031526780      
   6.45004638319142661042520251096297321      
   6.44951528032616619345105355003566136      
   6.44896218078304375318464865574222819      
   6.44838616867212270060615045949350196      
   6.44778627720117087043548681079231771      
   6.44716148456198977790424688225180222      
   6.44651071034201792689743805033059451      
   6.44583281145772171376199524689005149      
   6.44512657814539632647205477109882348      
   6.44439072872541683058333824615997914      
   6.44362390534067552635290048766756298      
   6.44282466819696196206310622366965591      
   6.44199148972969675490354898678686596      
   6.44112274941554202502499965400437463      
   6.44021672564672283339711020229897799      
   6.43927159005799727361201545525124758      
   6.43828539885110095947907353906233230      
   6.43725608501542059823427636546017495      
   6.43618144906432796572537092264190229      
   6.43505914939802160644133961862721082      
   6.43388669168100728450457613790312419      
   6.43266141747391784556606369386153285      
   6.43138049163554259529927186125369005      
   6.43004088883471482768566228119108611      
   6.42863937873023134427531106747640695      
   6.42717250992435789367476180570632852      
   6.42563659230439178906469075859005762      
   6.42402767808423127789009172238175604      
   6.42234154026825933002291172686391576      
   6.42057365057438859367426849605225378      
   6.41871915397719302921332627818593436      
   6.41677284142708001955073005354691804      
   6.41472912014655657563445537213525267      
   6.41258198115183643255067785918074465      
   6.41032496397006487434963802706368633      
   6.40795111832618057298845482512057480      
   6.40545296295367791554641061223517725      
   6.40282244102844932852009694004937590      
   6.40005087300297459315919333250713663      
   6.39712890673419065455947263884146199      
   6.39404646525030669608775733288887814      
   6.39079269436119677227057974385159314      
   6.38735590953280815745782973539485714      
   6.38372354576637357240461925943767881      
   6.37988211206116065599981312931238900      
   6.37581715490032988014599461379098217      
   6.37151323230453060968334489135034131      
   6.36695390883137825346831865476247630      
   6.36212176928462384555177836524046687      
   6.35699846141930984582098845414368353      
   6.35156476850524079275804030027725096      
   6.34580071448781026064732778236156199      
   6.33968570037227987215552729338753925      
   6.33319866700000030277736330277603162      
   6.32631827623098059422405055062657591      
   6.31902310121048701715355753436757467      
   6.31129181227411042965893627103449012      
   6.30310334927682172623054779589798411      
   6.29443706733777826531382847387247458      
   6.28527285580704822401572748080653809      
   6.27559121796749773231523165274668600      
   6.26537332252573267090879690055868484      
   6.25460102234667876885289405227993335      
   6.24325684831917059637554543614915246      
   6.23132398409171805864090927290294026      
   6.21878622489809695343894771495652769      
   6.20562793152540970545958890191949466      
   6.19183397443860151283222221897163862      
   6.17738967986555798456155877038989099      
   6.16228077902210119541030060963985472      
   6.14649335195010048959073434665110994      
   6.13001378840266978297119661159805388      
   6.11282873994914708552208696557398679      
   6.09492508455014683724899246118892981      
   6.07628989342539076546984612243333098      
   6.05691040395755732377614277214808132      
   6.03677399296281040259538786813556397      
   6.01586815703798841161422258953180616      
   5.99418049449452460589747079168249045      
   5.97169869119276456394646291521606866      
   5.94841050816971834859083160291511802      
   5.92430377091202701139689932257231747      
   5.89936636240451634343301380890880900      
   5.87358621554994937720350539813409032      
   5.84695130831588582243380617200378936      
   5.81944965948988749830467780825253505      
   5.79106932520488384519220601171457674      
   5.76179839609351801169250128125327676      
   5.73162499496042150846775559611325010      
   5.70053727459645600164140433646264786      
   5.66852341621055509825502758430039956      
   5.63557162700931861541091713497513192      
   5.60167013778168105893627318377658938      
   5.56680720150534616776876997917988557      
   5.53097108932389921919320731140887951      
   5.49415008815012896396632725382368295      
   5.45633249772741363360759721890896958      
   5.41750662515242899643612919483720520      
   5.37766078169760224593636741369530262      
   5.33678327745507454505220806250925768      
   5.29486241680010347181879409544822921      
   5.25188649213265758221898640239467354      
   5.20784377941986584486612830502589620      
   5.16272253100438896505714017916207503      
   5.11651097116317189197677225824969723      
   5.06919728955667119857046692636976536      
   5.02076963520290448384368229873786961      
   4.97121611190595471773266146626920001      
   4.92052477222497865284267995151443821      
   4.86868361236633125283677676026375280      
   4.81568056796181352646742672083928716      
   4.76150350927421541846566374693810718      
   4.70614023755872399698787354460817518      
   4.64957848117342842994232355735501398      
   4.59180589244845918741104136073739618      
   4.53281004497868331904892258837377818      
   4.47257843113256871757506552778714066      
   4.41109846013001014283356205138596266      
   4.34835745574132387908003750452644947      
   4.28434265548866539708634279972431919      
   4.21904120976575664591543657428028593      
   4.15244017975099991953237462513976163      
   4.08452653808729466858600116599211563      
   4.01528716738164591688660942690186401      
   3.94470886113184504057360096931459461      
   3.87277832251211197049119743755171951      
   3.79948216500169979551569974059100579      
   3.72480691292068526823039189818359003      
   3.64873900056487017343003460931389038      
   3.57126477416495866838272766534822602      
   3.49237049072581992108522572715729281      
   3.41204231932955266668555567667400563      
   3.33026634162054906846561729824182460      
   3.24702855263579584724143346746409021      
   3.16231486009005809666910052716147783      
   3.07611108674222964968892554458456348      
   2.98840296944746829706891268042525766      
   2.89917616078841995677752351207605375      
   2.80841622892966504746258353604105333      
   2.71610865879349767155902515702574970      
   2.62223885182512308510628235232910442      
   2.52679212761647688316373285270910338      
   2.42975372336440890662475651877029302      
   2.33110879527126135419252117396355646      
   2.23084241810913876982781736012139962      
   2.12893958677085375916031986566803667      
   2.02538521581106511065692562192655761      
   1.92016414036298621817783153087984083      
   1.81326111640775025779891421390857628      
   1.70466082113348520399442824306110047      
   1.59434785360341164446074801250206136      
   1.48230673463941071715397076381694346      
   1.36852190754799168505750376393582561      
   1.25297773823371426204210143526549165      
   1.13565851569746067014821875006095907      
   1.01654845229011064168130534661001733      
  0.895631683772589170461444296562075574      
  0.772892269903967990815627999088470394      
  0.648314194284037612565744090655911800      
  0.521881365407487959218187451695321022      
  0.393577615990342760544619936317211052      
  0.263386702803921283701508432792462283      
  0.131292309242318903536904487753287699      
  -2.72195779912143734088447001010890536E-0003
 -0.138672564784174052074264876105428591      
 -0.276576053601882162702509202011501629      
 -0.416449039755146434728605930068546431      
 -0.558308213097216460557773393118220099      
 -0.702170337757019648524217611675434389      
 -0.848052251124820947943860011107699137      
 -0.995970865177785224591716379213227732      
  -1.14594316423547040313950005405006618      
  -1.29798620776600229938986791475954802      
  -1.45211712651180442792077101918308810      
  -1.60835312622671895443218581834815402      
  -1.76671148475091202033259991293992717      
  -1.92720955294453540385984797695460851      
  -2.08986475661362093118345491130581662      
  -2.25469459003930090269149176991545738      
  -2.42171662539744392253937125803991194      
  -2.59094850343760653106235337363769691      
  -2.76240793893945552958023169793045461      
  -2.93611272053115393519300145769285569      
  -3.11208070688151599172204648831919665      
  -3.29032982950743404700430325629146644      
  -3.47087809447934991330692875007951269      
  -3.65374357684301823638737736717383942      
  -3.83894442461788571522040897960656302      
  -4.02649886036092408137773486607212799      
  -4.21642517547207476135978635706248223      
  -4.40874173307092975457358647676504748      
