   6.46114195192883683103959025933776710      
   6.46114195192883683103959028499496191      
   6.46114195192883683103959035532093786      
   6.46114195192883683102469808778159386      
   6.46114195192883681091044040802683296      
   6.46114195192883395908069845156041743      
   6.46114195192872862681807356997447776      
   6.46114195192710348449190041761002097      
   6.46114195191329443903158390263131343      
   6.46114195183642797858460260901565171      
   6.46114195152238731142082885521825972      
   6.46114195050531948608533096826474482      
   6.46114194775015728303573628956196726      
   6.46114194126271020073481476659048647      
   6.46114192760518538183699699969025741      
   6.46114190135030112420115201830505318      
   6.46114185449193934888183264012564736      
   6.46114177594327917761897014540524138      
   6.46114165102815896209243951606050060      
   6.46114146101758446976163836312281062      
   6.46114118282214160016498999931665746      
   6.46114078876851865241525361895683866      
   6.46114024652224576443791292198292002      
   6.46113951912675860145781002081620127      
   6.46113856517669446766214916739982659      
   6.46113733914552445701143523920451987      
   6.46113579184631106858421004073065333      
   6.46113387101500621275810876065816870      
   6.46113152199280046245072728582039826      
   6.46112868846798513681476005266114757      
   6.46112531324152045977446051395084051      
   6.46112133906927995964757277804156718      
   6.46111670928328226480818699402940225      
   6.46111136844688131531499840045647282      
   6.46110526284516518849391148883251867      
   6.46109834083131498676115652885054323      
   6.46109055298501422504712347557002461      
   6.46108185219205161195666622548825029      
   6.46107219333028287217974553942392290      
   6.46106153325786810539893680951246651      
   6.46104983004180408346787744900883533      
   6.46103704250844564957690685078066080      
   6.46102312955464222218922909795811047      
   6.46100804940119968862352701845374022      
   6.46099175880225975544946575871308772      
   6.46097421221503122516954111313858720      
   6.46095536095347979550752331152042556      
   6.46093515244973960539852523161611469      
   6.46091352956312316145173133025429234      
   6.46089042969303323277150293236481941      
   6.46086578422890423150516046740750077      
   6.46083951797027985663970235294088650      
   6.46081154863074553708727501240577882      
   6.46078178641798421621721828255757081      
   6.46075013369132617729475049806865417      
   6.46071648471238506249522113669464050      
   6.46068072550455458277927665520665362      
   6.46064273371010885485983013852976544      
   6.46060237853725310361442402632472087      
   6.46055952077188586431682839823520599      
   6.46051401285249603290246876365511177      
   6.46046569902478555048934899077446642      
   6.46041441543423325819073156162348883      
   6.46035999040720110847497015303787745      
   6.46030224461103055130593686836915885      
   6.46024099125686088425897656831404959      
   6.46017603634565408526641717764202868      
   6.46010717893867374687100483553035399      
   6.46003421145132880493256065553935485      
   6.45995691977036179657243875601242153      
   6.45987508351413505394243094840644874      
   6.45978847632445508240285861896537160      
   6.45969686590705015885547410545481157      
   6.45960001423941234396423546350448897      
   6.45949767772473021910529534418543728      
   6.45938960721019843263453855813156512      
   6.45927554803157026969640768048205577      
   6.45915524004688981838700022163788980      
   6.45902841767613679856144914513979484      
   6.45889480969210170262079820052283202      
   6.45875413912756656201058097844417100      
   6.45860612306854927683134386990826710      
   6.45845047244927366944352822877331396      
   6.45828689175837671270332584617018068      
   6.45811507870075349336202296900255590      
   6.45793472374816894484140092477228858      
   6.45774550971733665761387203163717412      
   6.45754711116859135834137496201633229      
   6.45733919430000400442499051333672348      
   6.45712141566270384374232875670917304      
   6.45689342164068360991081181368065589      
   6.45665484768437097961593819265485120      
   6.45640531861386524070865961819394007      
   6.45614444372564141278074792812498092      
   6.45587182224465486407943098161973350      
   6.45558703706781497856447487772563242      
   6.45528965540926224321141523932735505      
   6.45497922786998419184704658722325597      
   6.45465528555582118154890364254418075      
   6.45431734223382511117457171554778488      
   6.45396488803198282298973033824299186      
   6.45359739225441257789321276255201391      
   6.45321429868876754406672480430723646      
   6.45281502576926109409484559485058486      
   6.45239896334312069575415825909581681      
   6.45196547145648225198891937646430886      
   6.45151387775970209908740591955941295      
   6.45104347586670713130781002118455191      
   6.45055352234630421059060793151971008      
   6.45004323394162272297810163092032459      
   6.44951178553145471860898038754714586      
   6.44895830717105451705327795976968331      
   6.44838188016603149258613840864039275      
   6.44778153470381879629782230262602285      
   6.44715624573281325623046510425636829      
   6.44650492935440391887575684669372442      
   6.44582643873866860906078946211204763      
   6.44511956010124901995734166898373702      
   6.44438300744291337815248416088351082      
   6.44361541826816246440024399489916402      
   6.44281534781187327229174477308572198      
   6.44198126316472215611580137610799485      
   6.44111153806154209126761980930788697      
   6.44020444475857343754519083510276479      
   6.43925814828747382491493503146680997      
   6.43827069777342278253977666356817778      
   6.43724001860807525948749325905614719      
   6.43616390316538640028115938089145482      
   6.43504000110877113763688748587157078      
   6.43386580873817781500739177744607650      
   6.43263865756606124102019415229543250      
   6.43135570168097541812350250567307504      
   6.43001390420226178502235510971857804      
   6.42861002240821109452575636353682050      
   6.42714059163562269467474890084641958      
   6.42560190749994785350585637058903965      
   6.42399000711035385595710755656356453      
   6.42230064702105239708015890139674921      
   6.42052928153060432047928122757305959      
   6.41867103691878304030530884491818044      
   6.41672068415749911952974581787280185      
   6.41467260912945024741650276311395169      
   6.41252078008657052513534192397781170      
   6.41025871231076618553146328090758841      
   6.40787942975695798273996881015341310      
   6.40537542383710040672859476551454140      
   6.40273860886789997156683353729069742      
   6.39996027491325486533160895168806275      
   6.39703103806016791659975620672262866      
   6.39394078826934954356132094434712983      
   6.39067863731248394878538359605954830      
   6.38723286596351973310658478076822616      
   6.38359087443700249428429216528892460      
   6.37973913745554602124541122382612633      
   6.37566316864075256675498128831962800      
   6.37134749555092072356818003655203475      
   6.36677565597053815253519830472385491      
   6.36193021289604138734769711422353042      
   6.35679279865443738988785340760233481      
   6.35134418874558808895016012856175216      
   6.34556440806016053262814388509940906      
   6.33943286798679749835609133342059624      
   6.33292852928214478058010389019679959      
   6.32603008308521525896500884094641204      
   6.31871613919782329619672461827529237      
   6.31096541213606767912794523031681132      
   6.30275689003467571247070692848750792      
   6.29406997874474816797896800125070477      
   6.28488461936517435903081284691332121      
   6.27518136550965197254363180453998541      
   6.26494143373063552371940413812167014      
   6.25414672151749706214903221848668313      
   6.24277979960161458979532931544075363      
   6.23082388697556598088163052735703274      
   6.21826281057118838767292009728602060      
   6.20508095712221830701958510695038362      
   6.19126322058381791453098189158628790      
   6.17679494569851247834044521034853189      
   6.16166187980836034331625915282004778      
   6.14585011657833609421781288554010643      
   6.12934605643023169623826486920160815      
   6.11213635991969005718317799459896549      
   6.09420791257742493851039757039163622      
   6.07554779232258967299930746284504767      
   6.05614324146437476468232656775867741      
   6.03598164160144059633475198114718844      
   6.01505049344188190726218105300802011      
   5.99333739907816858592993306404988867      
   5.97083004793796535351014868611530170      
   5.94751620444112526574259632072777965      
   5.92338369758094969195839056053205852      
   5.89842041385059030266681228522493100      
   5.87261428974823526471194602250670733      
   5.84595330706043887990874836374885708      
   5.81842548847760195159124182735156887      
   5.79001889445347553894999439635509716      
   5.76072161985177386134751267902654143      
   5.73052179200801999750149657702270604      
   5.69940756860152905409725615915231116      
   5.66736713550830449101995155373472256      
   5.63438870496439229924438823652095761      
   5.60046051278459924537962331677709551      
   5.56557081689739415888631163102982895      
   5.52970789356815227876087758867728879      
   5.49286003441042556123745805033035663      
   5.45501554393034870285361807721039884      
   5.41616273379800861940982301426353424      
   5.37628991943916938796027987506421474      
   5.33538541490460069318648393012247981      
   5.29343752816696408298100265718382202      
   5.25043455483856986934964443589134742      
   5.20636477370209940433543209671264377      
   5.16121643947204897499360079580908843      
   5.11497777842108951443112005023540022      
   5.06763698157489665482195609351083688      
   5.01918219930226155420430396323142983      
   4.96960153591776649759654334751159461      
   4.91888304425850328095362322039892834      
   4.86701472043111387377559751798034351      
   4.81398449968580467071104265541857973      
   4.75978025135253132872490337843388305      
   4.70438977572931222178443621444266530      
   4.64780079982123289167463995519407205      
   4.59000097443816102760257935736440396      
   4.53097787123771135218613152095201256      
   4.47071898088124678854147430065870162      
   4.40921171033298897304775183375855416      
   4.34644338124726568443426194150061103      
   4.28240122900700022799622526891621233      
   4.21707240147165450984724496186160157      
   4.15044395755450835380210642615943128      
   4.08250286745851461624780123569884996      
   4.01323601140441330610509115229261177      
   3.94263018043749660806484461555705658      
   3.87067207540623865863353104799704821      
   3.79734830759700392897627731520838760      
   3.72264539867231458134133461890474391      
   3.64654978084322379562267299513984400      
   3.56904779809545323267773962989877459      
   3.49012570522805958676131068747331233      
   3.40976966952429589978954636857765046      
   3.32796577018507667800510155916640292      
   3.24470000041396599286800533292277159      
   3.15995826614206251075942489038007791      
   3.07372638808934943346112651321156873      
   2.98599010144163897807878911626895961      
   2.89673505704518170022638362224564740      
   2.80594682139024949176001061184823810      
   2.71361087787241602257672852860255759      
   2.61971262630101199197328674530213543      
   2.52423738486143406802463915528570306      
   2.42717038942730986011011828647443656      
   2.32849679464021105270665271565696799      
   2.22820167428015801310392873653902611      
   2.12627002168751721814600702397894075      
   2.02268675040072534592794913341520277      
   1.91743669434191555794949077336769424      
   1.81050460838330842949515381421132761      
   1.70187516866164479275765790826559438      
   1.59153297321829828703802296672596131      
   1.47946254202254160769814901357710932      
   1.36564831728112824030929444771192733      
   1.25007466407354824981450242117828315      
   1.13272587051751796304527479631040829      
   1.01358614828049797700784186007120113      
  0.892639632028096275487109623749970654      
  0.769870380966710999806635211086066005      
  0.645262377990204499208540720233564261      
  0.518799530820162302061116960400185895      
  0.390465671598902768182883020930734291      
  0.260244556149452929983818237001056397      
  0.128119867494165710221104839817430853      
  -5.92478809295227400031679920330686354E-0003
 -0.141905877658037794958312670578816257      
 -0.279839943637513738127480726338024455      
 -0.419743602048320046570681007246427760      
 -0.561633543740461721550393021620171712      
 -0.705526532667724121420582670183904572      
 -0.851439407048038540271356588585575205      
 -0.999389079106551806575294471726951784      
  -1.14939253377826621189490217072527417      
  -1.30146683122019596821373129107922425      
  -1.45562910187901963958588807667476079      
  -1.61189655284905442643214320363241325      
  -1.77028646170854701023937888012833762      
  -1.93081617976292470261240769891217476      
  -2.09350313347170615697277635031707264      
  -2.25836481719047153273541739664668689      
  -2.42541880367863902007924292126525703      
  -2.59468273360423617712384662371566270      
  -2.76617432258151901091023709996261817      
  -2.93991135931799668241018057424993898      
  -3.11591170262122834290591258783108528      
  -3.29419328463397575191457098273967573      
  -3.47477411162363328700596539613187169      
  -3.65767225867928251116426250345706162      
  -3.84290587446350934273387986714033006      
  -4.03049318148390479293926612549367443      
  -4.22045247139473007538562904206800271      
  -4.41280210785429676753092728429581099      
