   6.46114195192883683103959025933776710      
   6.46114195192883683103959028499496191      
   6.46114195192883683103959035532093786      
   6.46114195192883683102469808778159386      
   6.46114195192883681091044040802683219      
   6.46114195192883395908069845156041666      
   6.46114195192872862681807356997444001      
   6.46114195192710348449190041760213467      
   6.46114195191329443903158390212583308      
   6.46114195183642797858460259475998836      
   6.46114195152238731142082863430894208      
   6.46114195050531948608532878662952391      
   6.46114194775015728303572107236630131      
   6.46114194126271020073473407883398053      
   6.46114192760518538183665369493588036      
   6.46114190135030112419993124777999336      
   6.46114185449193934887808917655544140      
   6.46114177594327917760882456230269184      
   6.46114165102815896206765472699056788      
   6.46114146101758446970617360452217595      
   6.46114118282214160004965691590541297      
   6.46114078876851865240552004197889804      
   6.46114024652224576438908576221422679      
   6.46113951912675860121920760617920810      
   6.46113856517669446663135388238891280      
   6.46113733914552445301741047229270837      
   6.46113579184631105453391865510210999      
   6.46113387101500616741581379660005245      
   6.46113152199280032701791827392946837      
   6.46112868846798475951899869267359451      
   6.46112531324151947296625109779632264      
   6.46112133906927752241658612142432659      
   6.46111670928327655167626520058818318      
   6.46111136844686854784780267500140460      
   6.46110526284513787942030063330387675      
   6.46109834083125888040709852646581331      
   6.46109055298490315538962555122590024      
   6.46108185219183915205766369952553873      
   6.46107219332988916664819520655302802      
   6.46106153325715969271169523424504145      
   6.46104983004056376826175262840893696      
   6.46103704250632856544371216544594646      
   6.46102312955111314107906868199625000      
   6.46100804939544535992427237051918627      
   6.46099175879306857786204982164733382      
   6.46097421220063085142405108346992707      
   6.46095536093132155493137079343415706      
   6.46093515241621609120132664526068796      
   6.46091352951320364035551057827187513      
   6.46089042961979853814668037361773418      
   6.46086578412296024484014299352864610      
   6.46083951781902574180168570284010210      
   6.46081154841746973528245374366771252      
   6.46078178612200327915175422779528977      
   6.46075013328189648914829368394315529      
   6.46071648415391380812822346944032284      
   6.46068072475028013791407144125475487      
   6.46064273270086562089531117800619065      
   6.46060237719876696403857662107340066      
   6.46055951901160055104000849074825995      
   6.46051401055587375918079865667493980      
   6.46046569605101628251739262726695517      
   6.46041441161128721905737668829702352      
   6.46035998552613641642220755519738247      
   6.46030223841949853513035966718828264      
   6.46024098345170090937787296097664279      
   6.46017602656450986471826384349141468      
   6.46010716675047498123108197344451647      
   6.46003419634563163747153787873331856      
   6.45995690114537969495883175486697220      
   6.45987506066328371359847902884042712      
   6.45978844842144049966055410349679845      
   6.45969683198922389173433094049543970      
   6.45959997318933988082203104792275324      
   6.45949762824978033335445783040732400      
   6.45938954782004603031525132233930371      
   6.45927547701347139231256227792728020      
   6.45915515543832647276821748430963553      
   6.45902831723501643879077155393417040      
   6.45889469086417346846062141842064961      
   6.45875399901075128732923350413324470      
   6.45860595837404070080472461849173854      
   6.45845027945920053092753410808550909      
   6.45828666627982659547356486094683044      
   6.45811481601587074106398486970770185      
   6.45793441856028087277674154430164469      
   6.45774515609219497297146336469547883      
   6.45754670246989569306259278159656840      
   6.45733872312373844066854834253558167      
   6.45712087375977056311426949204997434      
   6.45689279984122252121688756603198664      
   6.45665413580957220245237117592030739      
   6.45640450538807044243414665245455923      
   6.45614351666636005549672354520271562      
   6.45587076756091380244386371672876092      
   6.45558583955755275285179776696475189      
   6.45528829832207232367451776594670852      
   6.45497769277938733202499885520749012      
   6.45465355222168197021802955075502216      
   6.45431538844684796303682870169628856      
   6.45396268943846253889327901986093396      
   6.45359492220708671309624705694064597      
   6.45321152804865727924838830161844949      
   6.45281192269907487321277480574345347      
   6.45239549310291127084218829796070670      
   6.45196159616721671175395737455509085      
   6.45150955616342281669809109905085680      
   6.45103866305908536086180213368958224      
   6.45054816950306010346525059362619410      
   6.45003728800518608488369521593080691      
   6.44950518890397289319286443520981202      
   6.44895099735499646142510980424116197      
   6.44837378940834181171530535460397109      
   6.44777258959158743270540081270219761      
   6.44714636677684502058264154840290753      
   6.44649403053499628491422513172331716      
   6.44581442701887996673614306328520123      
   6.44510633491423839491819581951818286      
   6.44436846011342525772663635419135885      
   6.44359943149489337610656081065932649      
   6.44279779485526442164631774670643170      
   6.44196200752315780484613306372256116      
   6.44109043225764169270070802953323342      
   6.44018132991380640348884241550006021      
   6.43923285316474490625985021533150703      
   6.43824303789655215544127428211868691      
   6.43720979528490200785538250556909323      
   6.43613090248071748377735274984081691      
   6.43500399280738370657352277135672290      
   6.43382654505224437959853996065782205      
   6.43259587194044804748535022808499451      
   6.43130910742528471599492207283782398      
   6.42996319303750227541000498015211476      
   6.42855486291723742692884335993217349      
   6.42708062761326590141901695455983133      
   6.42553675614293880041587079618706081      
   6.42391925719623304519431169921998441      
   6.42222385680983743319505204879387034      
   6.42044597670799615435229205548437073      
   6.41858070821034851571922331967492316      
   6.41662278506329064047762549825761408      
   6.41456655331353569410838599382207211      
   6.41240593875932757896177730452147021      
   6.41013441145357181669551748449977727      
   6.40774494737003328105410120461104149      
   6.40522998693578124128129342401679815      
   6.40258139079892383964701715412884111      
   6.39979039247785210735185595343534333      
   6.39684754885974483675790645993807435      
   6.39374268879218745247860538030256102      
   6.39046486056364578905728145388422687      
   6.38700228072801660197940566194393434      
   6.38334228518889308084645116805184511      
   6.37947128531026227463022728408035354      
   6.37537473419228432961820104634461855      
   6.37103710344462370414320269303395118      
   6.36644188196244793369730265434745527      
   6.36157159320701127801029315024190958      
   6.35640784186190737494022219855159136      
   6.35093139017981270925012225692343717      
   6.34512226596346866933338006598364068      
   6.33895990102978981890505415292257733      
   6.33242329403166827713133513201352647      
   6.32549119075877624362196721352301007      
   6.31814227103458749614090268036354179      
   6.31035533027976912645111369730994121      
   6.30210944656880916261521629335614647      
   6.29338411998175387318988925014166555      
   6.28415938695077907023912377187611620      
   6.27441589391329714959452402583547432      
   6.26413494625709542518794856863967340      
   6.25329852226620476911973338999630074      
   6.24188926732735748366598185523413163      
   6.22989046494839127114995806547009342      
   6.21728599939674856974446532100182781      
   6.20406030672394136214571519614030673      
   6.19019832294528299482313358712096430      
   6.17568542808307693159821255992648721      
   6.16050739850709623249547046737148428      
   6.14465035251642996787049651790851269      
   6.12810071098467312566741367423101865      
   6.11084515076432048794181087728684070      
   6.09287057170095448431616473168811534      
   6.07416406356803301677843074543675413      
   6.05471287848440508234619640231956342      
   6.03450440675637393666403017735417104      
   6.01352615683006148171861476128316255      
   5.99176573790018224057292912636995310      
   5.96921084606084447367776790676194528      
   5.94584925241672711199826037742897525      
   5.92166879216404843195621170329375891      
   5.89665735867532923018568447029365577      
   5.87080289520274186237557051729122316      
   5.84409339068908079372914500108992466      
   5.81651687554903622371386532447351576      
   5.78806141779050896214148023815910813      
   5.75871512062039694255001087807271486      
   5.72846611996333604184932794797823775      
   5.69730258229203102018398173062031665      
   5.66521270265403934888640964915642310      
   5.63218470246716585541241858694782877      
   5.59820682699088165768389247099000672      
   5.56326734349688651106150702748097482      
   5.52735453751053197969086797017452315      
   5.49045670966592796923125918482569155      
   5.45256217324627446412691193405761217      
   5.41365924828079921388710962674190386      
   5.37373625806840920911659006413764962      
   5.33278152385342102118499809773412536      
   5.29078336016722378605386055951131386      
   5.24773006864572889435924960365738826      
   5.20360993314566221544401572945340352      
   5.15841121291060500908503800890127373      
   5.11212213752553910697049778764142247      
   5.06473090097148781840351992559200452      
   5.01622565526892883804916349098564662      
   4.96659450616794584346461474508327699      
   4.91582550674247346977407406146418022      
   4.86390665296056162490849871889279729      
   4.81082587902246970457135354541968147      
   4.75657105290586619752726140235890616      
   4.70112997265673153607861903243457761      
   4.64449036296134374093227312099976732      
   4.58663987137046208664393809015346262      
   4.52756606637278188735171813532329108      
   4.46725643512244295619730301466632142      
   4.40569838043338039925125264128675696      
   4.34287922012306443665747179480849574      
   4.27878618524023636354452848123628124      
   4.21340641913826059209741156059626153      
   4.14672697656285959299429249752669689      
   4.07873482304397652274193636744935718      
   4.00941683437498152852117159461801753      
   3.93875979717955939839823639959872921      
   3.86675040780247806076816327011730528      
   3.79337527331858004184197843084918140      
   3.71862091071577195230061419082785116      
   3.64247374858313195296860210130410818      
   3.56492012619619925329781288217618825      
   3.48594629475865132931200425698105503      
   3.40553841741433131001689642281410653      
   3.32368256966116718049128954083593164      
   3.24036474095683566565854307885958545      
   3.15557083384119202295825070633679962      
   3.06928666562045276586783527653595570      
   2.98149796800350284103370473927014693      
   2.89219038870767427204306595783980549      
   2.80134949130625711194876092979209301      
   2.70896075598713253275101694000636881      
   2.61500958017941910489194098080055150      
   2.51948127885189714743216346513732232      
   2.42236108551480592122258306587930444      
   2.32363415225495716949728789768886999      
   2.22328555052895624978412716109574646      
   2.12130027118514222721783445100233451      
   2.01766322573730334565828251605698183      
   1.91235924583215786367727197490313512      
   1.80537308440642373579995626723014541      
   1.69668941560281931620939120006291767      
   1.58629283566665733115569556548301868      
   1.47416786249614538548397410623376498      
   1.36029893688310840003906876586411899      
   1.24467042203355106368068929690056359      
   1.12726660466686522253957938474015992      
   1.00807169479932577184433771099772632      
  0.887069825649138350215102829131720324      
  0.764245054660078453877332290954212469      
  0.639581364257448897892318412855788203      
  0.513062659930951290369535800684425704      
  0.384672773000857929409416400852291177      
  0.254395458097940361437038130586526669      
  0.122214397069387446242210862515127126      
  -1.18868051246722428886450265369875568E-0002
 -0.147924616282119487753018105777699381      
 -0.285915580308884014703634392891692175      
 -0.425876313976356636434981594201160880      
 -0.567823509032937094286825705913896151      
 -0.711773930364425084855040724037666263      
 -0.857744417338245689431611606483901482      
  -1.00575188275118742759395671707246116      
  -1.15581331265392602119208541155653476      
  -1.30794576745896403654640744552772716      
  -1.46216637889069770645021084543908684      
  -1.61849235505021813932821735980914749      
  -1.77694097324693333609808419439689438      
  -1.93752958732657044596377823126635208      
  -2.10027562190093760111125110628469381      
  -2.26519657388243151950377222701446433      
  -2.43231001610690465961196636688258688      
  -2.60163358982056127900077151091766612      
  -2.77318501142873616052818519235254268      
  -2.94698207012212417222816140885530481      
  -3.12304262486846123747858133072817072      
  -3.30138460898417976718022162469778813      
  -3.48202602919470066140154968695258034      
  -3.66498496056332072886297795244413092      
  -3.85027955292202419467067336165810829      
  -4.03792802897778098382956246335475885      
  -4.22794868035577412095956756378563250      
  -4.42035987202143511289219151084472997      
