   6.46114195192883683103959025933776710      
   6.46114195192883683103959028499496191      
   6.46114195192883683103959035532093786      
   6.46114195192883683102469808778159386      
   6.46114195192883681091044040802683296      
   6.46114195192883395908069845156041743      
   6.46114195192872862681807356997443539      
   6.46114195192710348449190041760067944      
   6.46114195191329443903158390203569494      
   6.46114195183642797858460259228252216      
   6.46114195152238731142082859667713764      
   6.46114195050531948608532842080070870      
   6.46114194775015728303571855267828877      
   6.46114194126271020073472085474024500      
   6.46114192760518538183659790244574494      
   6.46114190135030112419973423925644591      
   6.46114185449193934887748860045281849      
   6.46114177594327917760720496157409694      
   6.46114165102815896206371486340558623      
   6.46114146101758446969738770776481357      
   6.46114118282214160003143572192920700      
   6.46114078876851865240367181206911126      
   6.46114024652224576437995730973331938      
   6.46113951912675860117520501783514039      
   6.46113856517669446644359369614600814      
   6.46113733914552445229802197783959342      
   6.46113579184631105202898176357512123      
   6.46113387101500615940712159928027314      
   6.46113152199280030330014278103511614      
   6.46112868846798469396001337224957738      
   6.46112531324151930272718695038500046      
   6.46112133906927710473339560094914429      
   6.46111670928327557854541324845736643      
   6.46111136844686638538114152046634318      
   6.46110526284513327811519385113856598      
   6.46109834083124947277886792236035765      
   6.46109055298488461550376226108500928      
   6.46108185219180383633266682577426639      
   6.46107219332982397886896492837542828      
   6.46106153325704282413789017199092291      
   6.46104983004035984638351897954791361      
   6.46103704250598160085054978402431802      
   6.46102312955053649262747041940003696      
   6.46100804939450774016634511526533490      
   6.46099175879157489071903968348074339      
   6.46097421219829638989203929104159930      
   6.46095536092773782250195807648000841      
   6.46093515241080611518765742684496956      
   6.46091352950516438972914597363536358      
   6.46089042960802759294149630070414404      
   6.46086578410596347238817124568846445      
   6.46083951779480228305994670893255587      
   6.46081154838337011964970851313958130      
   6.46078178607458504664295920191195930      
   6.46075013321663495123394253683491911      
   6.46071648406502185725741732354773810      
   6.46068072463038401270731837633960151      
   6.46064273254064652180023725087284009      
   6.46060237698653942244836160420603726      
   6.46055951873281809919242020728716338      
   6.46051401019255319385248852796961672      
   6.46046569558107041676399790702455008      
   6.46041441100775607779641550085914068      
   6.46035998475630327354927325046857188      
   6.46030223744388205760013658461171118      
   6.46024098222290669228078288387648184      
   6.46017602502593100383821182854667722      
   6.46010716483481748087138857614356832      
   6.46003419397326403127221883685346929      
   6.45995689822248079370501023662139479      
   6.45987505707976121479909572821627559      
   6.45978844404862547733021566745194785      
   6.45969682667729830651709145283721557      
   6.45959996676448911679135610288041286      
   6.45949762051104114038504039033938568      
   6.45938953853583353953650490829641569      
   6.45927546591776358170505269081527919      
   6.45915514222644371245138750047503753      
   6.45902830155902557033482070719859876      
   6.45889467232786411858633482284809016      
   6.45875397716413769380404900609725643      
   6.45860593270736740572762520604753062      
   6.45845024939641973848329292019117100      
   6.45828663117151675324261426554727577      
   6.45811477513155214548484268488367091      
   6.45793437108012182598597116215601407      
   6.45774510109796679382482856776300227      
   6.45754663893504825492344945541775425      
   6.45733864990315659739897977564403069      
   6.45712078957844399165113789046861420      
   6.45689270328174445916748071276732180      
   6.45665402529915036472764830085650948      
   6.45640437918487461615556663508352493      
   6.45614337284259262225419138141137650      
   6.45587060398718907678199198231689038      
   6.45558565388715261324200732776401827      
   6.45528808796982305265026954812289162      
   6.45497745490203866477958305916852321      
   6.45465328369677027200557007451508440      
   6.45431508584881552210163044313484397      
   6.45396234901167344865387459751604126      
   6.45359453984301258492402263396537249      
   6.45321109925538225167097433418547752      
   6.45281144256957603316727004528604925      
   6.45239495628368465371415380417256744      
   6.45196099682196714792941635759379536      
   6.45150888793624063737793240303760092      
   6.45103791903339135996452095323464576      
   6.45054734215961008525010659603968274      
   6.45003636917395291491258939963462775      
   6.44950416971705018946756507815589026      
   6.44894986819142321031560091335153358      
   6.44837253983950986066665110713410933      
   6.44777120831915942839633505335556207      
   6.44714484156890249527072326764892796      
   6.44649234815632075107761284750503004      
   6.44581257315627851087066405435551683      
   6.44510429409791128568522991771862481      
   6.44436621563128614887030319275565617      
   6.44359696530089059361907497573476633      
   6.44279508747302081405632332143577964      
   6.44195903794503214069760137454533246      
   6.44108717781991154165457562290427142      
   6.44017776619297744282419806608730080      
   6.43922895383980307051867918053632741      
   6.43823877461546988847836030726227677      
   6.43720513751278995563377561316060334      
   6.43612581734676242208560062623588458      
   6.43499844493365783283971815354966314      
   6.43382049637370429478003077902777824      
   6.43258928150989351149244419454878558      
   6.43130193120669558697807712947076820      
   6.42995538368357429985573741272887004      
   6.42854636953212807290514292019964830      
   6.42707139550005064992632858973496284      
   6.42552672652608988211987335658741686      
   6.42390836694394086297976821601811185      
   6.42221203811213504577697030736315513      
   6.42043315675909104203536857038434310      
   6.41856680885823797712298328946061115      
   6.41660772244211735231973843985083530      
   6.41455023745936090749937650878458131      
   6.41238827320616301067562729926345595      
   6.41011529281365624792427814294150301      
   6.40772426490537636429885204281736869      
   6.40520762212208507917952810960364911      
   6.40255721689042784178375602209839222      
   6.39976427409036881598834639310192831      
   6.39681934157753462993412840344232698      
   6.39371223883013161062441625359240608      
   6.39043200449148202265529201555329498      
   6.38696684531761848035890625649687849      
   6.38330408741488618039015997252357306      
   6.37943013252501701080849868958474412      
   6.37533042456462092340108578770650021      
   6.37098942668108252774513292323528859      
   6.36639062039237458496374056900076837      
   6.36151652325418634103420188848851396      
   6.35634873580008493486986769770155220      
   6.35086801844809984637286507906346565      
   6.34505439956161128726034705377282396      
   6.33888731418215342916120167172287488      
   6.33234576688294187457508665141111361      
   6.32540851189717456582862027969379792      
   6.31805423972131235029837613074550249      
   6.31026175821207444702776902148387067      
   6.30201015914563870972117246197992758      
   6.29327895695301562115638712735929582      
   6.28404820255811260885724116851666282      
   6.27429855653063356757217030088828683      
   6.26401133764488650188496866902312330      
   6.25316853657221306250480223245709774      
   6.24175280989336158731178495681534377      
   6.22974745097690092717434482401891755      
   6.21713635242027849267845457450966181      
   6.20390395859336208056244643768772529      
   6.19003521116354510904755813031286176      
   6.17551549567102930644458938632551746      
   6.16033059292087741355775417975616993      
   6.14446662497374839348950794243138131      
   6.12791001591374587094651803339584660      
   6.11064744474216206240746645032380665      
   6.09266581380827308749543437048707561      
   6.07395221459463434739065720078541020      
   6.05449390072330466568930786591904854      
   6.03427826383202111982302090993537965      
   6.01329281356094697803430818107340914      
   5.99152516019811171215923276965309076      
   5.96896300086813551495028658416546204      
   5.94559410768762120825237820594136363      
   5.92140631686863940402919565491392746      
   5.89638752279218696730224325887981911      
   5.87052566979732754811357960933119874      
   5.84380874791798642729277397539586788      
   5.81622478869561906176932551151581321      
   5.78776186141543809036855821146194844      
   5.75840807051277337654322989142888400      
   5.72815155322823037445870933327133915      
   5.69698047742092049670386141405829452      
   5.66488303951837888924666164521175249      
   5.63184746236518902807674696222854955      
   5.59786199265901076361231774273775820      
   5.56291489910609995099955135484013403      
   5.52699446864893263014435960409169986      
   5.49008900330283388312555330262319648      
   5.45218681768866137741986032745169589      
   5.41327623309886345484017724122606379      
   5.37334557404303562626076582898344372      
   5.33238316285951183602264238881612359      
   5.29037731505958427730052678287316681      
   5.24731633325239600013579446847845064      
   5.20318850198892112952002549955952059      
   5.15798208119311556643370266713232740      
   5.11168530101801081406357932555271759      
   5.06428635575613779628519602455469412      
   5.01577339781433396743966220303834788      
   4.96613453308664889004363517236231087      
   4.91535781465914952879964934828154505      
   4.86343123849410855795325423748586885      
   4.81034273861835021483867002236702800      
   4.75608018278774489158478793844183106      
   4.70063136870835351367662217240482005      
   4.64398402067519831662610910868742050      
   4.58612578579351944134666872263695784      
   4.52704423201260732073080824398345866      
   4.46672684595422624488459937897889049      
   4.40516102981335867664268823117878970      
   4.34233410079979313007002418691994303      
   4.27823328929411684395968221114486267      
   4.21284573798571835973974430006537964      
   4.14615850096190191378696195891894088      
   4.07815854303682624804042149265247933      
   4.00883273932503512802729643749418297      
   3.93816787578450271362789336384070798      
   3.86615064806659123577513162747237741      
   3.79276766251427763157862640137735075      
   3.71800543568255769419667718497714623      
   3.64185039529359547022861407819903770      
   3.56428888005728153335505108523244767      
   3.48530714057069613662746519779276831      
   3.40489133941085047229623417464212660      
   3.32302755143014426750086339412812372      
   3.23970176559041862426941429349033050      
   3.15489988385969059507291980518752704      
   3.06860772305289481886777209686185938      
   2.98081101434067849691818006681295254      
   2.89149540496639284930560582695533835      
   2.80064645805671030494803498208489939      
   2.70824965332548037864449293637973907      
   2.61429038778900376004658390080602525      
   2.51875397598745465386057635925380798      
   2.42162565104513051436314296142890554      
   2.32289056465801093624091791047785153      
   2.22253378792420661204968369474463945      
   2.12054031132168803750999703887768702      
   2.01689504604933286252865006178068381      
   1.91158282341796673952090274239048302      
   1.80458839605366914997473875790104140      
   1.69589643780325068600467794253093434      
   1.58549154457819851021533116084458574      
   1.47335823414877748945936179138294627      
   1.35948094690106005626364071343201905      
   1.24384404581378837483236413488453594      
   1.12643181739467721468802977334877056      
   1.00722847134924460024495912774932088      
  0.886218140868652838194950040805818811      
  0.763384882962276159101827245974060892      
  0.638712679954025386463964345408809093      
  0.512185437104607858066017985159339499      
  0.383786985589924649031516806988161223      
  0.253501079757382369295031713572263557      
  0.121311401376871409623899796118660415      
  -1.27984448081581817108678364043588862E-0002
 -0.148844926749712431858317192145505563      
 -0.286844588508646471512802590714120353      
 -0.426814047021951130667015532223662780      
 -0.568769994172341637419630358110852918      
 -0.712729194719916419396226786628756954      
 -0.858708488986202462415545256543888778      
  -1.00672478906179510464789183539173166      
  -1.15679508145241183209500846218415463      
  -1.30893642661538580895366117363719355      
  -1.46316595643824812927967335165939571      
  -1.61950087919026288319522391579863763      
  -1.77795847221896879942268105558759690      
  -1.93855608949887749214100299878000626      
  -2.10131115569941466413915894731766815      
  -2.26624116790711506751243122166379239      
  -2.43336369903609447050245615828146335      
  -2.60269639055871306722265115961498177      
  -2.77425695854099018687581887758138379      
  -2.94806319272248289319414310226493747      
  -3.12413295193092677060687906691879470      
  -3.30248416965061109232984019639572014      
  -3.48313485270308073370308338512323175      
  -3.66610307612575760794768056178833901      
  -3.85140698991317368279541712430053527      
  -4.03906481684566487402297095777760537      
  -4.22909484856616804884071617105620845      
  -4.42151545015474858680234156605467127      
