-0.97967436974998E+10
-0.61229648109374E+09
-0.12094745305555E+09
-0.38268530068359E+08
-0.15674789916000E+08
-0.75592158159721E+07
-0.40802764254476E+07
-0.23917831292718E+07
-0.14931784327810E+07
-0.97967436973586E+06
-0.66913077637291E+06
-0.47245098839227E+06
-0.34301122828355E+06
-0.25501727615587E+06
-0.19351592413103E+06
-0.14948644435209E+06
-0.11729677016809E+06
-0.93323649336636E+05
-0.75173941317110E+05
-0.61229643057555E+05
-0.50373776461329E+05
-0.41820665205210E+05
-0.35008239729308E+05
-0.29528174271290E+05
-0.25079648937939E+05
-0.21438184239050E+05
-0.18434281300415E+05
-0.15938556489599E+05
-0.13851248692349E+05
-0.12094715683730E+05
-0.10608002710021E+05
-0.93428664970911E+04
-0.82608339657126E+04
-0.73310049285450E+04
-0.65283954268047E+04
-0.58326778620813E+04
-0.52272150798084E+04
-0.46983141366425E+04
-0.42346456127707E+04
-0.38267886513175E+04
-0.34668721932548E+04
-0.31482903300145E+04
-0.28654751444695E+04
-0.26137144242726E+04
-0.23890046113687E+04
-0.21879315795806E+04
-0.20075735100878E+04
-0.18454214060985E+04
-0.16993137580293E+04
-0.15673826146237E+04
-0.14480088898619E+04
-0.13397851811695E+04
-0.12414847221308E+04
-0.11520353654410E+04
-0.10704977066435E+04
-0.99604662916853E+03
-0.92795568633906E+03
-0.86558384396191E+03
-0.80836419363819E+03
-0.75579431657508E+03
-0.70742803407945E+03
-0.66286832646364E+03
-0.62176123934410E+03
-0.58379062676191E+03
-0.54867360529286E+03
-0.51615661396619E+03
-0.48601199146615E+03
-0.45803499639699E+03
-0.43204120766480E+03
-0.40786425193826E+03
-0.38535381312943E+03
-0.36437388539600E+03
-0.34480123717438E+03
-0.32652405810567E+03
-0.30944076520377E+03
-0.29345894749879E+03
-0.27849443164798E+03
-0.26447045330872E+03
-0.25131692110726E+03
-0.23896976181306E+03
-0.22737033696190E+03
-0.21646492230786E+03
-0.20620424272854E+03
-0.19654305602919E+03
-0.18743978006466E+03
-0.17885615818553E+03
-0.17075695870881E+03
-0.16310970458177E+03
-0.15588442992725E+03
-0.14905346054965E+03
-0.14259121574851E+03
-0.13647402924273E+03
-0.13067998712155E+03
-0.12518878107388E+03
-0.11998157529505E+03
-0.11504088568338E+03
-0.11035047006353E+03
-0.10589522835227E+03
-0.10166111163764E+03
-0.97635039348958E+02
-0.93804823675943E+02
-0.90159100566402E+02
-0.86687266667202E+02
-0.83379421647505E+02
-0.80226315384954E+02
-0.77219299582638E+02
-0.74350283407368E+02
-0.71611692750090E+02
-0.68996432833050E+02
-0.66497853816062E+02
-0.64109719162324E+02
-0.61826176520371E+02
-0.59641730885090E+02
-0.57551219855632E+02
-0.55549790804701E+02
-0.53632879836273E+02
-0.51796192272184E+02
-0.50035684706097E+02
-0.48347548378539E+02
-0.46728193802641E+02
-0.45174236576825E+02
-0.43682484254502E+02
-0.42249924211013E+02
-0.40873712414946E+02
-0.39551163012461E+02
-0.38279738651069E+02
-0.37057041469472E+02
-0.35880804688395E+02
-0.34748884761085E+02
-0.33659254010839E+02
-0.32609993739249E+02
-0.31599287730898E+02
-0.30625416151866E+02
-0.29686749787311E+02
-0.28781744605167E+02
-0.27908936640126E+02
-0.27066937186890E+02
-0.26254428271648E+02
-0.25470158422105E+02
-0.24712938710231E+02
-0.23981639061853E+02
-0.23275184812796E+02
-0.22592553507469E+02
-0.21932771914823E+02
-0.21294913252144E+02
-0.20678094596294E+02
-0.20081474472262E+02
-0.19504250595843E+02
-0.18945657770005E+02
-0.18404965911776E+02
-0.17881478206267E+02
-0.17374529371344E+02
-0.16883484031886E+02
-0.16407735186889E+02
-0.15946702770510E+02
-0.15499832295722E+02
-0.15066593574366E+02
-0.14646479511580E+02
-0.14239004967141E+02
-0.13843705677052E+02
-0.13460137242210E+02
-0.13087874160517E+02
-0.12726508924061E+02
-0.12375651153535E+02
-0.12034926785719E+02
-0.11703977300419E+02
-0.11382458991370E+02
-0.11070042270188E+02
-0.10766411012291E+02
-0.10471261930104E+02
-0.10184303985933E+02
-0.99052578270221E+01
-0.96338552558241E+01
-0.93698387223839E+01
-0.91129608454430E+01
-0.88629839553314E+01
-0.86196796609857E+01
-0.83828284372239E+01
-0.81522192340467E+01
-0.79276491019170E+01
-0.77089228422484E+01
-0.74958526648492E+01
-0.72882578708670E+01
-0.70859645454892E+01
-0.68888052686205E+01
-0.66966188377512E+01
-0.65092500031141E+01
-0.63265492195178E+01
-0.61483724032475E+01
-0.59745807074304E+01
-0.58050403023830E+01
-0.56396221688186E+01
-0.54782019000935E+01
-0.53206595144055E+01
-0.51668792732914E+01
-0.50167495103364E+01
-0.48701624671804E+01
-0.47270141380179E+01
-0.45872041177808E+01
-0.44506354605354E+01
-0.43172145426049E+01
-0.41868509327078E+01
-0.40594572665438E+01
-0.39349491263835E+01
-0.38132449304722E+01
-0.36942658196552E+01
-0.35779355556458E+01
-0.34641804207587E+01
-0.33529291218677E+01
-0.32441126988036E+01
-0.31376644358284E+01
-0.30335197817918E+01
-0.29316162630450E+01
-0.28318934110819E+01
-0.27342926895498E+01
-0.26387574179424E+01
-0.25452327098819E+01
-0.24536654054259E+01
-0.23640040056447E+01
-0.22761986206847E+01
-0.21902009024833E+01
-0.21059639975686E+01
-0.20234424894945E+01
-0.19425923511236E+01
-0.18633708930118E+01
-0.17857367188984E+01
-0.17096496793747E+01
-0.16350708288053E+01
-0.15619623814674E+01
-0.14902876801761E+01
-0.14200111471071E+01
-0.13510982530581E+01
-0.12835154803621E+01
-0.12172302887325E+01
-0.11522110844896E+01
-0.10884271840056E+01
-0.10258487872087E+01
-0.96444694948172E+00
-0.90419355127953E+00
-0.84506127025544E+00
-0.78702355695265E+00
-0.73005460496510E+00
-0.67412933864109E+00
-0.61922337641647E+00
-0.56531301417492E+00
-0.51237520343418E+00
-0.46038753188969E+00
-0.40932819825411E+00
-0.35917599946711E+00
-0.30991030746498E+00
-0.26151104902628E+00
-0.21395869932754E+00
-0.16723425171017E+00
-0.12131920921552E+00
-0.76195563682831E-01
-0.31845789521876E-01
 0.11747179808753E-01
 0.54599961308775E-01
 0.96728739378740E-01
 0.13814927720172E+00
 0.17887692223774E+00
 0.21892663089332E+00
 0.25831297452250E+00
 0.29705014962388E+00
 0.33515199061010E+00
 0.37263198019949E+00
 0.40950325959859E+00
 0.44577863822920E+00
 0.48147060463033E+00
 0.51659133373206E+00
 0.55115269723057E+00
 0.58516627224573E+00
 0.61864334963787E+00
 0.65159494190828E+00
 0.68403179146537E+00
 0.71596437812602E+00
 0.74740292648763E+00
 0.77835741324266E+00
 0.80883757389989E+00
 0.83885290969745E+00
 0.86841269400805E+00
 0.89752597879911E+00
 0.92620160043861E+00
 0.95444818592267E+00
 0.98227415847562E+00
 0.10096877431121E+01
 0.10366969720287E+01
 0.10633096897869E+01
 0.10895335584592E+01
 0.11153760624551E+01
 0.11408445133010E+01
 0.11659460542499E+01
 0.11906876647946E+01
 0.12150761649309E+01
 0.12391182194228E+01
 0.12628203419267E+01
 0.12861888986842E+01
 0.13092301127739E+01
 0.13319500675408E+01
 0.13543547103629E+01
