-0.45215789631075E-07
-0.11303947407737E-07
-0.50239766386567E-08
-0.28260457459953E-08
-0.18160278354493E-08
-0.42212033581493E-09
 0.66988372127371E-08
 0.72349814078230E-07
 0.41513041772671E-06
 0.16685213343486E-05
 0.52050617449307E-05
 0.13459010059219E-04
 0.30278459003196E-04
 0.60012332433270E-04
 0.11030616307180E-03
 0.18810512774669E-03
 0.29969440023260E-03
 0.45286617381775E-03
 0.65655010689138E-03
 0.91672651536343E-03
 0.12392520155247E-02
 0.16295957978817E-02
 0.20915807160360E-02
 0.26294148903435E-02
 0.32459727940517E-02
 0.39436732104499E-02
 0.47243527287809E-02
 0.55895574772263E-02
 0.65394944673420E-02
 0.75731026334296E-02
 0.86929484862695E-02
 0.98956121464981E-02
 0.11178270904490E-01
 0.12539813963212E-01
 0.13979073811982E-01
 0.15492908731305E-01
 0.17078384329947E-01
 0.18732545391288E-01
 0.20453064950462E-01
 0.22234913452178E-01
 0.24077358424353E-01
 0.25978403963362E-01
 0.27936289965828E-01
 0.29948500135293E-01
 0.32015079189498E-01
 0.34135114486206E-01
 0.36307967058988E-01
 0.38532949118239E-01
 0.40810212441935E-01
 0.43140939638312E-01
 0.45526345916248E-01
 0.47967012294143E-01
 0.50464458891120E-01
 0.53020236762746E-01
 0.55636006948809E-01
 0.58314035066693E-01
 0.61055693393394E-01
 0.63862067670100E-01
 0.66736809670150E-01
 0.69681036573212E-01
 0.72697581025916E-01
 0.75792066636271E-01
 0.78964688682043E-01
 0.82213080353745E-01
 0.85536069822034E-01
 0.88936285016404E-01
 0.92419556079163E-01
 0.95991314374811E-01
 0.99653793887923E-01
 0.10340207555605E+00
 0.10723394318258E+00
 0.11115308196727E+00
 0.11516512477228E+00
 0.11926351022148E+00
 0.12345391134282E+00
 0.12773845313691E+00
 0.13211333943776E+00
 0.13657744594111E+00
 0.14113548004207E+00
 0.14578691775864E+00
 0.15053269338599E+00
 0.15536903000664E+00
 0.16029932454452E+00
 0.16532390862274E+00
 0.17044235818770E+00
 0.17565553460220E+00
 0.18096439302208E+00
 0.18636847182419E+00
 0.19186916231102E+00
 0.19746783679496E+00
 0.20316546994147E+00
 0.20896361132989E+00
 0.21486223402715E+00
 0.22086664375511E+00
 0.22697648659205E+00
 0.23319532899774E+00
 0.23952413766204E+00
 0.24596958640414E+00
 0.25253152111224E+00
 0.25921549921569E+00
 0.26602680802202E+00
 0.27296891098660E+00
 0.28004844586942E+00
 0.28727190590300E+00
 0.29464649672991E+00
 0.30217661565581E+00
 0.30987494110398E+00
 0.31774953201588E+00
 0.32581446943356E+00
 0.33408406734469E+00
 0.34257640404396E+00
 0.35131481996465E+00
 0.36032895839115E+00
 0.36965068569754E+00
 0.37931823619726E+00
 0.38938781599397E+00
 0.39990515194612E+00
 0.41091845435309E+00
 0.42247679009749E+00
 0.43459467783057E+00
 0.44725421750933E+00
 0.46038082780003E+00
 0.47383930392980E+00
 0.48744048731968E+00
 0.50095385032248E+00
 0.51412114417604E+00
 0.52666996721220E+00
 0.53832308117776E+00
 0.54881275555388E+00
 0.55789060546520E+00
 0.56534446288178E+00
 0.57101033217059E+00
 0.57478736330924E+00
 0.57664351032259E+00
 0.57661069688955E+00
 0.57477866451505E+00
 0.57129404910846E+00
 0.56633466399115E+00
 0.56010095786727E+00
 0.55280292584607E+00
 0.54464911504117E+00
 0.53583714077256E+00
 0.52654812549233E+00
 0.51694265102688E+00
 0.50716017892192E+00
 0.49731865888481E+00
 0.48751794332190E+00
 0.47783627446807E+00
 0.46833713235098E+00
 0.45906862876543E+00
 0.45006711464636E+00
 0.44135754864271E+00
 0.43295777469631E+00
 0.42487705482818E+00
 0.41711921723708E+00
 0.40968378467273E+00
 0.40256665974884E+00
 0.39576135552726E+00
 0.38925962446997E+00
 0.38305015026652E+00
 0.37712278874907E+00
 0.37146489888459E+00
 0.36606517777478E+00
 0.36091133295892E+00
 0.35599112093184E+00
 0.35129247211945E+00
 0.34680435249009E+00
 0.34251502917397E+00
 0.33841437122329E+00
 0.33449125680990E+00
 0.33073670734106E+00
 0.32714090972775E+00
 0.32369502345513E+00
 0.32039106874126E+00
 0.31722097623660E+00
 0.31417756922169E+00
 0.31125379246533E+00
 0.30844306284496E+00
 0.30573915182670E+00
 0.30313530998352E+00
 0.30062723690039E+00
 0.29820943647336E+00
 0.29587721984525E+00
 0.29362601099639E+00
 0.29145161002356E+00
 0.28935033740603E+00
 0.28731763221049E+00
 0.28535107155998E+00
 0.28344652080757E+00
 0.28160148866995E+00
 0.27981298423623E+00
 0.27807812834366E+00
 0.27639404156909E+00
 0.27475876843474E+00
 0.27317013521595E+00
 0.27162570368696E+00
 0.27012305347997E+00
 0.26866117344566E+00
 0.26723802723257E+00
 0.26585179568809E+00
 0.26450053908184E+00
 0.26318327320196E+00
 0.26189880220132E+00
 0.26064444007056E+00
 0.25942063951331E+00
 0.25822524335234E+00
 0.25705691139857E+00
 0.25591511330567E+00
 0.25479866127277E+00
 0.25370675118555E+00
 0.25263711978355E+00
 0.25159167635610E+00
 0.25056745742779E+00
 0.24956332977889E+00
 0.24858071476513E+00
 0.24761644135417E+00
 0.24667076302169E+00
 0.24574471896738E+00
 0.24483398108670E+00
 0.24394212113699E+00
 0.24306550253453E+00
 0.24220507321252E+00
 0.24135925332471E+00
 0.24052872092745E+00
 0.23971242188149E+00
 0.23891044079875E+00
 0.23812253620754E+00
 0.23734828702951E+00
 0.23658329742016E+00
 0.23583243347305E+00
 0.23509345546888E+00
 0.23436623767829E+00
 0.23365028689562E+00
 0.23294476663507E+00
 0.23225197186576E+00
 0.23156907964046E+00
 0.23089433225589E+00
 0.23022929022139E+00
 0.22957494211598E+00
 0.22893059890867E+00
 0.22829667463692E+00
 0.22766683926282E+00
 0.22704829624000E+00
 0.22643902855600E+00
 0.22583782232104E+00
 0.22524385758686E+00
 0.22465940197171E+00
 0.22408075582365E+00
 0.22351021770238E+00
 0.22294784502023E+00
 0.22238744391650E+00
 0.22183716258489E+00
 0.22129422092395E+00
 0.22075962548468E+00
 0.22022795143721E+00
 0.21970441807156E+00
 0.21918779192640E+00
 0.21867904696057E+00
 0.21817485354672E+00
 0.21767080055184E+00
 0.21717600227097E+00
 0.21668824312100E+00
 0.21620547288919E+00
 0.21572829497589E+00
 0.21525669058710E+00
 0.21479035919103E+00
 0.21432910725057E+00
 0.21387336185379E+00
 0.21342162374386E+00
 0.21297452626968E+00
 0.21253228335548E+00
 0.21209477615835E+00
 0.21166165557660E+00
 0.21123309328584E+00
 0.21080900263190E+00
 0.21038924315229E+00
 0.20997377687577E+00
 0.20956238657706E+00
 0.20915514103054E+00
 0.20875192555871E+00
 0.20835268102770E+00
 0.20795724071892E+00
 0.20756570716103E+00
 0.20717798968126E+00
 0.20679395899274E+00
 0.20641353892561E+00
 0.20603666833543E+00
 0.20566343228429E+00
 0.20529358308623E+00
 0.20492715666834E+00
 0.20456408635839E+00
 0.20420445307516E+00
 0.20384798684922E+00
 0.20349475175593E+00
 0.20314460469411E+00
 0.20279744842060E+00
 0.20245355008104E+00
 0.20211263201201E+00
 0.20177480259822E+00
 0.20143982144305E+00
