-0.11484470773694E-07
-0.57422353868227E-08
-0.38281569392808E-08
-0.28712067104490E-08
-0.23539479185913E-08
-0.21342766258684E-08
 0.85620023393219E-09
 0.23006609956065E-07
 0.14791487334076E-06
 0.62979037247755E-06
 0.20865370569923E-05
 0.57456812137953E-05
 0.14164980495987E-04
 0.28710444686183E-04
 0.54940246116185E-04
 0.10297208169910E-03
 0.16651015211470E-03
 0.26438499720307E-03
 0.39741685080161E-03
 0.57217958596021E-03
 0.79507405212183E-03
 0.10722871163775E-02
 0.14070991235787E-02
 0.18058558486220E-02
 0.22722704880244E-02
 0.28101788130238E-02
 0.34222234276274E-02
 0.41188479428391E-02
 0.48790997907732E-02
 0.57402676253153E-02
 0.66808999923986E-02
 0.76966721550436E-02
 0.87947836972920E-02
 0.99838715996781E-02
 0.11256742188854E-01
 0.12612739341373E-01
 0.14052353430345E-01
 0.15563851839758E-01
 0.17151012843431E-01
 0.18801538972521E-01
 0.20534697565904E-01
 0.22347522569042E-01
 0.24224169668134E-01
 0.26170879294764E-01
 0.28189440632437E-01
 0.30277513505811E-01
 0.32423130684490E-01
 0.34639625858553E-01
 0.36924292840958E-01
 0.39284958370212E-01
 0.41709579802504E-01
 0.44206377117019E-01
 0.46775062568140E-01
 0.49419018896687E-01
 0.52136577780273E-01
 0.54938674819077E-01
 0.57810960129835E-01
 0.60747873603356E-01
 0.63794138514862E-01
 0.66918562077212E-01
 0.70165957495754E-01
 0.73540359427496E-01
 0.76957150918060E-01
 0.80377552325327E-01
 0.83786800586274E-01
 0.87461791352658E-01
 0.91345560020486E-01
 0.95343444261434E-01
 0.99321438442297E-01
 0.10323825678602E+00
 0.10737172227093E+00
 0.11174436962041E+00
 0.11600862855827E+00
 0.12048394209860E+00
 0.12510921197620E+00
 0.12974452118794E+00
 0.13444781719019E+00
 0.13932333057111E+00
 0.14432615713260E+00
 0.14939902039820E+00
 0.15450852407517E+00
 0.15974602560524E+00
 0.16512209577406E+00
 0.17061088427153E+00
 0.17617868062240E+00
 0.18186993877950E+00
 0.18763990232555E+00
 0.19354585155090E+00
 0.19953618842090E+00
 0.20570914269714E+00
 0.21198070167006E+00
 0.21836114558354E+00
 0.22489748792496E+00
 0.23161971399545E+00
 0.23849786791849E+00
 0.24553438177007E+00
 0.25275632482421E+00
 0.26019194324225E+00
 0.26782474863434E+00
 0.27567409943608E+00
 0.28381669792805E+00
 0.29219583269130E+00
 0.30096060161261E+00
 0.31004445473991E+00
 0.31942785162452E+00
 0.32922694643743E+00
 0.33947144385440E+00
 0.35031517854884E+00
 0.36175810285268E+00
 0.37394432610281E+00
 0.38705755679778E+00
 0.40133559754479E+00
 0.41701371082358E+00
 0.43448836275378E+00
 0.45414256558918E+00
 0.47659274716527E+00
 0.50217543343309E+00
 0.53127489249859E+00
 0.56382197031021E+00
 0.59950203282843E+00
 0.63702354765772E+00
 0.67451140686377E+00
 0.70975575429631E+00
 0.74043527955583E+00
 0.76456702833033E+00
 0.78054198052148E+00
 0.78709406255266E+00
 0.78323717590141E+00
 0.76846482758879E+00
 0.74264158600201E+00
 0.70635631305708E+00
 0.66081277426090E+00
 0.60781476434075E+00
 0.54946355203271E+00
 0.48800428157102E+00
 0.42579470343875E+00
 0.36485790845978E+00
 0.30683774409085E+00
 0.25302615309916E+00
 0.20428236998317E+00
 0.16107863494654E+00
 0.12353511753354E+00
 0.91495272496843E-01
 0.64635735678378E-01
 0.42567197305792E-01
 0.24827274998420E-01
 0.10875587707485E-01
 0.23457630008948E-03
-0.75957815326002E-02
-0.13033754770049E-01
-0.16495347438324E-01
-0.18309206278040E-01
-0.18805666158934E-01
-0.18236150350109E-01
-0.16835377668444E-01
-0.14798719645508E-01
-0.12268567004936E-01
-0.93921860440754E-02
-0.62690241131174E-02
-0.29897322169628E-02
 0.36766823282148E-03
 0.37561670338568E-02
 0.71228109428918E-02
 0.10426689398001E-01
 0.13675004658041E-01
 0.16818933432578E-01
 0.19830043947736E-01
 0.22744160283680E-01
 0.25502678504711E-01
 0.28158808126666E-01
 0.30667605113801E-01
 0.33027000608469E-01
 0.35259431380598E-01
 0.37356097990863E-01
 0.39342447735261E-01
 0.41178490762491E-01
 0.42904899756589E-01
 0.44507307377761E-01
 0.46004978927561E-01
 0.47470574538799E-01
 0.48809076541567E-01
 0.50064846398806E-01
 0.51231120332179E-01
 0.52321896751922E-01
 0.53335072136536E-01
 0.54271492564660E-01
 0.55138278723267E-01
 0.55942528122068E-01
 0.56687746135159E-01
 0.57384668911137E-01
 0.58015205576760E-01
 0.58600573467854E-01
 0.59139640343113E-01
 0.59641331115697E-01
 0.60098437072525E-01
 0.60515723122975E-01
 0.60900674682286E-01
 0.61253309754216E-01
 0.61579170056813E-01
 0.61868607292932E-01
 0.62126791111797E-01
 0.62363170475639E-01
 0.62577804546117E-01
 0.62774623911233E-01
 0.62948581506452E-01
 0.63105041947880E-01
 0.63225919142844E-01
 0.63351587581304E-01
 0.63450314998148E-01
 0.63542575466489E-01
 0.63609147203645E-01
 0.63677939642240E-01
 0.63720933519738E-01
 0.63758488325366E-01
 0.63792020361486E-01
 0.63803743300795E-01
 0.63823413756420E-01
 0.63832664876732E-01
 0.63793237776851E-01
 0.63778636043081E-01
 0.63752520071629E-01
 0.63723217801093E-01
 0.63685349437115E-01
 0.63645014317911E-01
 0.63590723712326E-01
 0.63533064719049E-01
 0.63482425366277E-01
 0.63415316741559E-01
 0.63348397971526E-01
 0.63281225311217E-01
 0.63215591564518E-01
 0.63137616586557E-01
 0.63060951870710E-01
 0.62978586585235E-01
 0.62895954109711E-01
 0.62813653507343E-01
 0.62725050258111E-01
 0.62638717271011E-01
 0.62543282669814E-01
 0.62451794308994E-01
 0.62360081893374E-01
 0.62264469758589E-01
 0.62167278240342E-01
 0.62067294093192E-01
 0.61967647942847E-01
 0.61875148232965E-01
 0.61777114628564E-01
 0.61673966768420E-01
 0.61569067158598E-01
 0.61471346255064E-01
 0.61370917924444E-01
 0.61263419861045E-01
 0.61161277440580E-01
 0.61058096966898E-01
 0.60955226990478E-01
 0.60856680390660E-01
 0.60756384573803E-01
 0.60650063551758E-01
 0.60541793582658E-01
 0.60435582685189E-01
 0.60332559195012E-01
 0.60236074124938E-01
 0.60127744357348E-01
 0.60028470177008E-01
 0.59922104957976E-01
 0.59817709367974E-01
 0.59716973583378E-01
 0.59616415615393E-01
 0.59512138249337E-01
 0.59414583543661E-01
 0.59313761961253E-01
 0.59210523832389E-01
 0.59110232277750E-01
 0.59009786018878E-01
 0.58912619517418E-01
 0.58805920418399E-01
 0.58707667176258E-01
 0.58608658057413E-01
 0.58505518011669E-01
 0.58412240913582E-01
 0.58319145328515E-01
 0.58223804306290E-01
 0.58130957958430E-01
 0.58034420642767E-01
 0.57942982902220E-01
 0.57847479517604E-01
 0.57757146953588E-01
 0.57661079490659E-01
 0.57569125716823E-01
 0.57479645906587E-01
 0.57386665286585E-01
 0.57304200287819E-01
 0.57209549989941E-01
 0.57115363504680E-01
 0.57020138928538E-01
 0.56930129126977E-01
 0.56837817383920E-01
 0.56744306912000E-01
 0.56662868025876E-01
 0.56570015884700E-01
