-0.83074030123497E-10
-0.66459224098533E-09
-0.22429988214652E-08
-0.53168933680298E-08
-0.10627482238535E-07
-0.19534211102477E-07
-0.23731399856551E-07
-0.51912888374257E-07
-0.57732864974085E-07
 0.34595077563707E-07
 0.46272232368913E-06
 0.17095950795357E-05
 0.90599717737001E-04
-0.60239003540573E-04
-0.25506613495581E-03
 0.30950997395620E-03
 0.28459094892308E-04
 0.36411710725809E-03
 0.33306977303038E-03
 0.28327820704858E-03
 0.66792469240719E-03
 0.11223165751404E-02
 0.10664602402970E-02
 0.13969171537563E-02
 0.17903581673564E-02
 0.22512230149147E-02
 0.28027293078564E-02
 0.10939889835162E-01
-0.63888383796860E-02
 0.22445614127086E-02
 0.14831459715969E-01
 0.15427138242018E-01
 0.75034934918525E-02
 0.34545171027307E-02
-0.14397075843324E-01
-0.96228529449870E-02
 0.41669837717197E-01
 0.35482199267132E-01
 0.84671371669167E-01
 0.85435929204680E-02
-0.28610281069664E-01
 0.24318681942348E-01
 0.40629975562328E-01
 0.32514510628336E-01
 0.45347488448027E-01
 0.96445577760203E-01
-0.63236571447213E-02
-0.46409292721061E-02
 0.14199358386872E-01
 0.99279290684771E-01
 0.27565709070042E-01
 0.56556416241172E-01
 0.32198831710616E-01
 0.51867317089338E-01
-0.25979865689909E-01
 0.42775451378542E+00
 0.64585641805889E+00
-0.46066510087186E+00
-0.34456304414933E+00
-0.10921144505815E+01
-0.11240772583563E+01
 0.20820604874367E+01
 0.47656722496868E+01
 0.20116185728608E+01
-0.80363205049162E+01
-0.63235894866733E+01
 0.30473532581437E+01
 0.11174561997115E+02
 0.94162443441647E+01
-0.81107706608801E+01
-0.83238531180150E+01
 0.91105881380594E+01
-0.51116851449788E+01
-0.11013488758341E+01
 0.63429651932962E+01
-0.98058021212756E-01
-0.68735599621007E+01
-0.13957500876210E+01
 0.59310200391741E+01
 0.47941345076432E+01
-0.55896542421482E+01
-0.72330866024511E+01
-0.29454580860534E+01
 0.12765919540967E+01
 0.56579545329254E+00
 0.46175935241858E+01
-0.11686148117493E+01
 0.37957452151852E+00
-0.43450864787670E+01
 0.38917511160685E+01
 0.58042661543183E+01
-0.20717795358888E+01
-0.56736864024672E+01
-0.21499911575840E+01
 0.19548438420854E+01
 0.16218118952506E+01
 0.11444009181654E+01
 0.90838741678848E+01
 0.83521619556668E+01
-0.96392625571606E+01
 0.17174133719688E+01
-0.22459585088625E+02
 0.57516497639235E+01
 0.16815818373352E+02
 0.84985722549423E+01
-0.16447321302840E-01
-0.24865499275566E+02
-0.10134417077342E+02
-0.17260330541667E+02
 0.71837971679975E+01
 0.44465121944080E+02
 0.12948008782386E+03
 0.29044866513446E+03
 0.50537369326932E+03
 0.69283934327191E+03
 0.83016557672145E+03
 0.74690189439700E+03
 0.40672575560644E+03
-0.28204030566681E+03
-0.88358289038771E+03
-0.12729434678056E+04
-0.13826434210521E+04
-0.12504994543466E+04
-0.10960142465916E+04
-0.99933036076140E+03
-0.91164985420729E+03
-0.71182535898261E+03
-0.44527738423419E+03
 0.12120651890337E+02
 0.46761899870115E+03
 0.85871241002607E+03
 0.11240090669346E+04
 0.13050462576842E+04
 0.13450326175642E+04
 0.11572281290868E+04
 0.93480602886095E+03
 0.67839525059106E+03
 0.38356963520562E+03
 0.11347543312760E+03
-0.10420635605481E+03
-0.21775267623546E+03
-0.25974845753075E+03
-0.27705166266672E+03
-0.32310512370704E+03
-0.32021934954906E+03
-0.27541866301957E+03
-0.27964755814217E+03
-0.21542117203166E+03
-0.20317760306220E+03
-0.16614791823188E+03
-0.16535658765472E+03
-0.11165770150433E+03
-0.99303361907915E+02
-0.70187405238430E+02
-0.56696304220568E+02
-0.51580147131601E+02
-0.14097502062515E+02
-0.13530036888766E+02
-0.11805527682700E+02
-0.94891957917340E+00
 0.11566221899900E+02
 0.13700081736486E+02
 0.55091922138287E+01
-0.52880495183827E+02
-0.30263082061518E+02
-0.25941286920742E+01
-0.68417857948694E+02
-0.20615420520290E+02
-0.68120914893083E+02
-0.11468221515232E+02
 0.91150817237623E+01
-0.12081585382372E+02
-0.20257460945551E+02
-0.45353645797014E+02
-0.99931331412369E+01
-0.10188657893510E+03
-0.17743869881496E+03
-0.30673545830329E+03
-0.44553901735465E+03
-0.32099902001795E+03
-0.31662530147403E+03
-0.28504571438930E+03
-0.25443653066274E+03
-0.21056602129164E+03
-0.16833391835906E+03
-0.15127888870958E+03
-0.15344049278357E+03
-0.13361155538687E+03
-0.10848421080947E+03
-0.54104734113132E+02
-0.90950709871642E+02
-0.10570187806036E+03
-0.10009791105321E+03
-0.47029461150858E+02
-0.60447433474323E+02
-0.66772632589292E+02
-0.61732831236812E+02
-0.54653526804113E+02
-0.64308486803448E+01
-0.84550748924578E+01
-0.44788157633462E+02
-0.50297986765372E+02
-0.51917364526939E+02
-0.20787743567196E+02
-0.17637902125216E+02
 0.20047677499557E+02
-0.42176398285263E+02
-0.80901998784992E+01
-0.18089528751199E+02
 0.14645472259248E+02
-0.40750322483137E+02
 0.26168844537310E+02
 0.78604133156182E+00
 0.43271130377716E+01
 0.55941219912965E+02
 0.31954548473927E+02
 0.12916900090668E+03
 0.26135791163354E+03
-0.24088922329944E+02
 0.27504064037115E+02
-0.23140935626798E+02
-0.18270487123706E+01
-0.39235596049991E+02
 0.93791604679242E+01
-0.69687920286197E+02
-0.13918602961000E+03
-0.63051195653607E+02
-0.14207652984535E+03
-0.18397675291421E+03
-0.16713914644108E+03
-0.79236289826942E+02
-0.14198288735579E+03
-0.13779958502587E+03
-0.15868590423632E+03
-0.15037859703920E+03
-0.10134692183094E+03
-0.12495206442250E+03
-0.10036584448857E+03
-0.17363321060035E+03
-0.17762055268887E+03
-0.13949951466037E+03
-0.14637346978842E+03
-0.16573588867575E+03
-0.20200672581550E+03
-0.22350144640247E+03
-0.11597049434908E+03
-0.84547484995912E+02
-0.13335059998070E+03
-0.17421930995252E+03
-0.11410596103013E+03
-0.52612411215464E+02
-0.16602095923502E+03
-0.14600627354432E+03
-0.16109856410133E+03
-0.16772038737069E+03
-0.65737087145963E+02
-0.15930370967644E+02
-0.82622193748946E+02
-0.13665545125121E+03
-0.17715933664567E+03
-0.16015031768835E+03
-0.20892860513094E+02
-0.14446030557595E+03
-0.55630442129910E+02
-0.12844009190782E+03
-0.16229285449497E+03
-0.13177487733184E+03
-0.82292224489564E+02
-0.18168958876982E+03
-0.49318230363700E+02
-0.29638453184423E+02
-0.85758688534929E+02
-0.73264402958241E+02
-0.70924107160295E+02
-0.16499504404052E+02
-0.22443059867984E+03
-0.20043353123414E+03
-0.23275884934724E+03
-0.44882065471193E+03
-0.30557254854383E+03
-0.25603322047654E+03
-0.19914296978018E+03
-0.11859791598921E+03
-0.15231395530876E+03
 0.27019283094336E+02
 0.89424490518330E+01
 0.12635622906797E+03
 0.76065220926863E+02
 0.12979898736131E+03
 0.20731004763451E+03
 0.15248156958985E+03
 0.49198673866202E+03
 0.34268075718203E+03
 0.14849808085656E+03
-0.12644146658766E+03
-0.15076374401985E+03
-0.26617949006818E+03
-0.53779350480723E+03
-0.21828356890882E+03
-0.26675322412376E+03
