 0.70091720271893E-11
 0.11214675243465E-09
 0.56774293594430E-09
 0.17943924417275E-08
 0.44675828167049E-08
 0.80106336929076E-08
 0.13986414868930E-07
 0.24202591079606E-07
 0.58829859228691E-07
 0.21388912892096E-06
 0.74522480867086E-06
 0.24148557879214E-05
-0.40240512668327E-04
 0.11646218073870E-03
-0.10235056893182E-03
 0.24585357064054E-05
 0.10235548167310E-03
 0.43770860234503E-03
 0.39437373313851E-03
 0.29440121319191E-03
 0.93147883344400E-03
 0.55986387201982E-03
 0.11175775526557E-02
 0.14548047189152E-02
 0.18499183856598E-02
 0.22859031132855E-02
-0.47145170362349E-02
 0.14222515869923E-01
-0.15170680120128E-01
 0.35024185442692E-01
 0.36656900073420E-01
-0.24663915401084E-01
-0.46175731158843E-01
 0.15113162178911E-01
 0.34885183129095E-01
 0.77832335240996E-01
 0.81300059586242E-01
 0.76273459072720E-01
-0.15709814511954E+00
-0.17151850229182E+00
-0.17980402447362E+00
 0.12090298472528E+00
 0.27353549714794E-01
 0.17376684089461E+00
 0.20998171654879E+00
 0.79242559987356E-01
-0.16191117938698E+00
-0.66730734414944E-01
 0.24884518352025E+00
 0.13517634639848E+00
-0.99622627701294E-01
 0.11653097952167E+00
 0.17414118387036E+00
 0.50070006531677E+00
 0.12689562480066E+01
 0.68818282473903E-01
-0.26934259806734E+01
-0.13250261263763E+01
-0.97608991219238E+00
 0.82705522679332E+00
 0.12092368024494E+02
 0.11668589001556E+02
-0.57065007847703E+01
-0.20062088135113E+02
-0.12787677830803E+02
 0.16965056941922E+02
 0.36366572195478E+02
 0.30886366505683E+02
-0.21771515957556E+02
-0.51968756360265E+02
-0.56729935743479E+01
 0.23408831734622E+02
-0.22743220590488E+02
 0.12384036270072E+02
 0.20797829915059E+02
-0.22127944267350E+02
-0.18990033220638E+02
 0.26499235501724E+02
 0.21808504289476E+02
-0.72909362116055E+01
-0.49100220768747E+02
-0.50951914912076E+01
 0.27693358641466E+02
-0.54620241997976E+01
 0.16295656337199E+02
-0.17225681850140E+02
-0.35292370992154E+02
-0.46445406773883E+01
 0.16017723595961E+02
 0.21153196397315E+02
 0.83531637863092E+01
-0.33406056203040E+02
 0.38863615944266E+02
 0.82454278197997E+01
-0.56394848568906E+01
-0.87850195773526E+01
 0.63941461533429E+02
-0.32555235673222E+02
-0.15467456761372E+02
 0.47568777762649E+02
-0.10206685406275E+03
-0.43418768244360E+02
 0.21406000701584E+02
-0.97409072494663E+02
-0.27122369807499E+03
-0.15774087875246E+03
-0.10178570400927E+03
 0.29460726557036E+03
 0.92144664822659E+03
 0.19463167651981E+04
 0.33266319394335E+04
 0.51754885503070E+04
 0.59395014654530E+04
 0.56424924999863E+04
 0.36546386260763E+04
-0.16278750543378E+04
-0.81663207267587E+04
-0.13253645109891E+05
-0.15888940795743E+05
-0.14207725022800E+05
-0.98044146747607E+04
-0.52198053477070E+04
-0.19146320412588E+04
 0.35133383631417E+03
 0.21852458610287E+04
 0.48016729521754E+04
 0.78560284554830E+04
 0.11345618364116E+05
 0.13979600961288E+05
 0.14442314868968E+05
 0.12860859317247E+05
 0.98297285758808E+04
 0.61062730221034E+04
 0.15008278535465E+04
-0.29282916694265E+04
-0.51876539444067E+04
-0.71127641717715E+04
-0.80387857604120E+04
-0.77614285287795E+04
-0.65299644293981E+04
-0.47915319108864E+04
-0.33588429732996E+04
-0.23412323038595E+04
-0.15267913654676E+04
-0.83013126115932E+03
 0.24253051222391E+03
 0.20531474147573E+03
 0.52396221572544E+03
 0.44529452935412E+03
 0.44991006009594E+03
 0.18507579445229E+03
 0.63820769119537E+03
 0.33162561635252E+03
 0.14125810240817E+03
-0.19633258296820E+03
-0.22066591530057E+03
 0.35801603632973E+02
-0.15046575645159E+03
-0.82578380636495E+03
-0.68780439572752E+03
-0.82500267826908E+03
-0.68875207677675E+03
-0.74351658641520E+03
-0.92835486378816E+03
-0.73400966283068E+03
-0.14945039620030E+03
-0.57547282513503E+03
-0.24493800040933E+03
-0.35513158328285E+03
-0.24563059895983E+02
-0.89119280422223E+02
 0.14137156642594E+03
 0.50440307184355E+03
 0.85105160223048E+03
 0.12931717697149E+04
 0.11882796840543E+04
 0.79222060767888E+03
-0.40921856499426E+03
-0.15528555650327E+04
-0.15877568451323E+04
-0.19448924358983E+04
-0.24461431980706E+04
-0.28233087367680E+04
-0.33292963629153E+04
-0.37671379444399E+04
-0.48279603312114E+04
-0.44412792208554E+04
-0.53812419447298E+04
-0.52534230763277E+04
-0.60135219106677E+04
-0.73867235468405E+04
-0.89875131192453E+04
-0.92684683258955E+04
-0.92226310488709E+04
-0.11051550441692E+05
-0.12325847167580E+05
-0.12170796442850E+05
-0.13179074373185E+05
-0.14897926837148E+05
-0.16670398501919E+05
-0.17083749137987E+05
-0.18760608491688E+05
-0.21876690809592E+05
-0.21530012408914E+05
-0.24379310747585E+05
-0.26979471086631E+05
-0.27582188866826E+05
-0.30563360107815E+05
-0.32843348465101E+05
-0.35841016328244E+05
-0.33818365279719E+05
-0.40666506163926E+05
-0.44454151021603E+05
-0.44182051637316E+05
-0.51623342132136E+05
-0.53085110096474E+05
-0.52704012690216E+05
-0.62987605148107E+05
-0.58774921616668E+05
-0.68204072956242E+05
-0.68650892281570E+05
-0.72731613790059E+05
-0.72209206387905E+05
-0.74235848292398E+05
-0.76025388340190E+05
-0.81173765907403E+05
-0.90564734861100E+05
-0.10530435760921E+06
-0.92104765944912E+05
-0.93256748147891E+05
-0.94175042037347E+05
-0.96585454672639E+05
-0.98905617549064E+05
-0.95588066453378E+05
-0.11228212394711E+06
-0.12551610686090E+06
-0.11944540994038E+06
-0.11058960468802E+06
-0.11370789165751E+06
-0.12517183795952E+06
-0.15234035057835E+06
-0.12475041056986E+06
-0.12770220362413E+06
-0.14163596965150E+06
-0.15404128381515E+06
-0.15676952167861E+06
-0.18233359490308E+06
-0.18408980365776E+06
-0.19499953010738E+06
-0.21901491462646E+06
-0.16746107785862E+06
-0.16219551944922E+06
-0.16428445380290E+06
-0.19304767274287E+06
-0.16417146132809E+06
-0.16373412177092E+06
-0.17492367843903E+06
-0.21764170061108E+06
-0.23656981896431E+06
-0.15188617827168E+06
-0.12901178115900E+06
-0.13230828891423E+06
-0.12583080667725E+06
-0.12181798923967E+06
-0.12388356483337E+06
-0.12760428408255E+06
-0.13151691897705E+06
-0.14644748992392E+06
-0.14318629972098E+06
-0.13597233571063E+06
-0.13070029167961E+06
-0.12732187180504E+06
-0.11982162016689E+06
-0.11421017786141E+06
-0.11075668576306E+06
-0.10910138950311E+06
-0.10704880441701E+06
-0.10232334870924E+06
-0.98315701984675E+05
-0.94916237710864E+05
-0.91790552225958E+05
-0.87031263853809E+05
-0.84106543223086E+05
-0.83670400578952E+05
-0.83716031914498E+05
-0.80773270959058E+05
-0.76834059372883E+05
-0.79151259249662E+05
-0.73595079956532E+05
-0.70054148276716E+05
-0.65307045536260E+05
-0.67190933029833E+05
-0.62844239325027E+05
-0.59974792175332E+05
-0.52754310556371E+05
-0.39903047404049E+05
-0.38003095219952E+05
-0.32253915638244E+05
-0.37002723050371E+05
-0.37414562368174E+05
