   92.6087792172520498870326289728459773      
   92.6087792172520498870326289728459773      
   92.6087792172520498870311940083557000      
   92.6087792172520497092495686583997166      
   92.6087792172518321876756930621336616      
   92.6087792172258499971587227724452847      
   92.6087792164207289451769863404019369      
   92.6087792058407222511191313248828121      
   92.6087791279337266574570553798533137      
   92.6087787464704364309654001694127303      
   92.6087773589492009973019225888565978      
   92.6087733191839970176806560277986433      
   92.6087634026996246503621420721405140      
   92.6087421028628598985325048297927280      
   92.6087009661475660421826781777444545      
   92.6086280607312331756660486551048324      
   92.6085076377663433902303262356299196      
   92.6083200103161554800101815589663201      
   92.6080416330497824266611916975173396      
   92.6076453568505503425889402686481277      
   92.6071008116022906498645118742329282      
   92.6063748703491156234128095806510091      
   92.6054321498993557801806496102736055      
   92.6042355078040640367879236848059525      
   92.6027465036360621423520859758760229      
   92.6009258014644735782125365197152480      
   92.5987334988221065205683263682651198      
   92.5961293764383093428077863500296032      
   92.5930730707143119665061806044694795      
   92.5895241772586492039612084435906265      
   92.5854422986364641775908384267062116      
   92.5807870531991346590361894129923564      
   92.5755180594629946749300214286595187      
   92.5695949156276888128994569471707676      
   92.5629771867083553109895653720179050      
   92.5556244120317535007074561876614335      
   92.5474961412335104966089880942349634      
   92.5385520048924451401343664296812091      
   92.5287518181117826424174987128926511      
   92.5180557255225242193792346995295383      
   92.5064243693746631582239629083295184      
   92.4938190887986941707174612401499732      
   92.4802021377713918378039825690998519      
   92.4655369159014257423499103740997429      
   92.4497882047372773961168145639867321      
   92.4329224019764926906007740250396257      
   92.4149077481239052550840085023594945      
   92.3957145362839682058154913931640292      
   92.3753153110497684039525307737745686      
   92.3536850332408171894161303176573089      
   92.3308012255526674956907442046549758      
   92.3066440882305651652118833642496822      
   92.2811965853714252015620705511537856      
   92.2544445018631284525094309863237602      
   92.2263764685814390479786852403870164      
   92.1969839591821881323067741795962271      
   92.1662612610697542074721583284753996      
   92.1342054341158106748618065306927183      
   92.1008162060447389352741279573288507      
   92.0660958888890401053570424280117645      
   92.0300492564156642329426514045778010      
   91.9926834067670478724828290894105993      
   91.9540076111858942861166290506190678      
   91.9140331575260579846875840988037752      
   91.8727731766120851265243363257693652      
   91.8302424625973871293632412690054544      
   91.7864572910377437078169088752701616      
   91.7414352351611843136102223409188269      
   91.6951949722895805557993170944196675      
   91.6477561024608825003696085137641378      
   91.5991389613872725390378409043703821      
   91.5493644419340930253084467817035912      
   91.4984538105091837933527800872192010      
   91.4464285387666991990782134696765664      
   91.3933101288038384665514213188822715      
   91.3391199600527245706254221614682870      
   91.2838791320576327109878435066158355      
   91.2276083151996173786135245667269572      
   91.1703276171509421337142445455239900      
   91.1120564472471837718174307428492583      
   91.0528133849465635707546349192541103      
   90.9926160706827634499384730858415531      
   90.9314810911664258583972785859574489      
   90.8694238761275315784411519225742720      
   90.8064586001954208226834451465677313      
   90.7425980931328724775024042821746680      
   90.6778537486064172823715073670742002      
   90.6122354390628114445325363925038676      
   90.5457514712054004250973770308753449      
   90.4784084786284130473797760184227446      
   90.4102113601890668785043057919015784      
   90.3411632124099683491803397496023512      
   90.2712653331627676331064517556811378      
   90.2005169615202871716865755898357336      
   90.1289155214865407401883466897206774      
   90.0564563130548658424185355806729227      
   89.9831325505392769771491899302955323      
   89.9089353081803070971403860386567590      
   89.8338533906741315972761781597233871      
   89.7578734019655697942708026540593904      
   89.6809795158501225254575938583670482      
   89.6031535447376240304303070976875461      
   89.5243747672311826616724381820090554      
   89.4446199223743946163227798746656163      
   89.3638630644418407415745767205766555      
   89.2820755042772669229552434074381313      
   89.1992256997212638681070246694033879      
   89.1152791532735818594820332793923130      
   89.0301982828743776752245743091478117      
   88.9439422513005654197476743651590977      
   88.8564669785683486053940344986197276      
   88.7677247943011100374634630426203110      
   88.6776643514389974861095364229095178      
   88.5862304632664039409544236204954162      
   88.4933638565622446130152963487481074      
   88.3990009681282849130503782323343209      
   88.3030736901340137597111483606516462      
   88.2055091071642777391045066314687852      
   88.1062291839168226175432071980727151      
   88.0051504595358938715254329790413396      
   87.9021836625438783495225065267952084      
   87.7972333312015278719601290646194399      
   87.6901974049490323225215349970407726      
   87.5809666908020648814322536043685052      
   87.4694244054944029383804951641441205      
   87.3554455570507257432860603904763554      
   87.2388963457516213896690938051746927      
   87.1196334606573902213973410787362711      
   86.9975033345386547081475486078079900      
   86.8723413145761088386411154233641575      
   86.7439707600310044371057887515290150      
   86.6122020637819462257365897378997127      
   86.4768315776120712957566118120939744      
   86.3376404484587157852397041485956834      
   86.1943933618249970998057089485038065      
   86.0468371887577688358191524574945049      
   85.8946994505781258395570783056690013      
   85.7376870799815150935499533338674873      
   85.5754843773159757618216226381865354      
   85.4077515889519077550025907414535301      
   85.2341231276259730705547170802845489      
   85.0542058555445388884286368619818322      
   84.8675774300821834589473381649707373      
   84.6737847888535613046114505417777145      
   84.4723428894802009351165345093584628      
   84.2627338087214665362734314009463655      
   84.0444064247757261334190995086768016      
   83.8167768390809873378471204409556009      
   83.5792298463755921907541725758290245      
   83.3311217118250023964945416770600304      
   83.0717845703904797461121858753034128      
   82.8005328056378295619159874308314388      
   82.5166716463033151423661448408224605      
   82.2195081838020035870931022725332881      
   81.9083646724342301018568353271706085      
   81.5825947932946194650399303997057159      
   81.2416000984842868356849759191449363      
   80.8848485526194506214545930585829098      
   80.5118917830254862725447213271619245      
   80.1223802707876130140809258434355969      
   79.7160746799451046297508431649805176      
   79.2928518532591616956918479864669478      
   78.8527044850499979498910764546298975      
   78.3957342143653129469984654034618457      
   77.9221386783102474910424534848007822      
   77.4321939008086816691699266511671578      
   76.9262338745382371711737142544810273      
   76.4046293287311523544181330730426312      
   75.8677677188458869924591137073147706      
   75.3160357581561457763505077904107250      
   74.7498055353409437245957891830767595      
   74.1694246635182577616010953387298641      
   73.5752101780291402294646711378706863      
   72.9674460395102537093151918439817797      
   72.3463834344434028517571680449259512      
   71.7122435488938304993199990610277295      
   71.0652217979445028665007606248455804      
   70.4054933414191876512477773656589921      
   69.7332188709984623055621668137665583      
   69.0485533705228353070361578886399558      
   68.3516497866387921248390363878344918      
   67.6426679318378262213187116795857300      
   66.9217807287701071212830847243753467      
   66.1891807727068270010051908721418761      
   65.4450866269615517286874032036041879      
   64.6897487840087737622176840921374655      
   63.9234552774895946372451186752705682      
   63.1465369371731038946155800326321057      
   62.3593721493044394494872043984329078      
   61.5623910328324475459005999715032967      
   60.7560790312376398448131606471511469      
   59.9409798171635519058544587852587837      
   59.1176973280931792461553945497937162      
   58.2868969652347367824835164261496544      
   57.4493057315870322772918566046301615      
   56.6057113720799016005860043364455400      
   55.7569603068279418323569207152118454      
   54.9039544319609429251835574631891363      
   54.0476467511459826547205790211349111      
   53.1890357837884702979789854779155885      
   52.3291589358467007869376780823332394      
   51.4690848406651978893738080490019253      
   50.6099048869809807165197719634588301      
   49.7527240216857977412466786079322604      
   48.8986512100976727146202951603031226      
   48.0487892067442947769880374883808576      
   47.2042251853237516896022537909234238      
   46.3660207298822429072324528966204969      
   45.5352027250697503755417490496279145      
   44.7127547918053113771508841355320928      
   43.8996096422597138210271546323774711      
   43.0966423503260885173929877891903489      
   42.3046647718221035844719377412978046      
   41.5244211111434214828029616185918105      
   40.7565846651152215922231756985057527      
   40.0017557678844186172942363243660775      
   39.2604608732169686375442246771894597      
   38.5331526513991997690517292348443100      
   37.8202110784173275990195706689052861      
   37.1219453860986730432206593393380714      
   36.4385966933398819282266530695847871      
   35.7703412830962844640272932018254357      
   35.1172942907410052003681014124499346      
   34.4795138061091738711274445534723673      
   33.8570051533852633275057678875396588      
   33.2497253525560912757203961995830027      
   32.6575876037370614002227560402886862      
   32.0804657042547497332327649017034952      
   31.5181984938157544764368497841995246      
   30.9705938215327087641192132954650735      
   30.4374328691233075329148599620848112      
   29.9184737198029938039404600580910244      
   29.4134549351990380617896003687640234      
   28.9220988684305255203499492343453058      
   28.4441146609795936624161476042183267      
   27.9792009787570728398865145901605226      
   27.5270485645909876418718667406774569      
   27.0873424254788757317496521561083374      
   26.6597638920908263111566524574328486      
   26.2439923679562414593777628774884866      
   25.8397069216604895858919965071734373      
   25.4465876544724189345839832673799180      
   25.0643169007418108722552080733289152      
   24.6925802454407352871499254076803579      
   24.3310674229747260880243129629243175      
   23.9794730281117881133320715101423643      
   23.6374971664667064310290586395870232      
   23.3048459335378923924139985045204399      
   22.9812318425602130719798782713228282      
   22.6663741347385056977806754295381825      
   22.3599990325780968506264390540394170      
   22.0618399080688378357643325602793479      
   21.7716374097466913806951507921302162      
   21.4891395199012386025211372479376575      
   21.2141015860350009058704425731897988      
   20.9462862989245103934991575718809858      
   20.6854636455242274860260988430262280      
   20.4314108344900235248923948835843302      
   20.1839121952991914157721223124635490      
   19.9427590593821482092990665357100599      
   19.7077496294508594807742165343972115      
   19.4786888276480453287487914424017511      
   19.2553881425788770882240228251283206      
   19.0376654638404138022125273853717316      
   18.8253449089803685793866638732057521      
   18.6182566526700621747977995973321246      
   18.4162367483781320007814206781283981      
   18.2191269687461896643661832708249305      
   18.0267745456849358113676683045845766      
   17.8390321237481916696481916023188821      
   17.6557574886662489790069392819625890      
   17.4768134242928894746500881068158167      
   17.3020675385604611556212725830864606      
   17.1313920961207681825998607810614568      
   16.9646638475407657326266331155514223      
   16.8017638868235585512629995703712731      
   16.6425774735313020655517993563904661      
   16.4869938993147066886743477152341376      
   16.3349063284980167462055947385586832      
   16.1862116589172739756948178188345926      
   16.0408103879929697543463229998005601      
   15.8986064673247939259174758364484536      
   15.7595071899628471346339450541989165      
   15.6234230466150591795343982866218944      
   15.4902676209237011349100258035286098      
   15.3599574626467470987729613347034759      
   15.2324119746929850786984230474296835      
   15.1075533222780448545042935861496721      
   14.9853063005133603624511877810424992      
   14.8655982612204668737286298277473445      
   14.7483590016989612638977090789957233      
   14.6335206702848124656090602662441407      
   14.5210176899639119140065404394625606      
   14.4107866658083472536762292131068523      
   14.3027662922483662070852260696162428      
   14.1968972957250439788427646987404676      
   14.0931223467030172654978505683628142      
   13.9913859750507000697609758008310974      
   13.8916345266691943191245498916013813      
   13.7938160809247599244625025796959163      
