   6.46114195192883683103959025933776710      
   6.46114195192883683103959028499496191      
   6.46114195192883683103959035532093786      
   6.46114195192883683102469808778159386      
   6.46114195192883681091044040802683296      
   6.46114195192883395908069845156041897      
   6.46114195192872862681807356997449702      
   6.46114195192710348449190041761445985      
   6.46114195191329443903158390294530087      
   6.46114195183642797858460261862645813      
   6.46114195152238731142082901499368370      
   6.46114195050531948608533264668623601      
   6.46114194775015728303574866235370207      
   6.46114194126271020073488375283114781      
   6.46114192760518538183730439874889721      
   6.46114190135030112420229303205847863      
   6.46114185449193934888547488707887579      
   6.46114177594327917762922181111581257      
   6.46114165102815896211839481935693597      
   6.46114146101758446982171463676192187      
   6.46114118282214160029386720412285710      
   6.46114078876852068916916536863558776      
   6.46114024652224713687714037826000538      
   6.46113951912676279403507143756431930      
   6.46113856517670624016389012159144535      
   6.46113733914555516012904290744387256      
   6.46113579184638609491733548418101570      
   6.46113387101517925151531076889753847      
   6.46113152199317946864613074498196880      
   6.46112868846877760054738037761823543      
   6.46112531324310922962583961398160038      
   6.46112133907234565149573048959324837      
   6.46111670928899435558121208102642619      
   6.46111136845718733457066546724598764      
   6.46110526286321603165815952115316864      
   6.46109834086207415038103879219912407      
   6.46109055303610949329945327440539407      
   6.46108185227493975072193424757331672      
   6.46107219346180894916022129132692025      
   6.46106153346231629445684048763430452      
   6.46104983035354554006948337075023520      
   6.46103704297530658747464843008232783      
   6.46102313024212508010139928700693812      
   6.46100805039770449823229973568567363      
   6.46099176022546502705944259573546491      
   6.46097421421960553471028392134800862      
   6.46095536374031268990588963159043544      
   6.46093515627689108883983833562906391      
   6.46091353475868633756219757386121091      
   6.46089043667015782384288870119688911      
   6.46086579350320585063256454605349950      
   6.46083953017988608014235032150971551      
   6.46081156455925197336089133079103908      
   6.46078180702059371623353419662724496      
   6.46075016012305111322085852434090368      
   6.46071651836528737620208534146703504      
   6.46068076804384917090938641119273727      
   6.46064278711180980224474180756587597      
   6.46060244514000867777949379875929308      
   6.46055960332754287468897196564412899      
   6.46051411458381228796836989548847877      
   6.46046582368920054329646891459525896      
   6.46041456739404991922659314876167884      
   6.46036017470686339953493448764045331      
   6.46030246706160363136110874726210212      
   6.46024125852856141657254591547318621      
   6.46017635606866938930882848844348216      
   6.46010755981328063988171592557484057      
   6.46003466336710098103930021806424005      
   6.45995745393551667881262591176458587      
   6.45987571259608261093676431075703526      
   6.45978921460092531821695331026631833      
   6.45969772942968949167792160147474301      
   6.45960102100968290494811913176351886      
   6.45949884788344067341081421193239930      
   6.45939096324076534449132743366670705      
   6.45927711497799496437737845661807495      
   6.45915704574798094873719459431289571      
   6.45903049301538966130429705403285944      
   6.45889718886472504707710143266277549      
   6.45875685992584345986657656122084535      
   6.45860922718626191490654475808208842      
   6.45845400580607516186982076953117157      
   6.45829090484490698125132567933020011      
   6.45811962694593429562760460723554561      
   6.45793986790874500746251591713229957      
   6.45775131629409072270853720784718913      
   6.45755365284720627957787636692669980      
   6.45734655041608577708219537047764568      
   6.45712967269496424982326627058923922      
   6.45690267374197550446265274006687290      
   6.45666519723465321558497988298130428      
   6.45641687679742302833086441141473912      
   6.45615733118885977486303093303359918      
   6.45588616972714484455377671642012940      
   6.45560298609949183742864448414413782      
   6.45530735906292011676816239465837439      
   6.45499885154057088707942688686541543      
   6.45467700778288462145508434046399549      
   6.45434135558160108325470670852861567      
   6.45399140004864936537601236713062552      
   6.45362662639517345686115826221039902      
   6.45324649538420660495820805224238313      
   6.45285044353312990027322346668787664      
   6.45243787992753929229136500634636334      
   6.45200818509358155593348150127488416      
   6.45156070845726957254847945722236426      
   6.45109476681090032581186029130611272      
   6.45060964129860702285048766244514764      
   6.45010457503368674300166153402386333      
   6.44957877059050998792025390938360188      
   6.44903138769680667361717570393795193      
   6.44846153916721091488504848173931120      
   6.44786828858098360817741445756177633      
   6.44725064655996275253772047491678396      
   6.44660756700723234325914804482716293      
   6.44593794334236975364654474895327331      
   6.44524060456732938941631163039520750      
   6.44451431019630261975144492224608378      
   6.44375774626227073636855132772680482      
   6.44296951927678103295084071315904510      
   6.44214815149743677906666790114560219      
   6.44129207490508834408963478451830918      
   6.44039962408009572615502077395040800      
   6.43946903035217494808796067119814995      
   6.43849841354736644869011812368554504      
   6.43748577449184980680283613138331542      
   6.43642898600942695993067503785821338      
   6.43532578366344638553686102610080604      
   6.43417375554400627094407992078610575      
   6.43297033118185503300282029359021224      
   6.43171276951540738536337388863811142      
   6.43039814582837496045660297907203763      
   6.42902333746766978016705217627145092      
   6.42758500824949037672617690714522110      
   6.42607959171336476000976716078327926      
   6.42450327230596915969185506732069680      
   6.42285196559079559653835513602005209      
   6.42112129533666738215113308110194303      
   6.41930657031043354601962320839257203      
   6.41740275728005959877256399710596816      
   6.41540445225621518478417635183939140      
   6.41330584910472202284938794687389388      
   6.41110070506470707513896691020968434      
   6.40878230352981062223050758996182146      
   6.40634341366865813804311512490314283      
   6.40377624676449502714345458786697097      
   6.40107240962363842245272714847496786      
   6.39822285503884536444750704892452172      
   6.39521782960905226956701113366734766      
   6.39204682044765980602395099463019273      
   6.38869850071975606507808528200806591      
   6.38516067696673200678102006284976409      
   6.38142023962485079552091567646467622      
   6.37746312047832750617788500019062408      
   6.37327426154927413613065821049401698      
   6.36883759685260677786987803102683400      
   6.36413605866476153899266110300274746      
   6.35915160582642618283758228487010047      
   6.35386528361209981044016612043822344      
   6.34825731683796202175922688957139621      
   6.34230723501584928445251697821838643      
   6.33599402814053690684475143299732732      
   6.32929632584337883983726732780550301      
   6.32219258882483226855170521138481240      
   6.31466130519900966357610080551232787      
   6.30668117239056067667321542829532290      
   6.29823125867151514328469869837245210      
   6.28929113925984384913510440580296025      
   6.27984099007684170579137442748816491      
   6.26986165539176018446762405425012294      
   6.25933467575940452536655608555353887      
   6.24824229122258385337581942538796882      
   6.23656742210934049170289820280443125      
   6.22429363050401471794013891815819482      
   6.21140507424596196095863774358047894      
   6.19788645161775126200094812407489726      
   6.18372294581429371998063742870767619      
   6.16890016781217180819585509399686417      
   6.15340410560732284306846029672963557      
   6.13722107076017037523955742314850830      
   6.12033765785151860811466820747248808      
   6.10274070079345102965354442317014209      
   6.08441723859274760250969775792366721      
   6.06535448444834525101165451951149385      
   6.04553979944822843067064347877414153      
   6.02496066937114563232445447432646052      
   6.00360468478749772815823027941444904      
   5.98145952679140953799954664186003738      
   5.95851295189355167999749303201227678      
   5.93475278120881477158386937797406451      
   5.91016689190476096930274025380886707      
   5.88474320951737735478641610464233508      
   5.85846970197693502220067411049801273      
   5.83133437488325045316075858037928671      
   5.80332526788340394000430227546203535      
   5.77443045140788928171998989833330651      
   5.74463802405965579114851192809976063      
   5.71393611066547862716193681113647765      
   5.68231286026643998981319942989567098      
   5.64975644454204644962294754171519924      
   5.61625505562774616279258900531073687      
   5.58179690427820689839262923150080198      
   5.54637021720959149720672117844771769      
   5.50996323525753009671509490507777883      
   5.47256421032711184706488153681543384      
   5.43416140117301956115530755805021839      
   5.39474307049512376793990861106796900      
   5.35429748120554305852031579139673677      
   5.31281289108261991643919053767033093      
   5.27027754861063028173967610712991940      
   5.22667968736644052517945659075441894      
   5.18200752226121551945140723039897814      
   5.13624924220782026707292549995904651      
   5.08939300567136391803340307630805319      
   5.04142693566725677495068451618338090      
   4.99233911351070519416322199784860283      
   4.94211757415632781863156859107358196      
   4.89075030110924809200882691318771166      
   4.83822522169072633850594672273226639      
   4.78453020251455303786310280333841452      
   4.72965304536856142728018172292508240      
   4.67358148341192055606868504181161695      
   4.61630317795148315101145295562765325      
   4.55780571510712049165043174029044849      
   4.49807660345431598416809252048243069      
   4.43710327101597241660396719173730152      
   4.37487306400436698511967382090805925      
   4.31137324430203994825539514517149973      
   4.24659098924587073076138691531561237      
   4.18051338912939023397910559295289076      
   4.11312744678987497829213952442776166      
   4.04442007749506393865901612988976242      
   3.97437810786394438873153023926597043      
   3.90298827584952039867419209354591210      
   3.83023723041055838643411934305315066      
   3.75611153185334876055710677445021334      
   3.68059765134769964185385021043352263      
   3.60368197188427497499621119840764851      
   3.52535078821458162635927092283313999      
   3.44559030703192125903363611150881602      
   3.36438664782386771712011609880137050      
   3.28172584280234768970605905966365515      
   3.19759383797030890106610126907432323      
   3.11197649327932133418198847664917757      
   3.02485958321023281036556498476627297      
   2.93622879722561292647307325277215815      
   2.84606974054862450092001047071137832      
   2.75436793466177711713206972113088743      
   2.66110881759000860242934595802602361      
   2.56627774469864918848622430168275053      
   2.46985998899545608881715087995149635      
   2.37184074192425816222945580660171355      
   2.27220511355936894941098038900536776      
   2.17093813314132277237324004177692614      
   2.06802474975092455155375967306181936      
   1.96344983241427377062597378243971186      
   1.85719817078819593267123221729660575      
   1.74925447540836569516671772700870941      
   1.63960337822406048850250093550685183      
   1.52822943275379618250956223345972996      
   1.41511711462272952262775939768551447      
   1.30025082187152782610156199393630658      
   1.18361487518577736072758059639414394      
   1.06519351832352684418985526788129784      
  0.944970918192502374934168391152652374      
  0.822931165460987094252697405355141255      
  0.699058274546396570128898466036971076      
  0.573336183701187453689586105376217250      
  0.445748756202106913524161621278232548      
  0.316279779159900467606520623847194557      
  0.184912964640694327234285534310340711      
   5.16319497909615772779751796135390413E-0002
  -8.35797032573583073745404495157816420E-0002
 -0.220738506799016161053693206823081793      
 -0.359861047977701969411368107857308289      
 -0.500963987890838028609190956648723852      
 -0.644064062027494510700038443475963381      
 -0.789178079808942566206776095336301550      
 -0.936322924697289659503721900040271393      
  -1.08551555367238540596590072378251562      
  -1.23677299741560825827685677320614203      
  -1.39011236009395248609085212651412842      
  -1.54555081928689344273951526261032865      
  -1.70310562581144312823592455661695137      
  -1.86279410359246023075544285069550957      
  -2.02463364959403990894153085177762284      
  -2.18864173376876134574885941021479383      
  -2.35483589890333477201802120382744433      
  -2.52323376048792003407591354838321987      
  -2.69385300672360854484832125268726610      
  -2.86671139840960032208467242022396238      
  -3.04182676877002601531365819478212006      
  -3.21921702342973683833443030660278207      
  -3.39890014040739777143483412436078864      
  -3.58089416991299274943422162629881812      
  -3.76521723448416259034921184928989929      
  -3.95188752859450853665683426997313610      
  -4.14092331876417007809835831158896088      
  -4.33234294351317725802368788548030140      
