   6.46114195192883683103959025933776710      
   6.46114195192883683103959028499496191      
   6.46114195192883683103959035532093786      
   6.46114195192883683102469808778159386      
   6.46114195192883681091044040802683296      
   6.46114195192883395908069845156041820      
   6.46114195192872862681807356997446621      
   6.46114195192710348449190041760651192      
   6.46114195191329443903158390237147004      
   6.46114195183642797858460260068189476      
   6.46114195152238731142082871025839774      
   6.46114195050531948608532937880920619      
   6.46114194775015728303572409334490083      
   6.46114194126271020073474418174915222      
   6.46114192760518538183667141039928666      
   6.46114190135030112419990412063430012      
   6.46114185449193934887772903932077264      
   6.46114177594327917760709688569348592      
   6.46114165102815896206159844471872846      
   6.46114146101758446968853628355498115      
   6.46114118282214160000470737310750776      
   6.46114078876851727860454131697887600      
   6.46114024652224121858891526053793395      
   6.46113951912674492681229994429634316      
   6.46113856517665660936863580220701696      
   6.46113733914542700053583527397117266      
   6.46113579184607577966943176252498191      
   6.46113387101446959263187837824878788      
   6.46113152199163729767791589784778341      
   6.46112868846557664115125527639370602      
   6.46112531323673560922746944881028496      
   6.46112133906012578485230082362960104      
   6.46111670926636275356736025134103234      
   6.46111136841658544300643540217227485      
   6.46110526279248235965833648955633449      
   6.46109834074215129321877247971653764      
   6.46109055283785606009472935567552696      
   6.46108185195479332496315793777653678      
   6.46107219295600886204139161526708625      
   6.46106153267934212346851801055057223      
   6.46104982916440024158434566126190598      
   6.46103704120121273239160407309371565      
   6.46102312763917281089250730695638258      
   6.46100804663794323875924396508895297      
   6.46099175487389261809291948554089772      
   6.46097420670647178154054207195890583      
   6.46095535332809679508972750912326656      
   6.46093514202128203144336058929817612      
   6.46091351546292056795923770240950403      
   6.46089041083187958330908311975210193      
   6.46086575925311074418719963067022804      
   6.46083948521132031455325297785042353      
   6.46081150604786766161610145312427280      
   6.46078173153317134641774755144973389      
   6.46075006351627107752157609682747601      
   6.46071639566509574066113910345708920      
   6.46068061331813872265768776757173153      
   6.46064259332960647803027667328925424      
   6.46060220400573132773202536632482040      
   6.46055930510414200954004774545796305      
   6.46051374789575539458534051870633845      
   6.46046537530538877779834686889084193      
   6.46041402198958357679928225638943107      
   6.46035951460140772794513182471944940      
   6.46030167193416418213023608147122294      
   6.46024030510587112526877973975162150      
   6.46017521778654234160909614689533810      
   6.46010620644763601106825910729019698      
   6.46003306063554934157264031256761903      
   6.45995556306609222552411743128429251      
   6.45987348985969755039098849944231917      
   6.45978661080986930450896923938643296      
   6.45969468939593061722728844164392112      
   6.45959748296378526399094856902265034      
   6.45949474284976287203165120065154281      
   6.45938621436888879632536101603523541      
   6.45927163682721011018398207739587107      
   6.45915074352012682387810089922366463      
   6.45902326173801589306548014044576394      
   6.45888891251990804861978528860633002      
   6.45874741052105369877329826450176646      
   6.45859846376504968261014016165724472      
   6.45844177339592147430614164991518440      
   6.45827703333985566505957161342846816      
   6.45810392991952685535578350843548747      
   6.45792214135725465687288540408215760      
   6.45773133729582258466276718986569152      
   6.45753117814684856449928285861540673      
   6.45732131493124993340185157508795545      
   6.45710138792854012791820270561642557      
   6.45687102609857835384708161185373392      
   6.45662984624600228477962216424906057      
   6.45637745327260929919903220638217141      
   6.45611343513384315413753327533853815      
   6.45583736833859029733171854925053734      
   6.45554881153260234142618731520741937      
   6.45524730606312762086197730517196222      
   6.45493237497032574614676973789808050      
   6.45460352001623119385575312790196294      
   6.45426022373252973665685694885812363      
   6.45390194294298446132196961616100312      
   6.45352811165915556215358120383652489      
   6.45313813607925614240802921986054785      
   6.45273139468382882475813307312322364      
   6.45230723488323967321143325351951200      
   6.45186497164065995396247761093613073      
   6.45140388475463874664572709777606281      
   6.45092321706405504930743364309833004      
   6.45042217103341730024287036677993415      
   6.44989990627049599702600666230130373      
   6.44935553683604863629992147593913261      
   6.44878812825993896206434118788336258      
   6.44819669336642416667106263071629214      
   6.44758018965685216179721715989224044      
   6.44693751490649836558115565084593635      
   6.44626750323106010935817016754053520      
   6.44556892101928564982321662465421397      
   6.44484046187008759045488255532697244      
   6.44408074169985783735031832050858816      
   6.44328829370890264530266525972416147      
   6.44246156219462969661389575720929981      
   6.44159889681308163537063061744397145      
   6.44069854507907332291904896256381141      
   6.43975864637423440502847487465658842      
   6.43877722348622114534284725334732850      
   6.43775217426937889173664929041033690      
   6.43668126270849559703745681903983692      
   6.43556210924975600358906881685704898      
   6.43439218004854565106689056612386910      
   6.43316877559013875961564658529494914      
   6.43188901811641864518786937343878858      
   6.43054983809187417436464944192309935      
   6.42914795952797176945219235765575285      
   6.42767988380726074604172610585947207      
   6.42614187240709298989361191138790128      
   6.42452992717031054557882174735267273      
   6.42283977039973958985257343919714793      
   6.42106682162726468394629976757199231      
   6.41920617298293401291822795067793247      
   6.41725256214372264634726552876018944      
   6.41520034315375371947313878785631505      
   6.41304345433774016459494669061105589      
   6.41077538370080160303037481339371435      
   6.40838913150621735230882150032704030      
   6.40587716990713988612909144657567747      
   6.40323139989486265389033213169394550      
   6.40044310535113761046458133415904652      
   6.39750290499449343372550939142364330      
   6.39440070269823994022384729477036293      
   6.39112563677107543347455103210817650      
   6.38766603027234917403508126513849383      
   6.38400934367490495865096423454961237      
   6.38014213342147537642509643540435836      
   6.37605001686149800176422866915025410      
   6.37171765321421074356248190026138411      
   6.36712873779417612733414388893480795      
   6.36226601975214856764166021421845132      
   6.35711134446408925663761241626743944      
   6.35164572485517641686759027511199910      
   6.34584944312389097406062117804503964      
   6.33970218014324148839651387544273139      
   6.33318317004287137634791426489288980      
   6.32627137168394069516437978742357330      
   6.31894564716722228400394630239818151      
   6.31118493700440461175507100449051540      
   6.30296842285652826765537978301726639      
   6.29427566692436113349055133055871203      
   6.28508672284246588913178873970068516      
   6.27538221686718606840988015705114668      
   6.26514339851776956170210186263864643      
   6.25435216127929575467621165805895368      
   6.24299104085331664024218491412340585      
   6.23104319431088198257629826473237151      
   6.21849236579066268384797958175072164      
   6.20532284383413659015285332213866822      
   6.19151941035350811387203279653582347      
   6.17706729472937921910090034020714781      
   6.16195211952633098749277725022188773      
   6.14615985850697379421573440479279092      
   6.12967678799735663528411079035990658      
   6.11248945078426187521227497993304515      
   6.09458461879045920972408853211241307      
   6.07594926184541188455825062973200715      
   6.05657052106810021841169505639588682      
   6.03643568467403506011494999277839121      
   6.01553216952938695677518767839648968      
   5.99384750252416676533593662476250618      
   5.97136930729872840526867622401421186      
   5.94808529307876274850907240010267413      
   5.92398324471289462353464565721158238      
   5.89905101495972897456788751471303696      
   5.87327651860743543544875447057072371      
   5.84664772732514101165644436676629929      
   5.81915266561438320295979810439757980      
   5.79077940756376838422050220063463075      
   5.76151607387286468871650121794980566      
   5.73135082996809915756586125983812942      
   5.70027188308933866706829921841767419      
   5.66826748004219724494539926466431317      
   5.63532590458575893694055860145927300      
   5.60143547439515895172378041688974193      
   5.56658453833917923622140017466000353      
   5.53076147160471560237499259634240691      
   5.49395467256651938526983381938160741      
   5.45615255677686441539592273313319559      
   5.41734355290787244408004109597854386      
   5.37751609606550861613257506798309160      
   5.33665862189809802537712614900355040      
   5.29475956014294866563060899879826168      
   5.25180732761768248518572444014548815      
   5.20779032180333505018619714046144153      
   5.16269691374771641660847269875813880      
   5.11651544128964113524617129910289747      
   5.06923420236366994775601923589258311      
   5.02084144864422857187002618192980020      
   4.97132537964663113786344701215380811      
   4.92067413673701488963903862515847164      
   4.86887579825291475088044313500651886      
   4.81591837435946903483209772138518305      
   4.76178980299788283257867085295427679      
   4.70647794598576379060893742338098427      
   4.64997058540322437068566450195193325      
   4.59225542121269882869732853686349590      
   4.53332006831832975059565538323071614      
   4.47315205482985657059825822457485279      
   4.41173882027977633211793932698019173      
   4.34906771424962459254081931354692815      
   4.28512599568716765778761095356075208      
   4.21990083210990832928792858805777534      
   4.15337929851121433122815159485267566      
   4.08554837846570482839002456022455952      
   4.01639496272895061931983389718632949      
   3.94590585037704779055770394904802979      
   3.87406774762833043873019073406408733      
   3.80086727069807577234219363395374233      
   3.72629094394925074805143511739364447      
   3.65032520142854876417501130647744653      
   3.57295638733908496737526484281010993      
   3.49417075640113189835372778333942861      
   3.41395447488422886235895701898050851      
   3.33229362135450983402670102635581046      
   3.24917418589214209350491539534414322      
   3.16458207407787787981733227668598200      
   3.07850310407171651090231471664812546      
   2.99092300917434921766761705436374395      
   2.90182743834902043789101364601052594      
   2.81120195644574019369162027207200309      
   2.71903204517004365860871729115054452      
   2.62530310338802889305253630333455500      
   2.53000044804623781307287209411709624      
   2.43310931443105088648300679752445606      
   2.33461485685485829414431449085961406      
   2.23450214919315830421463125639743778      
   2.13275618526760516954772307361998521      
   2.02936187952532451838058801060326054      
   1.92430406697617949528633983293189565      
   1.81756750431597463069757254690236776      
   1.70913686977157308264298568773574718      
   1.59899676376062483791869196307727212      
   1.48713170922670785151613006157508729      
   1.37352615171928881727637183106008232      
   1.25816446021862843406411882291154202      
   1.14103092675550796337395537199246599      
   1.02210976749148182267415520871030580      
  0.901385122012848559647893026642297259      
  0.778841055050628491631691867444336956      
  0.654461554970062403671107983752937927      
  0.528230535303908158889762568267563135      
  0.400131834274313827739308449166289902      
  0.270149215373537030697911653060222950      
  0.138266367437901456785045095803402583      
   4.46690474046697510219368431464377250E-0003
 -0.131265632604408359872935292526158325      
 -0.268947778897611192868492836987383633      
 -0.408596142141155456168559872450879543      
 -0.550227404439739683941658677787954770      
 -0.693858321447161085018270172585866789      
 -0.839505722373125048793668436287988176      
 -0.987186510181036930384718431528537788      
  -1.13691766061626120733426491822236821      
  -1.28871622319988613062060650712228891      
  -1.44259932024347945926628284001313061      
  -1.59858414708635049001409926278484185      
  -1.75668797221775043569448092832709867      
  -1.91692813651276953262990056738501379      
  -2.07932205387572111509193629587081016      
  -2.24388721103266252748986110656987910      
  -2.41064116659133687436517808337387625      
  -2.57960155241878425390567919171535199      
  -2.75078607218666674701222045797683614      
  -2.92421250212050254318384530282756026      
  -3.09989869077576567586103644483736794      
  -3.27786255862681185640852184969581881      
  -3.45812209839062471597715172166630388      
  -3.64069537481788050648037130571242798      
  -3.82560052492909132659227571882036960      
  -4.01285575697108866906832894680394725      
  -4.20247935145034138173752332445896491      
  -4.39448966095602631291939715958090794      
  -4.58890510907780784277384657021001040      
