   6.46114195192883683103959025933776710      
   6.46114195192883683103959028499496191      
   6.46114195192883683103959035532093786      
   6.46114195192883683102469808778159386      
   6.46114195192883681091044040802683296      
   6.46114195192883395908069845156041589      
   6.46114195192872862681807356997447468      
   6.46114195192710348449190041760848793      
   6.46114195191329443903158390250509337      
   6.46114195183642797858460260463615404      
   6.46114195152238731142082877433233593      
   6.46114195050531948608533003876170301      
   6.46114194775015728303572888440642019      
   6.46114194126271020073477057687119281      
   6.46114192760518538183678792183328481      
   6.46114190135030112420033338198938238      
   6.46114185449193934887909123856789579      
   6.46114177594327917761091318758828312      
   6.46114165102815896207122534484597524      
   6.46114146101758446971075650061452278      
   6.46114118282214160005228258061817114      
   6.46114078876851756764963543749273237      
   6.46114024652224216705275573319265470      
   6.46113951912674775805769335674228317      
   6.46113856517666439213520468578929625      
   6.46113733914544690375996641574192113      
   6.46113579184612353903203889594084499      
   6.46113387101457789863640012837505195      
   6.46113152199187081651955559683557589      
   6.46112868846605778279348839608237640      
   6.46112531323768704561233081406380817      
   6.46112133906193813063615902032712389      
   6.46111670926969883006204239778709535      
   6.46111136842253609656046610701792819      
   6.46110526280279291045740230793864942      
   6.46109834075954225907039985983422954      
   6.46109055286646670746102244538894549      
   6.46108185200078204501926355024552250      
   6.46107219302834909142094889529003275      
   6.46106153279085942409006603327375973      
   6.46104982933309928895879928114338910      
   6.46103704145195086303278963470436826      
   6.46102312800574027378731377650782939      
   6.46100804716561618130683231321289078      
   6.46099175562252954848182102156192110      
   6.46097420775422874272568940161202952      
   6.46095535477584387411761921780923931      
   6.46093514399780746351296466318290527      
   6.46091351813100459775478530362674806      
   6.46089041439534596475198797240225642      
   6.46086576396494992373846578045074755      
   6.46083949138299008839381283949509160      
   6.46081151405988649161117777686441815      
   6.46078174184711756761980582345127384      
   6.46075007668821300105955216975736858      
   6.46071641236106851352065392200650709      
   6.46068063433086274541225633661971471      
   6.46064261959753056460492681094910988      
   6.46060223663402291364443281653604251      
   6.46055934538796187886350827534441684      
   6.46051379734593063731185443478535510      
   6.46046543567667151098036343444689961      
   6.46041409531163141945502155846248841      
   6.46035960321277940673114218683746387      
   6.46030177851934462859515042334076900      
   6.46024043273569309055547629968555926      
   6.46017536996207936194073780352318427      
   6.46010638714800140715092997889606619      
   6.46003327436946550933609457976217391      
   6.45995581492768098650332517977100800      
   6.45987378558894065964926646813275887      
   6.45978695685741052589984225260891889      
   6.45969509299304943702485443508142083      
   6.45959795219741870262726755459577488      
   6.45949528674314355863444098606183928      
   6.45938684296779407288344362978731624      
   6.45927236129223124299757372265700792      
   6.45915157622558698648576597378483454      
   6.45902421637724173728218214755217402      
   6.45889000421747474107641326808661428      
   6.45874865595247552284784351450506820      
   6.45859988128419810890194361640281872      
   6.45844338317050955646641712531851252      
   6.45827885749529473122595600714077567      
   6.45810599269173614542347600198352086      
   6.45792446925440353804158679766131364      
   6.45773395927092283034192084326037326      
   6.45753412578000564228527142380909861      
   6.45732462262067364003541706741299324      
   6.45710509309923111240827889670816939      
   6.45687516941238818085928509474505630      
   6.45663447183429727634025890743560695      
   6.45638260897342140021114227724300227      
   6.45611917276020012792253635014882740      
   6.45584374393623105331523290521665710      
   6.45555588566666748446684532850773253      
   6.45525514412408050734196660991649429      
   6.45494104749220003814886007582063294      
   6.45461310301201353033724865391781047      
   6.45427079905094465454833066714251547      
   6.45391359866134676051440170626549375      
   6.45354094245436107905807603244204867      
   6.45315224366400759743356543638897866      
   6.45274688825505899169516331572835705      
   6.45232423158965751711576096004606797      
   6.45188359708576762099258141428780498      
   6.45142427352078025728273355803747063      
   6.45094551327547501734131918294406114      
   6.45044652895434594335732473087843342      
   6.44992649093263733904237915142257254      
   6.44938452470317103500383886927209471      
   6.44881970794323273252434147531080232      
   6.44823106637598102129196847001692442      
   6.44761757120442187209588585899208254      
   6.44697813475688135714336656359973350      
   6.44631160661170430669079454134981686      
   6.44561676958238475441401852490099816      
   6.44489233473111932499835523205887539      
   6.44413693652968852508515206501072422      
   6.44334912792052363203942153908702706      
   6.44252737417656463999706383942712025      
   6.44167004726167472507107757335888415      
   6.44077541850371785013803952548706200      
   6.43984165256644825681569622935655670      
   6.43886679918375162103816628283464400      
   6.43784878492372008462648817642753261      
   6.43678540440921402253507685050685119      
   6.43567431074639405118121227669384696      
   6.43451300496328653732744946933270468      
   6.43329882474413529434833796214257654      
   6.43202893212661915311442994620020147      
   6.43070030008889448608513279407551183      
   6.42930969811009589710109640750665937      
   6.42785367623498416898188471011818579      
   6.42632854787442660192840100019504235      
   6.42473037120743656654057085080661705      
   6.42305492784877770868223608688799964      
   6.42129770165319449826976032965019026      
   6.41945385343222468648506321716399957      
   6.41751819473740542169198155902568908      
   6.41548515865737504546353937312490010      
   6.41334876842628925628404245268481441      
   6.41110260289947235835991962727738040      
   6.40873975978386740129746670732333122      
   6.40625281541057494884860705196849954      
   6.40363378195939632857792146624079738      
   6.40087406182186702275225011178730986      
   6.39796439951486689041154599430068878      
   6.39489483191564103099204631591887596      
   6.39165463710840138051863761778706527      
   6.38823228404533999945531151125370882      
   6.38461538390466762649488750912102514      
   6.38079064700005734097969074078209744      
   6.37674384562737139654345266712555339      
   6.37245979129939428205021821541416481      
   6.36792232580639559317003996985528316      
   6.36311433415708560146992130922755793      
   6.35801778220463000024509700009224768      
   6.35261378296227722986324276955284274      
   6.34688269355310775877873097079771628      
   6.34080424096739483708088772632746769      
   6.33435767420684148834225930112574192      
   6.32752193513184485598884928587060306      
   6.32027583817093081612824961839981835      
   6.31259824858127920694156856414127392      
   6.30446825125125557105799803094265695      
   6.29586529420619252336524395340385354      
   6.28676930636698022372625351772340101      
   6.27716078535636116193780053561365264      
   6.26702085258049874995034752955450136      
   6.25633127780665398402488682571803703      
   6.24507448192709290464404171554549461      
   6.23323351817951886781333677396693644      
   6.22079203794934352826562601574012651      
   6.20773424808952815852878209911713104      
   6.19404486147227456090282411206195125      
   6.17970904943509139251575190970848507      
   6.16471238612034161910174934694701995      
   6.14904080542024761814004429780798608      
   6.13268055257961286925697607443049220      
   6.11561814447476576765265726193242710      
   6.09784033380750622059003547495820619      
   6.07933407506213481858964651702194239      
   6.06008649753361012167597904416487202      
   6.04008488063131816960296346015244673      
   6.01931663319885843248023406821392892      
   5.99776927618131846148926570775712321      
   5.97543042777975006700753868958347136      
   5.95228779165094249987020438437993787      
   5.92832914666408462430288892593423243      
   5.90354233877452822452495586753534399      
   5.87791527493470559193972645978953068      
   5.85143591753487727551190413337004104      
   5.82409228038690093095168797077382202      
   5.79587242498407029866170485138448671      
   5.76676445782838800844535130625492674      
   5.73675652826368173780053081475343779      
   5.70583682556215312558229997387021452      
   5.67399357734149777363638302853827602      
   5.64121504615931933832546272413704855      
   5.60748952786304791433365302424114692      
   5.57280534777460483347733366807995289      
   5.53715085730733464336203985612581199      
   5.50051443059302712260700356695168212      
   5.46288445853046861810117778628712139      
   5.42424934680460844962188078094483321      
   5.38459750473505447037243827757313749      
   5.34391734729797997346587132468114014      
   5.30219728233657780050746570173215151      
   5.25942570707870491702724734078695615      
   5.21559100104806953834926422825360676      
   5.17068151919095372242017535168006545      
   5.12468558539465517433270882411106308      
   5.07759148581117059978884841544586774      
   5.02938746288157901287641695991804230      
   4.98006170877745019367066289273082750      
   4.92960236008159100144508480529062978      
   4.87799749246379495620443311612367427      
   4.82523511552014281940260617778346180      
   4.77130316883851994227572455381470844      
   4.71618951733262065907840262864499988      
   4.65988194870214958293065913500232468      
   4.60236816936665508718451173575415144      
   4.54363580267210303350228198509174124      
   4.48367238636849932523928789759822901      
   4.42246537060994617980899338738031120      
   4.36000211683670076679839081743170656      
   4.29626989687003722040407935416152007      
   4.23125589147971956421454812035157244      
   4.16494719014383215131398928028435424      
   4.09733079078628113956466671142419975      
   4.02839359915620026422017690196032133      
   3.95812242985053087204447812424590742      
   3.88650400516086858068131667494275593      
   3.81352495707771859262941541181067995      
   3.73917182589882153280328404581784386      
   3.66343106198679319906355697562784309      
   3.58628902542068320143410401630136109      
   3.50773198740543418134560185296385399      
   3.42774613015910765240837175051502921      
   3.34631754813371096704472608902532464      
   3.26343224830823988671390662805327694      
   3.17907615085149972010355381550095525      
   3.09323509019531530535671876876410849      
   3.00589481564845677756647749943225795      
   2.91704099010635027897821875359770653      
   2.82665919498828288438546711610158418      
   2.73473492657801980455373223876235728      
   2.64125359886121531162524507673222498      
   2.54620054327113384999005780880623926      
   2.44956100972544528068299548369367958      
   2.35132016695428828700502092940683405      
   2.25146310286444529206593322235296318      
   2.14997482547438423038103651898821639      
   2.04684026284250940381992771409464474      
   1.94204426400404214987665849481278616      
   1.83557159890466902829837507960054022      
   1.72740695940712597540654787742451935      
   1.61753495890039785590295602741040357      
   1.50594013352951385210930193643198914      
   1.39260694177359246750005146554419493      
   1.27751976540551198801551528034325349      
   1.16066290921978470324155356098966707      
   1.04202060169284382092758747561775776      
  0.921576995276155767749947977795084312      
  0.799316166424099386248208243936221297      
  0.675222116030135922529315057993018996      
  0.549278769756678844795489917847488579      
  0.421469977662276876744071189597383388      
  0.291779515297018112173626389614330149      
  0.160191083145442456551928109106291312      
   2.66883072393977261110437428383127325E-0002
 -0.108745260681458289761599202839895177      
 -0.246126143532615407613251435182218283      
 -0.385470937702669880436173884824938362      
 -0.526796314003880709056638454569456585      
 -0.670119016788522268738545609169180934      
 -0.815455864035037930376944367229096202      
 -0.962823747474653280612311495436453108      
  -1.11223963190309467553911317135252727      
  -1.26372055574762312746356797874608319      
  -1.41728363032376167294520968656303041      
  -1.57294604013472772199828838664497563      
  -1.73072504267980101183543523541431341      
  -1.89063796821358779096442037460803601      
  -2.05270221970102103720419492258695468      
  -2.21693527323259438567276767223733852      
  -2.38335467689868454873558593650584839      
  -2.55197805153916521282080162299079191      
  -2.72282309078237045173183504474768851      
  -2.89590756001551528108789666010836919      
  -3.07124929715254547885433704336851488      
  -3.24886621273312213928308893952059879      
  -3.42877628855131460946484894141284235      
  -3.61099757919081578503935724299827273      
  -3.79554821126965411289763743255826985      
  -3.98244638272539918221046022227576071      
  -4.17171036382875079756315816083115803      
  -4.36335849658771901381727686685219046      
  -4.55740919507827210278134646504920858      
