-0.23255411696651E-11
-0.18604329357246E-10
-0.62789611580005E-10
-0.14883498549662E-09
-0.29161831684300E-09
-0.45601977663553E-09
-0.84723113742029E-09
-0.13834407719374E-08
-0.18474205285331E-08
-0.24148061416867E-08
-0.42985091262871E-08
-0.40825534178351E-08
-0.53087990349343E-08
-0.67767456156960E-08
-0.87383555692192E-08
-0.11139781561007E-07
-0.12596373901339E-07
-0.15601665707734E-07
-0.17041724168760E-07
-0.20211846811629E-07
-0.29669373138295E-07
-0.32862670355813E-07
-0.28438182211429E-07
-0.40523883546002E-07
-0.37434736168267E-07
-0.63641350444995E-07
-0.56241000443194E-07
-0.60561933714804E-07
-0.59029247172918E-07
-0.55678760289379E-07
-0.85742515878520E-07
-0.94283710940620E-07
-0.12089072528715E-06
-0.14151129825777E-06
-0.11463055837676E-06
-0.17402535258514E-06
-0.14909789638163E-06
-0.15685036877321E-06
-0.13744474520111E-06
-0.18501935803055E-06
-0.23798686637604E-06
-0.17435987218379E-06
-0.28195154121738E-06
-0.19581400691029E-06
-0.28082543946830E-06
-0.21700304472693E-06
-0.31140313295691E-06
-0.23248040020828E-06
-0.36714747099345E-06
-0.31256610198949E-06
-0.30635767823086E-06
-0.48338475514840E-06
-0.38754059492736E-06
-0.50650494344128E-06
-0.52533135951462E-06
-0.49714858964775E-06
-0.44647236677222E-06
-0.54097841192133E-06
-0.48427377149222E-06
-0.60475896312188E-06
-0.58354706390230E-06
-0.63971408678784E-06
-0.75724512028190E-06
-0.83156991643221E-06
-0.88897149385033E-06
-0.81473636402178E-06
-0.81137875297397E-06
-0.90239601505070E-06
-0.86170477460585E-06
-0.10567303450520E-05
-0.78093807139589E-06
-0.11980531206042E-05
-0.10471184415273E-05
-0.84677504437811E-06
-0.13926532117388E-05
-0.10353818477070E-05
-0.12217914288892E-05
-0.17063555374152E-05
-0.17031408258780E-05
-0.14271101177819E-05
-0.16801631235014E-05
-0.14468370390752E-05
-0.15052983237690E-05
-0.15736780084529E-05
-0.13822911502680E-05
-0.11536427629236E-05
-0.19761955582237E-05
-0.20701061876505E-05
-0.19637011842971E-05
-0.14467912013586E-05
-0.17643948054914E-05
-0.20386967809875E-05
-0.20645724725115E-05
-0.23918238195071E-05
-0.27527522888306E-05
-0.27287495785607E-05
-0.31489778818707E-05
-0.28633103706990E-05
-0.22926350833415E-05
-0.27260256391760E-05
-0.23463095130814E-05
-0.32034314301160E-05
-0.28570733493415E-05
-0.32260374276223E-05
-0.36201575045597E-05
-0.37611218256460E-05
-0.35968936258335E-05
-0.27960716109339E-05
-0.40278301499258E-05
-0.37204073901721E-05
-0.41543563933888E-05
-0.43228021460472E-05
-0.38123260147979E-05
-0.42695491935078E-05
-0.36487502248951E-05
-0.40725650182990E-05
-0.34587480659144E-05
-0.53495363188313E-05
-0.55743629778989E-05
-0.54112873287684E-05
-0.53328325402405E-05
-0.36836015625619E-05
-0.48635160967487E-05
-0.67629017881574E-05
-0.70829491798694E-05
-0.58530687089857E-05
-0.54879128334515E-05
-0.62644319632418E-05
-0.66481164477483E-05
-0.61166687126819E-05
-0.67131643254268E-05
-0.58220786905314E-05
-0.67540734015866E-05
-0.62295716098094E-05
-0.69564592743880E-05
-0.61081968752880E-05
-0.70816338465896E-05
-0.60325916778558E-05
-0.61270691148356E-05
-0.69206173901060E-05
-0.85922564996500E-05
-0.91128041508669E-05
-0.86397560744845E-05
-0.74648764249113E-05
-0.54840691189470E-05
-0.11229087544668E-04
-0.10822111856108E-04
-0.87291549321316E-05
-0.76295957172630E-05
-0.69046913604250E-05
-0.10981377933720E-04
-0.10203041037169E-04
-0.97164963418655E-05
-0.75928477531869E-05
-0.97900498497808E-05
-0.88728742163357E-05
-0.10639532462259E-04
-0.96975447604641E-05
-0.10864802811195E-04
-0.12658388798107E-04
-0.11506695617826E-04
-0.11842658801123E-04
-0.11230302801778E-04
-0.12380958554761E-04
-0.13437961760779E-04
-0.12472638992129E-04
-0.12284722844960E-04
-0.97978205671856E-05
-0.11844792633944E-04
-0.10910061752041E-04
-0.11546503761055E-04
-0.16155117875467E-04
-0.11005032777409E-04
-0.12846600967640E-04
-0.13576308838256E-04
-0.11734947931711E-04
-0.12830981459920E-04
-0.11809202334166E-04
-0.15897672124112E-04
-0.15563821817551E-04
-0.18075301423213E-04
-0.14614983775994E-04
-0.16963993710849E-04
-0.13920187649964E-04
-0.16809197181881E-04
-0.20059994455913E-04
-0.19900772622003E-04
-0.16842057390326E-04
-0.15567018794567E-04
-0.15636922231858E-04
-0.21189286643846E-04
-0.16020260341413E-04
-0.18980747113442E-04
-0.21246060664747E-04
-0.19459053963546E-04
-0.21809388525519E-04
-0.19652390858195E-04
-0.18302618501765E-04
-0.18782878997060E-04
-0.22959461097384E-04
-0.24049361479661E-04
-0.20127503106955E-04
-0.23435386912696E-04
-0.20417114023179E-04
-0.21968616688719E-04
-0.21347327616699E-04
-0.24364517184742E-04
-0.21361583152847E-04
-0.21071428390688E-04
-0.26025911332632E-04
-0.25824206499648E-04
-0.17828034191300E-04
-0.20457848247405E-04
-0.15587836850036E-04
-0.23619658039216E-04
-0.21495854024245E-04
-0.24654360319999E-04
-0.20173376622727E-04
-0.20393250698155E-04
-0.20814494809259E-04
-0.22398663864774E-04
-0.21208443713020E-04
-0.18531149025650E-04
-0.25386383633595E-04
-0.20153372762657E-04
-0.23430202519000E-04
-0.22463587118259E-04
-0.21125470424408E-04
-0.19511463822859E-04
-0.21055717094343E-04
-0.18966801302654E-04
-0.21241418628528E-04
-0.19210339512581E-04
-0.21917255247313E-04
-0.22763578918104E-04
-0.23081524138338E-04
-0.21253667932765E-04
-0.17339975992708E-04
-0.22137090781544E-04
-0.21858668740291E-04
-0.14328617553761E-04
-0.19059792225408E-04
-0.19063877045361E-04
-0.17771328795222E-04
-0.17334176848644E-04
-0.16578074455038E-04
-0.17166247639837E-04
-0.17761576609040E-04
-0.19645807379198E-04
-0.19370209320526E-04
-0.18030394463796E-04
-0.16487104857086E-04
-0.15602506814092E-04
-0.16592557659350E-04
-0.15786848042344E-04
-0.10249748403744E-04
-0.12885431777198E-04
-0.15711517466094E-04
-0.11450830975101E-04
-0.13793198241393E-04
-0.93815284190441E-05
-0.12272840900680E-04
-0.81531284351906E-05
-0.10001190381073E-04
-0.83686777183161E-05
-0.68611719709818E-05
-0.70446742605678E-05
-0.55142629808204E-05
-0.38699823768192E-05
-0.32420509169119E-05
-0.21803595370980E-05
-0.10661619726733E-05
 0.11929182382599E-06
 0.10845496485279E-05
 0.21570538106387E-05
 0.48586198728521E-05
 0.48951931928705E-05
 0.59585590756258E-05
 0.90901388269086E-05
 0.10141061645661E-04
 0.96411338822948E-05
 0.81855359405200E-05
 0.11168836125363E-04
 0.17468978634342E-04
 0.17106267947467E-04
 0.18239979200089E-04
 0.14400181107698E-04
 0.21553608538392E-04
 0.25630214729149E-04
 0.23474017041568E-04
 0.35633028022051E-04
 0.29627487277676E-04
 0.29324783745831E-04
 0.40279074601674E-04
 0.39832700087635E-04
 0.27486151591870E-04
 0.46591993509938E-04
 0.31249240350613E-04
 0.34716827359819E-04
 0.51860384476803E-04
