 0.11772717483620E-12
 0.18836347973727E-11
 0.95359011616093E-11
 0.30138216855675E-10
 0.73777803419344E-10
 0.16732529477943E-09
 0.30944630654830E-09
 0.23696894295677E-09
 0.60554410720786E-09
 0.10855286661041E-08
 0.18744027897369E-08
 0.22018074690873E-08
 0.31001998725176E-08
 0.51655240159169E-08
 0.55418842879355E-08
 0.64130716284712E-08
 0.78812002158453E-08
 0.15598129121391E-07
 0.13683034927783E-07
 0.20232219305369E-07
 0.15749847384455E-07
 0.23169569799681E-07
 0.34999713137995E-07
 0.37889752320206E-07
 0.46403636281924E-07
 0.48542431459234E-07
 0.46792857357433E-07
 0.83582485954520E-07
 0.82298931125315E-07
 0.89595041480120E-07
 0.10167314608761E-06
 0.10683751179389E-06
 0.11907363608366E-06
 0.17140011680789E-06
 0.13245959741630E-06
 0.17045980009794E-06
 0.19345492746248E-06
 0.24749875299577E-06
 0.23288767713020E-06
 0.22972510242553E-06
 0.25754676782544E-06
 0.28057450760191E-06
 0.25502819984161E-06
 0.19392340600530E-06
 0.42110335859260E-06
 0.43253950560715E-06
 0.61747856668448E-06
 0.72409483408547E-06
 0.68426104702683E-06
 0.64753163517859E-06
 0.68827816011876E-06
 0.77876885916301E-06
 0.10417363294030E-05
 0.14713866321775E-03
-0.37775145689665E-03
 0.32576222189244E-03
 0.18033869877903E-05
 0.17282771837284E-05
 0.20736477424413E-05
 0.25868232601557E-05
 0.28209408114071E-05
 0.31564586453405E-05
 0.33211096236660E-05
 0.37925460588384E-05
 0.49764254562870E-05
 0.55970022460204E-05
 0.71891571019382E-05
 0.79921701138919E-05
 0.92311581263047E-05
 0.10252327702714E-04
 0.12586050408940E-04
 0.14127570743848E-04
 0.17046943671385E-04
 0.19691395666974E-04
 0.22424979474806E-04
 0.25570425971786E-04
 0.29683071137795E-04
 0.34378726969718E-04
 0.38025423921541E-04
 0.44006130660881E-04
 0.50266947918262E-04
 0.57707729983029E-04
 0.65191585855619E-04
 0.73973350082547E-04
 0.83611096021990E-04
 0.94718859128588E-04
 0.10755526869759E-03
 0.12103937341240E-03
-0.14031380709939E-02
 0.50944062287562E-03
 0.20582151864746E-02
 0.18946159081265E-03
 0.21104668602089E-03
 0.23675503990766E-03
 0.26193944814889E-03
 0.28871314588043E-03
 0.32250597855243E-03
 0.35445680049080E-03
 0.39183034084673E-03
 0.43509735218469E-03
 0.48084212510249E-03
 0.52622586844718E-03
 0.58093978497430E-03
 0.63243411743872E-03
 0.69613340235932E-03
 0.75806885709699E-03
 0.82837147174201E-03
 0.90024951981432E-03
 0.39851718910249E-01
 0.10667898067014E-02
 0.11593328160171E-02
 0.12559127462093E-02
 0.15740045437340E-02
 0.14704880743559E-02
 0.15893430874051E-02
 0.17181245595034E-02
 0.18519127671278E-02
 0.19942079719572E-02
-0.13098215971849E+00
 0.22953096946168E-02
-0.15881708125284E+00
 0.16095521854598E-03
 0.28055793462751E-02
 0.29919083567099E-02
 0.62881674767969E-02
 0.23665957904909E-02
 0.33127802422423E-02
 0.37900972672851E-02
 0.39983208599144E-02
 0.43875605091960E-02
 0.44040036449534E-02
 0.46070730560039E-02
 0.47987222431521E-02
 0.50292033544175E-02
 0.50912934533742E-02
 0.35724084223087E+00
 0.53841671760841E-02
 0.54733202940091E-02
 0.27389175469410E+00
 0.54615997239734E-02
 0.53682146762672E-02
 0.51668268101093E-02
-0.54718188093266E-01
 0.44270172621509E-02
-0.32489730057852E+00
 0.17673339174394E-01
-0.41891852644968E-01
-0.47507564512897E-01
-0.52214174972514E+00
-0.51930592270135E-01
-0.15917958974867E-02
 0.23326288907944E+00
-0.10233060249076E-01
-0.13527489064449E-01
 0.28366461821157E+00
-0.47408269022212E+00
-0.50701297216765E+00
-0.28797637739232E+00
-0.27578872718064E-01
-0.28481191070365E-01
-0.84669536129301E-01
-0.19176113120363E+01
-0.52430236918898E+00
 0.20439596869188E+01
-0.46438914246842E-02
 0.37832622184394E-02
-0.96680034463545E+00
 0.20295471529437E-01
 0.12040719087269E+01
-0.17454858293504E+01
-0.12134744010426E+02
 0.24542221610864E+01
 0.21567899177794E+02
 0.27832140636538E+01
 0.50611212475302E+01
 0.12491131634736E-01
 0.24627131034712E+01
-0.21462253080491E+01
-0.75989437882142E+01
 0.44672869471901E-01
-0.15855417816789E+01
 0.29051431782662E-01
-0.18630664527625E+01
 0.30315772447535E-01
 0.77384079520740E-02
 0.19952047925153E-01
 0.74634896328657E-01
 0.25371996573708E-01
-0.87285715742534E+00
 0.11023821266741E+01
 0.47021681784085E+00
 0.84521914516013E+00
 0.26622381087832E+01
-0.57765082966696E+00
-0.14333907151045E+01
 0.59258141193334E+00
 0.71268793359804E+00
-0.17662750233136E+01
-0.88947605771875E+00
-0.36423384398611E+00
-0.11749609100364E+01
 0.37108703530249E+00
 0.72395497779096E+01
-0.16843723132600E+01
 0.19449170667699E+01
 0.27973665102125E+01
 0.29834307659574E+00
-0.42906391836324E+01
-0.21516449184263E+01
 0.19176259243881E+01
-0.25983450676319E+00
-0.62695088934198E+01
-0.30767431653057E-01
 0.11531554598303E+01
 0.54681129973113E+01
-0.11053919577371E+01
-0.28216435873222E+00
-0.14934133451898E+01
-0.16102977745001E+00
-0.39170374294379E+01
-0.28877521321411E+01
-0.17728912974362E+01
 0.54929716712363E+01
 0.39928444134129E+01
 0.49735751637884E+00
-0.18681382672158E+01
-0.19282827105477E+01
 0.28909010501851E+01
-0.58050344608712E+01
 0.21201314136034E-01
 0.81727871763692E+00
-0.35369634165474E+01
-0.15984820603515E+01
 0.59738742131972E+01
 0.10323977647318E+02
 0.79329554262096E+01
 0.72053110446590E+01
-0.82424933587016E+00
 0.28352500766169E+01
 0.99612581261288E+01
 0.47965997453106E+01
 0.67345344642421E+00
 0.87460368763683E+01
-0.33846888226664E+01
 0.29488588180579E+00
-0.55826689111557E-01
-0.34775396784816E+01
 0.21027153100137E-01
 0.17636296989683E+01
 0.31345216692764E+01
 0.53826839898805E+01
 0.84959987583031E-01
-0.74435924208848E+01
-0.34009474098411E+01
 0.32092378408732E+01
-0.23597537305116E+01
 0.17847432554117E+01
-0.49557529292173E+01
 0.54158309927807E+00
 0.72257759613495E+01
-0.64636615814854E+01
-0.87065468954438E+01
-0.10143322062003E+02
 0.17509073448556E+00
 0.20782373792964E+02
 0.86896866325104E+01
-0.30775891161276E+02
-0.95386906749609E+01
-0.25145674635938E+02
 0.20841319022445E+02
-0.79999089396584E+01
-0.92482184765773E+01
 0.36064464172843E+00
 0.20609220732457E+02
-0.99374802614932E+01
 0.49026801228673E+02
 0.41569828246447E+00
-0.34131084694412E+02
-0.33648304290533E-02
-0.16992523746171E+02
-0.76858815066620E+00
 0.88650317449551E-01
 0.69789757025255E+02
-0.26298146268228E+02
-0.66753185994568E+02
 0.55743625549200E+02
 0.19773350671146E+00
 0.23130942301651E+01
 0.48985907071305E+02
 0.26300837188869E+02
-0.58983127471605E-01
-0.18475272453428E-01
 0.32170498328969E+01
 0.29266732731927E+01
-0.25110291549804E-01
 0.16793000479875E+01
-0.65618617075446E+01
 0.55334875136809E+02
-0.16591588389058E-01
-0.12545540345762E+00
