   92.6087792172520498870326289728459773      
   92.6087792172520498870326289728401841      
   92.6087792172520498870311796323768494      
   92.6087792172520497092239246380348800      
   92.6087792172518321852126665645225696      
   92.6087792172258499429076271194567893      
   92.6087792164207284041977388326485888      
   92.6087792058407022929710899570316850      
   92.6087791279325274001865207999432553      
   92.6087787464488748421647023613145283      
   92.6087773587211419460384570198248377      
   92.6087733175579074018647524054084163      
   92.6087633941179143566188397799920676      
   92.6087420670489236600899187164917825      
   92.6087008421452517356748379078739574      
   92.6086276915847030444106561931125527      
   92.6085066670219833785421672343271690      
   92.6083176772762335403513138738872575      
   92.6080365738913133620081358799006992      
   92.6076351589243292220343545005204628      
   92.6070815059458468352238970912532260      
   92.6063402568605484373189086944498200      
   92.6053729651193405652845362111096748      
   92.6041384356112431153168086912977927      
   92.6025930356026396456083001542240490      
   92.6006909588445941939780987344698396      
   92.5983844319074030679486764138363086      
   92.5956238590732145147711756022106287      
   92.5923579083196279368535953622287289      
   92.5885335458317321845233109674763018      
   92.5840960312991283412039958407173857      
   92.5789888867448130587563939326032233      
   92.5731538528402670858673017622045265      
   92.5665308481361945810892113655538076      
   92.5590579417125310631376800222367433      
   92.5506713492628525682247113794903505      
   92.5413054601726060759687759891350136      
   92.5308928966982874130718652343363864      
   92.5193646075749367816858601151983629      
   92.5066499973733077440571213590229505      
   92.4926770814050493554106117464577932      
   92.4773726639771478082146585083253135      
   92.4606625353555475076454460106663350      
   92.4424716782983995947176737821161282      
   92.4227244777729516949929928322034528      
   92.4013449281489344196101539313875139      
   92.3782568096066692696625505884976446      
   92.3533839419996020118391160138055676      
   92.3266502473199964588947608370793358      
   92.2979799504987800077949792181711690      
   92.2672976772816036461313124718882015      
   92.2345285383563987794322569390520481      
   92.1995981837672780549064710230555919      
   92.1624328273576958614676531320589751      
   92.1229591835999166701283127953580670      
   92.0811046403152716474359796100991025      
   92.0367968988662594094874419027209444      
   91.9899640692881008060765911815191632      
   91.9405345008933102512270774847499888      
   91.8884366384939947512033262655351685      
   91.8335988529207462735441803329335983      
   91.7759492494878772252928002272738557      
   91.7154154563075036258102437580912461      
   91.6519243910664715635704346876247444      
   91.5854020133277364766801455069131840      
   91.5157730601310113952398213443278590      
   91.4429607651682233273550299789742812      
   91.3668865648842108909413651254376786      
   91.2874697902220240692523998051709840      
   91.2046273544902379762645827571998431      
   91.1182734069188099854129698509814786      
   91.0283189876108822286592075015719912      
   90.9346717079000662578822692935296464      
   90.8372353439626011975907683206647592      
   90.7359095195431446940563194762807543      
   90.6305891776947971583304657534739990      
   90.5211645405620325938907361523064008      
   90.4075202504220904759590997592911508      
   90.2895352007717497005493496684345455      
   90.1670820413674557066057085262946084      
   90.0400267980921295177439809044839736      
   89.9082283340557100747881745654857357      
   89.7715378937274408921488414242997266      
   89.6297986327361022855306352206399671      
   89.4828450886887997794309036786717403      
   89.3305026365028920009731687033878460      
   89.1725869153538713525387007470625522      
   89.0089032981001558748005711469576774      
   88.8392462366136302987368468459833861      
   88.6633986360682233823891815407390265      
   88.4811311760457677471596392291911317      
   88.2922016546356657543031218532509036      
   88.0963539666379140416706692340318046      
   87.8933181476370152456926116187594209      
   87.6828084067977321223281916805616472      
   87.4645231277318744071533463823027232      
   87.2381436099251742948693535028940342      
   87.0033331985660691818997659067809952      
   86.7597363156281702515035777766712601      
   86.5069773934764863235052425057296572      
   86.2446598398708145732351795822990568      
   85.9723648874887047170897540005569178      
   85.6896504629397192278230493790371679      
   85.3960500213154968311979753306490325      
   85.0910713475503454061271975906975133      
   84.7741953484875815369224577931052463      
   84.4448749319281773050242416280872950      
   84.1025336089855235385365189158219024      
   83.7465652459632452378000874457479541      
   83.3763320213697320714834410197347147      
   82.9911643326891643432197523892303929      
   82.5903601239832980280018698195339844      
   82.1731846227147703358628397144843865      
   81.7388705690872326445862405772955522      
   81.2866189371669194015993923040032180      
   80.8156003788357623752242585288142753      
   80.3249575823211159048931666872124585      
   79.8138086150352035315218272283468035      
   79.2812518723728202538770632955180145      
   78.7263724483252019511284988339573584      
   78.1482507122339748193775721233633272      
   77.5459731332226022847211553378273648      
   76.9186458599002732480867459612704464      
   76.2654115285403488624732890305627581      
   75.5854688006407182102433265598953185      
   74.8780970630715067156919554539041411      
   74.1426807452941558972342098558639550      
   73.3787420896669336139403055183780060      
   72.5859687476304335957284386531173943      
   71.7642475473250943401307592395185153      
   70.9136945808322472992297530707818554      
   70.0346823923341607738779581176350553      
   69.1278621462103934013587996418487250      
   68.1941796609214777240774291842170630      
   67.2348830007279740855632010644550964      
   66.2515227703853472858567356222010626      
   65.2459435266668321052141421716324315      
   64.2202679436319957429248469011552216      
   63.1768712725291552996650662568560381      
   62.1183514910177299042226109828546376      
   61.0474886627075051509662446123142427      
   59.9671996456232900927422780542408699      
   58.8804871532909802879475465097497820      
   57.7903856731892919074287225176386452      
   56.6999071671747467024733120948034550      
   55.6119882873153334737910194383816179      
   54.5294428709593876353517552869678969      
   53.4549207380119955081682571269736257      
   52.3908749358017740898641519896979871      
   51.3395375745099864059404602213167481      
   50.3029046143471621812737882168641991      
   49.2827279322661581120739517101594721      
   48.2805162816807445129586319298572351      
   47.2975402868128793551946948361009348      
   46.3348429991431294641380506556718343      
   45.3932538922092661608935884673246602      
   44.4734048264654904791444235390118400      
   43.5757476848894952540626795506704124      
   42.7005723953685131694206724952043929      
   41.8480249849971819724437738904979880      
   41.0181251087328001716374556479194035      
   40.2107828265969317087965036814085161      
   39.4258138260216116326259748861038370      
   38.6629544261945688789200515091602984      
   37.9218742352475578812085891856008769      
   37.2021880323102217657746257517226806      
   36.5034663508807802339762233743600922      
   35.8252447564163448852083066849779847      
   35.1670318929634526839434734992948377      
   34.5283167024429621596394594125467680      
   33.9085743866150384570431940506236630      
   33.3072716926610023112789846433110477      
   32.7238713010662510486306086397595501      
   32.1578355857009372148107737822102914      
   31.6086296561670269415443493996821620      
   31.0757239798868864981336926471057917      
   30.5585964390879275686533527254995661      
   30.0567340800056784345749506911927312      
   29.5696343691788353197001388660815910      
   29.0968063081521804448064515019509101      
   28.6377712387099606216324414000577669      
   28.1920632889283051642428411031235607      
   27.7592299779115674307815461871958274      
   27.3388322886069519579279559570018489      
   26.9304449336454820983290659910561221      
   26.5336561900422108526789732937658674      
   26.1480680286043254460262523972152962      
   25.7732958393063400788326976023800827      
   25.4089683009723218481764663693205517      
   25.0547270624558065108695322088729141      
   24.7102266014325458377076108498696012      
   24.3751337485243171516105766885617421      
   24.0491275050730852015614006878831104      
   23.7318986535692992119538776021809920      
   23.4231493105411169372340037880333205      
   23.1225927646494644353631379174884537      
   22.8299529479133863845217791403020540      
   22.5449641009268740442396012593569939      
   22.2673705051287322238819702202806166      
   21.9969260521604163974347466512037764      
   21.7333938766057534171140606783417190      
   21.4765461053343511707895446411186651      
   21.2261633944840559308560402662689761      
   20.9820347032944029233319355625037801      
   20.7439569715370326815083627851285516      
   20.5117346888433541940558096804563612      
   20.2851798494215014996214094724247094      
   20.0641113334723280788896234963664919      
   19.8483548850958253549958528771267181      
   19.6377427543396671646949213624586838      
   19.4321134283866821854442832793842567      
   19.2313114074572997332499175720539302      
   19.0351868898406931196537143793750469      
   18.8435956514394376462594505979627904      
   18.6563987519812593681224691681484878      
   18.4734623022637708848333786277478723      
   18.2946574085154282728361181224248741      
   18.1198597268003353268170205735218267      
   17.9489494838574085918182254974214501      
   17.7818111927324401954072463410275448      
   17.6183335112817790433421562494161879      
   17.4584090679234455682065787577577803      
   17.3019343277287018951970458675371349      
   17.1488094078224295743396405946268554      
   16.9989379244463860185931126977180449      
   16.8522269208652404656995397578088861      
   16.7085866006870946326328960860615106      
   16.5679303179999197971340185204081851      
   16.4301744295046023427059763521204671      
   16.2952381508951925115847518321053638      
   16.1630434706480498609095288222836992      
   16.0335150221113972140898799285085504      
   15.9065799761766047083530605847030516      
   15.7821679586563646802508464561416916      
   15.6602108834683249092779786301322390      
   15.5406431026557829765999847975319739      
   15.4234009573444884523017914769355609      
   15.3084229839656187839447783839401665      
   15.1956497201732115425552628429949819      
   15.0850235473243133317022014076583807      
   14.9764888670677081219421940116145316      
   14.8699917506495228678849617116953554      
   14.7654800366461525085749725819724272      
   14.6629032270947984758069012344908854      
   14.5622124235912042984498915710740953      
   14.4633602591726088265110730437122442      
   14.3663008529094354816458665343833840      
   14.2709897595313951253847192830652562      
   14.1773838990632407986918237119359767      
   14.0854415257537694084966796033066264      
   13.9951221701278059858484526653437190      
   13.9063865999730182418088778489652792      
   13.8191967604983889706114742860231452      
   13.7335157520468031047284738325069563      
   13.6493077791620641473108416121589595      
   13.5665381123180151280314901097538896      
   13.4851730446673841030693149113481204      
   13.4051798692929825049907583058594808      
   13.3265268358745699415560794094993556      
   13.2491831178460824172297686162435598      
   13.1731187818160485080246655756501295      
   13.0983047551240679041751315673637312      
   13.0247127996215794293740434564504492      
   12.9523154827694705576842481219984030      
   12.8810861480923275189496511402003886      
   12.8109988899499136074657058916297285      
   12.7420285282177302923998493773237389      
   12.6741505834115248206049885626797643      
   12.6073412586514039919150848628264207      
   12.5415774109306341638699608996418888      
   12.4768365290622843547029370259310863      
   12.4130967196248637993926324477165718      
   12.3503366785603291000505326268507230      
   12.2885356809376941429242105219378711      
   12.2276735553374718247833025423729626      
   12.1677306683259701971664999080253196      
   12.1086879070423953489916260736559610      
   12.0505266648852657118770192456590938      
   11.9932288217397952027579392650386566      
   11.9367767320413262134254370396523786      
   11.8811532077315216920896481047140017      
   11.8263415046226817788963755919940692      
   11.7723253081632512471528893225353369      
   11.7190887223775047190838056036691959      
   11.6666162555135828950137961407753742      
   11.6148928057105943512419717034460200      
   11.5639036519211904309140177415560533      
   11.5136344422808011119793815222621851      
   11.4640711809976633553347874825868485      
   11.4152002173658534565871275483629519      
   11.3670082416909411293838889271010397      
   11.3194822666238129007153364194976435      
   11.2726096230116242678417325438763911      
   11.2263779474964892956776047272720232      
   11.1807751762164093523228264039234864      
   11.1357895351849135546997871257434097      
   11.0914095303970922220609999508832189      
   11.0476239433131281254865476530386620      
   11.0044218165872891187268185523242092      
   10.9617924527438086117310904093497238      
