   300.978532456069162132856044161749454      
   300.978532456069162132856044161730571      
   300.978532456069162132851333805224764      
   300.978532456069161554977755073613351      
   300.978532456068454601941166334698367      
   300.978532455984012314449788138234556      
   300.978532453367367313642651206107904      
   300.978532418982282452156042360353010      
   300.978532165780714050606192599815558      
   300.978530925958843237035282674272180      
   300.978526415843711324624985314430747      
   300.978513282063199056060445317577378      
   300.978481030883221659011229284974173      
   300.978411717909001895292235828598293      
   300.978277736972068140943223200590349      
   300.978039997650284894334632627615815      
   300.977646667821445980262043511563327      
   300.977032451147759006141770090133578      
   300.976118865146768426526441609677254      
   300.974814266504069971611652126691523      
   300.973014894324002214477665546572991      
   300.970605834796782421286453256961887      
   300.967462136637856837174742686106421      
   300.963449915736540124779628246717789      
   300.958427365708578848226975501228156      
   300.952245616244931130428820887026954      
   300.944749403699059970833198344968015      
   300.935777541987947173006320707184534      
   300.925163202038790794774184927243384      
   300.912734023953129599700760644297990      
   300.898312101722167108912986482331516      
   300.881713881920642440958280280960485      
   300.862750021730868029068730727164711      
   300.841225256442632388539936938049828      
   300.816938310565725955197460072269465      
   300.789681885104270846730311983343645      
   300.759242745560969746898521964688797      
   300.725401914269434092483562011593225      
   300.687934974618544540479045374394704      
   300.646612491463250168185644416824623      
   300.601200514566410405084488175987828      
   300.551461157925730376697640152057256      
   300.497153239905529399847699534665579      
   300.438032954469798682832439791877417      
   300.373854552762093008727226704661209      
   300.304371016484036863733000277009445      
   300.229334631221675126403289412617354      
   300.148497811498706538477127044868113      
   300.061613303789988491407972720507841      
   299.968434839121035025333682459056287      
   299.868717451165211849926765533636670      
   299.762217749658296033154835051919187      
   299.648694097243653678446030824930655      
   299.527906688912511549769872679191660      
   299.399617346699729177917016584913742      
   299.263590081024632854166933732822055      
   299.119589921315343080834186183843048      
   298.967383225186327619748921339937283      
   298.806737127903258316488001825437485      
   298.637419075105482941410810362989282      
   298.459196271992425389018586082034207      
   298.271835060835600982201600738640043      
   298.075100232999386783883292213796556      
   297.868754270966032581603912734780398      
   297.652556543315143549210472897467885      
   297.426262445425787034529419369065554      
   297.189622486796725813903847431666402      
   296.942381335873685395559436657672456      
   296.684276818221578225070299366805689      
   296.415038902093273422859893960899499      
   296.134388572486132452592152015689815      
   295.842036709735367243142424380108971      
   295.537683050675215338117375203971363      
   295.221014867878453892169997042160467      
   294.891705938515220255683038297912448      
   294.549414827508090764574013698790518      
   294.193784756826605930144892494995821      
   293.824440813871794046867074217696249      
   293.440989402508186526785386422412325      
   293.043016634444231046468552710457493      
   292.630087093799420932667937939572911      
   292.201742085681057743061567337828638      
   291.757498154614182899483734628974105      
   291.296845556392332427974564467079875      
   290.819246538238599283150436955683159      
   290.324133568634399003162798286010496      
   289.810907474900081895750777427953286      
   289.278935718825506593101856227612433      
   288.727550268994298470894752249446011      
   288.156045567221725992764840007401855      
   287.563676322148745178268827494871206      
   286.949655377565913701485146023065421      
   286.313150391573220635429675010603328      
   285.653283979820299548500987760968118      
   284.969127322092629397566622961825363      
   284.259700165128591823248375742483804      
   283.523966732256816458325398884405611      
   282.760832895339724841174239197038247      
   281.969143025791553317386627774181586      
   281.147676528798580551392038143621349      
   280.295144479580147363014333642471913      
   279.410185884338290330541700501809998      
   278.491364004554087490424910481870814      
   277.537162569275364701393419824609334      
   276.545981879538622569913392169766881      
   275.516134882584639994997987827592041      
   274.445843528766576241328785291283690      
   273.333234229202951500243686476421155      
   272.176337049380547022850284198680857      
   270.973079069451629232321183314137844      
   269.721284081239784115464195264998786      
   268.418670402945718591006076913485452      
   267.062850023823003591554229072074265      
   265.651329349533506094905281876210535      
   264.181511545792488055198024988010443      
   262.650701231216227719478840218646389      
   261.056112142543626690902791733440505      
   259.394877998864411477445938492127099      
   257.664068585211665825100455710433547      
   255.860710457056906341167621210361415      
   253.981814814760418162977109400930826      
   252.024412682973457425343754847938939      
   249.985599044675888056281924374128948      
   247.862587467756133803038189349328995      
   245.652773602082334183290811319659785      
   243.353815454982396825998855225188455      
   240.963712422206006666011182031557823      
   238.480911791417534245305992934728523      
   235.904398429798909186117425622631550      
   233.233804528806556605424967528435181      
   230.469507387704803722496697480041012      
   227.612717775086022515103363882313933      
   224.665551975183778554416098836008356      
   221.631083897994802603251644848705427      
   218.513369752365915778080403459479091      
   215.317449003752378679034390772153441      
   212.049316461667204341945962057805387      
   208.715870816803986164505752428754482      
   205.324831635719754723911465334782104      
   201.884642345807622188723485694277565      
   198.404338153799391740640294990021281      
   194.893398848275692801412403676282819      
   191.361583248195685935829526156686804      
   187.818753437865198699143348182325601      
   184.274698293317926783038264308111218      
   180.738961933774833789820813174740257      
   177.220689330618009814893204682645688      
   173.728492398538985401546835662664273      
   170.270343541355765792058493966518454      
   166.853497117157455819306495719279424      
   163.484439996628277089139811704808653      
   160.168865779865013864240343058018283      
   156.911677915462419667115553772036014      
   153.717005932141857904382758217328046      
   150.588239747215170758448664630933459      
   147.528075149680115022904162518805153      
   144.538565686012844057219376501788472      
   141.621179975890859575703708539678833      
   138.776860284947667800617185609414269      
   136.006081201240841410442265144118476      
   133.308906603381600557821730855738069      
   130.685044186440028053588636964577671      
   128.133894934570237806034418379837473      
   125.654601885132348856490167404770973      
   123.246091264554563113927914853202848      
   120.907111105008220738767533693098697      
   118.636265640362535760422725966670292      
   116.432045458353120876926996726178456      
   114.292853652131221222816288872708218      
   112.217029282939627018828243090776985      
   110.202866756498874985390380664526908      
   108.248633001148257511656700090760910      
   106.352581728465315908049478079218547      
   104.512965653528045948135014792183452      
   102.728046382542837560019135548967017      
   100.996102934632381118934501103093818      
   99.3154384270357645981233963578735891      
   97.6843857600184549123685897463763770      
   96.1013116998312147890254513147651717      
   94.5646205014945864456209673813404532      
   93.0727565258073720203054345501877425      
   91.6242056890169917837892335851515762      
   90.2174974282125941500400251083864298      
   88.8512049379725938632658568602560075      
   87.5239460343478168195694644709323914      
   86.2343826176371852712066632047390722      
   84.9812210929640576995853202909497197      
   83.7632114777456052562062672077352580      
   82.5791469781600460065735157002917984      
   81.4278629529813711603259796788369623      
   80.3082364546557739725497352620762068      
   79.2191846827040307427343742378256680      
   78.1596643914875269050745522356201088      
   77.1286706241002224388501022070882169      
   76.1252352592586300460105123111082915      
   75.1484264851107594149301982318374839      
   74.1973470807185057496957822059816731      
   73.2711333280123406437787040929102201      
   72.3689541416683797276164032159120079      
   71.4900096695213532916629266164122788      
   70.6335300989686986056206972046105836      
   69.7987748423366413050660200836356585      
   68.9850310320731817752821308653741699      
   68.1916127857068095008287905781372854      
   67.4178601574953562149021790516678012      
   66.6631377387409011306813814614831800      
   65.9268345106198798737695807853803010      
   65.2083618337850662563912763631910917      
   64.5071533765614324037365218506618353      
   63.8226639516039182852584944279907262      
   63.1543686422567171026939206579988411      
   62.5017620742362241330622321091752770      
   61.8643573919822526388745717329688987      
   61.2416858671781723503432144433790610      
   60.6332959439390929463980247964825829      
   60.0387524823572553757084805401805903      
   59.4576365776751418867173838978808378      
   58.8895441121010898121553168639459429      
   58.3340858225365779234092328666197104      
   57.7908863763804306350735506083395245      
   57.2595839116657818908620078106026030      
   56.7398294707511980966713809627127829      
   56.2312865651182811593903990694956883      
   55.7336305754228961166038319325372764      
   55.2465482544507545604276162675836420      
   54.7697374928120315135235042128788777      
   54.3029064522330575560569122796999118      
   53.8457735334997393406855601913266001      
   53.3980668958899576137944231443915243      
   52.9595239904093756626504434543424325      
   52.5298912796061620479559686724220248      
   52.1089238218620409457921097676527934      
   51.6963849225739653021474469002849121      
   51.2920458656331852108152509824604981      
   50.8956853712720559551534305479297763      
   50.5070900836312946739499505919789152      
   50.1260531113695874699808223000405717      
   49.7523746978882610478205297478055432      
   49.3858615905629375133046042397336871      
   49.0263265288040183280321545748897360      
   48.6735888179700513963121305377472267      
   48.3274731896109493206261255630099061      
   47.9878101190999956528686608914103873      
   47.6544354880580950463724290120953786      
   47.3271903766714139699621476059908044      
   47.0059208423109786861609873920647920      
   46.6904777719556653153490662367459969      
   46.3807167184770341575003376699620792      
   46.0764976719555325957484270637919271      
   45.7776849586997505776142087107465347      
   45.4841470529153694540074711623670848      
   45.1957564499123092858788530091371554      
   44.9123894716197641544872914295752241      
   44.6339261941521100903675399556476050      
   44.3602502822767084787602352395166197      
   44.0912488650335491661023428567001406      
   43.8268123951689983349752734618813915      
   43.5668345752021931412199644940433129      
   43.3112122165923523100572580808729052      
   43.0598451329997678559967480027915654      
   42.8126360409021576510801631208629186      
   42.5694904541532206885691775939321278      
   42.3303165987701331454656412334639579      
   42.0950253190007793124738063964948133      
   41.8635299813000644365863662056512654      
   41.6357463923372192242635441477966133      
   41.4115927167076234502995104763021513      
   41.1909893960874556669662128287092356      
   40.9738590906170629737240258041858677      
   40.7601265855245610325773729238361379      
   40.5497187194524241527845453342760290      
   40.3425643387808073480260554550788603      
   40.1385942053210695751642310372648526      
   39.9377409630475059645036841962980782      
   39.7399390548467834305457332627121245      
   39.5451246720594031407911247010822952      
   39.3532356978877848842227847393818762      
   39.1642116608771135636003125483920530      
   38.9779936706543344089633026113756324      
   38.7945243791343101936326703788702273      
   38.6137479251274454992913563403205018      
   38.4356098900237157814132206739807252      
   38.2600572515305665532468902982398494      
   38.0870383477268903370223682119248869      
   37.9165028304191444087948374575199688      
   37.7484016185594316415364080361995627      
   37.5826868687438689004705576600571718      
   37.4193119374126036139329899473521031      
   37.2582313382424059048380593184072569      
   37.0994007064390237339081645321795934      
   36.9427767854955586704976390130783817      
   36.7883173665273919273248433633673430      
   36.6359812747877788704856307675982668      
   36.4857283293635902109522153636340761      
   36.3375193227033303950491858127513300      
   36.1913159893509690527743081586660802      
   36.0470809737905497216982498403704650      
   35.9047778157676664078312798723756516      
   35.7643709039086896358621602950536836      
   35.6258254714173779881260438303866063      
