-0.97967442179197E+10
-0.61229651361998E+09
-0.12094745948049E+09
-0.38268532101249E+08
-0.15674790748671E+08
-0.75592162175306E+07
-0.40802766421989E+07
-0.23917832563274E+07
-0.14931785121012E+07
-0.97967442177796E+06
-0.66913081191883E+06
-0.47245101349159E+06
-0.34301124651044E+06
-0.25501728971650E+06
-0.19351593444033E+06
-0.14948645234986E+06
-0.11729677650097E+06
-0.93323654464385E+05
-0.75173945577922E+05
-0.61229646709739E+05
-0.50373779709774E+05
-0.41820668218733E+05
-0.35008242652306E+05
-0.29528177231454E+05
-0.25079652051707E+05
-0.21438187615302E+05
-0.18434285042974E+05
-0.15938560698869E+05
-0.13851253466404E+05
-0.12094721118773E+05
-0.10608008900509E+05
-0.93428735359335E+04
-0.82608419440040E+04
-0.73310139352790E+04
-0.65284055485877E+04
-0.58326891828670E+04
-0.52272276806330E+04
-0.46983280954502E+04
-0.42346610042435E+04
-0.38268055469100E+04
-0.34668906610564E+04
-0.31483104348456E+04
-0.28654969480153E+04
-0.26137379852624E+04
-0.23890299857706E+04
-0.21879588208531E+04
-0.20076026694420E+04
-0.18454525328154E+04
-0.16993468997472E+04
-0.15674178176087E+04
-0.14480461993020E+04
-0.13398246414654E+04
-0.12415263771652E+04
-0.11520792588317E+04
-0.10705438819790E+04
-0.99609513022772E+03
-0.92800655729023E+03
-0.86563712954385E+03
-0.80841993930062E+03
-0.75585256862288E+03
-0.70748883977820E+03
-0.66293173413752E+03
-0.62182729847439E+03
-0.58385938805605E+03
-0.54874512073596E+03
-0.51623093681374E+03
-0.48608917627805E+03
-0.45811509902855E+03
-0.43212428530114E+03
-0.40795036311360E+03
-0.38544301768776E+03
-0.36446624450270E+03
-0.34489681326357E+03
-0.32662291489931E+03
-0.30954296766240E+03
-0.29356456180757E+03
-0.27860352521253E+03
-0.26458309473269E+03
-0.25143318015521E+03
-0.23908970941655E+03
-0.22749404520343E+03
-0.21659246442123E+03
-0.20633569308048E+03
-0.19667849012812E+03
-0.18757927456301E+03
-0.17899979087378E+03
-0.17090480855554E+03
-0.16326185171752E+03
-0.15604095569089E+03
-0.14921444749436E+03
-0.14275674765038E+03
-0.13664419115577E+03
-0.13085486539951E+03
-0.12536846341290E+03
-0.12016615075020E+03
-0.11523044471190E+03
-0.11054510456253E+03
-0.10609503169161E+03
-0.10186617870942E+03
-0.97845466588275E+02
-0.94020709103860E+02
-0.90380543816673E+02
-0.86914369027490E+02
-0.83612286070951E+02
-0.80465046522035E+02
-0.77464003793983E+02
-0.74601068768351E+02
-0.71868669058903E+02
-0.69259711593195E+02
-0.66767548229406E+02
-0.64385944092394E+02
-0.62109048457049E+02
-0.59931367881622E+02
-0.57847741466168E+02
-0.55853317999926E+02
-0.53943534869366E+02
-0.52114098560767E+02
-0.50360966636788E+02
-0.48680331053023E+02
-0.47068602714102E+02
-0.45522397159262E+02
-0.44038521294458E+02
-0.42613961081522E+02
-0.41245870109815E+02
-0.39931558981687E+02
-0.38668485446382E+02
-0.37454245223057E+02
-0.36286563466800E+02
-0.35163286821437E+02
-0.34082376015807E+02
-0.33041898968217E+02
-0.32040024355063E+02
-0.31075015615274E+02
-0.30145225354963E+02
-0.29249090126465E+02
-0.28385125555455E+02
-0.27551921790324E+02
-0.26748139254683E+02
-0.25972504679886E+02
-0.25223807400961E+02
-0.24500895898632E+02
-0.23802674568186E+02
-0.23128100703742E+02
-0.22476181681709E+02
-0.21845972326394E+02
-0.21236572449711E+02
-0.20647124549363E+02
-0.20076811647817E+02
-0.19524855267296E+02
-0.18990513519433E+02
-0.18473079309678E+02
-0.17971878636538E+02
-0.17486268972441E+02
-0.17015637736813E+02
-0.16559400829638E+02
-0.16117001237147E+02
-0.15687907694433E+02
-0.15271613413188E+02
-0.14867634861601E+02
-0.14475510586514E+02
-0.14094800116662E+02
-0.13725082879665E+02
-0.13365957196444E+02
-0.13017039314416E+02
-0.12677962490039E+02
-0.12348376117671E+02
-0.12027944902992E+02
-0.11716348086481E+02
-0.11413278697775E+02
-0.11118442859984E+02
-0.10831559129810E+02
-0.10552357871403E+02
-0.10280580668300E+02
-0.10015979765994E+02
-0.97583175452612E+01
-0.95073660251060E+01
-0.92629063917179E+01
-0.90247285558264E+01
-0.87926307291122E+01
-0.85664190292118E+01
-0.83459071026445E+01
-0.81309157671108E+01
-0.79212726780470E+01
-0.77168120072634E+01
-0.75173741429206E+01
-0.73228054038410E+01
-0.71329577712661E+01
-0.69476886331971E+01
-0.67668605435955E+01
-0.65903409945030E+01
-0.64180022005049E+01
-0.62497208951032E+01
-0.60853781374720E+01
-0.59248591304895E+01
-0.57680530468903E+01
-0.56148528660947E+01
-0.54651552183586E+01
-0.53188602369509E+01
-0.51758714194925E+01
-0.50360954929731E+01
-0.48994422883347E+01
-0.47658246194935E+01
-0.46351581689194E+01
-0.45073613775389E+01
-0.43823553409040E+01
-0.42600637092107E+01
-0.41404125921403E+01
-0.40233304676859E+01
-0.39087480949494E+01
-0.37965984311162E+01
-0.36868165514505E+01
-0.35793395725583E+01
-0.34741065787920E+01
-0.33710585532347E+01
-0.32701383084141E+01
-0.31712904230694E+01
-0.30744611791920E+01
-0.29795985020922E+01
-0.28866519037987E+01
-0.27955724278619E+01
-0.27063125953038E+01
-0.26188263552806E+01
-0.25330690349063E+01
-0.24489972931404E+01
-0.23665690744028E+01
-0.22857435657925E+01
-0.22064811554432E+01
-0.21287433909278E+01
-0.20524929417234E+01
-0.19776935611205E+01
-0.19043100505266E+01
-0.18323082246134E+01
-0.17616548778616E+01
-0.16923177528289E+01
-0.16242655085009E+01
-0.15574676911361E+01
-0.14918947048636E+01
-0.14275177847607E+01
-0.13643089688189E+01
-0.13022410738138E+01
-0.12412876691508E+01
-0.11814230534655E+01
-0.11226222315827E+01
-0.10648608918484E+01
-0.10081153852597E+01
-0.95236270404351E+00
-0.89758046190052E+00
-0.84374687513276E+00
-0.79084074323416E+00
-0.73884143144907E+00
-0.68772885320323E+00
-0.63748345342053E+00
-0.58808619220265E+00
-0.53951852935027E+00
-0.49176240905396E+00
-0.44480024557236E+00
-0.39861490892152E+00
-0.35318971130731E+00
-0.30850839396624E+00
-0.26455511449782E+00
-0.22131443442061E+00
-0.17877130749217E+00
-0.13691106801254E+00
-0.95719419799204E-01
-0.55182425620157E-01
-0.15286496342895E-01
 0.23981618575764E-01
 0.62634841212539E-01
 0.10068577456598E+00
 0.13814671126857E+00
 0.17502964294651E+00
 0.21134626857141E+00
 0.24710800241040E+00
 0.28232598213105E+00
 0.31701107723613E+00
 0.35117389573175E+00
 0.38482479109118E+00
 0.41797387068781E+00
 0.45063100141609E+00
 0.48280581652927E+00
 0.51450772224758E+00
 0.54574590400498E+00
 0.57652933218270E+00
 0.60686676789897E+00
 0.63676676878866E+00
 0.66623769484352E+00
 0.69528771332765E+00
 0.72392480365193E+00
 0.75215676252674E+00
 0.77999120935647E+00
 0.80743559040375E+00
 0.83449718341901E+00
 0.86118310211680E+00
 0.88750029987606E+00
 0.91345557542118E+00
 0.93905557537278E+00
 0.96430679864072E+00
 0.98921560028124E+00
 0.10137881949942E+01
 0.10380306611779E+01
