-0.38599513633153E-07
-0.96498784082556E-08
-0.42888348480932E-08
-0.24124745391675E-08
-0.15481638635727E-08
-0.10386778879559E-08
-0.92983270645232E-09
-0.47121307724161E-09
-0.29037561133992E-09
-0.59526999015987E-09
-0.38575856262901E-09
-0.21350465926089E-09
-0.31682816827863E-09
-0.54154893557662E-10
-0.25674097529353E-09
-0.38347033537214E-10
-0.87289456926318E-10
 0.62974493753936E-10
 0.40745175647322E-09
 0.14338147961796E-08
 0.38613194509881E-08
 0.92271406961245E-08
 0.20306899696178E-07
 0.41826405200812E-07
 0.81330533363587E-07
 0.15000386998681E-06
 0.26441887851535E-06
 0.44780940253670E-06
 0.73152078841759E-06
 0.11679773345968E-05
 0.17293289359240E-05
 0.26496240664674E-05
 0.38779044522399E-05
 0.55413137685620E-05
 0.77596134781776E-05
 0.10665723595004E-04
 0.14410816333924E-04
 0.19165217183661E-04
 0.25118154147805E-04
 0.32477205981845E-04
 0.41468285639620E-04
 0.52334809257573E-04
 0.65337223490831E-04
 0.80752236220580E-04
 0.98872168730116E-04
 0.12000453147935E-03
 0.14447038181331E-03
 0.17260556312947E-03
 0.20475899578545E-03
 0.24129275580416E-03
 0.28258196144899E-03
 0.32901468411911E-03
 0.38099194622675E-03
 0.43892784288262E-03
 0.50324964559333E-03
 0.57439881747852E-03
 0.65282947039830E-03
 0.73901196889775E-03
 0.83343002711955E-03
 0.93658161616106E-03
 0.10489796483776E-02
 0.11711614051304E-02
 0.13036637541634E-02
 0.14470556977972E-02
 0.16019162278714E-02
 0.17688420883555E-02
 0.19484541248628E-02
 0.21413641993759E-02
 0.23482457330827E-02
 0.25697581639132E-02
 0.28065837606662E-02
 0.30594367007580E-02
 0.33290360832201E-02
 0.36161248626579E-02
 0.39214653924085E-02
 0.42458392357427E-02
 0.45900429599161E-02
 0.49549334519185E-02
 0.53412211089636E-02
 0.57499479360692E-02
 0.61818161392906E-02
 0.66379522873380E-02
 0.71190835210176E-02
 0.76261294161044E-02
 0.81606477784522E-02
 0.87221710814322E-02
 0.93133620724571E-02
 0.99340016934733E-02
 0.10584975022437E-01
 0.11269571335132E-01
 0.11987553540741E-01
 0.12740111729996E-01
 0.13526642716747E-01
 0.14350942919193E-01
 0.15212883461167E-01
 0.16113643126285E-01
 0.17055575237612E-01
 0.18038793252801E-01
 0.19065025406862E-01
 0.20135812298919E-01
 0.21252571198043E-01
 0.22416139435589E-01
 0.23628495406122E-01
 0.24890926537164E-01
 0.26205052196059E-01
 0.27572234539197E-01
 0.28994303130928E-01
 0.30472490120558E-01
 0.32008305363322E-01
 0.33603959047744E-01
 0.35260513534674E-01
 0.36980093279416E-01
 0.38763846478902E-01
 0.40613557569831E-01
 0.42530938453476E-01
 0.44518034247782E-01
 0.46575779511672E-01
 0.48705976437458E-01
 0.50909945799966E-01
 0.53189718591611E-01
 0.55546355071995E-01
 0.57981028282390E-01
 0.60494948762340E-01
 0.63088611204875E-01
 0.65762959383272E-01
 0.68518978876440E-01
 0.71356185971815E-01
 0.74274703750952E-01
 0.77274343088027E-01
 0.80353181573797E-01
 0.83509772368605E-01
 0.86741581953637E-01
 0.90045615439928E-01
 0.93417981969646E-01
 0.96853820194503E-01
 0.10034720351522E+00
 0.10389109457773E+00
 0.10747740898141E+00
 0.11109647953493E+00
 0.11473719760938E+00
 0.11838816222917E+00
 0.12203707005875E+00
 0.12566934831465E+00
 0.12927212264978E+00
 0.13283006342397E+00
 0.13632818020223E+00
 0.13975284615583E+00
 0.14309111643953E+00
 0.14633114826579E+00
 0.14946253155595E+00
 0.15247560661786E+00
 0.15536478219592E+00
 0.15812433133752E+00
 0.16075270748622E+00
 0.16324787959620E+00
 0.16561277179652E+00
 0.16784683394072E+00
 0.16995399075407E+00
 0.17193933563037E+00
 0.17380365177310E+00
 0.17555425686162E+00
 0.17719360267981E+00
 0.17872500844376E+00
 0.18015153388349E+00
 0.18147530383896E+00
 0.18269850720888E+00
 0.18382121635502E+00
 0.18484479690049E+00
 0.18576935771143E+00
 0.18659436902254E+00
 0.18731972938508E+00
 0.18794502305245E+00
 0.18846977620580E+00
 0.18889455184442E+00
 0.18921957858854E+00
 0.18944620160086E+00
 0.18957552869365E+00
 0.18961041827560E+00
 0.18955384493560E+00
 0.18940904381557E+00
 0.18918087413053E+00
 0.18887402617959E+00
 0.18849426004213E+00
 0.18804737205351E+00
 0.18753975253883E+00
 0.18697733303006E+00
 0.18636703064867E+00
 0.18571513501380E+00
 0.18502852155215E+00
 0.18431310727379E+00
 0.18357487658184E+00
 0.18281969581173E+00
 0.18205239296827E+00
 0.18127819056440E+00
 0.18050123667524E+00
 0.17972553329909E+00
 0.17895465038097E+00
 0.17819126390235E+00
 0.17743866163439E+00
 0.17669869808717E+00
 0.17597348575753E+00
 0.17526406025830E+00
 0.17457202666717E+00
 0.17389835997688E+00
 0.17324344064657E+00
 0.17260779272939E+00
 0.17199184855645E+00
 0.17139533074361E+00
 0.17081848335763E+00
 0.17026077567616E+00
 0.16972222457943E+00
 0.16920256614217E+00
 0.16870051618514E+00
 0.16821671380346E+00
 0.16774971215707E+00
 0.16729935163216E+00
 0.16686501165449E+00
 0.16644597237411E+00
 0.16604175431500E+00
 0.16565175885883E+00
 0.16527493064705E+00
 0.16491136302929E+00
 0.16455988556416E+00
 0.16422039881190E+00
 0.16389226830211E+00
 0.16357448455737E+00
 0.16326738276627E+00
 0.16296982261313E+00
 0.16268141526443E+00
 0.16240184305530E+00
 0.16213052228241E+00
 0.16186738916608E+00
 0.16161178441199E+00
 0.16136330469839E+00
 0.16112169908925E+00
 0.16088657410325E+00
 0.16065743687826E+00
 0.16043462408088E+00
 0.16021697182736E+00
 0.16000492489680E+00
 0.15979801205953E+00
 0.15959566199306E+00
 0.15939819766959E+00
 0.15920479057711E+00
 0.15901583968686E+00
 0.15883092826705E+00
 0.15864951429729E+00
 0.15847203890553E+00
 0.15829785715399E+00
 0.15812711285428E+00
 0.15795935900330E+00
 0.15779474881403E+00
 0.15763301416687E+00
 0.15747412668332E+00
 0.15731778049082E+00
 0.15716400410941E+00
 0.15701270081358E+00
 0.15686369916883E+00
 0.15671696021201E+00
 0.15657237475922E+00
 0.15642984008887E+00
 0.15628935882501E+00
 0.15615084311927E+00
 0.15601392703881E+00
 0.15587911110328E+00
 0.15574570391702E+00
 0.15561396632803E+00
 0.15548414682563E+00
 0.15535544955006E+00
 0.15522853708221E+00
 0.15510323637103E+00
 0.15497877643365E+00
 0.15485569139045E+00
 0.15473464232794E+00
 0.15461429415247E+00
 0.15449449678840E+00
 0.15437718559327E+00
 0.15426046106439E+00
 0.15414469750238E+00
 0.15402989192607E+00
 0.15391661114942E+00
 0.15380431775902E+00
 0.15369254426824E+00
 0.15358162758769E+00
 0.15347237173321E+00
 0.15336399537607E+00
 0.15325599686132E+00
 0.15314867880717E+00
 0.15304283416667E+00
 0.15293789908218E+00
 0.15283371002752E+00
 0.15272970739809E+00
 0.15262660701554E+00
 0.15252514606415E+00
 0.15242386661779E+00
 0.15232336601449E+00
 0.15222307016836E+00
 0.15212329385857E+00
 0.15202508509035E+00
 0.15192769167184E+00
