   6.46114229515578832787994501293249882      
   6.46114229515578832787994503858969363      
   6.46114229515578832787994507460013623      
   6.46114229515578832786445253264680900      
   6.46114229515578830736877830713599265      
   6.46114229515578543430523302964514056      
   6.46114229515567986084552291868337484      
   6.46114229515405411085395695790601759      
   6.46114229514024780706124801833117907      
   6.46114229506340386792762562760998912      
   6.46114229474944116442732195152912795      
   6.46114229373255762069291574650840024      
   6.46114229097773987381397391115431648      
   6.46114228449084289910645072505612357      
   6.46114227083410617122812645385359872      
   6.46114224455776893473800776571061691      
   6.46114219769051256907217466863965387      
   6.46114211915223405961139818988187385      
   6.46114199424394009743981145742990489      
   6.46114180423499174052323193747773832      
   6.46114152603548708553832764870337386      
   6.46114113197985154832870691619267183      
   6.46114058973401938336337695895130326      
   6.46113986233617157677487114036868043      
   6.46113890837771372707158111479826941      
   6.46113768232605080111462324242691626      
   6.46113613498348019700764291009200359      
   6.46113421406770547150756084611848862      
   6.46113186489018644563790187281045417      
   6.46112903108745800769204117947831631      
   6.46112565539800719454828363643390229      
   6.46112168047164719102890907129688362      
   6.46111704948037110823081949056261630      
   6.46111170677436896344026041853044890      
   6.46110559833992971227454964222118970      
   6.46109867212247594303298357577682092      
   6.46109087816714396136757098063267822      
   6.46108216863622077057256249385878773      
   6.46107249754337835106395952479852825      
   6.46106182056622315490690434129220118      
   6.46105009432093998336984268786087228      
   6.46103727583359150763533223962231518      
   6.46102332178940660613830358284063764      
   6.46100818772010611351996784950377035      
   6.46099182713442734607618508720613294      
   6.46097419059992273707586184068214176      
   6.46095522481788682990151169606793579      
   6.46093487182079148949015707916114665      
   6.46091306807075582515006816630175387      
   6.46088974354596928581164683508607410      
   6.46086482103803019045704957605454315      
   6.46083821542405107156584661501388161      
   6.46080983303245799310021652764453833      
   6.46077957104884832962386072515337527      
   6.46074731700559750064758907845768399      
   6.46071294837041945013386991110695369      
   6.46067633213318551573789209460009457      
   6.46063732453239859685455307629144566      
   6.46059577069859126664174387418568911      
   6.46055150445597559522914830347411441      
   6.46050434812133708439096612030543906      
   6.46045411238132969201116347692027087      
   6.46040059606308377318827195914927489      
   6.46034358612923667146265628224164318      
   6.46028285745766087404863525954544563      
   6.46021817270881980469059006128475703      
   6.46014928220099353074215619971679023      
   6.46007592370027522560365585953667268      
   6.45999782239763505627679905269984276      
   6.45991469051478848950116803720114718      
   6.45982622704689421495654136520734868      
   6.45973211763639221663177100938624344      
   6.45963203404364576747025526069344773      
   6.45952563378341150198183536006806947      
   6.45941255970007600356725247215635148      
   6.45929243938101438642840015212905220      
   6.45916488455846912570935017772075647      
   6.45902949045168023788177597041601941      
   6.45888583488432095982287716260929085      
   6.45873347771794122115770748188934219      
   6.45857195969470849578524159358202908      
   6.45840080144589351528993009133204617      
   6.45821950233390421350591451463034411      
   6.45802753932829552438115543841744276      
   6.45782436561905928447936843740856777      
   6.45760940878217601127370810173288569      
   6.45738207062845782270944503381123041      
   6.45714172349966420028114621740844650      
   6.45688771022003674502734241113609480      
   6.45661934142565004321515300375325905      
   6.45633589225869610420555701444015657      
   6.45603660288401860580151421202606798      
   6.45572067436290629083276041673628209      
   6.45538726673753050432043208818424590      
   6.45503549542070843349769387441991419      
   6.45466442935603175511277128061617758      
   6.45427308744526047762173888248603369      
   6.45386043587204059238685228967165394      
   6.45342538441534998424865063170605927      
   6.45296678252392998245178133718703681      
   6.45248341588161704046290439266657216      
   6.45197400200271249953659310833353849      
   6.45143718673547503879515363941377473      
   6.45087153842067385783558620353626616      
   6.45027554414803690257054360946275122      
   6.44964760378551345654755672639435096      
   6.44898602543591171435646357539594729      
   6.44828901892472719838200717022157205      
   6.44755468953936925269048274465057818      
   6.44678103301939860839756803477710988      
   6.44596592660275128416825499147494851      
   6.44510712387499840385245895853368446      
   6.44420224524299319859039604639281832      
   6.44324877131667188820597242627821538      
   6.44224403340548239171524282150547871      
   6.44118520502757395782321679809115827      
   6.44006929206333990251155186832763546      
   6.43889312243908754261818883032380023      
   6.43765333601328953116624481677427733      
   6.43634637279687723207643430973633291      
   6.43496846134354949906278263804881580      
   6.43351560628768065560183852371861224      
   6.43198357499266069942383796055018841      
   6.43036788424023464098020498549883137      
   6.42866378563130826319724702022895269      
   6.42686625069356639336661786465700698      
   6.42496995508478343528257099588292460      
   6.42296926307520272867939280744604388      
   6.42085821069439726399256756364528528      
   6.41863048906355659437334907379715254      
   6.41627942676666606751982829485477239      
   6.41379797385653844159623491836820903      
   6.41117868408623462611046616789181038      
   6.40841369877681169950047250393016587      
   6.40549473112160444218819579801127217      
   6.40241305194691979067382472825808240      
   6.39915947661013265994146526627177397      
   6.39572435476296616039352529695931857      
   6.39209756226820919865879869148251248      
   6.38826849673758502636850433917419706      
   6.38422607730470842360465198104197149      
   6.37995874830829848584983821767550424      
   6.37545448889658372153132392260765930      
   6.37070082802637351385763904011625765      
   6.36568486430432412575073501375033357      
   6.36039329294652249165559610635329334      
   6.35481243932525654715307516728684121      
   6.34892829539146907590183257790275350      
   6.34272656308733503152007312359654363      
   6.33619270023541736190842462805240299      
   6.32931196890224979192108710477742209      
   6.32206948801600591318163436123884304      
   6.31445027926346946403618845842830225      
   6.30643932109911631650891287870031975      
   6.29802159117003048111938764571000763      
   6.28918211009238533270967169060047672      
   6.27990597982142598267301375532125906      
   6.27017841808042767932722203204483766      
   6.25998478614608871203188257482258875      
   6.24931060973790642710489478295452246      
   6.23814160329092888688609243873095300      
   6.22646367616477470032497752544004330      
   6.21426294750043661700295124393937558      
   6.20152574938971716234488380646668352      
   6.18823863042020000920438963417803484      
   6.17438835580427877190603886307445526      
   6.15996190436783545088866014804729923      
   6.14494646696327351859178139065435945      
   6.12932943859482947632108273975927212      
   6.11309841368315858827996935562135301      
   6.09624117927228414138743226083977632      
   6.07874570630758766585461808028203826      
   6.06060014134689155448826154916613695      
   6.04179279857360486238252726787294685      
   6.02231214876014227198038776246740516      
   6.00214681093751435113040680647862921      
   5.98128554006755574367133910600413516      
   5.95971721814751713729224369863222697      
   5.93743084083317472665098233419293983      
   5.91441550733829580424572633327343168      
   5.89066040746722618915826245348382673      
   5.86615480875970068821015081429587207      
   5.84088804581318615364886839503168426      
   5.81484950599281345070135481690407142      
   5.78802861771604049954592264610454469      
   5.76041483812139573748534628470083280      
   5.73199764118682799745208199508027508      
   5.70276650686760005211519142515166350      
   5.67271090877584987997834600354767414      
   5.64182030560029168152497345444306337      
   5.61008413022440954021033926786309747      
   5.57749178153650564506674346675780413      
   5.54403261627030511043231350015020304      
   5.50969594184619637003113624725159241      
   5.47447101001843702475611031205574418      
   5.43834701109396797881479170005959856      
   5.40131306897777336961959734958361881      
   5.36335823654925838560695125994453687      
   5.32447149406354179119408651445171711      
   5.28464174395899553260541495504340667      
   5.24385780919193218133206919440545919      
   5.20210843165812089541093522962491711      
   5.15938227125952022215769579772620571      
   5.11566790373787970929165657388710905      
   5.07095382002370973576539492414030494      
   5.02522842709214428020846789621420417      
   4.97848004629876531282915749595406880      
   4.93069691417119640701432695306163454      
   4.88186718157639025756281624196135186      
   4.83197891604619816887213460367493616      
   4.78102009986781232481252490741715379      
   4.72897863198859945286431354738297479      
   4.67584232725784861803145024289818483      
   4.62159891931525541568004419259236937      
   4.56623605766281055573969003962202967      
   4.50974131225312930918535990033977281      
   4.45210217106000386341787844582899542      
   4.39330604175339707132474312925307127      
   4.33334025211690420876819774692928410      
   4.27219205212749966429540686748068357      
   4.20984861103056375635098441800378495      
   4.14629702179023363224719604138918678      
   4.08152429948429080299891416828694955      
   4.01551738203061435703969025404254545      
   3.94826313064867344135022052940641917      
   3.87974833043289499218063945777924148      
   3.80995969184703376928802438705189362      
   3.73888384889002957849707535213308187      
   3.66650736066982148508167293197185772      
   3.59281671327679513680323660296136857      
   3.51779831715269670058038367788438195      
   3.44143850974560081262184238518882057      
   3.36372355369967903410540797708969231      
   3.28463964003948707007691005413574045      
   3.20417288544670259438474653748439955      
   3.12230933374318563871572745534889425      
   3.03903495692002567541948051967382430      
   2.95433565448458308582367193802178942      
   2.86819725203590655712200621607691907      
   2.78060550562023936246687560727087625      
   2.69154609687904004373157642539200386      
   2.60100463748872370598387028228958107      
   2.50896666594947974877323267306720586      
   2.41541765050892290625277043949441615      
   2.32034298703006248605898749526392346      
   2.22372800016036484270210955472833465      
   2.12555794348442315965128892905325350      
   2.02581799884924668416773078290902515      
   1.92449327764535770843877380728300892      
   1.82156881935122598089933150832610959      
   1.71702959309433776099080807591495492      
   1.61086049671695632505690831982236770      
   1.50304635688529509983773242398527977      
   1.39357192985860640997968060014368098      
   1.28242190025735656082932051588494404      
   1.16958088271021494202422234607458782      
   1.05503342046004688942071141251570840      
  0.938763986104959337205341361744943397      
  0.820756981492057468497696342694648196      
  0.700996737669435201699729392241042527      
  0.579467514752121371000882890749362294      
  0.456153502377019590332379799390211811      
  0.331038819068901660652649603645396026      
  0.204107512859222933485913521537585143      
   7.53435613092611402837953894501522605E-0002
  -5.52691293310998008325839315447753891E-0002
 -0.187746722749159701580722063313368293      
 -0.322105454088219812846595014909115706      
 -0.458361629085937290064879805047654057      
 -0.596531623456277832966811822792198474      
 -0.736631884081138382077362588866548830      
 -0.878678929974223246341375592377711891      
  -1.02268934825732091514651066914743231      
  -1.16867979809714602297838353031067118      
  -1.31666700910710317441662694026437234      
  -1.46666778387438931786139914129786476      
  -1.61869899090120639753264261352312767      
  -1.77277757276862338857148583611531993      
  -1.92892054404092302536288569413909189      
  -2.08714498583407030708278913422503100      
  -2.24746805269955650204795956218414557      
  -2.40990697064688734441567188182824769      
  -2.57447903439751596295398337008480992      
  -2.74120160980504322754152688363493942      
  -2.91009213364820221801338379326456738      
  -3.08116811372649899465696571683045156      
  -3.25444712947951012973411195000345954      
  -3.42994682887676214741680595417067894      
  -3.60768493111873842140994172814909321      
  -3.78767922693563140621724970508065825      
  -3.96994757656153995812869327751762661      
  -4.15450791399946236664598015021252682      
  -4.34137823996100750725662769702836614      
  -4.53057662535166940867058546524443834      
  -4.72212121742860243757955391075942691      
  -4.91603022830915868687487411803554341      
  -5.11232194399059413991482558676855573      
  -5.31101471833241787306808751704611645      
  -5.51212697676964438424650443114790409      
  -5.71567721599933194257157127856636870      
