   6.46114229515578832787994501293249882      
   6.46114229515578832787994503858969363      
   6.46114229515578832787994507460013469      
   6.46114229515578832786445253264714488      
   6.46114229515578830736877830823096934      
   6.46114229515578543430523328812494642      
   6.46114229515567986084553633328912596      
   6.46114229515405411085422516471500673      
   6.46114229514024780706407424547699772      
   6.46114229506340386794658854596767407      
   6.46114229474944116451881351088541154      
   6.46114229373255762103948632580846546      
   6.46114229097773987389299659878591732      
   6.46114228449084290503319170051282909      
   6.46114227083410622644357848572485556      
   6.46114224455776932597912954256417112      
   6.46114219769051478046588961219671420      
   6.46114211915224442161432010477410794      
   6.46114199424398156040133177316389527      
   6.46114180423513685206642232823548245      
   6.46114152603594001111097126769700002      
   6.46114113198113263337516751840402089      
   6.46114058973734667189025666838963834      
   6.46113986234419438485645234010444805      
   6.46113890839583789974813112359512229      
   6.46113768236470659215827077335264200      
   6.46113613506182286000696104258650335      
   6.46113421421940423997201489235644029      
   6.46113186517214552680562834479898760      
   6.46112903159253140530158765311253890      
   6.46112565627290727514086991970177683      
   6.46112168193690475747737265846444346      
   6.46111705187547140077936392154973380      
   6.46111171059030093827136626830094483      
   6.46110560428173272483178033391486740      
   6.46109868116930328946940829283688852      
   6.46109089166748173222837174809098420      
   6.46108218841117138663489753228999060      
   6.46107252601395539051009562457535268      
   6.46106186090459317601697182702647455      
   6.46105015062851031602410486449514103      
   6.46103735334840591123647956756036799      
   6.46102342712581574641284648978926507      
   6.46100832914341239284124483126073043      
   6.46099201487358476903900495647722392      
   6.46097443720183881317905408006707467      
   6.46095554554419958356226828926893833      
   6.46093528509569328237780207579428160      
   6.46091359597778769592953850604174930      
   6.46089041238073333889295593361765698      
   6.46086566192021588690893730563744753      
   6.46083926497277310305148092132200150      
   6.46081113410929048320596361749644952      
   6.46078117357301507994316427230628705      
   6.46074927884585990281377508765377895      
   6.46071533632165615906519460824519959      
   6.46067922297332204762583825195413980      
   6.46064080618362268194248048061940745      
   6.46059994347259847515972146838258146      
   6.46055648241109291601916915098169375      
   6.46051026052669135681398975629959337      
   6.46046110529691778704936320639167680      
   6.46040883403497331667204308490859106      
   6.46035325402835444000225003893165076      
   6.46029416242778005078672436793398778      
   6.46023134626973961429741202347094162      
   6.46016458247721938963573974116615706      
   6.46009363786747657176809459279108069      
   6.46001826919330751364143724244303924      
   6.45993822295864385005781294197578593      
   6.45985323538242743608884182064638351      
   6.45976303236316500599103978315111027      
   6.45966732919239421215890144509968451      
   6.45956583037989297762937860738661793      
   6.45945822943297729056092095241832275      
   6.45934420846899407604027324390774137      
   6.45922343785867283946293850561669196      
   6.45909557571114258813332302241421307      
   6.45896026750117468042129314921977276      
   6.45881714540586762380407245160138026      
   6.45866582758908299374676234179154136      
   6.45850591744761022969442340839445408      
   6.45833700280517484924252618311885434      
   6.45815865498586254181699304108055493      
   6.45797042781589268170992606603600962      
   6.45777185650294372000285284444334324      
   6.45756245645665267560671183567139192      
   6.45734172185383405564028897670397317      
   6.45710912352805656391291011931762521      
   6.45686410940140429464288971506447424      
   6.45660610197460053160603481145955830      
   6.45633449522905935693464677087159259      
   6.45604865350585430586810778613407744      
   6.45574791073731270480390900658250322      
   6.45543156622622044365639257842900917      
   6.45509888431044756143465695519525332      
   6.45474909039506774818414380724929884      
   6.45438136901077120246502295470919548      
   6.45399486043743103096950615174410229      
   6.45358865931387846646549174172933744      
   6.45316180912244194943252378594284489      
   6.45271330120951605762439714130112251      
   6.45224206905238662104939845794332799      
   6.45174698631257228989788154522393124      
   6.45122686137377674598736406660896696      
   6.45068043455218552786473119562955885      
   6.45010637203950288111072658905804822      
   6.44950326204711705803818989964396717      
   6.44886960960622279612361589970997613      
   6.44820383100468907315464794053857183      
   6.44750424797364742071239873362158874      
   6.44676908147650571575794993454185457      
   6.44599644624731158260441759977414732      
   6.44518434197363419137788772789469377      
   6.44433064801385439118715569136288955      
   6.44343311448116581078369709717130688      
   6.44248935400895334625127145441339334      
   6.44149683379414927927156370286715625      
   6.44045286538828251859979099052214841      
   6.43935459522091429812789949725326789      
   6.43819899425058941802837209337440808      
   6.43698284661384789358677636789190789      
   6.43570273800635174601470032630662054      
   6.43435504288797304521192615668462724      
   6.43293591145941630568509983932692823      
   6.43144125546905829701009389305317391      
   6.42986673344723634172449468771618349      
   6.42820773498287001325297575806375402      
   6.42645936413176312489705893761373950      
   6.42461642237370364367776534528773276      
   6.42267339008139514371920116907794155      
   6.42062440805318615273574975920207800      
   6.41846325682225920684551911759860069      
   6.41618333804626912052656467939026902      
   6.41377765277030471561294390759397457      
   6.41123878067563262228319128802035563      
   6.40855885976340514436244922115024482      
   6.40572956525611781318188115115985448      
   6.40274209076960717417261457074020600      
   6.39958712995130002515074177009490282      
   6.39625486024676840286416832157934212      
   6.39273493051886468337564284684786155      
   6.38901645046248851160633010962050015      
   6.38508798701896986918091834191479035      
   6.38093756386945717272079130066711297      
   6.37655266949247758451109319075495569      
   6.37192027106116517935835058483549585      
   6.36702683668694966721389343706627830      
   6.36185836588400605821409213889009417      
   6.35640042746641315673661569541703086      
   6.35063820591180200068408072242659659      
   6.34455655500142530060248844671584105      
   6.33814005399493936052561398343207068      
   6.33137307017003008626817463860310479      
   6.32423982371363856940362249901355369      
   6.31672444888536135259994032585515321      
   6.30881105573274352094909471341174393      
   6.30048378664067272636362964296405633      
   6.29172686751087121550799976033139845      
   6.28252465272931502795956386846043169      
   6.27286166291755918073370646079366137      
   6.26272261106883403644630608565058842      
   6.25209243121894146509485708884542649      
   6.24095628986317290125907293727195849      
   6.22929959730088898034549261621289869      
   6.21710801034744584415535791315625614      
   6.20436743563350229083718589949961997      
   6.19106402439926744986405576052087889      
   6.17718416536815260338986726585577228      
   6.16271447812907382653523482281382681      
   6.14764180384175047912162482433179628      
   6.13195319461960432927074289555166273      
   6.11563590300065120165790080696566034      
   6.09867737206584798525268767903784828      
   6.08106522395605530987228248169016415      
   6.06278724999041192392747707237009001      
   6.04383140119802418100155421499119513      
   6.02418577712076504632176230653155011      
   6.00383861809732764265769917913027094      
   5.98277829440909445797004006635941507      
   5.96099329835859777762574435613773820      
   5.93847223368198350262519056136188837      
   5.91520380781121861371405349465038981      
   5.89117682222775920570207472185751961      
   5.86638016200744792968373369309148054      
   5.84080278810066008190805774572235858      
   5.81443372625018596632583048736559816      
   5.78726205781002776187051934545899004      
   5.75927690965909728896861663073288454      
   5.73046744456365625875854505436667880      
   5.70082285150453750979821992257536938      
   5.67033233456875821198367119815349288      
   5.63898510603105865482207885813113699      
   5.60677037467470457379795790865410225      
   5.57367733852882994122873815740087947      
   5.53969517487979075831988137521657122      
   5.50481303432351392623810835957644837      
   5.46902003182929305303939718831688657      
   5.43230523970575378705547426198011645      
   5.39465768323405005963309420524437794      
   5.35606633244995047315779918003811552      
   5.31652009900481741674517753299072258      
   5.27600783027131945308992532861393336      
   5.23451830692316918326047056306701256      
   5.19204023789118170106097828491768219      
   5.14856225786024941726835878998581051      
   5.10407292521193716721316255941244387      
   5.05856072002596018073572669592806829      
   5.01201404196452019460538356312622643      
   4.96442120789756520955958871980623278      
   4.91577045369528309217665904515288145      
   4.86604993081604830640447086904834822      
   4.81524770600643812272492835163622577      
   4.76335176335704667566109255026701093      
   4.71035000046894035845744881302084877      
   4.65623023208813191782036930290009842      
   4.60098018665612087175717143612580627      
   4.54458751045681810544027906874918533      
   4.48703976366973969485244546876112583      
   4.42832442443287728361379677416784979      
   4.36842888721697250542679236225761552      
   4.30734046311133984535439629074568203      
   4.24504638212584474449123156001772327      
   4.18153379092451640505959411256002608      
   4.11678975633734854877180025660628029      
   4.05080126365056381010565682906550925      
   3.98355521771186342204198974846281830      
   3.91503844418869645206833958479489023      
   3.84523768877577208962403175285617128      
   3.77413961904292290068828605686419948      
   3.70173082318938879179369157383253011      
   3.62799781297604051621942338939813953      
   3.55292702078144135484998643538088305      
   3.47650480399697806048374469132855618      
   3.39871744115581198779309799357299893      
   3.31955113625436017924247191304372973      
   3.23899201679841816813669512815262417      
   3.15702613333036436551216953094933689      
   3.07363946377562880663636749561147869      
   2.98881790776367135942439337088856739      
   2.90254729312535147260777900126603039      
   2.81481337142911949877376340772075838      
   2.72560182019778867798787883202984384      
   2.63489824389455668594797680561159146      
   2.54268817214092463623762017187716478      
   2.44895706156685749788732617900227456      
   2.35369029481806608422940565888867003      
   2.25687318207628622259461531708329121      
   2.15849095960799117196088295387881558      
   2.05852879168896339989940846802313882      
   1.95697176875464434165291225731200767      
   1.85380490957878295223651088282168097      
   1.74901315968468972946414880234183253      
   1.64258139283009953536081177204741182      
   1.53449440989872727525549349759940809      
   1.42473693984487199988948673164566937      
   1.31329363942985810184248873328789886      
   1.20014909349601892311876664784491755      
   1.08528781468528140094872631786522715      
  0.968694243599765643173414725656088260      
  0.850352749663612617802993167335103450      
  0.730247629940707265724248922220692003      
  0.608363109813098242904968434202620012      
  0.484683343742944596658179792627180453      
  0.359192413284773102975316091264954824      
  0.231874330058597951587915900044960733      
  0.102713031881176572597601016334332706      
  -2.83076120624566971723586960299574088E-0002
 -0.161203806176600817554484444132457984      
 -0.295991825775251509441263248004150604      
 -0.432688016361157977522544884911405398      
 -0.571308797923518993065394620664953151      
 -0.711870657666336187984728513279897990      
 -0.854390156506020602056163066921540820      
 -0.998883927454856754958501488618646644      
  -1.14536867223300129402205087053564253      
  -1.29386116519077986542975266381073800      
  -1.44437825238949007194813991886542866      
  -1.59693685130770991727535363444635469      
  -1.75155394810698047816935177257725682      
  -1.90824660186856868939084842694795631      
  -2.06703194451255681205290112713138532      
  -2.22792717614368579869395767047443025      
  -2.39094956866002638601640731393888085      
  -2.55611646522808832151193447219173090      
  -2.72344528295256386334952854215016161      
  -2.89295350430807730277094245617568286      
  -3.06465868656340034524129479283108134      
  -3.23857845873129856620654599060753048      
  -3.41473051852213787511703239286164408      
  -3.59313263466780890629472073584063775      
  -3.77380264777760949975752798863272582      
  -3.95675846945638158881509798032426598      
  -4.14201808344736863341869884079458182      
  -4.32959954099209242065998733997476136      
  -4.51952096628319704777704793972932229      
  -4.71180055429957784286056493737079153      
  -4.90645657066927442490162025613392301      
  -5.10350735349333432655518296766762201      
  -5.30297130798044905642002883412693628      
