   6.46114229515578832787994501293249882      
   6.46114229515578832787994503858969363      
   6.46114229515578832787994507460013469      
   6.46114229515578832786445253264714950      
   6.46114229515578830736877830826224105      
   6.46114229515578543430523330022708652      
   6.46114229515567986084553722005184262      
   6.46114229515405411085424801361000568      
   6.46114229514024780706436659017890144      
   6.46114229506340386794887457686506568      
   6.46114229474944116453128685796743481      
   6.46114229373255762109140401903664587      
   6.46114229097773987406918567308153904      
   6.46114228449084290447249720584044279      
   6.46114227083410622799546917822463982      
   6.46114224455776933950618045443491521      
   6.46114219769051487052983333955907499      
   6.46114211915224490926451768333415361      
   6.46114199424398377933810558335719979      
   6.46114180423514556465972828711584657      
   6.46114152603597017296809492556025589      
   6.46114113198122633273694115282900387      
   6.46114058973761170775590169624181542      
   6.46113986234488527304070787626053407      
   6.46113890839751446393417824622859427      
   6.46113768236852609558432703688583042      
   6.46113613507005009941861363404597055      
   6.46113421423626103376868602455852572      
   6.46113186520516691192958908439920555      
   6.46112903165465200704180976332212769      
   6.46112565638555454072839278302568198      
   6.46112168213446300721836393167124325      
   6.46111705221152903748572515404454616      
   6.46111171114618262597653309804696465      
   6.46110560517405462629395741257453763      
   6.46109868257804243422218484132677707      
   6.46109089383778082018907201343612939      
   6.46108219168755561898924185554869273      
   6.46107253086796892855112315586264509      
   6.46106186797135438568715941760522109      
   6.46105016075092897482887519412601620      
   6.46103736763001695118250241205249643      
   6.46102344699330327251452220456932465      
   6.46100835641988557923081040711661495      
   6.46099205186376459512053853558358600      
   6.46097448679043526193253035583289112      
   6.46095561130827488198826657151824470      
   6.46093537143330629512616146911011932      
   6.46091370825321296927206152244023693      
   6.46089055708829314873306450636080548      
   6.46086584686812509109609544590931633      
   6.46083949948853693278528273274168421      
   6.46081142926830187853031159128962369      
   6.46078154245204280864436568012201845      
   6.46074973680316211191995227993220617      
   6.46071590130624776871825422894086905      
   6.46067991586322862325028950207609808      
   6.46064165115924234848821247245636006      
   6.46060096842150471703607505558040942      
   6.46055771937134039179788536669639915      
   6.46051174616844852522015574478866966      
   6.46046288144543539883485402115955007      
   6.46041094823507806537102798166538028      
   6.46035576015902047397947599651374745      
   6.46029712135827474705292076659856504      
   6.46023482657151146774356992338306741      
   6.46016866118185191872606870556524204      
   6.46009840129658617307294318637048828      
   6.46002381382348835546222280120465275      
   6.45994465635853659613431040949827115      
   6.45986067722398204284015363678251240      
   6.45977161547777233075529263186386630      
   6.45967720070928109689084872079560869      
   6.45957715293685573108409645433517896      
   6.45947118245915768302555270633231881      
   6.45935898954684184158072230493857069      
   6.45924026416248324276066962292705074      
   6.45911468554643757430420870163848065      
   6.45898192194831372867498807854880386      
   6.45884162999187186787655369098607032      
   6.45869345411944427818137417259372572      
   6.45853702592061742013079899129858915      
   6.45837196343302155923565920450779374      
   6.45819787033178333434065095122825162      
   6.45801433504498938130017794030789991      
   6.45782092974763594952199303054884317      
   6.45761720928413717887822477761709597      
   6.45740270969400016177694697498156237      
   6.45717694761266393222131550351737202      
   6.45693941841712311373243965101076271      
   6.45668959492756271662260117884824247      
   6.45642692606281290490701793638156650      
   6.45615083329718363529301788145445714      
   6.45586071172114987212394261171767426      
   6.45555592589703911151614147071099787      
   6.45523580911381797218253061946119075      
   6.45489966037124350023644584619045585      
   6.45454674131606471769629084271497373      
   6.45417627529788046016737829258006558      
   6.45378744391642082876137225978855804      
   6.45337938317286087326044665749609585      
   6.45295118248859644619410426279752500      
   6.45250187920477483981141720419879880      
   6.45203045663502581243816236591781474      
   6.45153583996048204942139171710838761      
   6.45101689215622528431545247322187824      
   6.45047240963182810724820910171807024      
   6.44990111845202599626724916186864963      
   6.44930166913673896920388408957877799      
   6.44867263194293884365816246830456200      
   6.44801249126643869087529542644208431      
   6.44731964033771060872922086767665040      
   6.44659237521777866254350977691781175      
   6.44582888780964929022230431199617062      
   6.44502726059617543262165530270304436      
   6.44418545741169181545480172221488320      
   6.44330131724088332268077010214898219      
   6.44237254609406165960735073770478201      
   6.44139670740521645025318598148913782      
   6.44037121365033814693602670942394225      
   6.43929331616656210102156753022042454      
   6.43816009494754301519133612407661716      
   6.43696844708254215075555292734847920      
   6.43571507552238851453324925360576423      
   6.43439647627808676936961108475374971      
   6.43300892494376359179926225802128390      
   6.43154846253057626441791482590730466      
   6.43001088051095973259622142604334260      
   6.42839170465251526287103651857975263      
   6.42668617827838110190754437540265328      
   6.42488924427993393694692149397870325      
   6.42299552634384634412335705436032916      
   6.42099930896246013692281261702488790      
   6.41889451710671038427973319185742273      
   6.41667469463434296102993527814826875      
   6.41433298149754513837438575257290380      
   6.41186209195106719079142385415326817      
   6.40925429118466597445232100356520620      
   6.40650137227996327501784090012938553      
   6.40359463430005701424542908066368105      
   6.40052486053698521649743484826976064      
   6.39728229940806956467426774008426326      
   6.39385664748065916234481961487256670      
   6.39023703612558126817777156950063268      
   6.38641202281018438701091241057706814      
   6.38236958806130468259839296801084832      
   6.37809713972024789294831918596691747      
   6.37358152425792176299133311310699165      
   6.36880904620839101161429561405302332      
   6.36376550091577670620178815248104594      
   6.35843621091624395727285211268853604      
   6.35280607525951691571751898187588271      
   6.34685962601103801499819295074170681      
   6.34058109084952041636944393765596122      
   6.33395446263394087100189281396122370      
   6.32696356862439927190261932580791749      
   6.31959214041913282036291732010619940      
   6.31182388379324768582651112444386710      
   6.30364254258529870668994364030068869      
   6.29503195379997853810313862488797885      
   6.28597609980777301117662301854169407      
   6.27645914763416269555523745617199807      
   6.26646548299352362815495313752199570      
   6.25597973196532488021997353264578743      
   6.24498677944164001298223673934912791      
   6.23347177617415880805544703446565513      
   6.22142014545518503353184441307932625      
   6.20881757573244409271636338013289345      
   6.19565001876363308843291571895540091      
   6.18190367926332510991740055665923593      
   6.16756500491004502622625833275641387      
   6.15262067426205906822300635885946739      
   6.13705758413631291723501213756862314      
   6.12086283649378085630897002582237745      
   6.10402372624012534659938897362659619      
   6.08652772854399802413915980381774053      
   6.06836248769762867479085309815628393      
   6.04951580580188193580343096637833361      
   6.02997563175575696535508642975326095      
   6.00973005271720842503989729961095357      
   5.98876728276062702987135002942677654      
   5.96707565616478741331539413884497370      
   5.94464361682629448557325435908592267      
   5.92145971101511213960539610702464842      
   5.89751257833351948597208514151847334      
   5.87279094386365850938465988035214240      
   5.84728360951753430735664664703569547      
   5.82097944548249027941347554962833033      
   5.79386738228791570652989105256825982      
   5.76593640128861700577043553043106341      
   5.73717552580097909852289856271744051      
   5.70757381363873373843779407345314031      
   5.67712034640499651660168596868301385      
   5.64580422172879488342715480060968033      
   5.61361454475982961896425424627598405      
   5.58054041853407328551895654270509848      
   5.54657093666829596558353980598624879      
   5.51169517528189151454495911916120859      
   5.47590218449186127922569144890774665      
   5.43918098294174883583300404712867857      
   5.40152054988940660271088946970098372      
   5.36290981891166344735355259940053554      
   5.32333767293267823384171405139559240      
   5.28279293877129362430598592353157011      
   5.24126438229576884610597838747904565      
   5.19874070461230779545642817303095128      
   5.15521053762600091218900952203488067      
   5.11066244219782652763024203391292601      
   5.06508490434927988132766259483804242      
   5.01846633333126472711371041499973735      
   4.97079505882184171243784158898771825      
   4.92205933123383292963725719754732595      
   4.87224731858266010305679651659640396      
   4.82134710567534978954871533166968206      
   4.76934669488114209947228346273983541      
   4.71623400355540581248018237390125649      
   4.66199686478860324885127413825361159      
   4.60662302776554767859198214036930405      
   4.55010015614488897264340273307209100      
   4.49241582942568996216068372664687006      
   4.43355754224117023739109326035996865      
   4.37351270558190496226944108660425484      
   4.31226864677953541910254257578478441      
   4.24981260857381143728744362605241284      
   4.18613175212401400911197512574557611      
   4.12121315454149080500983723035846368      
   4.05504381214255528570407697138233310      
   3.98761063821167932385223422020271122      
   3.91890046619510027546149155785812897      
   3.84890004750193856759575694053974102      
   3.77759605451517025823512069073976653      
   3.70497507874236850878270843575415546      
   3.63102363366012078036529449508268155      
   3.55572815238535510702807149211397061      
   3.47907499130418489409425785886505670      
   3.40105042709644663588794983769702396      
   3.32164066029759167446847310440133084      
   3.24083181350156881102229530902442299      
   3.15860993275114348980451229913020058      
   3.07496098755388603915931355812441134      
   2.98987087098003050769432500450469987      
   2.90332540084512791590129344485530522      
   2.81531031907094365078364041369191115      
   2.72581129249595951760507835339340025      
   2.63481391276129017470829091169245903      
   2.54230369740471228829974158284528374      
   2.44826608847383035996059872510156949      
   2.35268645477468933843662417219154248      
   2.25555009066660032400218894257482449      
   2.15684221630117154731700391650751630      
   2.05654797890327348974656255943512458      
   1.95465245162907135356368792783855461      
   1.85114063451780703261548363552686769      
   1.74599745432886424398702468526329290      
   1.63920776511625343745599585313610561      
   1.53075634767732345335979015524516736      
   1.42062791012829613754313486196185913      
   1.30880708788445813416379403071923814      
   1.19527844366077173068973564607531039      
   1.08002646809154273218788576314521716      
  0.963035578858768111479601388807215989      
  0.844290122007682931772520101582744281      
  0.723774370645574135023822006578052682      
  0.601472526656745628349274732809494527      
  0.477368718878670482419814688535958449      
  0.351447005152190367954725237916764145      
  0.223691370092958377137773934981020071      
   9.40857280404429735186127237464091036E-0002
  -3.73860795525307947784492422279294264E-0002
 -0.170740283387231013078458228108327511      
 -0.305993184387793976983286249711143004      
 -0.443161156830385651238538565657906389      
 -0.582260645357785913284236774056234710      
 -0.723308166817436983068065146079168551      
 -0.866320310108972466401377267868836494      
  -1.01131373414702886452333587956962226      
  -1.15830517080138740812354573641737700      
  -1.30731142339760527956212569844883262      
  -1.45834936522930101557455879890015899      
  -1.61143594195473341169415038963669753      
  -1.76658817205484793331743237237979571      
  -1.92382314221876886587932041057035059      
  -2.08315801227049753931503347817037183      
  -2.24461001448857888621586698881960581      
  -2.40819645031852961237939378220439263      
  -2.57393469290776961141813165087989121      
  -2.74184218672066405251398522449513239      
  -2.91193644902497416332332296870487188      
  -3.08423506631630267309492354378532197      
  -3.25875569627553144606688627769706186      
  -3.43551606782908103971379350638020053      
  -3.61453398155094492075878229943800028      
  -3.79582731000997377956571502642300220      
  -3.97941399619382992063600994696382105      
  -4.16531205013435519251152455613282465      
  -4.35353955880991957297884552965540796      
  -4.54411468002353310766030575491199980      
  -4.73705563547624022821558418369979066      
  -4.93238072449903036874475339919813825      
  -5.13010831464945575144119740631566665      
