   6.46114229515578832787994501293249882      
   6.46114229515578832787994503858969363      
   6.46114229515578832787994507460013469      
   6.46114229515578832786445253264714950      
   6.46114229515578830736877830826561605      
   6.46114229515578543430523330179066507      
   6.46114229515567986084553735001446733      
   6.46114229515405411085425168927953536      
   6.46114229514024780706441711120510448      
   6.46114229506340386794929270716960698      
   6.46114229474944116453367583981573696      
   6.46114229373255762110172968466504156      
   6.46114229097773987410523692660948106      
   6.46114228449084290458038168079900388      
   6.46114227083410622817788970720048299      
   6.46114224455776934107259823730427604      
   6.46114219769051488160310349896348575      
   6.46114211915224497248451180961760896      
   6.46114199424398408092571415017897424      
   6.46114180423514680013863933011972020      
   6.46114152603597461700905690995177760      
   6.46114113198124062682791960442952136      
   6.46114058973765344274243535351241315      
   6.46113986234499727507042233373173231      
   6.46113890839779362150952480490822573      
   6.46113768236917795582711335586201815      
   6.46113613507148667152911988459983534      
   6.46113421423926757022320419744329716      
   6.46113186521117409002205510555694924      
   6.46112903166616327166645903191071574      
   6.46112565640679206035232862413733911      
   6.46112168217231646091577653210688341      
   6.46111705227690603474786498490847112      
   6.46111171125588231101306261134985111      
   6.46110560535330544139341968797400481      
   6.46109868286341221729227199817383712      
   6.46109089428275069654606499895866887      
   6.46108219236701250227236613495760791      
   6.46107253188554684748330421518684215      
   6.46106186946810459722168235421183996      
   6.46105016291591532112808171606967497      
   6.46103737071309996812597924825720486      
   6.46102345132040684762360269600463658      
   6.46100836241104286076203749307571568      
   6.46099206005426537664751371487858135      
   6.46097449785542810970725162344009515      
   6.46095562609107639908320453063119551      
   6.46093539097800028976375561446776643      
   6.46091373384169185997959947494134682      
   6.46089059028227685304821108915795461      
   6.46086588955655896936592108394816340      
   6.46083955394080476910052613633912581      
   6.46081149819371747375387165984990000      
   6.46078162906609767524832198062872640      
   6.46074984490102016485247725994584127      
   6.46071603534416411996387794443773011      
   6.46068008104795404504297155244992166      
   6.46064185354692498663664573898555364      
   6.46060121502534949266319434963640215      
   6.46055801827976325225221457991184489      
   6.46051210667379805889551600129974228      
   6.46046331418409349713679864550796603      
   6.46041146533909146454152680293414218      
   6.46035637542139313601767524530769190      
   6.46029785041010750863429970551811564      
   6.46023568707407314766035223734637467      
   6.46016967303186449857722806021584135      
   6.46009958685159962024052523379869949      
   6.46002519813646115001578056375822800      
   6.45994626743294103550210320764542976      
   6.45986254628919836891832558848086663      
   6.45977377727758696736228197464536405      
   6.45967969381281882219704399265988408      
   6.45958002007026166596887028910776136      
   6.45947447085649287681651338806744098      
   6.45936275132421039126164252360833842      
   6.45924455671196892932556141502044385      
   6.45911957196444237672603992043357766      
   6.45898747147882135958712500671585959      
   6.45884791849553012445365817759721562      
   6.45870056457486265233555569812154601      
   6.45854504895433157099997550291126582      
   6.45838099787728647781768052359759940      
   6.45820802381767875906513742668577987      
   6.45802572462294785346278304470598815      
   6.45783368254566590416024052922410484      
   6.45763146318745009407860847816016324      
   6.45741861410457806597679665996636051      
   6.45719466425478689868841053196085007      
   6.45695912207735793255802969954549330      
   6.45671147439830106191108109863402089      
   6.45645118497617104044926011759044929      
   6.45617769096389966439426597732063388      
   6.45589040443393823276950097404573603      
   6.45558870766554073190784379105463065      
   6.45527195316766883462345335121654756      
   6.45493945997261480966341599442858411      
   6.45459051127172281160646225182584299      
   6.45422435309019797639725241758568472      
   6.45384019115028790461763895440075231      
   6.45343718699056842629275226361103016      
   6.45301445719328958977511441042697025      
   6.45257106790906134389968651741796666      
   6.45210603278721722106326982029712768      
   6.45161830934063552521812435427497189      
   6.45110679464223154647590409237106315      
   6.45057032130485067943047072063190237      
   6.45000765374928825360540294672955745      
   6.44941748271537246806475035374346133      
   6.44879842163127337987801505374264385      
   6.44814900014333155598203035509694731      
   6.44746765945839622251585481622097386      
   6.44675274629291909454630490464368468      
   6.44600250647329194029706275040214059      
   6.44521507886781118914054548127484227      
   6.44438848756458914792374676774640156      
   6.44352063486071180481787502333819273      
   6.44260929361999892851358803475464982      
   6.44165209808320531141339243499365417      
   6.44064653569300683997760220777056644      
   6.43958993660893683926978877095055761      
   6.43847946415342923682007264818644570      
   6.43731210365342279391982441353572018      
   6.43608465083250920466196735660409886      
   6.43479369940864449905283915149397686      
   6.43343562844603428515911300668253074      
   6.43200658772600209759802722871730596      
   6.43050248308848860191103377673096785      
   6.42891896080764272357618059862639213      
   6.42725139075311306801900262929781485      
   6.42549484861180430457397411240312509      
   6.42364409720111805085609956764256760      
   6.42169356667389555309495076927603511      
   6.41963733389019095884152973230108272      
   6.41746910100018074060433244635760080      
   6.41518217204313318966465270235565163      
   6.41276943125362003310942565824252343      
   6.41022331850856675365097364941736629      
   6.40753580645058508221434262486423561      
   6.40469837613117665830778885293015191      
   6.40170199509758198857455354632230933      
   6.39853709631512178031187073519330222      
   6.39519355890497164221247388543871978      
   6.39166069258641658480598176179219479      
   6.38792722630259144706963836557893577      
   6.38398130245302791899436887888823917      
   6.37981047709236431981262669204132759      
   6.37540172749880938669238892070110020      
   6.37074147174594234239323254234803176      
   6.36581559294209809442012056939749784      
   6.36060947679363380021898100759821741      
   6.35510805767958743863844989703875884      
   6.34929587354656477149873514977410447      
   6.34315712938267402152994018348330481      
   6.33667576613651323288928758492352345      
   6.32983553200054658978277592168529464      
   6.32262005647100679859610054532610482      
   6.31501292164880645245973029708821131      
   6.30699772915937330788348632352906748      
   6.29855816393034528871859764989734595      
   6.28967804507709668262719276899334179      
   6.28034137307132004464762564140803591      
   6.27053236412829840525331092954648016      
   6.26023547821422636562990336723999741      
   6.24943543710318977216498329105185635      
   6.23811723467439247012987195284102193      
   6.22626614396674028047218153603738096      
   6.21386771087304285093984261812210051      
   6.20090775378484213042988436502110348      
   6.18737235132358072330022343060112597      
   6.17324783208620278248977308956727462      
   6.15852076338457501773339455764154889      
   6.14317793706017778449897454278074561      
   6.12720635547647360667880623135007070      
   6.11059321890820438827122273343730032      
   6.09332591221354377101886109653916815      
   6.07539199267162052436308271614322657      
   6.05677917781747583616026486954808524      
   6.03747533540569727653800585098125681      
   6.01746847254423886774759317534660810      
   5.99674672564912570803978501477650721      
   5.97529835261182866548904200064923566      
   5.95311172275835267950744188592741720      
   5.93017530974005838168880171121505949      
   5.90647768187311753767388740842781284      
   5.88200749555832249075186745567758649      
   5.85675348678085631413414265874053214      
   5.83070446200697221434199714067814969      
   5.80384929169753434820052337402476996      
   5.77617690072030368837023198085109826      
   5.74767625991201066854163784223553451      
   5.71833637831401531016178460585445154      
   5.68814629447864164347364144747587698      
   5.65709506704481647406447778574266175      
   5.62517176690202393660909794135219697      
   5.59236546900356829672970845464133983      
   5.55866524273367152733283834416074102      
   5.52406014619744310993965086703963390      
   5.48853921574480239763390466120748286      
   5.45209146143548197419115564085117863      
   5.41470585820813579820803164393380108      
   5.37637134057406020670349356741302084      
   5.33707679522603990961094522275586802      
   5.29681105757696994428332138292661039      
   5.25556290525994567665595735278774907      
   5.21332105405004033818624569667557176      
   5.17007415407607204529947420518810876      
   5.12581078605953970966154522633017421      
   5.08051945794260150624775339512018572      
   5.03418860359603238470632019731017759      
   4.98680657909139566997381063904491539      
   4.93836166073012041526117495234379236      
   4.88884204529486039285185522193810907      
   4.83823584697291635921293378602667876      
   4.78653109649425216338796864308286789      
   4.73371574235637410777627232890104485      
   4.67977764774818410311098173025430109      
   4.62470459149696960970983933602305812      
   4.56848426820144731958165807305373670      
   4.51110428724552012282376066885421085      
   4.45255217359806635235425482012043770      
   4.39281536782634473329700201290647587      
   4.33188122616813369033777913096102174      
   4.26973702131058564324911525785145488      
   4.20636994156559534377932264055784814      
   4.14176709337263760167690627910139889      
   4.07591549920909878736708405979179322      
   4.00880210066357340093673925854740629      
   3.94041375631335109800832413959145127      
   3.87073724438503405292603264234453047      
   3.79975926207099346100143853352052571      
   3.72746642625958755056392813449493596      
   3.65384527364653395198955273287777765      
   3.57888226205849581089680109937229164      
   3.50256377046357420738038508150642329      
   3.42487609912305482154068974047447450      
   3.34580546944241314691019210860051141      
   3.26533802689974602654066458333479109      
   3.18345983846491053573956539673139971      
   3.10015689384818042851817596073491064      
   3.01541510758832313138905658544255565      
   2.92922031679596666567444758372397882      
   2.84155828334511365381498815152975109      
   2.75241469276139408306524489654993571      
   2.66177515647270565039598825495072519      
   2.56962520936495051687316022278588541      
   2.47595031270220797019624048615646002      
   2.38073585242209998492002451400982384      
   2.28396714073444106689509527312453819      
   2.18562941516305981903651241788400735      
   2.08570783958274956463606612425966393      
   1.98418750404262802816686430969460996      
   1.88105342508771924802294729553646401      
   1.77629054548528911759677504817038735      
   1.66988373549622715485001042432032957      
   1.56181779156041997092250471081594946      
   1.45207743733185975956104646961867229      
   1.34064732355116705436977703239612896      
   1.22751202829313948300586709286970716      
   1.11265605690505867323662879004898912      
  0.996063842037422656803096642547164431      
  0.877719744300916468295946335094727621      
  0.757608051318178016462653086069770849      
  0.635712979241213049110473844342342811      
  0.512018671382916347235826901372833950      
  0.386509199172666187215895674485943743      
  0.259168561894587624182166630631430453      
  0.129980686553714775321379135905789327      
  -1.07057104554660993790225285787182577E-0003
 -0.134001428004917195767474711216201916      
 -0.268828172054692993131616132777076173      
 -0.405567163404505134242755157518800586      
 -0.544234834855807665234578946911387565      
 -0.684847688844704910387130319112309138      
 -0.827422301055812881481770283643897114      
 -0.971975319134721000259245979815079221      
  -1.11852346047254745148667942713980330      
  -1.26708351534015388805017847644808730      
  -1.41767234576704903925767080513310162      
  -1.57030688360619977404747988158865066      
  -1.72500413443448668843352537669024786      
  -1.88178117474490274341161316719196689      
  -2.04065514961751798939810981590801847      
  -2.20164327840883236732366454390330168      
  -2.36476285230643014611629172976997169      
  -2.53003123123563381447716013233912343      
  -2.69746584712737948512651333523289591      
  -2.86708420482173006823731761785227219      
  -3.03890388023166663456646872656988737      
  -3.21294251767756737674128712578386521      
  -3.38921783443656253118358900612832287      
  -3.56774761828735121010046912816965027      
  -3.74854973124088161850773786087827888      
  -3.93164210320235433132959552768912457      
  -4.11704273402211812468114071926627881      
  -4.30476969687630793152126987863350745      
  -4.49484113569684687591288024798595967      
  -4.68727526722318600745587559871254091      
  -4.88209037370411835364626009909360388      
  -5.07930481190377181761491462909399574      
