   6.46114195192883683103959025756561341      
   6.46114195192883683103959025756561341      
   6.46114195192883683103959022096443648      
   6.46114195192883683102469767684493170      
   6.46114195192883681091043943693933827      
   6.46114195192883395908069642526800645      
   6.46114195192872862681792297100851404      
   6.46114195192710348444752296905356832      
   6.46114195191329443513401580138388261      
   6.46114195183642783474216444722465075      
   6.46114195152238449351275942594910413      
   6.46114195050528523055042167486289279      
   6.46114194774986932393300199002734253      
   6.46114194126090140074049945785872937      
   6.46114192759619715563788191255637312      
   6.46114190131341659697117310648230048      
   6.46114185436273802864426911794645484      
   6.46114177554680179084700457529269191      
   6.46114164994001195060294718962385832      
   6.46114145830160893174336541668074874      
   6.46114117657243789975172176460130709      
   6.46114077536037786603844222522361660      
   6.46114021945157349434738023784460090      
   6.46113946729172632250590362919070395      
   6.46113847042997921173391210984660389      
   6.46113717292178742898869873599123460      
   6.46113551064970077353117841863257694      
   6.46113341053729171851209550624752655      
   6.46113078962607318464557596929091153      
   6.46112755397893992733519659606293858      
   6.46112359738015394599562175063756040      
   6.46111879991775345732503674897651302      
   6.46111302616119524527122366321940930      
   6.46110612323601247027487383327121681      
   6.46109791862719797942921115913371669      
   6.46108821777106916690338579824384487      
   6.46107680143708263541999806149590653      
   6.46106342299506604760295199920015497      
   6.46104780541951600915203096939419304      
   6.46102963848258024349213111572960152      
   6.46100857549047945355358837818511980      
   6.46098423023590693248069386616780803      
   6.46095617390557048758616647703161000      
   6.46092393200818839283983719212894446      
   6.46088698136662032200097583941213074      
   6.46084474716716546134304718292551983      
   6.46079660010990244366063378037193956      
   6.46074185360418163831475536679495382      
   6.46067976126960245253167363029680075      
   6.46060951438978403915604684894142871      
   6.46053023942493978753470714528271490      
   6.46044099582230671458968722346174941      
   6.46034077388651965740965650813158031      
   6.46022849277796988655220918830342854      
   6.46010299864841395539867578723859514      
   6.45996306288188478525886407700889900      
   6.45980738048678899726296914120867589      
   6.45963456864915941646649103755690641      
   6.45944316532424747858673918338110908      
   6.45923162797327641173536821641231164      
   6.45899833246024209977376876191052947      
   6.45874157204479627342869511326133405      
   6.45845955647940540903390454663277906      
   6.45815041123997634903359236333628651      
   6.45781217693197727202709327883451842      
   6.45744280864591593432090350825963006      
   6.45704017552595217493521880454968430      
   6.45660206057114325090788237589019549      
   6.45612616025075208078454224199314408      
   6.45561008443036432728460434784104039      
   6.45505135636852998020020483949564938      
   6.45444741280038446596447205485853849      
   6.45379560401520197069667063044050576      
   6.45309319421643744801195656937827954      
   6.45233736174698000868278676727515686      
   6.45152519963926186311991675355923165      
   6.45065371593883832617732200769633325      
   6.44971983442698988117498789207918048      
   6.44872039511875175363805752455396849      
   6.44765215493744338927286416111623293      
   6.44651178854473290966863172328985334      
   6.44529588902776120065167579286623246      
   6.44400096886156704918196368174435522      
   6.44262346071510688718670053471768616      
   6.44115971826324491741753940500070814      
   6.43960601742465812171157281461145793      
   6.43795855706647426819962709797160890      
   6.43621346004697350864167139849393429      
   6.43436677454191279641508639662541318      
   6.43241447447963940998073110078337830      
   6.43035246157783473562488523470591169      
   6.42817656490716283348703731772110338      
   6.42588254376566224350020810391929031      
   6.42346608764220060356849576954775766      
   6.42092281750607923876254932798846315      
   6.41824828718639233990532825143152512      
   6.41543798424568469568425385444722137      
   6.41248733102761852155855293344458119      
   6.40939168589923212060426431250178458      
   6.40614634364089344564437462671128549      
   6.40274653801655654558451873518458541      
   6.39918744255188565090745541476329208      
   6.39546416963278175869735265611996687      
   6.39157177400623157417360524638457214      
   6.38750525233872433458133667088643125      
   6.38325954578830958374879082473312378      
   6.37882953892875833230324221099720902      
   6.37421006260779876385537416685876756      
   6.36939589420458743890128188947237884      
   6.36438175894174419244367667487513359      
   6.35916232996793708757301888478308467      
   6.35373223109405048193120164643853768      
   6.34808603620072988687389188168154530      
   6.34221827113433453801318349006092156      
   6.33612341434708286340668145765470017      
   6.32979589808814846855710358089355685      
   6.32323010899313637036928200664316814      
   6.31642039012342547769614694209998324      
   6.30936104091015725008924360710032822      
   6.30204631747420844223923393435123123      
   6.29447043665476639045216784470072394      
   6.28662757308466304413730659533238546      
   6.27851186376081644274298117593814760      
   6.27011740553595375992566843005783199      
   6.26143826001459542220976570208596818      
   6.25246845281652070052790192726866593      
   6.24320197374147082380244075796958954      
   6.23363277783811499132307067526376924      
   6.22375478879378169227120527771968201      
   6.21356189971190192212481290224339622      
   6.20304797082863556487799002215219263      
   6.19220683645389762744676743537098003      
   6.18103229954250675377039641058689679      
   6.16951814076256582778242526440589124      
   6.15765811266926236572823326605781223      
   6.14544594529490516534239992347781329      
   6.13287534772770285177874644455256207      
   6.11994000585406783593812877660038012      
   6.10663358979060906223341286983221709      
   6.09294975068313072480178686437238054      
   6.07888212525165122455200712032204878      
   6.06442433399897084783141400434119794      
   6.04956999076607632929242908560074045      
   6.03431269525347061750765634178801934      
   6.01864604026316882513949569615623229      
   6.00256361352716757554021670294497051      
   5.98605899914053640162284861438137907      
   5.96912578165478955283483288609152161      
   5.95175754382408915843240689705028835      
   5.93394787343327662319266163615694157      
   5.91569036203556491003953141516401027      
   5.89697861032919099299998128556958187      
   5.87780622993205181193057470574937216      
   5.85816684397046482068481921833441950      
   5.83805409001768096431172859260542878      
   5.81746162281207209855863533679173008      
   5.79638311662700783473198116326365314      
   5.77481226534082423820243005878837621      
   5.75274278707245884224905322840841950      
   5.73016842265688175049866886925047261      
   5.70708293968122153220875250600402800      
   5.68348013183337468598486607616400285      
   5.65935382049561257885095071335654948      
   5.63469785497748499041329126470606355      
   5.60950611266109527936271286083303090      
   5.58377249896228281527345710730074775      
   5.55749094658594437458419294195888530      
   5.53065541464548181850728475518737883      
   5.50325988728078948224528652677988220      
   5.47529837167944872103531754882440179      
   5.44676489667142557541958249462828746      
   5.41765350936719406105126419826490085      
   5.38795827280952310731484994572247948      
   5.35767326319265379414272636801829894      
   5.32679256595692898940349965440692417      
   5.29531027281016920674316369698372363      
   5.26322047739985518456895125982760156      
   5.23051727236342907308409722200556920      
   5.19719474492787501638068816841507419      
   5.16324697319165241718421619273343870      
   5.12866802233160237228314711503341843      
   5.09345194127506581952445996521577977      
   5.05759275782915876126167257282337047      
   5.02108447705495526816848864055705657      
   4.98392107631538438406710489622015058      
   4.94609650356696488755683959339589717      
   4.90760467321717116013332250365606521      
   4.86843946444829289040331760888987450      
   4.82859471847086855681605831433446012      
   4.78806423576757670533835941297977816      
   4.74684177551292167706855186854643442      
   4.70492105240318904463598225225036175      
   4.66229573652357420266988543452869234      
   4.61895945071575969069208233258111655      
   4.57490577018028859483081260007717922      
   4.53012822223666128823026377208867429      
   4.48462028423111107756793535669415401      
   4.43837538335815727724627402639963659      
   4.39138689737298536687153551589046600      
   4.34364815297883922290966657948376255      
   4.29515242536435098810561117959523400      
   4.24589293991238076265387882278845995      
   4.19586287042250442553156252424920152      
   4.14505533947248855074173536008598720      
   4.09346341976817878221533203281637669      
   4.04108013247663937030481453570405584      
   3.98789844912686306619017081967469768      
   3.93391129073643475163102216580215160      
   3.87911152862851717643136031890918560      
   3.82349198473421181379978579691630879      
   3.76704543158384771470406179260800393      
   3.70976459339937720954856373215994715      
   3.65164214535788759244289632202522336      
   3.59267071533536858540836723636644468      
   3.53284288262057706981341780550630157      
   3.47215118011067700828279141727918704      
   3.41058809318577628769103324414059264      
   3.34814606099683148245143364946210080      
   3.28481747623947305274579043290589293      
   3.22059468591295542842910320538099944      
   3.15546999152081324235477453056865531      
   3.08943564938361278665359932544939966      
   3.02248387101506516431558206249633210      
   2.95460682339167558614928387944181763      
   2.88579662939689569555757139824619500      
   2.81604536779837109217381800087629939      
   2.74534507407479272255877835754322859      
   2.67368774008365686656268755489582703      
   2.60106531464670232508338735127025733      
   2.52746970408028182592334109456969511      
   2.45289277158240212409260250846731499      
   2.37732633879972108939194912781852997      
   2.30076218465380604193956998694055225      
   2.22319204646848303773058627419526611      
   2.14460761965619185079873404829505062      
   2.06500055872727255674946329747597066      
   1.98436247586939817898737583616268715      
   1.90268494353529919833739282335307470      
   1.81995949194050822572174869484957904      
   1.73617761187028237544502412799278992      
   1.65133075203371573253262931203116481      
   1.56541032213701899238556559612713718      
   1.47840769025168586000116931469926685      
   1.39031418557543124535927653582834660      
   1.30112109670800115470123812947227865      
   1.21081967114127073473792744770143362      
   1.11940111969727427343992329632648695      
   1.02685660985826816945537871146317541      
  0.933177272074187430299895404802633567      
  0.838354197226345626045861321578165481      
  0.742378434670838264603405557860655682      
  0.645240997103117408640076839994797273      
  0.546932857193332503189471978854339687      
  0.447444948619366621394541178798545311      
  0.346768164244324701851257685908966002      
  0.244893361212163741075112396881102125      
  0.141811356563101406112200115799890547      
   3.75129264518323792117008989238251641E-0002
  -6.80111886087502339710512469493885078E-0002
 -0.174770287104621551792180155377203421      
 -0.282773707116297561012042877404249030      
 -0.392030827201976218111937690622195851      
 -0.502551059050746974130677502770974159      
 -0.614343856267650931130384921703043695      
 -0.727418711261921741464469141820587010      
 -0.841785154578688485318527339218644087      
 -0.957452751674462528249367893129753153      
  -1.07443110888498357229580360841707479      
  -1.19272986976401429268816406389564075      
  -1.31235871914553352588149130189133977      
  -1.43332737521160849332418118039369020      
  -1.55564559531828341899421947351397895      
  -1.67932317536197496241219139729803315      
  -1.80436995112924349698809352921663808      
  -1.93079579471597918508951827960867236      
  -2.05861061337199751608647022900271669      
  -2.18782435353409751725006452407722999      
  -2.31844700409202503389916110052963769      
  -2.45048858619225999071645329234836297      
  -2.58395916027275938262508432783632364      
  -2.71886882305975612732165561634341085      
  -2.85522771001719704257959116495763319      
  -2.99304599844845219382039764020829324      
  -3.13233389523412165728983273857011732      
  -3.27310165334576953445596753418843540      
  -3.41535955422897742563102462248261014      
  -3.55911792298717156099962878428366323      
  -3.70438712038399790451652913808250628      
  -3.85117754463667095912072585390108003      
  -3.99949963019952379269208392082463445      
  -4.14936385601351431985196021496236849      
  -4.30078072775059513741042360142827976      
  -4.45376079342615027015071059425326279      
  -4.60831463857749014607421639952646510      
  -4.76445288583328419735049906505795750      
  -4.92218619616169558473768110323547185      
  -5.08152526868752813494976045932179250      
  -5.24248083400582574976611805158455436      
  -5.40506366574444183144935794878243877      
  -5.56928457128747195901843830920786376      
