-0.93864423502421E-11
-0.37545769400843E-10
-0.84477981615597E-10
-0.15020155176758E-09
-0.21382589067239E-09
-0.31477566516526E-09
-0.29887722929639E-09
 0.46730579282428E-10
 0.41537886242689E-08
 0.18996431669012E-07
 0.60674470764476E-07
 0.16513890971295E-06
 0.40573436415032E-06
 0.44508063473377E-05
-0.31877839884820E-05
 0.80784668427420E-05
 0.11245201397048E-04
 0.91813671759043E-05
 0.22758800315911E-04
 0.35112949223194E-04
 0.61120935545372E-04
 0.89076261919094E-04
 0.13305888511452E-03
 0.18810747442494E-03
 0.25879903324758E-03
 0.34824408435080E-03
 0.47626838630239E-03
 0.56727121514306E-03
 0.77816487882014E-03
 0.10120951810464E-02
 0.11203670734639E-02
 0.13784962495257E-02
 0.16996745223049E-02
 0.20980398153855E-02
 0.26287231340632E-02
 0.29067999308715E-02
 0.33423980309760E-02
 0.39022163689977E-02
 0.43364748898753E-02
 0.48499233533198E-02
 0.56443886710877E-02
 0.68068937090929E-02
 0.74492054402249E-02
 0.82390112399225E-02
 0.90917912295608E-02
 0.10299002825602E-01
 0.11407601291008E-01
 0.12380233873828E-01
 0.13451509012351E-01
 0.14973376393086E-01
 0.16574110714117E-01
 0.18086874389488E-01
 0.19292690009941E-01
 0.20790398689574E-01
 0.22846277551992E-01
 0.24934758199602E-01
 0.26759573382431E-01
 0.28902332957239E-01
 0.30386963962182E-01
 0.33241933392021E-01
 0.36554097977081E-01
 0.31648910953898E-01
 0.48892890107216E-01
 0.54342925897478E-01
 0.49743632526275E-01
 0.45661705710139E-01
 0.42606659645777E-01
 0.45636096947145E-01
 0.57203124396840E-01
 0.62968386695664E-01
 0.75587868095118E-01
 0.80445769941998E-01
 0.90717203569466E-01
 0.82231568472199E-01
 0.86883720560699E-01
 0.81336971368741E-01
 0.89630019075508E-01
 0.97830314541407E-01
 0.10925232714478E+00
 0.12553104592322E+00
 0.12842750838735E+00
 0.12984981878767E+00
 0.11447352873407E+00
 0.12962298104277E+00
 0.15347982538903E+00
 0.14999576003549E+00
 0.16339216690907E+00
 0.17774720783492E+00
 0.19031515570181E+00
 0.19613817927699E+00
 0.20503091857390E+00
 0.22134624668157E+00
 0.22722125010775E+00
 0.23713572463198E+00
 0.25513600883358E+00
 0.27571552762633E+00
 0.27750143239294E+00
 0.31330172073393E+00
 0.34602830690848E+00
 0.37694224208465E+00
 0.40270106068383E+00
 0.43980138625598E+00
 0.48540939923683E+00
 0.52647758607145E+00
 0.57965025908456E+00
 0.60763894810956E+00
 0.68083302360649E+00
 0.73693295900800E+00
 0.81620021596175E+00
 0.89940712510961E+00
 0.98993058484284E+00
 0.10851932122351E+01
 0.11923421248356E+01
 0.12986787590270E+01
 0.14213109765420E+01
 0.16018714602813E+01
 0.17901140359012E+01
 0.20643777237914E+01
 0.24768991264140E+01
 0.31715830502837E+01
 0.41952014463312E+01
 0.56761462452129E+01
 0.75270306671593E+01
 0.96379265858218E+01
 0.11708202140515E+02
 0.13287759316784E+02
 0.13896686697563E+02
 0.13212860055765E+02
 0.11032928822709E+02
 0.74209980078085E+01
 0.25542260019143E+01
-0.32604072379505E+01
-0.97688960653596E+01
-0.16574522246688E+02
-0.23141120293659E+02
-0.29033268399802E+02
-0.33610968987219E+02
-0.36535391563251E+02
-0.37287076566489E+02
-0.35747703238469E+02
-0.31923166791650E+02
-0.26178668061390E+02
-0.19055402097989E+02
-0.11198866837204E+02
-0.32441086034457E+01
 0.41507362367168E+01
 0.10446247757856E+02
 0.15371312646859E+02
 0.18785373282303E+02
 0.20712530232988E+02
 0.21358862852789E+02
 0.20901178553262E+02
 0.19606400199408E+02
 0.17716412815478E+02
 0.15488795772049E+02
 0.13114332866272E+02
 0.10775642543869E+02
 0.85772441123802E+01
 0.65509033747472E+01
 0.47510565628077E+01
 0.32320719500647E+01
 0.19111739992347E+01
 0.91094298391323E+00
 0.13770471467220E+00
-0.48713601447763E+00
-0.95446158017552E+00
-0.12661645730522E+01
-0.14986262270284E+01
-0.16557663467825E+01
-0.17296074797150E+01
-0.17511116084588E+01
-0.16901050995779E+01
-0.16773408549247E+01
-0.15969894078826E+01
-0.15012215635423E+01
-0.14043206485800E+01
-0.13021354279849E+01
-0.11506923684908E+01
-0.10251870647695E+01
-0.94741049364862E+00
-0.75285765369347E+00
-0.66119717866533E+00
-0.56152515352692E+00
-0.44536052207448E+00
-0.35242461220509E+00
-0.22532453125315E+00
-0.15619176500271E+00
-0.45561954288338E-01
 0.66961715067083E-01
 0.10574320221740E+00
 0.22617444614492E+00
 0.27515902417877E+00
 0.39597026566247E+00
 0.48186297199715E+00
 0.54743647271550E+00
 0.69031125195800E+00
 0.73703901748410E+00
 0.84677568018385E+00
 0.10241286559407E+01
 0.10877547517048E+01
 0.12056905288010E+01
 0.13273689005146E+01
 0.15524876625567E+01
 0.15150940963856E+01
 0.16695099218386E+01
 0.17880401734912E+01
 0.16684513974175E+01
 0.20696760815162E+01
 0.20405574310572E+01
 0.22594273232041E+01
 0.24242339897679E+01
 0.26784004154319E+01
 0.27857477430970E+01
 0.28251666945920E+01
 0.27401605334920E+01
 0.30113188469083E+01
 0.30043741117974E+01
 0.31987733821152E+01
 0.32969272362766E+01
 0.34631506389227E+01
 0.30623170298839E+01
 0.31358771093075E+01
 0.33749237328755E+01
 0.32793302414569E+01
 0.35310011875855E+01
 0.40018571389806E+01
 0.39714116259566E+01
 0.38144535142943E+01
 0.36236905595329E+01
 0.34927551320495E+01
 0.35967076983122E+01
 0.34565914620984E+01
 0.39420141438596E+01
 0.27050061833306E+01
 0.27721696300171E+01
 0.27241443618580E+01
 0.24223489778215E+01
 0.25995090626324E+01
 0.22849810870129E+01
 0.23305067700657E+01
 0.27960252586631E+01
 0.27259198770219E+01
 0.21187819512766E+01
 0.24349604814385E+01
 0.23755721249964E+01
 0.22509058014290E+01
 0.21602777804783E+01
 0.21393525337717E+01
 0.21727586912257E+01
 0.19478924560229E+01
 0.19924038382398E+01
 0.19477583811339E+01
 0.18414460003350E+01
 0.17646754676968E+01
 0.17960156472532E+01
 0.17679668793000E+01
 0.16883418180867E+01
 0.16018645132428E+01
 0.15586725753488E+01
 0.16014211547060E+01
 0.16036994188052E+01
 0.15030801927128E+01
 0.15003850693612E+01
 0.14163259116686E+01
 0.14050501444834E+01
 0.13804416095562E+01
 0.13062137192955E+01
 0.12426081865991E+01
 0.11847173464009E+01
 0.11517755964553E+01
 0.11874961469656E+01
 0.11009152302938E+01
 0.10595173627989E+01
 0.10295893677762E+01
 0.10561576384726E+01
 0.10399593348275E+01
 0.91769890168537E+00
 0.84411254354109E+00
 0.79182787941477E+00
 0.71587292609410E+00
 0.62636991990150E+00
 0.56503658602004E+00
 0.48005171247285E+00
 0.42317059861189E+00
 0.37005342696443E+00
 0.31644492733599E+00
 0.15915361328752E+00
 0.37181777050854E+00
 0.33661429599570E+00
 0.58394469764886E+00
 0.37212038775401E+00
 0.36442307720122E+00
 0.33659731176186E+00
 0.37071443128365E+00
 0.56727159662849E+00
 0.51481567815182E+00
 0.84730095732646E+00
 0.11800885492694E+01
 0.11055630962547E+01
 0.12221989994336E+01
