   6.46114195192883683103959025933776710      
   6.46114195192883683103959028499496191      
   6.46114195192883683103959030219465877      
   6.46114195192883683103871537259882092      
   6.46114195192883682895426228887495636      
   6.46114195192883639689349706672329765      
   6.46114195192881540594989803115996886      
   6.46114195192841660789160310662947015      
   6.46114195192442628703849970995838426      
   6.46114195189909330517248317084573396      
   6.46114195178381116954736961687393956      
   6.46114195137535779203579324735782819      
   6.46114195018165188336125853586822380      
   6.46114194718250774615444393314494286      
   6.46114194050472819305517936471720934      
   6.46114192702480685010204497665120485      
   6.46114190192260935340992087668694164      
   6.46114185821427063259474485194513133      
   6.46114178628861227675957159289912541      
   6.46114167348029730043829242382471247      
   6.46114150372486547526131565700533479      
   6.46114125724272343415032686856137564      
   6.46114091033300435203961803258854617      
   6.46114043528297892561244585019706621      
   6.46113980038698426243541189974084725      
   6.46113897008786954416962740321858048      
   6.46113790524152720761671763751838488      
   6.46113656349779135778780813099122832      
   6.46113489978299334466130512280168418      
   6.46113286686175308810531825500244585      
   6.46113041594917152423376611461253220      
   6.46112749734029783325448680430687843      
   6.46112406100764213571196595481534877      
   6.46112005718224279797027793298747413      
   6.46111543685171097880667203057280660      
   6.46111015208300331612789689813437036      
   6.46110415629594437245726096342411451      
   6.46109740436707948238978705954890310      
   6.46108985260134989054694572882615991      
   6.46108145856856745466100160113335071      
   6.46107218079926947227688704269924157      
   6.46106197837000268248368239761702571      
   6.46105081035812905815469508511867221      
   6.46103863548287182817566258745404295      
   6.46102541117324936110222611032941575      
   6.46101109300909550211771392270138971      
   6.46099563401710611753805132767133192      
   6.46097898396799090176429391820716754      
   6.46096108870261289570315483814252577      
   6.46094188946576827171306262986635228      
   6.46092132229288739305412704969995072      
   6.46089931741214904512275542663168563      
   6.46087579874429709717502888028578209      
   6.46085068360520822384263758235045240      
   6.46082388207621240663076248932264511      
   6.46079529678124290713648042226724738      
   6.46076482259816636405711020980714876      
   6.46073234645097283065342304669044896      
   6.46069774714966919609876530886114814      
   6.46066089526731873082733681980849819      
   6.46062165304865822513234168652618781      
   6.46057987449881571172761087235945011      
   6.46053540522513679141895764953860033      
   6.46048808249934656930859194325683836      
   6.46043773538834635756210792056515162      
   6.46038418469388250165239764974388040      
   6.46032724303549471963865603061382890      
   6.46026671496753452128275874568895023      
   6.46020239690406834114840352360591603      
   6.46013407733871210924587630934032096      
   6.46006153670942303746311138444397927      
   6.45998454742218099533860484316072144      
   6.45990287383564861187596306654140951      
   6.45981627215038564891602374156498007      
   6.45972449038771826112006500623592257      
   6.45962726820969841291326231366307250      
   6.45952433662840698418624996141935242      
   6.45941541792017260016598697954861673      
   6.45930022524410776358805340892674172      
   6.45917846225119803440703911300148931      
   6.45904982275477768307282041669405999      
   6.45891399020645560114365330909898103      
   6.45877063715504621816781336851180501      
   6.45861942462145031779673156237549698      
   6.45846000154677369763421439407246559      
   6.45829200393332605637000804814065487      
   6.45811505400984352437713058452072947      
   6.45792875934217729074134998140787112      
   6.45773271182794646494497756466406160      
   6.45752648664113236389328117841365756      
   6.45730964105498606540379478612961882      
   6.45708171309080264155962495636025202      
   6.45684222035748778986843661201392198      
   6.45659065844082767599331992001816442      
   6.45632649932037615377894218333597769      
   6.45604918974707368576947793172754899      
   6.45575814896020727168499181456107119      
   6.45545276801175736122270842387001410      
   6.45513240657214285968207869874725544      
   6.45479639154591174194161433552154706      
   6.45444401175436002252141920867527729      
   6.45407452124927988552423671103349413      
   6.45368713198539424567637212094939426      
   6.45328101200385025642435916542976122      
   6.45285528339933694691713319922089732      
   6.45240901734351633397235057500165330      
   6.45194123343578510446190544105649831      
   6.45145089334941800990531321394440840      
   6.45093689834598836060888698929957636      
   6.45039808497819145965350993274843766      
   6.44983322010002961573877289640598577      
   6.44924099772736288121372340432716050      
   6.44862003203707981517585367881619666      
   6.44796885393738486015016300717583135      
   6.44728590391337886912951708189517424      
   6.44656952737332036048713581274024695      
   6.44581796673571920025657622476799851      
   6.44502935633502291376189958086579166      
   6.44420171316464027998509170393769999      
   6.44333293102275309089459633467919682      
   6.44242077038100978813979360050388070      
   6.44146285096282361025073206407195839      
   6.44045664094885955327867576557103746      
   6.43939944763078076442063020320520059      
   6.43828840614570308841258507712542055      
   6.43712046778403600945911057437148406      
   6.43589238749616541903518818926559781      
   6.43460071056766860948319734688438911      
   6.43324175822732467290774277947295054      
   6.43181161228209867797458103826719576      
   6.43030609884818096721983063203648139      
   6.42872077046664760485999645880604828      
   6.42705088823780568043521358022722886      
   6.42529140110052855199635563592290673      
   6.42343692508099820542793234788123277      
   6.42148172086550079202173136684722404      
   6.41941967019128879816642531719066167      
   6.41724425075562979603935370855261253      
   6.41494851069005956141256386957892456      
   6.41252504132052421541364546109068104      
   6.40996594968598376558223003515204387      
   6.40726283088787644606440717237274649      
   6.40440673903630408776911956309816162      
   6.40138816166023047077444753483702533      
   6.39819699345198828931079281408320906      
   6.39482251301819491250848984770418742      
   6.39125336320687187005699091249658223      
   6.38747753774433376925830439622450868      
   6.38348237213467178593057006592955615      
   6.37925454513219812582536444939688586      
   6.37478008816139142970084439038442253      
   6.37004440700316356486347186492703568      
   6.36503231523970702503951013441067254      
   6.35972808055519538955532343666956421      
   6.35411548373387582758900552604496934      
   6.34817788865487915737866975083852393      
   6.34189832353136807204800727539780886      
   6.33525956751280599547852459478159934      
   6.32824424016731318941645089503825084      
   6.32083489462124898479756033049215304      
   6.31301410333601305499993622510647981      
   6.30476453743497700382432348013888891      
   6.29606903874899012212947724665009124      
   6.28691067975361742634846270117610876      
   6.27727280751479347354122257551905538      
   6.26713907870873373566687094051260019      
   6.25649348265799295837259894002376868      
   6.24532035374712070650978819832785278      
   6.23360436966858052815704726975891541      
   6.22133054885807726196421517836832916      
   6.20848424018659253107691224167008800      
   6.19505110558197045580611114503823734      
   6.18101710203453356800554232519937701      
   6.16636846212275208208374721369191708      
   6.15109167232613825029543684871483658      
   6.13517345313361163324379572205287904      
   6.11860074055999881256505301631930533      
   6.10136066515230599104413132160883556      
   6.08344053551813259270470842254132040      
   6.06482782098015085022401723242603515      
   6.04551013958070854917351164315671516      
   6.02547524214116897066763573609469992      
   6.00471100171992034462671643528635153      
   5.98320540230211347553107388601109463      
   5.96094653001297454831309010469580952      
   5.93792256384996901071353173376535043      
   5.91412176833583341717328057816111200      
   5.88953248649612590273347759396526786      
   5.86414313278697008125660086053467463      
   5.83794218734039937478296028231511768      
   5.81091818997134028690849803891500074      
   5.78305973382052050104541969677844238      
   5.75435546012611746694535266947596447      
   5.72479405207954920088369984148926166      
   5.69436422859525738031261888619671993      
   5.66305473903748633960525123217253497      
   5.63085435597261473301236793719848483      
   5.59775186867436636315337371731402848      
   5.56373607938254073516988127663673072      
   5.52879579230276076502668477185396589      
   5.49291981000866075345895596324534958      
   5.45609692596094369431616707986688783      
   5.41831591784407912281672465144476053      
   5.37956554082049554543557316587538778      
   5.33983452156879404121280019388132431      
   5.29911155231062163336431546098685562      
   5.25738528472369733009084467744762328      
   5.21464432400520713118793323112099873      
   5.17087722444552631391066212118054576      
   5.12607248456110476298813336168997430      
   5.08021854225775411231786035451639107      
   5.03330377104384569179611690485572100      
   4.98531647652793050911391826928478763      
   4.93624489304036330994528617101865782      
   4.88607718097887498764987898528105730      
   4.83480142422172174745503235416726601      
   4.78240562810773958832089526324443595      
   4.72887771768453487731072759349193615      
   4.67420553632637918651866756965096182      
   4.61837684406921366063132053576295894      
   4.56137931774069610866491581329222984      
   4.50320054890181203982148252354078910      
   4.44382804422028402484281182270040978      
   4.38324922492674078975792633730143914      
   4.32145142667595260298586649872545242      
   4.25842189936679887956675003968661792      
   4.19414780719594788902280244277662794      
   4.12861622912476468217703207485807538      
   4.06181415880034314057960132850269694      
   3.99372850504813595928288069766123657      
   3.92434609202853201340856932195266355      
   3.85365365990046982740725561269727899      
   3.78163786505955361534419649486674112      
   3.70828528075882345565118759247262885      
   3.63358239716674799099683377929792805      
   3.55751562251904316136481533524264022      
   3.48007128298513980479766388071108892      
   3.40123562339567237777308789732850294      
   3.32099480776876891207914913305605260      
   3.23933491973457863627540671138322330      
   3.15624196283726766414820782018410439      
   3.07170186120727272622223556767187816      
   2.98570045989599893493380774923097576      
   2.89822352526198703756269684279311783      
   2.80925674530681012011380233464235898      
   2.71878573029697020188284841368819564      
   2.62679601272429515251724116196598028      
   2.53327304823833491925657819989186314      
   2.43820221540430427068169646831730265      
   2.34156881617909571060156000585865871      
   2.24335807665061667296157157458101677      
   2.14355514651819514250392868627819359      
   2.04214510021580561063387629269145004      
   1.93911293648842559253862886450416270      
   1.83444357896917717413529994384543889      
   1.72812187641101937850281516103103094      
   1.62013260281820633567552746614719744      
   1.51046045754918074731010303154913898      
   1.39909006582266609215616554909014521      
   1.28600597844386258380647869099981490      
   1.17119267269307232608398286182063084      
   1.05463455143453854135478953056121869      
  0.936315944402988795782371400067133229      
  0.816221107351700951857589722953859051      
  0.694334223012791590775276179361923034      
  0.570639400559353815533542319004780276      
  0.445120676274540103832354289067548879      
  0.317762013201784618148607604335508415      
  0.188547301529770998045889215290651618      
   5.74603586802557757830507070950378823E-0002
  -7.55150707072249768021971680080375307E-0002
 -0.210395314634533940673352530970292679      
 -0.347196773647857893991818118874651175      
 -0.485935920786252643833818528102555695      
 -0.626629301561586397218929184666031792      
 -0.769293533622557369058037138053026882      
 -0.913945306990607947047429487379808711      
  -1.06060138390182956917859443317987984      
  -1.20927859867412532648045749545915123      
  -1.35999385776852159450369932892838166      
  -1.51276413959203131913843175297499680      
  -1.66760649442785788581815052565031975      
  -1.82453804460830879613731920733084719      
  -1.98357598424736947008680106485991074      
  -2.14473757918561220009048667869404346      
  -2.30804016736636595410666812578339963      
  -2.47350115793309457692180829869319273      
  -2.64113803191448435569524731318665060      
  -2.81096834218022282103784266356431564      
  -2.98300971278589676724675586167361665      
  -3.15727983960573170895529888995590263      
  -3.33379648989288397636604290850157346      
  -3.51257750234814665675725021583135352      
  -3.69364078704744975565585121281286785      
  -3.87700432550045783542469864899370338      
  -4.06268617051781747577738911719311029      
  -4.25070444630120006965562000617297114      
  -4.44107734806921232064771192766927832      
  -4.63382314243615496744998786343797979      
  -4.82896016714308396608855191710294159      
