   503.353983595366473674394243594379533      
   503.353983595366473674394243594371201      
   503.353983595366473673271424356575568      
   503.353983595366369793089542213060125      
   503.353983595264853896924435558501518      
   503.353983585190641974165697096783481      
   503.353983319046938155852936861894321      
   503.353980281542782991993389633991742      
   503.353960572505632002403226584159456      
   503.353874527518413943435455564807045      
   503.353592705871270324596293968945468      
   503.352847676503310844665949056581309      
   503.351175214267837390804556106852480      
   503.347869725564400532774261083356037      
   503.341963775672436789294524578828223      
   503.332234430419449299867027099891272      
   503.317233091432685050812390676716227      
   503.295332144670427458347857212716291      
   503.264780495437557688964031354272800      
   503.223761344492564075096591492919568      
   503.170445251212074782728039168767497      
   503.103042615456148550929446095326728      
   503.019836449500944818484939148345406      
   502.919216257658270353393183345985121      
   502.799698530364890413177246122577919      
   502.659940352441975190044469644344343      
   502.498746461030841310496376200582816      
   502.315071015550540010154846621540806      
   502.108015269006007882223474994693153      
   501.876822183241201282694350939628041      
   501.620868853803447832151593824931085      
   501.339657433408073440324329833573034      
   501.032805080310473493565839450607988      
   500.700033337488934442642066426232735      
   500.341157211195337123043224410727645      
   499.956074177227479950125145027122767      
   499.544753264101378215937918369437601      
   499.107224325397630493175934177286531      
   498.643567630182128082827095090940443      
   498.153903639152549041366891442054731      
   497.638383527485064505356106259844951      
   497.097179889468418008264080301160550      
   496.530478087934774292239104291837109      
   495.938468166840019429231509530483926      
   495.321337374932370002195320995114319      
   494.679263306319639299657859030595270      
   494.012407773044696165242992702733085      
   493.320911083105087872481328742260676      
   492.604887194085105229553187349549645      
   491.864420337623728813976531211962782      
   491.099560185877816719051747032171369      
   490.310319781283793707052144927811086      
   489.496673053947008746736113525204946      
   488.658553133129809277560125483589613      
   487.795851184350848735146893949573449      
   486.908415483681150164279938360302296      
   485.996051588833049631561845217767182      
   485.058522322846923698048828859103650      
   484.095548319279314473322803130934813      
   483.106808930122792422669213050643130      
   482.091942175523914514872774557957579      
   481.050550687124814066352414229230020      
   479.982196842230733727942678612209827      
   478.886408545018611246952860617324661      
   477.762680225033273468734631095932625      
   476.610474768323387222837077100399554      
   475.429225604962859125633871820281062      
   474.218338639913550143964191460047601      
   472.977194366558832227646239072469357      
   471.705150014315823760388167239618809      
   470.401541210720778792787962390468777      
   469.065684302114656099875546347645388      
   467.696878094893433008259748301467927      
   466.294405663414919297419014795327073      
   464.857535744839968950426107400606350      
   463.385524992946899751817655777930901      
   461.877618787889258319037676283585680      
   460.333053142858627746850507913109563      
   458.751055150048779452881733156943098      
   457.130845394258386462130279902711891      
   455.471638591286480304415636876204812      
   453.772641601916902657331523203797843      
   452.033060674274917951271179376668333      
   450.252095585171626384138803691228044      
   448.428942858959875333733250806031987      
   446.562796835805468729575432337287308      
   444.652848989243636037882503518866233      
   442.698288168147565393068852374801688      
   440.698301990795956308771623067740403      
   438.652076233639577221057495319498145      
   436.558793073013800644326611886676868      
   434.417634470008792219577800617500486      
   432.227780658512377474935082403579933      
   429.988409654954957826408417592110915      
   427.698696485322413577856109225049805      
   425.357816901386159112077715294342718      
   422.964943404347925560902353724653651      
   420.519247711533193290181185594207191      
   418.019901093512292058641598137326743      
   415.466072579077914263510731217702491      
   412.856936818537718985219477615983268      
   410.191666277228419609104143390817759      
   407.469438021489269836568052097332207      
   404.689435365684296526732051792299007      
   401.850849961672032304256313442205564      
   398.952885356686402474569298372671079      
   395.994761758920785282739702625963460      
   392.975720945172013841925627883081882      
   389.895033420741472067076766513031836      
   386.752005962982966004643660412897437      
   383.545991828880832813566242561476161      
   380.276402281363812483677097356209271      
   376.942721316101404320163914470531019      
   373.544521978613404874803708049871242      
   370.081486757468869955665616587368637      
   366.553429517370770610951754735162491      
   362.960330947185932337607256932852322      
   359.302360641690551004701897337962948      
   355.579921924834281988071520427255864      
   351.793695720484998566356572220641649      
   347.944690077317642116351294981111621      
   344.034300646288441773053421170388859      
   340.064376249971801104952300787754937      
   336.037294247652424286137888993997322      
   331.956044089882171031390416766044027      
   327.824319243828792292965422267117279      
   323.646613433692830155515556541277157      
   319.428324732429726629343582219891913      
   315.175859113809062669701081235409321      
   310.896724878324611785060365738899154      
   306.599625114356881251730378479597755      
   302.294517742131149376749970162445590      
   297.992645734968495084395773246489996      
   293.706541902940660887106696988418615      
   289.449933810144389206202603418648549      
   285.237626444168014140284907783950250      
   281.085294902389993173439815057700806      
   277.009211234065651952455141700346041      
   273.025921312127664896115204654233370      
   269.151880915813806417923338724190239      
   265.403089247562373076001570930127447      
   261.794734530845314781083729351827816      
   258.340882475964129491955685379999330      
   255.054221543739813044011585846100701      
   251.945869268060933871636156297375295      
   249.025236087959187533155037252689373      
   246.299941943052470753460600563483360      
   243.775774227842094468417611311155579      
   241.456681516106051056857564957971027      
   239.344800267609254975520105741370104      
   237.440512603667298179775932154898247      
   235.742536450568502603271725902262045      
   234.248046569203954325239234188485335      
   232.952824342546416601815964649635738      
   231.851430490864004295682860865656085      
   230.937393490237317104031850962916164      
   230.203406024662866863822826080934418      
   229.641519608728995423144044329297097      
   229.243330545935519684508490725278453      
   229.000151423472425330722017119862397      
   228.903163650379956866643605817547461      
   228.943548964735164695285779433702846      
   229.112598956983705864123831321736174      
   229.401803314224104728695875909924408      
   229.802918632167085646467866041565149      
   230.308019220058102094956827525355574      
   230.909532462776250945056832607233514      
   231.600261383001112469521745350168547      
   232.373396639934714950369655633943489      
   233.222519241313959231543762735467160      
   234.141597390871111904242544489517119      
   235.124977565844773310539092915731792      
   236.167372294141112539169818165956181      
   237.263844983239299703839537525824284      
   238.409793279487603640294913810312981      
   239.600931245437925387604083677521929      
   240.833271313089159751691385870040244      
   242.103106089334447052212406036481966      
   243.406990539920320222830841002245511      
   244.741724750197526515979744291219793      
   246.104337310953792679937279899639794      
   247.492069666120113908088754141741946      
   248.902361016198032251515907079128777      
   250.332834545117345775302198441376586      
   251.781284118572663155371308989217504      
   253.245661974404511044927435078916400      
   254.724067475844276430282179305759272      
   256.214736742024926713880010105684030      
   257.716031800469046629067596874678951      
   259.226432686183723835490063925699254      
   260.744527926678936881838311165180529      
   262.269007950071448563009166008510294      
   263.798656167784632155626252488812093      
   265.332343527077345028936834850319765      
   266.869022521252215691712930494736749      
   268.407719993935583405491630920956141      
   269.947533274000182257713821909508940      
   271.487624447737590198966680981322525      
   273.027216624259366585134352459388784      
   274.565588757712696608327453932244800      
   276.102071888732276012559664572285276      
   277.636046886078243419086061193275179      
   279.166938934758943742513955550391523      
   280.694216109246640689616321672356516      
   282.217386322025332344217365271058938      
   283.735994024665456638557849951435891      
   285.249617235160626904973221024538800      
   286.757867541655881067627650121115004      
   288.260385287135209473977211363178000      
   289.756838962506284579323594843260533      
   291.246923324473819327040442983459790      
   292.730357824708698998824735470551381      
   294.206884205669634608291411206039499      
   295.676264868714438505817200138000064      
   297.138284316092046730300229157548014      
   298.592742964680546370496031096937371      
   300.039460330677214602164941560069370      
   301.478271392023028418407351857088121      
   302.909027183495162621905195778037111      
   304.331591971425994795362329067050573      
   305.745843919982663538883371469635654      
   307.151673826177068412542194366764879      
   308.548983590141765233919297512153031      
   309.937686323054699925925530563296694      
   311.317705298658287923035356904155585      
   312.688973338703919488654006838580898      
   314.051432309665143219269276179107008      
   315.405032264578763044780543324612686      
   316.749731216372879919477027260200216      
   318.085494235861663473004123779524030      
   319.412293533969792735715653124057653      
   320.730107536770308194651101990603444      
   322.038920686479622259117146496176570      
   323.338722998741366304942799841238717      
   324.629509769610602577853649293516979      
   325.911281158750709562927106032892220      
   327.184041749024381811673355159892603      
   328.447800478382963428435102324098958      
   329.702570261283447913274769454962250      
   330.948367727808523323823539427832344      
   332.185212788664372662948519637552345      
   333.413128687996910626124353652438866      
   334.632141688114085809724402278902404      
   335.842280770556309948625438218585667      
   337.043577439890111039863583601624591      
   338.236065657946222490487377222527992      
   339.419781652724731504348231786474712      
   340.594763652944006027327392071371443      
   341.761051751801238700142395939521535      
   342.918687862944579840559693045076290      
   344.067715514456544949931533205767120      
   345.208179751875133172116018674456981      
   346.340126955939516950502361363296004      
   347.463604786712183525531423588705444      
   348.578662056183292827674995055797014      
   349.685348641462692336502578987172260      
   350.783715404354436468740649351836082      
   351.873814097673419772953922374947537      
   352.955697181452069640707050203655856      
   354.029417905419862099950806858824067      
   355.095030133132861756786290476440990      
   356.152588337822673611098082503602923      
   357.202147456239873883650553248403831      
   358.243762887122144311705054279632413      
   359.277490426850258558522794879583867      
   360.303386205923163168086146005151312      
   361.321506663977942697886490706886043      
   362.331908420524763585723710281636442      
   363.334648335240235271788076811164867      
   364.329783423733355561520268929783210      
   365.317370789544212964373910483718757      
   366.297467626744384948240884639297277      
   367.270131169632243270680820738212777      
   368.235418655460988804990552672039978      
   369.193387312122163199865502928798322      
   370.144094325186811459490926035799351      
   371.087596776519777453662486341156883      
   372.023951664282374356768338481862663      
   372.953215867130267581651050258028273      
   373.875446127719969701422133534043814      
   374.790698999300115294429790336619136      
   375.699030849265231427295501088362479      
   376.600497864413498191387906903417000      
   377.495156047534642646416245528802631      
   378.383061063799510935535018032441667      
   379.264268404506723585925376602295736      
   380.138833334007953178657366246693546      
   381.006810788383553064386420250150209      
   381.868255402062048511976494837298851      
   382.723221541006941074984408504524892      
   383.571763273788608957794310586326078      
   384.413934395633664865838311878878964      
   385.249788313802760740437202457060006      
   386.079378112442882817803196510289198      
   386.902756569799316431753682879508280      
   387.719976089895302692871280666608054      
   388.531088793062051116034618018210348      
   389.336146443329948348116244903248981      
   390.135200337923717402915371453773201      
   390.928301491035453132006109988920186      
