   6.46114195192883683103959025933776710      
   6.46114195192883683103959028504556148      
   6.46114195192883683103954854995646930      
   6.46114195192883683009014451781625600      
   6.46114195192883627202175799995613787      
   6.46114195192879099817753559215028278      
   6.46114195192767436266335996127670445      
   6.46114195191499725103247916418405262      
   6.46114195183032262430498981400882813      
   6.46114195144188437496871103789589418      
   6.46114195008742449973052267559948717      
   6.46114194624272408455446679221338679      
   6.46114193692448491236532830191024631      
   6.46114191692910142974436200174808793      
   6.46114187816769652101894426083494977      
   6.46114180884341548750666570313895701      
   6.46114169275038674719352437863499641      
   6.46114150870618484867866081989342392      
   6.46114123012082412024484683299963683      
   6.46114082471045859687682058386499515      
   6.46114025436591347702505349286796878      
   6.46113947518064745335845212483050894      
   6.46113843761736457122162380457014227      
   6.46113708691345876390398348912726866      
   6.46113536357746492844388933565393411      
   6.46113320405726253452179822830931199      
   6.46113054153424482756537634563972707      
   6.46112730693420478265090330321402083      
   6.46112342988130456155447141801625967      
   6.46111883969736365277176613312290462      
   6.46111346646815418406299801813638556      
   6.46110724192392271673231534527009975      
   6.46110010014824387052868178246143183      
   6.46109197827964865724275927984649297      
   6.46108281692004487078470229209221030      
   6.46107256015126167733534401994946653      
   6.46106115551453148148242062335916085      
   6.46104855374430947676494597785728693      
   6.46103470822543723660832893369582071      
   6.46101957419690170460261262160321342      
   6.46100310792383602027714487022064021      
   6.46098526578504644160918109133365959      
   6.46096600297732012878833333005688039      
   6.46094527243622957844794100567393385      
   6.46092302363005881981622454785072450      
   6.46089920137408542698938204849189836      
   6.46087374458896154944523221487360374      
   6.46084658530546327717789529809574914      
   6.46081764764339372590061140716600951      
   6.46078684665789779993836748488428786      
   6.46075408756253772673519931491728977      
   6.46071926493033047193942528630873350      
   6.46068226199408136841288401647263066      
   6.46064295007214673511593494751450484      
   6.46060118804195277364954242074881598      
   6.46055682195946141118125320015390193      
   6.46050968461548129163008592595950298      
   6.46045959532407694537951734956073297      
   6.46040635970688780259504310522415931      
   6.46034976950348863834935780359747164      
   6.46028960238181350508409891491557469      
   6.46022562190460166501274211554420211      
   6.46015757743771749074759036304451934      
   6.46008520397504445340678999265899480      
   6.46000822210509519162361532148714382      
   6.45992633789759754430911209422266581      
   6.45983924274726342926440353004294682      
   6.45974661319572742816225671191195962      
   6.45964811075647925306578598652309598      
   6.45954338169892798150677997168780566      
   6.45943205670357966239013697916741536      
   6.45931375046209621465478299325419162      
   6.45918806125617288056538928054832670      
   6.45905457015198179966297165138179668      
   6.45891284134015797531944072929786382      
   6.45876242036402528978286424569420797      
   6.45860283392250191528095549540779762      
   6.45843358943479439503721671370723453      
   6.45825417122197830810341614615126921      
   6.45806404522304705692450202787669832      
   6.45786265248990249315304233182696859      
   6.45764941013180307846596448634042383      
   6.45742370922418994642434914478833308      
   6.45718491434029678965081041979262555      
   6.45693236084665060715211175921527555      
   6.45666535351784194180130602527496875      
   6.45638316510245166657742229618963876      
   6.45608503341332129217668001909456532      
   6.45577015963566878766263988958198491      
   6.45543770631179052559564133907091274      
   6.45508679417830118761642567409418677      
   6.45471649983547351784660050187430056      
   6.45432585328121610158840207505332794      
   6.45391383430120555515677262146728739      
   6.45347936938950578753470485951973916      
   6.45302132899523914110380032369578769      
   6.45253852321297114575487413920973276      
   6.45202969835570330410836756655488114      
   6.45149353280042347376163150983738471      
   6.45092863293731725829803676412672913      
   6.45033352849614542697283423196853149      
   6.44970666780859820290978773704509040      
   6.44904641310789156473423419539604871      
   6.44835103457766473234523354295472148      
   6.44761870552987967338306765309270977      
   6.44684749622988190652957538725849223      
   6.44603536712142473130580780081444792      
   6.44518016316081757551367217907747652      
   6.44427960631106499510037610721133712      
   6.44333128841061946466965530582112975      
   6.44233266319365632422544365204022841      
   6.44128103882784583228169685678571874      
   6.44017356877614649026491442863439291      
   6.43900724303497088231705198993478222      
   6.43777887849197192023961087304270040      
   6.43648510938582397715553462332905226      
   6.43512237658082255300244020955743937      
   6.43368691695395257984815610778471665      
   6.43217475105543723425028441871766219      
   6.43058167240635425740570734479989612      
   6.42890323437038244360237910054281827      
   6.42713473723232746088515572106672977      
   6.42527121484415869171153225860441991      
   6.42330742093105952335520155201014315      
   6.42123781469005206994471725816772264      
   6.41905654635761277871971439608631747      
   6.41675744261600363527071047594365338      
   6.41433399145602068437942072823777137      
   6.41177932816429071395800577878288556      
   6.40908622056234666289688079227724198      
   6.40624705563554361850181130509032297      
   6.40325382605726562596894965598920711      
   6.40009811933874626513650189633227415      
   6.39677110713820553346893770961368056      
   6.39326353775208487880640010015257026      
   6.38956573093157111392867264292121723      
   6.38566757369457711086416757065968554      
   6.38155852371991986575937407973436544      
   6.37722761280874043764263391087395484      
   6.37266345653769998807390700164743728      
   6.36785426739338514586726876027356681      
   6.36278787411782376372084462351906083      
   6.35745174546679577885174488354667750      
   6.35183301502708261358730212898416380      
   6.34591851803033526733802735715700647      
   6.33969482266390856761387148186918948      
   6.33314827044051336206833183387873174      
   6.32626501818470772584353083216386754      
   6.31903107784566907763708046807995088      
   6.31143235923366819366682710302278541      
   6.30345471336175819043303233702366096      
   6.29508396955580419794552457011721881      
   6.28630597363185132933198998420864754      
   6.27710662821389794942336711951638067      
   6.26747191672531678640374545822971172      
   6.25738793571104949329425244610811488      
   6.24684091819838765397505978124236890      
   6.23581725561131964770420341151572715      
   6.22430351247110879829477331554604860      
   6.21228644242332239545993605961071316      
   6.19975299722235722326275756893654797      
   6.18669033369216924392565954233577211      
   6.17308581931984123525209162390390070      
   6.15892703316188241791896625961988622      
   6.14420176549212629747706575219546826      
   6.12889801417170320620431484017598574      
   6.11300398159318929645150641488811228      
   6.09650806499028988157641050124469525      
   6.07939884872746205060072838160710112      
   6.06166509417368882775475808301609721      
   6.04329572747611081778579931543201498      
   6.02427982538006801180453401350389394      
   6.00460660328282194406470631235740608      
   5.98426539662447479232960648298991734      
   5.96324564815153512435245752748408141      
   5.94153689194358003781286422351194469      
   5.91912873540438349468919142183585198      
   5.89601084580433328894925176444220339      
   5.87217293349850871849323944485264622      
   5.84760473929787697815006537298272489      
   5.82229601932932904662968126143691224      
   5.79623653135180357345376286194920301      
   5.76941602675392413723891018713660984      
   5.74182423448687136461824364127161325      
   5.71345085592761303735286880185612290      
   5.68428555315148096734388174643613621      
   5.65431794307061095202547527522496488      
   5.62353758985183165001410489974111716      
   5.59193399925896383668641040207529760      
   5.55949661414222596407658397547553782      
   5.52621480990895445752876064617192642      
   5.49207789055963544709099752071916370      
   5.45707508761951469975972594047987680      
   5.42119555604875576312709950201849445      
   5.38442837304465813093712079936353235      
   5.34676253718240428474391772224427107      
   5.30818696693975962993563272601295367      
   5.26869050013199892110683333279614654      
   5.22826189355265137582916304231877382      
   5.18688982280040347269408744360624271      
   5.14456288194412454472846185208571229      
   5.10126958418059302732693933387223596      
   5.05699836155535808100176333595042954      
   5.01173756579413962255394694721299982      
   4.96547546848569762413776430505154467      
   4.91820026134561443539229990905929973      
   4.86990005689154754430373862842257312      
   4.82056288899570795507094080655179789      
   4.77017671318484246895370388590596745      
   4.71872940750387729477477424780168632      
   4.66620877271064499596777881643324733      
   4.61260253309667663779354427487904703      
   4.55789833656146382993775345698122673      
   4.50208375562793509449906248653834485      
   4.44514628737420377045811814978810734      
   4.38707335450525068569571080853599474      
   4.32785230487268118417163703262525732      
   4.26747041294815609632033813724569251      
   4.20591487930693491993190752352469210      
   4.14317283145086648743343130495851976      
   4.07923132391119010221347296054333570      
   4.01407733887263842315339420285230076      
   3.94769778602667402624594069077132670      
   3.88007950308124665783255907421341341      
   3.81120925608768694115835657050389931      
   3.74107373937912904453382630245224035      
   3.66965957596105839244173252673458054      
   3.59695331790067098704577121026693818      
   3.52294144596926668825136423961301564      
   3.44761037028627292773063200256115305      
   3.37094643027838476871004617659852568      
   3.29293589463930454384130495179102239      
   3.21356496181818844032411449109352664      
   3.13281975987228904321687874567426000      
   3.05068634635962341157377815237278829      
   2.96715070886130041118369827876728121      
   2.88219876534381292009775764337161232      
   2.79581636161729307120975997926713852      
   2.70798927657270172196651229613707175      
   2.61870321692655446086852683533808480      
   2.52794382066511949505905947064034584      
   2.43569665494892918042262230732484386      
   2.34194721751954510631708794793988639      
   2.24668093637734663784166873678656815      
   2.14988316947988134519226229125285821      
   2.05153920495842894058550720241260203      
   1.95163426127433604982118288543899793      
   1.85015348690128798713028588894899168      
   1.74708196057090037495619293809698690      
   1.64240469128559993658517682185336035      
   1.53610661793578800771466463334411709      
   1.42817260977585808816230919033496909      
   1.31858746617125118184957296878843728      
   1.20733591653661767264328165464677103      
   1.09440262057836624001595752659561823      
  0.979772167781006072897242015465346345      
  0.863429077931977166763407464816797704      
  0.745357800927355422248184909580235083      
  0.625542716226184175205847202853684842      
  0.503968134087650093269433879651974129      
  0.380618294066758534779142296182302251      
  0.255477365775500718716959089282719927      
  0.128529449279855694391173733307386802      
  -2.41426196356875159741078711282808436E-0004
 -0.130851300928944799737605481221484161      
 -0.263316285525591688975162577142074435      
 -0.397652560800355081796181067662975066      
 -0.533876377944321744899305231667289751      
 -0.672004057688493393246038682365977607      
 -0.812051991703803707523485947262254461      
 -0.954036641567028506008362888531493022      
  -1.09797453901349854634081773137219542      
  -1.24388228610802998282915524788673784      
  -1.39177655568264445979711866914376166      
  -1.54167409012935983282023712465275001      
  -1.69359170252055908634035133393256601      
  -1.84754627637708157908467079617283919      
  -2.00355476569630606057281410310281563      
  -2.16163419422689950345393980161012153      
  -2.32180165658415783638548316927961330      
  -2.48407431801012417531154056846425870      
  -2.64846941357953851243303278307309276      
  -2.81500424904749066042029907776787466      
  -2.98369620054233538136348925799196039      
  -3.15456271501004719829347405337542851      
  -3.32762130921652807679870008593172606      
  -3.50288957066917793209495068524165216      
  -3.68038515725247221357583408846480961      
  -3.86012579743110440348477635121575889      
  -4.04212929033420403744883472971714855      
  -4.22641350479323990663785925721805829      
  -4.41299638066299679977432730624048467      
  -4.60189592806981403506200135780416153      
  -4.79313022766331078266283903747298280      
  -4.98671743062934418930043920857867701      
  -5.18267575824994381478321430856680523      
  -5.38102350238482703855801250554569089      
  -5.58177902532652274281323658616930509      
  -5.78496075971810445752507967336643268      
  -5.99058720867729039354354054437568945      
