   6.46114195192883683103959025933776710      
   6.46114195192883683103959028499496191      
   6.46114195192883683103958992617433151      
   6.46114195192883683101187920072035641      
   6.46114195192883679795801231298277344      
   6.46114195192883248614928793127000095      
   6.46114195192868253357935637170715450      
   6.46114195192647235332746083656092929      
   6.46114195190835429081705473505574215      
   6.46114195181037125468440491188120575      
   6.46114195141941564067750682705673622      
   6.46114195017794440575391778314408977      
   6.46114194687036027774201436146280652      
   6.46114193919204952286224024151627836      
   6.46114192322463628375411893604596225      
   6.46114189284768658652863730533611481      
   6.46114183914038734473596056649003570      
   6.46114174988286231930127832844370637      
   6.46114160898411046749351564957747808      
   6.46114139607651561509322974516547432      
   6.46114108621534770566703348736226294      
   6.46114064968229904398712141133118593      
   6.46114005192887004700921451210544621      
   6.46113925367253240486987420894232631      
   6.46113821109870104650354121392192147      
   6.46113687623743680599833738872249494      
   6.46113519747101326599025853050774785      
   6.46113312016325397673957460491521505      
   6.46113058738470325325512444765281075      
   6.46112754066631147076730327792039795      
   6.46112392089125020123052485929360504      
   6.46111966900427739615317389791754831      
   6.46111472674828672324375712701716778      
   6.46110903727264735914865246860157283      
   6.46110254560569063532536720573556853      
   6.46109519893609376791781242440683083      
   6.46108694682719870714501951003363530      
   6.46107774099993298771943614109104665      
   6.46106753536279670918236705226887325      
   6.46105628538031769685897254644383992      
   6.46104394758730932325995666538022550      
   6.46103047892113026895936889412568719      
   6.46101583593687827224372725208629610      
   6.46099997395697746682372938397236372      
   6.46098284613730427834880163696592835      
   6.46096440254718885275923023220660726      
   6.46094458924843800477518241534328375      
   6.46092334744575522266555085748177065      
   6.46090061244843646752608380933591527      
   6.46087631291748811784794212754315999      
   6.46085037008303766562126080261115257      
   6.46082269703723272773918087073473558      
   6.46079319808491260440613842030265827      
   6.46076176817297729685205548068321212      
   6.46072829242587736680941833166813167      
   6.46069264571038753080997346941058473      
   6.46065469231505812846429449337062442      
   6.46061428555780611576549107066860463      
   6.46057126759126191928711863337301426      
   6.46052546918963654233379550662674572      
   6.46047670963616896564238283320065427      
   6.46042479648787323363981824317718463      
   6.46036952563045643077902782275807011      
   6.46031068104260764524875654136971771      
   6.46024803473176043884048668513445178      
   6.46018134663534528592074539274071041      
   6.46011036450754190677314985734837733      
   6.46003482389454062566116593331745124      
   6.45995444782312335531746292814541942      
   6.45986894666971009055395085061728494      
   6.45977801803145674148245291359368105      
   6.45968134629471872974167534024514487      
   6.45957860239015373803016542158797475      
   6.45946944343400205543679665834594061      
   6.45935351222241911944210111748818745      
   6.45923043674489290018384363204093655      
   6.45909982960405960370164757117966590      
   6.45896128725714491499578894366779889      
   6.45881438953533328417392085135825923      
   6.45865869859002276213503329551037285      
   6.45849375801502226680419100124346610      
   6.45831909179891284708406446839488999      
   6.45813420333124203623509508480012047      
   6.45793857371589492200258571962546281      
   6.45773166170993441270090431038340206      
   6.45751290084801439471690565650925120      
   6.45728169842796827396343458218825785      
   6.45703743519384924527404756562224786      
   6.45677945878471415389100914176237564      
   6.45650708897673111675438870820862524      
   6.45621961093744742842286145898305590      
   6.45591627355748835938241357864507898      
   6.45559628786344270068850554732434100      
   6.45525882396372920424074625426584073      
   6.45490300872815055373765152181832669      
   6.45452792286774063647166355744238277      
   6.45413259833220201637508637182151151      
   6.45371601408581363684786348036579812      
   6.45327709362940429654138170396735268      
   6.45281470090627393636879825359921952      
   6.45232763702684343424411787038001286      
   6.45181463549049120729716459330975946      
   6.45127435833638880518140544565130531      
   6.45070539146181195390862901447633928      
   6.45010623984883118524024469038138849      
   6.44947532270916969017173400318590875      
   6.44881096712348998337781855083514588      
   6.44811140385340943834033314453132558      
   6.44737475984423746122853276422059146      
   6.44659905255790577657018753605471278      
   6.44578218337630480473237438607073333      
   6.44492192974079869450918434117000888      
   6.44401593806896514874735412306829509      
   6.44306171586826172953300103250584166      
   6.44205662285374531895947451304061948      
   6.44099786213437764809818007948401827      
   6.43988247094639059279601888648979430      
   6.43870731047806667020237044360415816      
   6.43746905551498029498410632078789873      
   6.43616418322123693616010760306990958      
   6.43478896158817700904659700611861679      
   6.43333943685660280881809651126697205      
   6.43181142121912668762786044923753839      
   6.43020047860850481094581758218352617      
   6.42850191149108962134701320216801003      
   6.42671074475396971501736883480387368      
   6.42482171194113377943089957921234331      
   6.42282923856167863553572984718381876      
   6.42072742598513622268054886012483454      
   6.41851003510016271101345168841363814      
   6.41617046917818914545602152351277882      
   6.41370175727283393151157029248703385      
   6.41109653736378257160166573444486333      
   6.40834704019833096913493452214753323      
   6.40544507388760648636768013043598623      
   6.40238200958629470435808954423901910      
   6.39914876911095957124310457250594852      
   6.39573581378234981694586146964117872      
   6.39213313819991466523429038823367119      
   6.38833026439803649190641263243804317      
   6.38431624236852271668675452185421657      
   6.38007965451076792624864938491931565      
   6.37560862480377497366125205227867485      
   6.37089083258038961825862888689109735      
   6.36591353559995669800079405882452398      
   6.36066359520546720244247668372353903      
   6.35512750919998268296110669757341763      
   6.34929144933051918781310116198343238      
   6.34314130225762181908652882645248379      
   6.33666271858879563535669612227919096      
   6.32984115475794716187534905986292636      
   6.32266193004990581731235535825479284      
   6.31511026916320615062922838839063731      
   6.30717135273931701136132733191875319      
   6.29883036065368353653394377192443934      
   6.29007251522076633328957157146466914      
   6.28088311717768870857082892065313311      
   6.27124757655353917692847534700065173      
   6.26115144397857912052281900545950465      
   6.25058042984334990364996910787241810      
   6.23952042281544404488998005988501824      
   6.22795750334822133172504104904421048      
   6.21587795315160977268493082576140457      
   6.20326826038753125344782215116555466      
   6.19011512395132896290580933489558012      
   6.17640545217313570177283616823112677      
   6.16212636132840131398981749596880365      
   6.14726517420751889986543775090517825      
   6.13180941186837167910557027786154282      
   6.11574679072862139540785260485261180      
   6.09906521323025344582220178610041748      
   6.08175276238806989863988676711284506      
   6.06379769137072731999494955022423117      
   6.04518841588490025503835174575236519      
   6.02591350275996495920436438851107399      
   6.00596166185760330295295740739940382      
   5.98532173415545531673663841792154069      
   5.96398267967485022384687337380469320      
   5.94193356787295573493600846009241074      
   5.91916356391018128512569912626414597      
   5.89566191663635431352073389141508903      
   5.87141794755596278164724983539664000      
   5.84642103684223209006290760938740475      
   5.82066061181922570170825489781490169      
   5.79412613473819700977633918277114094      
   5.76680709102264753088173089611958635      
   5.73869297797699800665398134615031910      
   5.70977329420920253564797950492147314      
   5.68003752956334559270086646013478918      
   5.64947515424761383761657246064541185      
   5.61807561196214844367787914745103430      
   5.58582831167557925187408067034441461      
   5.55272261826106592203733676686483752      
   5.51874784923190289382670714601274789      
   5.48389326611719146082284183159465638      
   5.44814807064431223830153023121160033      
   5.41150140018758733468468976186158508      
   5.37394232361036241318511312704320411      
   5.33545983863676320736253500599462194      
   5.29604286899293533502046783613886891      
   5.25568026113538357870081284430902321      
   5.21436078461520729650707266250534987      
   5.17207312847824244259555866418210051      
   5.12880590075793922753938124407224979      
   5.08454762909858770769409797413140381      
   5.03928675808652178588724061723610748      
   4.99301165018432315635973013813202876      
   4.94571058570084430188295105615239545      
   4.89737176192273781477042508933821130      
   4.84798329317136645482136239875726597      
   4.79753321280302203661286101178935281      
   4.74600947129325452223933887011486758      
   4.69339993779663901821390510355722277      
   4.63969240015845060806272815807712330      
   4.58487456571978345181614113405798302      
   4.52893406161686135921058764642003842      
   4.47185843500866752576951680595151578      
   4.41363515373867455384508448912236255      
   4.35425160706965696280185960458817749      
   4.29369510574980296941477769537063466      
   4.23195288290306734660310272839654668      
   4.16901209415200504020703463626131122      
   4.10485981833144791871929117831543858      
   4.03948305743655974100466965020165822      
   3.97286873797203787913806380444143611      
   3.90500371038852267892008548965004476      
   3.83587474992715416090846247640217255      
   3.76546855703937146348937318801406168      
   3.69377175719940102881082336997329164      
   3.62077090208479505573838667716236024      
   3.54645246912131516872112849886595091      
   3.47080286206860133090447673317671997      
   3.39380841130216105665962127636448073      
   3.31545537394501081025629086239471190      
   3.23572993421804622095273274294099843      
   3.15461820351439505345731709435680759      
   3.07210622072112641250996690022565757      
   2.98817995224239799966894888674544104      
   2.90282529238942348431016535275832452      
   2.81602806341180160072931473327428018      
   2.72777401550429618829527552175166524      
   2.63804882720841800546188209158812728      
   2.54683810529641748215129135554593144      
   2.45412738504973179765475190911169842      
   2.35990213013389931726283229986512860      
   2.26414773298331668410427884830255205      
   2.16684951473722417253505464205103087      
   2.06799272526010099812717444550884243      
   1.96756254323369435469801748468608020      
   1.86554407626693064282226373971897832      
   1.76192236097439036667017673212349680      
   1.65668236283316048544047411080374478      
   1.54980897642844589914568121411764652      
   1.44128702556556113348918048329062437      
   1.33110126301112546920605857836375080      
   1.21923637057124911632213983786212605      
   1.10567695952949009771831165736531719      
  0.990407570174796830689772409477893736      
  0.873412671973503229717519149807896315      
  0.754676663605715495183729851940996254      
  0.634183873169634731297080567841361736      
  0.511918557852601297091469442780654234      
  0.387864904162248719085286633514106473      
  0.262007027873136129225359398089105552      
  0.134328973999480241205239238028221633      
   4.81471687916223400854073661465140488E-0003
 -0.126551839914463739899733776408381408      
 -0.259786863658784124959026900191368933      
 -0.394906591966071412887170461951889924      
 -0.531927333368807698937679949912745002      
 -0.670865467153767019021301379208561849      
 -0.811737443280302474897065042927834715      
 -0.954559782420574092225948424537762183      
  -1.09934907593294325077620829223989457      
  -1.24612198588971364447135007251049689      
  -1.39489524524913719420290431566058978      
  -1.54568565734785100623197341715540783      
  -1.69851009677067652657928773674590711      
  -1.85338550773982640584492658611821821      
  -2.01032890675880857564067995945883955      
  -2.16935737954749620502544153548068729      
  -2.33048808335907805017216652174388200      
  -2.49373824596170753334115146310519912      
  -2.65912516573457900845469995728368798      
  -2.82666621195015981344432414824159077      
  -2.99637882455052284681716326887727512      
  -3.16828051389001605700834734416954400      
  -3.34238886173323377788287689840991957      
  -3.51872151933715322657182277391136418      
  -3.69729620951202206721288312423794365      
  -3.87813072550393603772013645269263745      
  -4.06124293126740410647583008793098321      
  -4.24665076126696524453551974490218963      
  -4.43437222066926673067249925782933439      
  -4.62442538532466457386478407023944858      
  -4.81682840192444696794919483543640867      
  -5.01159948704162897989799627961529135      
  -5.20875692833229194631575896458377568      
  -5.40831908393157902542035999777641647      
  -5.61030438250116911351607539285456607      
