   6.46114195192883683103959025933776710      
   6.46114195192883683103959028499496191      
   6.46114195192883683103959044278650625      
   6.46114195192883683103714820224947072      
   6.46114195192883682630028892039543217      
   6.46114195192883597053652983352147783      
   6.46114195192879831923532407799740470      
   6.46114195192813486342142810743169341      
   6.46114195192187747170503413476739960      
   6.46114195188399727215529370098742824      
   6.46114195171821338800853063553809754      
   6.46114195114962246194056259359805831      
   6.46114194953294904716725446205567566      
   6.46114194556542263492162112273198332      
   6.46114193690897254514938807492847221      
   6.46114191974139950929516369046689416      
   6.46114188826564507243061058558646763      
   6.46114183420488785400767685014834812      
   6.46114174632045878159849354484947816      
   6.46114161001402043905773410086721174      
   6.46114140693315538147880900454739369      
   6.46114111469981627228382404826641529      
   6.46114070674649052437598550472110266      
   6.46114015226212482018703287244449638      
   6.46113941626317988408342146968181956      
   6.46113845979459873951141215664602860      
   6.46113724025910477069518679761843478      
   6.46113571186541216892770773721622019      
   6.46113382617745758010246262462488058      
   6.46113153273875872089809263609469593      
   6.46112877973957601021748641707177959      
   6.46112551467346936206585074937252689      
   6.46112168501194286915477832534690460      
   6.46111723877672363777975259738445358      
   6.46111212499123634288286861964892296      
   6.46110629404811588590602419932633805      
   6.46109969791706721754863599548653613      
   6.46109229020713592519787536523914482      
   6.46108402607423550210074188325458841      
   6.46107486196580352603343351886697717      
   6.46106475523654276024945385586314640      
   6.46105366372752215396968219120750762      
   6.46104154513133041725926234855634413      
   6.46102835624322012476639008222327964      
   6.46101405226889350251874324841906084      
   6.46099858604625904220103015174575755      
   6.46098190725585429790417855863808035      
   6.46096396162840240887438382108732553      
   6.46094469016642160335798458623377175      
   6.46092402838728099799849623848956974      
   6.46090190557087775453646991932728042      
   6.46087824437145339104126432648774986      
   6.46085295990457054019730618151495246      
   6.46082595934682832473461302699591749      
   6.46079714144982603381557319951779674      
   6.46076639612491201028565937155642781      
   6.46073360409844562320664219959447076      
   6.46069863658212553528896765586688697      
   6.46066135503011526558084105138594547      
   6.46062161100833209265756989233992456      
   6.46057924590121394549811086129310408      
   6.46053409082010939122398028159298674      
   6.46048596652555274196901733598163556      
   6.46043468325177238308485693667271899      
   6.46038004063200206932622337721380272      
   6.46032182766131369357973300356610851      
   6.46025982249176181162604645320015062      
   6.46019379248034017643435772976520825      
   6.46012349393899167631714637576122668      
   6.46004867199860298232190385855858848      
   6.45996906043957408530042748464018738      
   6.45988438142523537733052141619220925      
   6.45979434535044691140452601608665380      
   6.45969865044537820864968621103828999      
   6.45959698237877015246191502994665659      
   6.45948901392704953197204960110342235      
   6.45937440445738298037765272134732557      
   6.45925279931578014429995904807654439      
   6.45912382927685887334435651032509854      
   6.45898710981509590851781379359200097      
   6.45884224032262700653894640325722225      
   6.45868880327930126123982039945420595      
   6.45852636317478998553455480645820213      
   6.45835446579803889032968855414644223      
   6.45817263680607893850096207378860145      
   6.45798038054439824462883415329996353      
   6.45777717878344655017663268900945697      
   6.45756248923103752071440267998363664      
   6.45733574400114255858719139939577656      
   6.45709634796891692980209508418701219      
   6.45684367692755697191363568618430467      
   6.45657707487547364426798502750757285      
   6.45629585489270027090522009409799902      
   6.45599929173164004733396493945813933      
   6.45568662519228708431563195618729251      
   6.45535705391798042745749000761467375      
   6.45500973346430296608720995451176687      
   6.45464377425942546637950363684104233      
   6.45425823831971938570796854285236543      
   6.45385213461371705296162391481175565      
   6.45342441774595070567622062724402238      
   6.45297398370926336079244867903897083      
   6.45249966532142159126693323963403104      
   6.45200022827543380274374000516265986      
   6.45147436791676989831595637884411006      
   6.45092070289105320220846764371193810      
   6.45033777220351432190975587573236567      
   6.44972402878182075499691727365139970      
   6.44907783383418139856593330234021720      
   6.44839745258084276092262192166446657      
   6.44768104605557996474735860522090370      
   6.44692666622606436311485772770039562      
   6.44613224828472735440959976522570892      
   6.44529560368146271070741123551874283      
   6.44441441190538634821336790069802038      
   6.44348621271632465140306876201622156      
   6.44250839775201823158389829366554549      
   6.44147819985311966004346022281764343      
   6.44039268524864259540079597595076382      
   6.43924874167026322257152517464521407      
   6.43804306838913215320073204680509078      
   6.43677216401993563237140016321780932      
   6.43543231469760482585063470224861148      
   6.43401958093406786700998428720157419      
   6.43252978431901807864379248959410172      
   6.43095849316873169021357188229458674      
   6.42930100735015265833080901790805766      
   6.42755234308100302011589359133153267      
   6.42570721619119718809553824295456212      
   6.42376002480614819146922350006305647      
   6.42170483271526189146522980598689194      
   6.41953535067580487828126595929009758      
   6.41724491810363108362946625481174964      
   6.41482648461590736547186621156073377      
   6.41227259191109757050337319983139420      
   6.40957535495418704527181893518022316      
   6.40672644491587629611722906366523638      
   6.40371707286547775451860335427620173      
   6.40053797519293017552657023016931238      
   6.39717940123738305450273445451915886      
   6.39363110366432622787100591964238773      
   6.38988233321295880873978875987442707      
   6.38592183665521788730693168666537745      
   6.38173786158230111918022952979389159      
   6.37731816505271190735348695212506989      
   6.37265002951761553860820242217523789      
   6.36772028686061421679659267246660496      
   6.36251534646127888618977385359723851      
   6.35702123315290936313355065193638780      
   6.35122362614037582820785087037555026      
   6.34510791117931155329904479768198966      
   6.33865922978025442660255245530823669      
   6.33186253392829526473030965709577698      
   6.32470263972349694400899480873179729      
   6.31716428747028414519035374585183906      
   6.30923218859055416916799844157722140      
   6.30089107798014355714926754320452511      
   6.29212575897286956395577440582419047      
   6.28292114161085614685639217697610270      
   6.27326227454828566807191467993009404      
   6.26313437536446552242171512776264486      
   6.25252284959552802803361418823416791      
   6.24141330602343311330650858470500683      
   6.22979156856445124171736611944265245      
   6.21764368118730801569168521603658923      
   6.20495590989008722563888723691117530      
   6.19171474175079340588429115480761149      
   6.17790688357429323168504944154755587      
   6.16351925293695926197614722628710943      
   6.14853897373495295172135749518288792      
   6.13295336798860267838200356714770098      
   6.11674994689574804925569633409981916      
   6.09991640318465686823672306251943295      
   6.08244060101515067221242884145202801      
   6.06431056630021060998525841658211673      
   6.04551447953793242962908056287941108      
   6.02604066414887249255967021953491121      
   6.00587757887330386573134143262620654      
   5.98501380726755143527719016501615473      
   5.96343804881676459121357650570303043      
   5.94113910931171646724825190319630093      
   5.91810589073957369480306844286947829      
   5.89432738216084968844772795808531445      
   5.86979264824211569983685163393353194      
   5.84449082103384874061088501935997268      
   5.81841108894742454754554601358428344      
   5.79154268590275057264492793893904648      
   5.76387488155430965870054035586210459      
   5.73539697210285765451026301587645650      
   5.70609826918507050080810091586113395      
   5.67596809190007419895589600079278137      
   5.64499575613084549430905645412976079      
   5.61317056587144219268031123921611822      
   5.58048180563587474301765773996478222      
   5.54691873218090001084323775659863642      
   5.51247056743897002097394017804851328      
   5.47712649088025493257705027451074051      
   5.44087563537426044832634280254881121      
   5.40370707980054784765483152377851392      
   5.36560984491493269802132001798990067      
   5.32657288888863744372258882332366827      
   5.28658510326711896605557385455832043      
   5.24563531001425155033554999003837358      
   5.20371225825497681688186732446964325      
   5.16080462203039580664129314806995509      
   5.11690099830909742271590629922718138      
   5.07198990525274106134401747695335084      
   5.02605978094865852331350059677879971      
   4.97909898239683979672206503788904145      
   4.93109578480739752528815623262147092      
   4.88203838067127927571648616417556193      
   4.83191488021662490020664356639372963      
   4.78071331017839882481402585625080688      
   4.72842161448317615189353544805710180      
   4.67502765411284894690560010997106224      
   4.62051920733140178919271335724755527      
   4.56488396974850594895110646376114354      
   4.50810955495374692859211628299922941      
   4.45018349466203428401287730838172478      
   4.39109323909775401783777835056575024      
   4.33082615735658994946808997730370076      
   4.26936953831804810066679293495854844      
   4.20671059021679143264002419234194308      
   4.14283644230456230631356922687362264      
   4.07773414412241066758016884682115551      
   4.01139066670787575633680719754913092      
   3.94379290277193697624145811728517142      
   3.87492766718865141317479212070458483      
   3.80478169739816292018171086598033350      
   3.73334165382706227303896799858650329      
   3.66059412040483567841573186233539267      
   3.58652560442851290939413045081363260      
   3.51112253788673831886453693834167675      
   3.43437127664834593434214618397869344      
   3.35625810182530257391353203707320557      
   3.27676921937931505147762607643165445      
   3.19589076048382318883212467837339847      
   3.11360878230724833409951979428231838      
   3.02990926763385224749499080628466044      
   2.94477812559120820687479061233120652      
   2.85820119143408882726574450289267901      
   2.77016422711589399548039786937028014      
   2.68065292136553509015834010354403465      
   2.58965288970901314523660975121762210      
   2.49714967497895637322553016041877759      
   2.40312874715796400784037813745267279      
   2.30757550360946514222725066029573713      
   2.21047526929147539249610449041281733      
   2.11181329677566374310048568401092738      
   2.01157476642207140473306387343984071      
   1.90974478677402599164788650561442693      
   1.80630839396542870922327239194093331      
   1.70125055237976208818345432475606691      
   1.59455615446770096737264536587598281      
   1.48621002106741397034283758050798782      
   1.37619690125349781235094509449855850      
   1.26450147257230915883860852217739683      
   1.15110834072573654842886514853805941      
   1.03600204023408635093845584940803919      
  0.919167033955924315991093392314180136      
  0.800587713440192847903730986900223543      
  0.680248398893688365815489137531708490      
  0.558133338950168245223279569508514545      
  0.434226711299498030844402204068525245      
  0.308512622003426074100460051658339411      
  0.180975106241967073646118141919595207      
   5.15981276237238346223208564701015899E-0002
  -7.96344211056660137976025246081647593E-0002
 -0.212738718488195719601770409964760836      
 -0.347731014431097489038595766726628312      
 -0.484627629503719253717355797390359534      
 -0.623444955831304661965784591684057676      
 -0.764199456295668742220915016248295008      
 -0.906907664925309132300831109766365271      
  -1.05158618707646475540669180169996689      
  -1.19825169874093474040834350175516865      
  -1.34692094716627912542356509899855214      
  -1.49761075067759749154187850604583560      
  -1.65033799833455615338033292895218385      
  -1.80511965045212047721400039560269869      
  -1.96197273824465367090039805260780709      
  -2.12091436374169068442757577863669341      
  -2.28196170018375894266567654743808849      
  -2.44513199155656698333633644936093099      
  -2.61044255281191447723961697604277048      
  -2.77791076981046759118346459523717775      
  -2.94755409938060120587678398400483692      
  -3.11939006916064317150293249314786786      
  -3.29343627772089466082239124844825286      
  -3.46971039442311816258896199464535613      
  -3.64823015947684336259091171522384168      
  -3.82901338410640751751147698516000366      
  -4.01207795007432999860513216632327500      
  -4.19744181004150522019765114680408177      
  -4.38512298742275005513856141849668486      
  -4.57513957651614881016855430136192347      
  -4.76750974219677613061937976328691471      
  -4.96225172019585675958772899350047287      
  -5.15938381677591829378569421199695455      
  -5.35892440896270803954066023394970021      
