   6.46114195192883683103959025933776710      
   6.46114195192883683103959028499496191      
   6.46114195192883683103959051620389096      
   6.46114195192883683103901759401757139      
   6.46114195192883682955362663697915857      
   6.46114195192883650370079581863846129      
   6.46114195192882001189018698937947175      
   6.46114195192849681356321503676296505      
   6.46114195192518312682476403806127231      
   6.46114195190372897002964436883312575      
   6.46114195180451376532111735794083620      
   6.46114195144823793113047539954492997      
   6.46114195039514693686586424147352921      
   6.46114194772351119580951227411578919      
   6.46114194172489555443926514411497280      
   6.46114192952714135832611832822375877      
   6.46114190666617698178169183060795087      
   6.46114186663316039323763185576995903      
   6.46114180042443879742179039570818399      
   6.46114169610797058104690660895172218      
   6.46114153847802829521972624373076406      
   6.46114130874974820363730411261756777      
   6.46114098432595237619360321369242482      
   6.46114053869357106739056095106539015      
   6.46113994142355473310513127868604074      
   6.46113915828908344285212729318645356      
   6.46113815150415269487076997669617465      
   6.46113688007671183444845831721502374      
   6.46113530026270026182047561760002798      
   6.46113336609970774260514412186980982      
   6.46113102999256537873741447252111891      
   6.46112824331876605140592235065323452      
   6.46112495701971342043234235538657699      
   6.46112112211428708549888359344983544      
   6.46111669024891464142752905565712376      
   6.46111161398218394572548441341085663      
   6.46110584704876752067091364446805597      
   6.46109934447068616224732475612355378      
   6.46109206252525977426648302344819441      
   6.46108395858100557340274645033567281      
   6.46107499080485972347485338308088175      
   6.46106511775408224950409329481226315      
   6.46105429780736508564673184458315219      
   6.46104248872500551726590820485535119      
   6.46102964692975986106918268784380374      
   6.46101572674712084808674119720483313      
   6.46100067973734058347076906443911884      
   6.46098445397563209190274695172584925      
   6.46096699333961048234390667091213465      
   6.46094823682365224363542579999069000      
   6.46092811787597634148146850653319696      
   6.46090656378203297395323616949931648      
   6.46088349506748158484591909649208449      
   6.46085882504779192251881884404116716      
   6.46083245942019585282528066937216541      
   6.46080429570954516868598442367425706      
   6.46077422299016109430310658132265264      
   6.46074212157705704201096720085695804      
   6.46070786277906586092717942774279040      
   6.46067130867587124171717874006112830      
   6.46063231195068834146009958453278377      
   6.46059071570496815971756995693632440      
   6.46054635347077196673783134848546316      
   6.46049904893675775138419375923320342      
   6.46044861589146742561245797597388012      
   6.46039485824660519609152789570404003      
   6.46033756981522012193407119512793542      
   6.46027653423894470687487478061177592      
   6.46021152494086920200648848892678146      
   6.46014230485270934024537087153956687      
   6.46006862644944637827247595883508286      
   6.45999023138989910492869912956924788      
   6.45990685032200858236156906774363896      
   6.45981820262278983485892060490230227      
   6.45972399605581500040886424282335984      
   6.45962392639539110191685672413770351      
   6.45951767707893834221931113185767687      
   6.45940491857716054990056621780237816      
   6.45928530790495299052817582082160414      
   6.45915848805725985447989374257499351      
   6.45902408716749805924971317386818667      
   6.45888171783148212617077199529737985      
   6.45873097621875268327666269946745171      
   6.45857144111922013493172305435012224      
   6.45840267292491472198582424850993653      
   6.45822421247158081423156224435308317      
   6.45803557992008117083172099765219681      
   6.45783627333543463681092759744365863      
   6.45762576730484945577875804057141593      
   6.45740351138162001520425796291909606      
   6.45716892840545737664020787235050169      
   6.45692141276409720310587386683388305      
   6.45666032844824724206502335846626418      
   6.45638500711347979415542718527932984      
   6.45609474550963149414837821985821243      
   6.45578880397492312214414435853901449      
   6.45546640305875560667911339789030111      
   6.45512672145838551989851062357961702      
   6.45476889321161739055201740603074934      
   6.45439200495540262701086770692210683      
   6.45399509014419765564953260024436535      
   6.45357713078150912495609131192926413      
   6.45313704936953744396073783235916644      
   6.45267370609714890257003063648744818      
   6.45218589733598937403001793444968919      
   6.45167234701386729320270601255517318      
   6.45113170631322546551362245388658804      
   6.45056254596039089317324382235825632      
   6.44996335159547088199822829854492093      
   6.44933251985558560348169360279741640      
   6.44866835084972107005108270399282060      
   6.44796904295980626576537395963491938      
   6.44723268551123348731874452711366620      
   6.44645725324734407923471523068127134      
   6.44564059705158875809008862452351647      
   6.44478043849804950565160279897519156      
   6.44387435932740907045838275629003450      
   6.44291979394161193710032675700309133      
   6.44191402035303302995023242029737457      
   6.44085414917617005929038792099930732      
   6.43973711464928302593641609793880297      
   6.43855966179577438077624361551841144      
   6.43731833622138135474481704918524448      
   6.43600947130312673078290633694867685      
   6.43462917454690269739804274854902889      
   6.43317331421566825844022277442377649      
   6.43163750466412862474326942385927750      
   6.43001709092438285384141641050594862      
   6.42830713237924792377067554465239862      
   6.42650238623947363329721602569281523      
   6.42459728985166727896204244273392620      
   6.42258594235748999265244409659791843      
   6.42046208535499288918933432362506864      
   6.41821908443129418079072962246010703      
   6.41584990943771076202657476697529139      
   6.41334711401683942952406088494627199      
   6.41070281733827531527225926173007629      
   6.40790868473148192973502007586219947      
   6.40495590951745915026815511749825488      
   6.40183519716418124904734429970821978      
   6.39853675120452495440832307578878520      
   6.39505026248513800874268895346417408      
   6.39136490092252881372158978387213010      
   6.38746931312410834465487008041759963      
   6.38335162508799892786209295207625739      
   6.37899945063601184304144323509622018      
   6.37439990621153977833126337094187740      
   6.36953963458528363920045811344010843      
   6.36440483537181469742246069417498751      
   6.35898130132201856357496829153384983      
   6.35325446432594647946584562523830049      
   6.34720944453427573495783439434870597      
   6.34083110670543582669233470592468405      
   6.33410411766562054102045763323737320      
   6.32701300729721870845526746186473354      
   6.31954222589352021249907726193979785      
   6.31167620316358304838938785415657927      
   6.30339939776527223893969385275571653      
   6.29469635054561148859626489451521515      
   6.28555172115528063265901370435701609      
   6.27595032420120721926398087106834625      
   6.26587716008180345313289157451481482      
   6.25531743292756704737650627711858672      
   6.24425656663631543147096626907019912      
   6.23268021496885015270334164397539848      
   6.22057426549321825678240159496706690      
   6.20792484123592155685124694876195709      
   6.19471829585732507384370544365708117      
   6.18094120755557669742203210197547529      
   6.16658037434433312273597490026528901      
   6.15162280295353020381317947808506117      
   6.13605570048341591111587588919319533      
   6.11986646336392066504620663072192159      
   6.10304266766355384357595291696713317      
   6.08557205857456376507860912584822652      
   6.06744254053093692837641329988177448      
   6.04864216721733929909506641064174503      
   6.02915913177519574166261165441692283      
   6.00898175817904603835110155676036750      
   5.98809849068678754709676691693843516      
   5.96649788664192133221115067409740357      
   5.94416860613980327147838126024397757      
   5.92109940410999891716963601587629543      
   5.89727912075236038095502718526409724      
   5.87269667380486289233984408323871118      
   5.84734104874162338208650499540849927      
   5.82120128980202031513915157439576253      
   5.79426649189040493814480818987207040      
   5.76652579000737589518483925746961534      
   5.73796835205272945923361570941701695      
   5.70858336978107625470643273023169969      
   5.67836004829337095635786974809484914      
   5.64728759819754664131533492863803006      
   5.61535522832716481422378623689773263      
   5.58255213587642553043679427192298125      
   5.54886749914572632299317447377461958      
   5.51429047125028432191738039093978280      
   5.47881017198008848867516008809625489      
   5.44241568173535715327047555682825288      
   5.40509603522704683468434594963123969      
   5.36684021692182749279306952960938627      
   5.32763715504981430835329414904862228      
   5.28747571761710224791201662382922455      
   5.24634470834473091084939248823853150      
   5.20423286321011121957865347425704673      
   5.16112884740773742225654465759921235      
   5.11702125273783230001087556956628035      
   5.07189859532721022728093917122570349      
   5.02574931364038723816367895559517528      
   4.97856176730100138173368142984298253      
   4.93032423549001741912617301434620182      
   4.88102491614922126578755645058876310      
   4.83065192518493682151676553498184640      
   4.77919329628983433007510718700649330      
   4.72663697977040920506638416095920857      
   4.67297084321161979591753750916911197      
   4.61818267091543902647029876727322933      
   4.56226016417599541846116968941412077      
   4.50519094142292903177683281506626436      
   4.44696253826951365846972652888391852      
   4.38756240816809367505878849181748212      
   4.32697792224996621696274777280552460      
   4.26519637022788046675138343417801567      
   4.20220496021456967174219668024671589      
   4.13799081990533808030705695995175821      
   4.07254099599363948197837587954722774      
   4.00584245572269264760229825725346683      
   3.93788208652399401128293917165953941      
   3.86864669673677225225795128764540308      
   3.79812301615331216983626616057221764      
   3.72629769624812778582276388352348152      
   3.65315731062323507536709521570400454      
   3.57868835559021019082128549953265834      
   3.50287725021431766990987516757892760      
   3.42571033716697325654548351914361613      
   3.34717388254991695870378570007115311      
   3.26725407654303095887960795071094898      
   3.18593703375788295683526453172892703      
   3.10320879324969213721596701270496124      
   3.01905531927775166783112666105692881      
   2.93346250110369953890916377302211056      
   2.84641615345234036605702182657687852      
   2.75790201692314352125305931019613440      
   2.66790575780418539059469187075910416      
   2.57641296873188087475322395286264570      
   2.48340916852569467292966952969892525      
   2.38887980263070660794129936886909011      
   2.29281024317816319804305864484799175      
   2.19518578918188035204223113732241222      
   2.09599166659516029874672086463236460      
   1.99521302863525245765758123785001252      
   1.89283495576970971926573603213544030      
   1.78884245578639101417037577025213747      
   1.68322046417305602199316166091278466      
   1.57595384408829753110200774592364411      
   1.46702738619294889547101725643994340      
   1.35642580918301226620880865318826421      
   1.24413375945493222537205739951069159      
   1.13013581166883158230643532181514756      
   1.01441646835379991538896932134927700      
  0.896960160300579889594193014578526985      
  0.777751246278146687671210711984089212      
  0.656774013583058430506913813217563529      
  0.534012677680897390894781821196317602      
  0.409451382385463239453592251189770450      
  0.283074199960538529455615903274798504      
  0.154865131123980184118057512897671379      
   2.48081049676178562762071542568742491E-0002
 -0.107113020730318564714334638143284088      
 -0.240914459790776818945347952413194958      
 -0.376612497223511963192568825737365788      
 -0.514223489538536873209057061454038019      
 -0.653763864703441361647092143765493157      
 -0.795250121843752127404042767849235696      
 -0.938698831347439023129109052127898016      
  -1.08412663518771804315482003874392622      
  -1.23155024615522219853743490631130640      
  -1.38098644845792683090209451843396108      
  -1.53245209754820727739894372820838598      
  -1.68596412003285417601028030434903204      
  -1.84153951364850025018326759257443927      
  -1.99919534725251769518881199652802708      
  -2.15894876087810423360884448366245217      
  -2.32081696559319140275807810506447907      
  -2.48481724357813424042724905403531905      
  -2.65096694812503536395993479750592516      
  -2.81928350366375085708642596849503571      
  -2.98978440526033949390901262045606221      
  -3.16248721930592526120651045249256500      
  -3.33740958317392798403665158416483057      
  -3.51456920508638489112374965817852874      
  -3.69398386427551785775408595068657210      
  -3.87567141096095823298429985170668165      
  -4.05964976603560697491068951001199195      
  -4.24593692144960071678647582120418529      
  -4.43455094004419614065148173059143715      
  -4.62550995538668490659150662855243100      
  -4.81883217194512350495705292763129427      
  -5.01453586494092733657105793388265906      
  -5.21263938030790337334904243692742317      
