   6.46114195192883683103959025933776710      
   6.46114195192883683103959028499496191      
   6.46114195192883683103959046977394318      
   6.46114195192883683103918715591052688      
   6.46114195192883682991724907105744537      
   6.46114195192883657196300769349847283      
   6.46114195192882306704071256400927301      
   6.46114195192855151623539578407273747      
   6.46114195192571060319002100553522635      
   6.46114195190701614754937130771449309      
   6.46114195181940323967388207837048795      
   6.46114195150127522695113689281535600      
   6.46114195055207074006746194307181237      
   6.46114194812457199737502504870559844      
   6.46114194263615719060518378780589748      
   6.46114193140810261698898695130655256      
   6.46114191025224727783990842422790779      
   6.46114187303008857859678003313156233      
   6.46114181121087390305067661012727280      
   6.46114171344710360609320144122326930      
   6.46114156521206113064217382190862557      
   6.46114134850476361250179396108739596      
   6.46114104161158107437355139265098518      
   6.46114061897979801680028445079605769      
   6.46114005120611287919669702540022414      
   6.46113930513677164574271327221882606      
   6.46113834408597549123378783783785940      
   6.46113712816754340242290921344139282      
   6.46113561472713373047363948123114482      
   6.46113375885480923028627874978512766      
   6.46113151395132849094723605072525709      
   6.46112883231706507406651979567824754      
   6.46112566573039549007890158287653816      
   6.46112196596604973192171791192757960      
   6.46111768529014157324319476138038299      
   6.46111277682173092881660904450987354      
   6.46110719474779393730760529451569892      
   6.46110089446410108715097747467090622      
   6.46109383255136545967357885775563127      
   6.46108596662860629101070746183092182      
   6.46107725507883439949364640463772597      
   6.46106765666104592243122341310217906      
   6.46105713001615627062120496403920352      
   6.46104563302496834270910153670114579      
   6.46103312245550019378334325014959234      
   6.46101955298289575576598227666015020      
   6.46100487660232758312006000310984441      
   6.46098904192561212069125680243290189      
   6.46097199348030807609462766132652297      
   6.46095367104019458011873198500241754      
   6.46093400897362363095813045961237789      
   6.46091293563777325688668320425821067      
   6.46089037280783447552239551304730647      
   6.46086623513811495686349096954877868      
   6.46084042985392534131319812205922478      
   6.46081285621931392726714804944860122      
   6.46078340519230661946298769662537366      
   6.46075195913646240397659150355647343      
   6.46071839157018003086194194981305544      
   6.46068256696537042947026627869885403      
   6.46064434054025272233766787273621684      
   6.46060355813777298917640098561932418      
   6.46056005610537213585189678823141181      
   6.46051366121311727387905344192447131      
   6.46046419047690629211253037155773315      
   6.46041145111307948899152987122386938      
   6.46035524050256738368372956087940428      
   6.46029534599787690636688388243557273      
   6.46023154484952379830382405631874159      
   6.46016360410131357914978129276910073      
   6.46009128034068107489967433513941806      
   6.46001431968414577520301394295453585      
   6.45993245736658259044816097133849435      
   6.45984541754908332778751207873668293      
   6.45975291299998897178539030612057745      
   6.45965464471513464004798096920186342      
   6.45955030151116956051616345995639259      
   6.45943955960726356412309562089568263      
   6.45932208192743330583928955364185586      
   6.45919751765828158048320891819141665      
   6.45906550148121497204770759069223911      
   6.45892565277224782271463931255851610      
   6.45877757485623338666613465005011059      
   6.45862085401689785015028883607581509      
   6.45845505850646523308641991793442076      
   6.45827973746369413644866107790796333      
   6.45809441965603779406865635514194512      
   6.45789861233471029888601226235853625      
   6.45769179965860428535716455025260718      
   6.45747344133944151659628167322009488      
   6.45724297089667051070756742264239550      
   6.45699979396500529665380565600429260      
   6.45674328639949051813316743341498491      
   6.45647279232427781654547978133658962      
   6.45618762203999102792957641947789093      
   6.45588704924989772276584612060426015      
   6.45557030976523014936922231253588323      
   6.45523659763323209421438104353803235      
   6.45488506323480130245291476682246269      
   6.45451481008825607824959466532667535      
   6.45412489171396731443674927348958637      
   6.45371430805739991721403255157004664      
   6.45328200219525798789200912663823663      
   6.45282685698298632100055931697104839      
   6.45234768956114380667201630187146141      
   6.45184324988250752549370327905876608      
   6.45131221423580823781564030193046627      
   6.45075318022407883390627758753214826      
   6.45016466220132716261696418984599786      
   6.44954508698897200766402792728797860      
   6.44889278631971634515213996074381717      
   6.44820599194085907534460562499421053      
   6.44748282904195801539175603432848583      
   6.44672130968122451210285286100442576      
   6.44591932440169446657203366306484356      
   6.44507463627936422930398769911162042      
   6.44418487089058533898004242029069945      
   6.44324750962265582060923578327281703      
   6.44225987895308457753441032843721392      
   6.44121914126029470187855640211848596      
   6.44012228475712742886167498129900063      
   6.43896611187871775198890947131716280      
   6.43774722854355027488552277106628252      
   6.43646203106639162535446950673955787      
   6.43510669379120175454561776979946014      
   6.43367715464911550465456372795951049      
   6.43216910155890081664291280338658100      
   6.43057795607191792328756904101593478      
   6.42889885841051653017876842396530367      
   6.42712664973419479297319070285687300      
   6.42525585521680507859562266143193962      
   6.42328066557833819978300700685459244      
   6.42119491757921086322459660854162671      
   6.41899207547715712866116576151649622      
   6.41666521087618779803167599457136601      
   6.41420698282438534336154551341174324      
   6.41160961784287767492299628008228602      
   6.40886489069113076445144287708248198      
   6.40596410619850733223421911425176208      
   6.40289808141855455991464672730865556      
   6.39965713156222630183603223434536085      
   6.39623105708531330453133066850963045      
   6.39260913461452526512654373108147033      
   6.38878011314464870915921002317825875      
   6.38473221479457550009584875797324831      
   6.38045314134913270136790534733800184      
   6.37593008722601713976983277436836245      
   6.37114976215961733760940668900099801      
   6.36609841789507806682575879955268504      
   6.36076188569245125758698508006008205      
   6.35512561903576655174906450512087038      
   6.34917474427416289889502438304825158      
   6.34289411472889486008682685197422380      
   6.33626837024625779939385608890076912      
   6.32928199605561604161123276685080640      
   6.32191938694778733778667639911356244      
   6.31416490142085927567550377894096614      
   6.30600292061847402026794428055093659      
   6.29741789608003691576357861692362465      
   6.28839439347189082710550802189474910      
   6.27891713158515377702079719925211402      
   6.26897101020480346698526620717205929      
   6.25854113415855991282895346244587382      
   6.24761282905789677482886353539449101      
   6.23617165378831654628367870869575743      
   6.22420340161930720282786650200177901      
   6.21169410789901542358207811736575468      
   6.19863003894955988078721938448573321      
   6.18499769319943093857080729764731988      
   6.17078378954997206755536769320027298      
   6.15597526076450306665709724061276210      
   6.14055924217425430297616242442469481      
   6.12452306187177790779502992888769542      
   6.10785422959798567551829351051013743      
   6.09054042652763733067024558910457340      
   6.07256949445162103303972856744237509      
   6.05392942587376900060615461554144870      
   6.03460835443773372304573929032674437      
   6.01459454521608644020744748568657445      
   5.99387638469577418462453111614730325      
   5.97244237372090990729622967466314426      
   5.95028111688622621750501793665114653      
   5.92738131484431880547101622168944365      
   5.90373175521586189611861051223880621      
   5.87932130450660300634617601168382245      
   5.85413889942092140823019701760739899      
   5.82817353741005368883468721074959748      
   5.80141426939587777497270561859529022      
   5.77385018952418646811855075082560185      
   5.74547042673098264173199719349057398      
   5.71626413856720764015364275874951752      
   5.68622049918560985433042276945741814      
   5.65532869195247496309011040866793554      
   5.62357790116012646604333101351810186      
   5.59095730519134045155168736139916676      
   5.55745606584051088759776405937424120      
   5.52306332379020495009582057182966245      
   5.48776819054398203207753363348339009      
   5.45155974113300791824966808660777280      
   5.41442700853060141513959210762367609      
   5.37635897827577206352247924112449199      
   5.33734458284851061112783053799389229      
   5.29737269685887056837255283415751044      
   5.25643213324504253528435991317831964      
   5.21451163914470744776345438567084498      
   5.17159989299974912910550689549530911      
   5.12768550127878746294451600853619953      
   5.08275699630920050129306277698305600      
   5.03680283401555197835316633315862502      
   4.98981139241930556848466970658880209      
   4.94177096987602820535508283844153457      
   4.89266978421792924366792233230276381      
   4.84249597174415199355407595568617312      
   4.79123758644018599637738673403764207      
   4.73888260002586937431330856728245659      
   4.68541890081986989068015901155057287      
   4.63083429423205337954898051790866861      
   4.57511650250624739857474854414333647      
   4.51825316486124114771846423870312280      
   4.46023183771135922004919549156407723      
   4.40103999462342206020071421203928444      
   4.34066502708427819960091959303801721      
   4.27909424453711433682422751822721581      
   4.21631487460267281025017300453891317      
   4.15231406376634598594360969767847655      
   4.08707887793687244532692267373047156      
   4.02059630226901354190468073337629760      
   3.95285324238418706004383886110374825      
   3.88383652418142555026129930078088298      
   3.81353289454270430146931633409117544      
   3.74192902179716695196034791299122357      
   3.66901149596363061882737547615221917      
   3.59476682931543042001641943569915036      
   3.51918145683517982123102953992382109      
   3.44224173610657044345332365803924895      
   3.36393394858301579533421744901087240      
   3.28424429884679813418674917695956914      
   3.20315891591258785792058189433021284      
   3.12066385301208488133851042889631615      
   3.03674508776852744784930747707881904      
   2.95138852313104089952866180432460125      
   2.86457998681701849829226145726427078      
   2.77630523232789770863111294106040946      
   2.68654993862129365612959882347947266      
   2.59529971058187570015398058181092633      
   2.50254007931418296341913748194775191      
   2.40825650207882990717422077374065879      
   2.31243436274436292119799763373914388      
   2.21505897168809933031700881264175101      
   2.11611556630640833846489606822245489      
   2.01558931081155317508280196346836420      
   1.91346529668481630353625527196367951      
   1.80972854232016634037148126239333669      
   1.70436399407483568736185353493470799      
   1.59735652521205041486234474285727188      
   1.48869093698301098101449485374757614      
   1.37835195791299017960028295966993344      
   1.26632424475020355621486001531199862      
   1.15259238169497496527294592661357537      
   1.03714088129067685000475634183732855      
  0.919954183835862434184734499807086904      
  0.801016657798054672477130522747257589      
  0.680312599771518413260416771332850806      
  0.557826234448259712091472324772807028      
  0.433541715038335345692740848978573916      
  0.307443122870167785021983663111407486      
  0.179514467708532980538362940928459113      
   4.97396876834777572966014456036974843E-0002
  -8.18973506119652014379686999977384289E-0002
 -0.215412852176780256198287511876224085      
 -0.350823093270956482332860143647219983      
 -0.488144421910587590468502718582911244      
 -0.627393257290844625429821064836093009      
 -0.768586089967674953387470046035214348      
 -0.911739482044159018078086097137920442      
  -1.05687006686581797087773942652409257      
  -1.20399454898803531039242212773059909      
  -1.35312970433257599962198412993629840      
  -1.50429238006043576738088737384817386      
  -1.65749949457436299489294878651242981      
  -1.81276803749113425428607891752947526      
  -1.97011506954317175283675752422437495      
  -2.12955772272318554597948308112699422      
  -2.29111320004909763589990163750060305      
  -2.45479877573274098103273155644082560      
  -2.62063179510944256390395853744496544      
  -2.78862967459776185563400827118934144      
  -2.95880990156544406571381988356046763      
  -3.13119003447984634344604765188244649      
  -3.30578770292190638189766625688866083      
  -3.48262060732522085771970770515869534      
  -3.66170651922941988315005647834469175      
  -3.84306328099147383190768327148925695      
  -4.02670880595386881307165150801859218      
  -4.21266107840140333972621347032926436      
  -4.40093815347831300461326708817709451      
  -4.59155815717458296171087637553659770      
  -4.78453928631866011022475235091844475      
  -4.97989980867228841949885049202748443      
  -5.17765806255933506908083207005744297      
