   6.46114195192883683103959025933776710      
   6.46114195192883683103959028499496191      
   6.46114195192883683103959038329440624      
   6.46114195192883683103935709324553915      
   6.46114195192883683031477967890481850      
   6.46114195192883665107874862344659328      
   6.46114195192882675936540203651018959      
   6.46114195192861974256400689446267920      
   6.46114195192638482979453378063388313      
   6.46114195191130131472525251494672848      
   6.46114195183912847341320741835128204      
   6.46114195157248876075975410207823997      
   6.46114195076518607822858849899670357      
   6.46114194867459084824498030390256952      
   6.46114194389649957426692907994520524      
   6.46114193402897037471855508025553256      
   6.46114191528176165185533767500101993      
   6.46114188205422405616232518708606327      
   6.46114182650671466370915830921439944      
   6.46114173814988820794535019611533605      
   6.46114160346235997577521720422593219      
   6.46114140560572312215010295050221311      
   6.46114112418179515604767691808811374      
   6.46114073507596957530306907019172469      
   6.46114021042593914209192816283841523      
   6.46113951869602939750990312066626141      
   6.46113862486552925329504285478044116      
   6.46113749072809022153330448632095417      
   6.46113607529094034283916971949318126      
   6.46113433525529877072525062962287070      
   6.46113222555301402270945613070175044      
   6.46112969990986831406818203022994522      
   6.46112671140370057436291539895189225      
   6.46112321298567500202511852855584352      
   6.46111915790621260288291296314945445      
   6.46111450016186271819537971765671667      
   6.46110919467047742231959709983988606      
   6.46110319742695536847347572587845669      
   6.46109646550861899468235382492413671      
   6.46108895694736221476590902555705835      
   6.46108063048365793748749305425545755      
   6.46107144520826438197110956970626055      
   6.46106136010724119246216507395660091      
   6.46105033349996364470513992524300919      
   6.46103832243581558395808488107501411      
   6.46102528222476936553312501672449231      
   6.46101116552551328042082638862895148      
   6.46099592176202495035096714131636610      
   6.46097949644999290391538486826543331      
   6.46096183053398381960219168118765862      
   6.46094285976887452250782949709860667      
   6.46092251411796703469468645879664605      
   6.46090071720716492269259213417010893      
   6.46087738580506645486526318742451156      
   6.46085242938003989452769142314044208      
   6.46082574977251422571664912843484856      
   6.46079724079888717594390861679273161      
   6.46076678790929695206925522110401300      
   6.46073426795940693133977485069107116      
   6.46069954899794434645683712006430977      
   6.46066249010016551970129784595809352      
   6.46062294118899813834458011220899433      
   6.46058074293844013416919421700762105      
   6.46053572666385536040337396437164603      
   6.46048771425960062969358808652897352      
   6.46043651803011002477075884330830105      
   6.46038194060952928298033930007094229      
   6.46032377497799561756447788495253077      
   6.46026180421981417513657254015138678      
   6.46019580143795147128618756782488663      
   6.46012552964871067650445452261258938      
   6.46005074147756563969542984374869244      
   6.45997117915689001890801729190832653      
   6.45988657405807760712592986379230843      
   6.45979664647852314275130990079549123      
   6.45970110528174092507554048494469700      
   6.45959964749784019056870936329354128      
   6.45949195784218667541613226513749167      
   6.45937770827588483678097689159633830      
   6.45925655728969844131823318505173735      
   6.45912814935681658582008133477649330      
   6.45899211417883499562189182460829671      
   6.45884806580071246332955734449240476      
   6.45869560181756138016815345833634251      
   6.45853430234171360464007838776983046      
   6.45836372895384804365581997435353453      
   6.45818342357353846106922544861018292      
   6.45799290717884306530074171969868114      
   6.45779167836909193818273154836599001      
   6.45757921217017849187852428602681107      
   6.45735495822054232196300014132528866      
   6.45711833912727392037218775587009708      
   6.45686874867759853213014846730141759      
   6.45660554986301692315411539020622619      
   6.45632807290734947514551794726182361      
   6.45603561286740856573677650927702499      
   6.45572742742159593252996103092243085      
   6.45540273423829251385661841934674809      
   6.45506070865522893723743961128618289      
   6.45470048023719073919438901261320483      
   6.45432113028977737062280910915656168      
   6.45392168799487901828127668302335019      
   6.45350112796933009313257249220297037      
   6.45305836576045416873078585312638176      
   6.45259225311524325529274488034381753      
   6.45210157568100771691291422053979923      
   6.45158504899733634963716592499221310      
   6.45104131158690612445611308377507506      
   6.45046892179586782742807219155730954      
   6.44986635083131231621836445814105322      
   6.44923197948498610866652689210579504      
   6.44856409060194044055308259494948158      
   6.44786086284296587978548654626078022      
   6.44712036504369426708247497905413872      
   6.44634054836211671985620652664453356      
   6.44551923852493015228811564398027038      
   6.44465412866467609028793980532179125      
   6.44374277010998244283184716057645003      
   6.44278256438494995438259103043181162      
   6.44177075196215793714990350476613171      
   6.44070440358669818843144265640680735      
   6.43958040947034296080454402996547796      
   6.43839546682481700771153561493040233      
   6.43714606868531158927977869862823085      
   6.43582849074886867518328074087432735      
   6.43443877804971240907536174063464038      
   6.43297273028247678738724348149617289      
   6.43142588695282875146785094307374442      
   6.42979351123324719151536943336268612      
   6.42807057346880655419770771623863099      
   6.42625173345859029163262431869122811      
   6.42433132247921277121648292288606866      
   6.42230332434981331569079839393345941      
   6.42016135458023766443432526883458145      
   6.41789864235441542737457721102346908      
   6.41550800909592816677068410023597045      
   6.41298184814356578165074428349308331      
   6.41031210467463567086303598484520157      
   6.40749025673197831990401796667333458      
   6.40450729601339349833890564704146989      
   6.40135371270091610166812024575052126      
   6.39801948009036358997856571265338970      
   6.39449404462377676318965182000511930      
   6.39076631810708100161189622123044771      
   6.38682467729693890437336756833995078      
   6.38265696649761823106253961950601906      
   6.37825050903632570097433374646290231      
   6.37359212471724232961410290112225510      
   6.36866815635316675778522567404929332      
   6.36346450278366933102173148352378750      
   6.35796666066772183694936067036227391      
   6.35215977356888618647588632423223089      
   6.34602868467422429987914249477702175      
   6.33955799863605108521562805957048466      
   6.33273214257817458364215693015957879      
   6.32553542403355182578076735410531111      
   6.31795209911549375195372521113562787      
   6.30996642793737893793497595917348003      
   6.30156272631416025073335359451644372      
   6.29272541606264097655988324492085381      
   6.28343906255937170301989883392114543      
   6.27368841141120765477347740701056063      
   6.26345840951556292728267510711247462      
   6.25273423068335131655458058650557643      
   6.24150127864459453711080002427437247      
   6.22974520517869313048914976629216970      
   6.21745190241983263143832457510436568      
   6.20460750243844497006857537234182498      
   6.19119837691132583729251575175025541      
   6.17721112339402299862600254422208868      
   6.16263255848569994227416375557952347      
   6.14744970794962540905154775592025973      
   6.13164979443761471431770398003882888      
   6.11522022635944706440491504509442300      
   6.09814858754520941934366510322414379      
   6.08042262506703450000923077414842124      
   6.06203023958692276410634356725491197      
   6.04295947444679610172550484450977893      
   6.02319850650055314336245391638187703      
   6.00273563576920380743010140885295589      
   5.98155927757779250726078450710421335      
   5.95965795317684067359662520996658970      
   5.93702028093553705056365513961302379      
   5.91363496875453234105852769242712203      
   5.88949080457936443517287546529315575      
   5.86457665023660996584922594672469805      
   5.83888143130642675634960211283663721      
   5.81239412911197919082659607472459630      
   5.78510377320330459777028448577196601      
   5.75699943172228053159305430292397492      
   5.72807020617826374558725192795296128      
   5.69830521999586833759293523240798639      
   5.66769361062732110877576353212140061      
   5.63622452258798080619355963019657897      
   5.60388709914259906727204371771462984      
   5.57067047441800244216686663251982704      
   5.53656376515036277044802844174393685      
   5.50155606526568451368679385840787803      
   5.46563643786666045565821417320658083      
   5.42879390886811353779557592501162521      
   5.39101746198301270617711666107596367      
   5.35229603207764696607279764329173420      
   5.31261850081659669479733097659318796      
   5.27197369166098877390699487655006740      
   5.23035036640938342367200226410691905      
   5.18773722088754439922981326451916616      
   5.14412288200283561646744736402989231      
   5.09949590482387554207954364882776228      
   5.05384477038208654955853320910559644      
   5.00715788335436799929542859658954623      
   4.95942357041621702537071761604662124      
   4.91063007892111002664199545568226322      
   4.86076557558780442701032949102474468      
   4.80981814561712596847712736540458271      
   4.75777579222677529711859457215492057      
   4.70462643607637102901384430951997179      
   4.65035791471786180543372236867699963      
   4.59495798262569974563301111701407769      
   4.53841431118966276766335479913249026      
   4.48071448871554420367291820512447919      
   4.42184602052775449134184931533995839      
   4.36179632934790306178230962297484926      
   4.30055275544584724039048611147285280      
   4.23810255702061121035868747990399691      
   4.17443291038510508618776595146296263      
   4.10953091074729135472661591991472792      
   4.04338357223578888811865232764526479      
   3.97597782843800066404356306510070968      
   3.90730053302911622196153411287965935      
   3.83733845991535975575486441749959699      
   3.76607830383663394340509505642058285      
   3.69350668081216583832449229442951845      
   3.61961012824129819814866063122044711      
   3.54437510591929470532078763349610535      
   3.46778799567072958525903695027867863      
   3.38983510237715165311382289927010718      
   3.31050265406128439847923270548879554      
   3.22977680202891762475824572558883841      
   3.14764362176513959929652712621077435      
   3.06408911256001033720395258704511437      
   2.97909919842417938101221306967102617      
   2.89265972797168713883884907305538619      
   2.80475647484478920006697864707118122      
   2.71537513802191167011810652716287913      
   2.62450134188826330978080146166724524      
   2.53212063666593110895308450997723701      
   2.43821849828809520852077100878260748      
   2.34278032920298181601021468876937901      
   2.24579145785195163670924213363633879      
   2.14723713946011842899476776652234504      
   2.04710255567911518282689081163462358      
   1.94537281513247868265245024302854275      
   1.84203295343744470944615560759636270      
   1.73706793312099919178573224367789190      
   1.63046264434243796344916786942141446      
   1.52220190423642057606309270831805556      
   1.41227045746585875056275100249344958      
   1.30065297643679638591473343002974485      
   1.18733406102638852520982829194030604      
   1.07229823893296754757190218455351570      
  0.955529965617589906663035909607451632      
  0.837013624551213826560040336532162539      
  0.716733527122597225295649018060765410      
  0.594673912873712836892418212187144506      
  0.470818949128715949576227647882216654      
  0.345152731744898385365175561808211168      
  0.217659284695032061799870116414748161      
   8.83225600552782822421984567489158417E-0002
  -4.28735614972586381732428053604403134E-0002
 -0.175945271284836761876218547105270948      
 -0.310908831939457361114316152788416895      
 -0.447780577672994152329407816018275927      
 -0.586576914354968923133996523373935656      
 -0.727314319275033261620921421785164060      
 -0.870009341169222587112382762358842625      
  -1.01467860017508984525646454739118739      
  -1.16133878784171844785471593378253935      
  -1.31000666709243737518910139273969503      
  -1.46069907216542396407052333509017085      
  -1.61343290862814907170667456350949449      
  -1.76822515341003505420558593280015469      
  -1.92509285447402144344416311058842877      
  -2.08405313117684507967356002733990048      
  -2.24512317408037157024009111212528076      
  -2.40832024487785200178291061601334023      
  -2.57366167652415333250295780315150431      
  -2.74116487298850626279956143171197795      
  -2.91084730944041631991423621420485549      
  -3.08272653206019606398544754953318316      
  -3.25682015818954643898815537282015808      
  -3.43314587615747269668635810926358596      
  -3.61172144531353348732345006078897732      
  -3.79256469606183579779192717685541334      
  -3.97569352980943161340675358637612996      
  -4.16112591872419237649401258012815736      
  -4.34887990605898081984109598022763244      
  -4.53897360594609821250040578047326207      
  -4.73142520342012151102399366425140886      
  -4.92625295427811215229218341791508425      
  -5.12347518527758438401126346141902295      
