   6.46114195192883683103959025933776710      
   6.46114195192883683103959028499496191      
   6.46114195192883683103958646774751092      
   6.46114195192883683088387525915717933      
   6.46114195192883669942175927216942450      
   6.46114195192882309845587459381795530      
   6.46114195192842308411262719934517055      
   6.46114195192323200477622051376736918      
   6.46114195188472441241980262742934387      
   6.46114195169254521218991609795795547      
   6.46114195097457125842657897811977572      
   6.46114194881617998720609736683587434      
   6.46114194332549056586911995361669410      
   6.46114193107279636839169680283335711      
   6.46114190642291147256788023828861790      
   6.46114186090389133602039463896249572      
   6.46114178257391944321961076015133937      
   6.46114165537165406739495868855708578      
   6.46114145865086755362759638658992327      
   6.46114116681484584658517307841563482      
   6.46114074907341941742439017629197601      
   6.46114016934517236468590340762622628      
   6.46113938627980367491472837513828162      
   6.46113835352575381348884089151630658      
   6.46113702003319996231254178616887152      
   6.46113533057950137517779722723458191      
   6.46113322642347718591751161558506411      
   6.46113064606793363722512189966603282      
   6.46112752610966589046563246700055304      
   6.46112380222883949530370255221862716      
   6.46111940997906852554180202122771083      
   6.46111428570040937731233792008237976      
   6.46110836722725887603302888299232529      
   6.46110159459512929078841739992239549      
   6.46109391039348993783743119436996276      
   6.46108525997530037503627084760059502      
   6.46107559175408817448137031418829390      
   6.46106485673417865092889143326561506      
   6.46105300828223460500264366212507474      
   6.46104000157262857288598851093745590      
   6.46102579287272617678325068687265181      
   6.46101033874453806144630792503974326      
   6.46099359508156199206744011299650931      
   6.46097551608849728198137210120344173      
   6.46095605337701330069097053768940598      
   6.46093515471394422103562650045259560      
   6.46091276306652189202390794043535473      
   6.46088881558264541263727128635050392      
   6.46086324262981778733058156697630015      
   6.46083596687635038791573586279902903      
   6.46080690243777703299027265581540506      
   6.46077595422627778893060919905997684      
   6.46074301726769424322192409575339888      
   6.46070797600225505067094718882066452      
   6.46067070385455257897878654811545347      
   6.46063106279360550958480112053769524      
   6.46058890299595317973125933790521051      
   6.46054406252841839757169953464665688      
   6.46049636714933397971755948669421826      
   6.46044563012038434273823493648330167      
   6.46039165199977679232615557958362021      
   6.46033422052347338621002952775705822      
   6.46027311055981457973684691874452535      
   6.46020808401462302505756131765190473      
   6.46013888967084032955037361035318521      
   6.46006526308054162480432958041367159      
   6.45998692659826062533543522503257256      
   6.45990358905046442200673887014146331      
   6.45981494563247258528344960644982988      
   6.45972067771306752488119580048506655      
   6.45962045252697911142073520907704131      
   6.45951392288847981807704117438666673      
   6.45940072678809431911566389700886285      
   6.45928048692506981123588680268184833      
   6.45915281034770340023440425645857542      
   6.45901728772135462723748683754740809      
   6.45887349266563829396496609120569137      
   6.45872098103957087129307133433066199      
   6.45855928978361401274528386597465082      
   6.45838793694851856472960955800209152      
   6.45820641950899350773519093636829571      
   6.45801421285694954226369643735405123      
   6.45781076973374661896322216754613164      
   6.45759551788984953905073869421038448      
   6.45736785840714519782378607719304530      
   6.45712716831816744436317624309760983      
   6.45687279314477614581756600315741059      
   6.45660404713548699638054869953443772      
   6.45632021308268731685272462021028830      
   6.45602053794476408678389883393036970      
   6.45570423145689806896201904707190174      
   6.45537046410447179754836561098377970      
   6.45501836390132272984694638055325367      
   6.45464701363464533963914862193048159      
   6.45425544852512800243749716511856697      
   6.45384265282501330811732293768851516      
   6.45340755643405577418824042784599964      
   6.45294903176429996791207816026601562      
   6.45246588938673993014840053670728734      
   6.45195687464493236802802518782619585      
   6.45142066395659316936622012463956988      
   6.45085585911804392245789452090096912      
   6.45026098381557421249271334539121896      
   6.44963447836849469515309129453032864      
   6.44897469451348090913287724941002442      
   6.44827988959431602536962829939227163      
   6.44754822142273164271996389612573888      
   6.44677774181475310428252804159373211      
   6.44596638984570581392684373734920831      
   6.44511198547491153028105545700784654      
   6.44421222188763917037089955140169772      
   6.44326465841143738405872216546059766      
   6.44226671181612043685021436487696253      
   6.44121564831536428660899991539310691      
   6.44010857438018660967267990249723972      
   6.43894242741981098435288703643821595      
   6.43771396568407502583622664089278913      
   6.43641975789863772272245850644732368      
   6.43505617209505709556940787994656567      
   6.43361936457967368387904956962453680      
   6.43210526719501810190156761752053978      
   6.43050957510338793008842870049144430      
   6.42882773283800792863455815153992699      
   6.42705492156956757013531342735076398      
   6.42518604405477471257640731262880931      
   6.42321571025947076547468657944689189      
   6.42113822205147507157521894068758158      
   6.41894755736858176138343486645341597      
   6.41663735511633856315255725658235745      
   6.41420089893906898332175469539784667      
   6.41163110176995357239158327172659108      
   6.40892049046527430280975666887632772      
   6.40606119106315622073906171993913426      
   6.40304491554992778734196873234231596      
   6.39986294922352038309372143067355924      
   6.39650614046066538667407789255384314      
   6.39296489252746851834999677585293972      
   6.38922915867896409885234037775850692      
   6.38528844026847829517178864194991458      
   6.38113178929869569385850608683575693      
   6.37674781364111176817032427591395179      
   6.37212469083787576168797437813179271      
   6.36725018279458678162206614597229079      
   6.36211165951815588588380541285990600      
   6.35669612493667264702586365801768773      
   6.35099024998825071556048878841902807      
   6.34498040777259934028337725731653548      
   6.33865271587427123627053369579282978      
   6.33199307757887456111378351340576965      
   6.32498722901651050739260874974260362      
   6.31762078064480876418621450746715360      
   6.30987926703966032551615829106307995      
   6.30174818648678668125228110859871508      
   6.29321304387406413331342989267634369      
   6.28425938928305972797874765694731772      
   6.27487284873806816561247839322925846      
   6.26503915786801042763399253383535204      
   6.25474418690088567303852088229341189      
   6.24397395955667638387724718204241038      
   6.23271467348362565808512766898203406      
   6.22095271221382483755377206614515807      
   6.20867465440626545371398744036262581      
   6.19586728337490797433142688801901416      
   6.18251758834033067547359437184020146      
   6.16861276751724385323025755738642976      
   6.15414022661099378605897969083843366      
   6.13908757735290698760791451334619288      
   6.12344263359048652665332347669659796      
   6.10719340383658642213828463935868015      
   6.09032808563619815844054614410158305      
   6.07283505761173639976664566972678294      
   6.05470286897444691942204860719467181      
   6.03592023066372061942381194957866198      
   6.01647600251483858199181588305163246      
   5.99635918167774390220018081745741808      
   5.97555889003647399361783272081817989      
   5.95406436010464100007344152434494445      
   5.93186492215023122270607024598523302      
   5.90894998817880817927283959140859142      
   5.88530904101583192167384826227139028      
   5.86093161876248723324985582319813546      
   5.83580729903444526720693710092340012      
   5.80992569020467599901372230910948029      
   5.78327641468887656081170048483090752      
   5.75584909904527539347152919021764606      
   5.72763336308404398887106869580990303      
   5.69861880833550102060473026295353082      
   5.66879500930239680734260414149489767      
   5.63815150594794430214538587759550770      
   5.60667779413610338121116858475732225      
   5.57436331987756424135142524478444489      
   5.54119747403487843961501336529218645      
   5.50716958510950319473489493974728275      
   5.47226891763616562022790279612526349      
   5.43648466631551821138228736667547904      
   5.39980595303003053792543107514947566      
   5.36222182590827499597150816655087947      
   5.32372125520503411083145070979893146      
   5.28429313307203679312228777559166828      
   5.24392627137481130939481906399742840      
   5.20260940186815923063465095316544379      
   5.16033117405381866648050082776270870      
   5.11708015634903905738410594195008690      
   5.07284483472809264286935097392232734      
   5.02761361313388820487760207574665264      
   4.98137481399139240466238492957342393      
   4.93411667663146948756870891973608916      
   4.88582736018166199432557520528037876      
   4.83649494383088975277162515288845064      
   4.78610742273414331487458671885883193      
   4.73465271557242371302586134791358954      
   4.68211865938430126660552245274257545      
   4.62849301166713799884789898619493296      
   4.57376345241231457522875618294834842      
   4.51791758302495864520544752178655115      
   4.46094292742820726451899717688506845      
   4.40282693170136873816230588364005486      
   4.34355696562030363898905240095452165      
   4.28312032343222623090537125924573507      
   4.22150422243310958577239669527224136      
   4.15869580619921690152113641118680289      
   4.09468214002495819978123362312061805      
   4.02945021908719193559867033012776317      
   3.96298696142470361168919064191819898      
   3.89527921192103325107648959106140539      
   3.82631374185428056031374377262687966      
   3.75607724939429957680389447560644930      
   3.68455635961900163930856085006639782      
   3.61173762484654455580954085758838012      
   3.53760752508915972383793172026189147      
   3.46215246772702669713897660257067340      
   3.38535878843281231573772900439314381      
   3.30721275085629329494040980163703551      
   3.22770054775684980482418088857307172      
   3.14680829681104617355378039117687115      
   3.06452204965884635247296427487251574      
   2.98082778315010509271689850441752728      
   2.89571140382907414039435322010776184      
   2.80915874715783287302911995357580467      
   2.72115557767535775853691535921861725      
   2.63168759001017925863718675044559361      
   2.54074040375703656288706664321477299      
   2.44829957421455641291853069296413628      
   2.35435058226985719734279012168465364      
   2.25887883817292476808357472293328491      
   2.16186968255699545887123236990802827      
   2.06330838528503353000453060077497600      
   1.96318014533354642435383008980022742      
   1.86147009152994231980665181280357786      
   1.75816328177333511908719150317838381      
   1.65324470495447958790002858358090167      
   1.54669927835655802479008237399371312      
   1.43851184934449417022695429906080206      
   1.32866719469764274733349696903050538      
   1.21715002091114700621715646884248107      
   1.10394496410596221298683957825662001      
  0.989036590020364668990087378331358288      
  0.872409393869692959173187559531949477      
  0.754047801025795844697188285187814540      
  0.633936166085398430884826719277029095      
  0.512058773494537408743988346738200320      
  0.388399836710504777052295700661182928      
  0.262943499818649440541246571651917923      
  0.135673835897549297986337907282658155      
   6.57484772955191676786673445219314737E-0003
 -0.124369532588331282175051193964883137      
 -0.257175442869506465443827645411291553      
 -0.391859091630273527817063578524758680      
 -0.528436757753664414791195931717951668      
 -0.666924790647007972153170450764608238      
 -0.807339610235145090949392803545862374      
 -0.949697706585104357874854237242025374      
  -1.09401564099427173527626150091253635      
  -1.24031004408808044632157169122984539      
  -1.38859761798866630307938114980186460      
  -1.53889513543791805426728783822885906      
  -1.69121943836983426705813879875022385      
  -1.84558744088483557290812791074986524      
  -2.00201612637955459214839059916405945      
  -2.16052254936164984913875675890259547      
  -2.32112383480687800685439964048188410      
  -2.48383717882015499016875633181707873      
  -2.64867984650075220162919730769729697      
  -2.81566917515415335044353652904939834      
  -2.98482257179665854820749522592317657      
  -3.15615751411325332050012722878912810      
  -3.32969155025151398318061705290947748      
  -3.50544229957817367932563560543031734      
  -3.68342745118425170096093284328583493      
  -3.86366476497507033286340440182626577      
  -4.04617207157608101550014200126419762      
  -4.23096727225137416983528390722816284      
  -4.41806833850636980943051384146076814      
  -4.60749331232723444189714212671332986      
  -4.79926030639743087266926397435251288      
  -4.99338750424112212774513891771400689      
  -5.18989315937600536810428893230548160      
  -5.38879559581361669480420620775428143      
  -5.59011320816671188092231491925401559      
  -5.79386446166731287514920801671114002      
