   6.46114195192883683103959025933776710      
   6.46114195192883683103959028499496191      
   6.46114195192883683103958883419823798      
   6.46114195192883683094878623566937547      
   6.46114195192883674554542496243191782      
   6.46114195192882724578062711455141947      
   6.46114195192853281688368693857924614      
   6.46114195192455674863301886685984373      
   6.46114195189412608015826145308303002      
   6.46114195173839500128318973229624027      
   6.46114195114450153156944188752963580      
   6.46114194932830211647473314971499246      
   6.46114194464088958478518181077214281      
   6.46114193405090683397405524441524613      
   6.46114191253212104342312381251538005      
   6.46114187240041948387628019430319336      
   6.46114180276789650220269564830019526      
   6.46114168887616451630908923993444630      
   6.46114151160866901531017962562819858      
   6.46114124711421130943588291924889369      
   6.46114086654394152579543910987770825      
   6.46114033591513409612753737421269386      
   6.46113961610823857218634440702598092      
   6.46113866307884874050511688005704872      
   6.46113742812426904062959883131877269      
   6.46113585836290196668339509281861079      
   6.46113389734039946574558258318159595      
   6.46113148575655465784347363363631359      
   6.46112856224613140286774751782413920      
   6.46112506434104953852687984578366164      
   6.46112092926196832380191795965726552      
   6.46111609477272266454642515574276444      
   6.46111049992256714512253194837830885      
   6.46110408563231179098617725821020937      
   6.46109679524699347867759925797106856      
   6.46108857466415369053010459353358382      
   6.46107937251988144360042021919095543      
   6.46106914008520419994680325681312238      
   6.46105783081623711577996430965646966      
   6.46104539993833206554938590818617505      
   6.46103180377945137969766761611224705      
   6.46101699899240657524651882075227149      
   6.46100094166579815862799832959583960      
   6.46098358637967577072502381469751062      
   6.46096488519162346115046830993821764      
   6.46094478670801553701289364727991474      
   6.46092323492248645690057909273987355      
   6.46090016830891108568177673763828794      
   6.46087551887717215342230991750862697      
   6.46084921129640546725500991057410529      
   6.46082116206422729876669643030205976      
   6.46079127876593422865177992293297203      
   6.46075945943712164168201291890097212      
   6.46072559208375957311620952795589241      
   6.46068955398999888681068043022093974      
   6.46065121138341421071398142440350613      
   6.46061041906695295001223758196921254      
   6.46056702013378542350500225959937150      
   6.46052084573112769543452297050995274      
   6.46047171484668313226332427028840727      
   6.46041943422954126589810623108561901      
   6.46036379815689758889275552545696859      
   6.46030458836550161477817180264374143      
   6.46024157394487258806919111457122453      
   6.46017451134197971980752430557066379      
   6.46010314414728221626738970279972213      
   6.46002720293928123964400798480259443      
   6.45994640535405776825413450254054053      
   6.45986045571469853654351377781149298      
   6.45976904486684192371325979045844205      
   6.45967184998845770633659413361292051      
   6.45956853423322304489132779102329992      
   6.45945874637862965615643632015717609      
   6.45934212042014013800894059326513685      
   6.45921827498855622239867534379731998      
   6.45908681298583172811109114968028890      
   6.45894732082102389547902539840955103      
   6.45879936765582959657484645356094682      
   6.45864250462573772647271161891793169      
   6.45847626401109408001800344007019716      
   6.45830015754508868052700898175308003      
   6.45811367720651405680643611266962827      
   6.45791629181093642119175468462763629      
   6.45770744683999285546061670670333331      
   6.45748656365118781918241334080258745      
   6.45725303436533857225550507288706779      
   6.45700622650300747921075881414153407      
   6.45674547623714547923239849053645052      
   6.45647008769913163251608493509190841      
   6.45617933089267576475812851714876124      
   6.45587244061653276541209630074446473      
   6.45554861249612646626997076494450204      
   6.45520700138205486739273065583388800      
   6.45484671922822467187098152022893060      
   6.45446683066429729985128469180525271      
   6.45406635116596611070188458904108090      
   6.45364424393280093116224793720845515      
   6.45319941589335310991843691029443133      
   6.45273071451957184708366222199293177      
   6.45223692368068813355051396828710552      
   6.45171675979736611955665263604399186      
   6.45116886776908080108563923410790537      
   6.45059181609748237022016206897591099      
   6.44998409214166984435651117506383543      
   6.44934409711628437846387113802135816      
   6.44867014092778751727242787156897722      
   6.44796043615510203039201595014703518      
   6.44721309226565583378242872880143843      
   6.44642610927871272469065004510904027      
   6.44559737059485352866253281379829439      
   6.44472463686864259235695701914300576      
   6.44380553758568879881687686744369755      
   6.44283756366851138925837928106850328      
   6.44181805900805391329980165607736696      
   6.44074421134333042797592178669540584      
   6.43961304385036593128938836111221922      
   6.43842140429179474934468817113534943      
   6.43716595534250926731941377597684852      
   6.43584316366093774490232563525771644      
   6.43444928803317252118739256649720024      
   6.43298036828551710016462215425959542      
   6.43143221186709805438632682705169003      
   6.42980038113718997801260106199849696      
   6.42808017914069965187775570832613205      
   6.42626663617385506865111494184050498      
   6.42435449459497776939048684950907446      
   6.42233819334824373406923278099189509      
   6.42021185272216108498992850954567129      
   6.41796925813291440267186158922091614      
   6.41560384418310670204704080946451070      
   6.41310867847090663456503949767614543      
   6.41047644598507366350340749410467891      
   6.40769943344330770945724569288260300      
   6.40476951484351935126227997333733838      
   6.40167813840471489821642563415867713      
   6.39841631444932329381129845193120479      
   6.39497460619181431944578688528081093      
   6.39134312254104512258519531790586156      
   6.38751151481519706158103520679603718      
   6.38346897655624609049761924320811115      
   6.37920424854313449314455431968583218      
   6.37470562671686085086552910973784024      
   6.36996097802899394327469805124946899      
   6.36495776054711577058593582610979445      
   6.35968304828912463560810154243648670      
   6.35412356118870559792943050619222523      
   6.34826570223047520745759255005125013      
   6.34209559458405128417241106324640310      
   6.33559912841562848447093977748145731      
   6.32876200264455001506513697744200804      
   6.32156977320714791389688995432345971      
   6.31400789813586927752003177226017904      
   6.30606178549957348335399183875868426      
   6.29771683327347793623273086602658455      
   6.28895847072794069895897057820811882      
   6.27977219482217710983706428505885650      
   6.27014360131623687336177897675513040      
   6.26005841349714681334153838818027766      
   6.24950250553329192484761867557560781      
   6.23846191874343845177750442568583393      
   6.22692287889496702173059314466663840      
   6.21487180604130654380855572717273834      
   6.20229532146623650377691326648133697      
   6.18918025377486607576863262595889529      
   6.17551363903989018681604464650968215      
   6.16128272251594939447494412514910311      
   6.14647495403419669647041819480619508      
   6.13107798775420797710656589650184000      
   6.11507967337663781066207605549925027      
   6.09846805161833658012844157486295772      
   6.08123134621384993998284347227953262      
   6.06335795565327652349993072734425713      
   6.04483644304361855195971605585935718      
   6.02565552604044946902661281553452046      
   6.00580406536097643795381948045786985      
   5.98527105333504723448163915354307139      
   5.96404560082525140288150377477662529      
   5.94211692422244411199407677923478150      
   5.91947433313190474731114780725693020      
   5.89610721494707833935674913923057714      
   5.87200502365755666268200360864738738      
   5.84715726299630531346648772704509232      
   5.82155347860394806214496062605646940      
   5.79518324049432537602119895242320247      
   5.76803613285996538659312024856159426      
   5.74010174275035282481089698332596654      
   5.71136964821591413928057713502201338      
   5.68182940932287401833045443531172916      
   5.65147055852708684093283701552661113      
   5.62028259272245810645964012223754163      
   5.58825496434980413541382379743276387      
   5.55537707780179520750372151394772136      
   5.52163828020572301928656329436274716      
   5.48702785791698706576261363021905194      
   5.45153503253552257279685462542907356      
   5.41514895582236940725992323366473252      
   5.37785870800789676588808278925758525      
   5.33965329400145070457109638490767280      
   5.30052164219635920899952976958777837      
   5.26045260177107813761271453400805187      
   5.21943494320451232042614697987840930      
   5.17745735455672602972798253197135467      
   5.13450844445222885564400176767111021      
   5.09057673680225433525177726438250663      
   5.04565067593459418090160437402469673      
   4.99971862306568486199578188724992157      
   4.95276885589676330179431515006392624      
   4.90478957207690558181762787809865671      
   4.85576888642910704313128278766671777      
   4.80569483299676519603407403917256515      
   4.75455536465613607479519117242635247      
   4.70233835377269398220814798705538471      
   4.64903159275004261001423774461395295      
   4.59462279452081518628713306467641004      
   4.53909959277501100293132431372814525      
   4.48244954306775021080043057266566087      
   4.42466012273328418964606966966754344      
   4.36571873154375238865513175125683606      
   4.30561269244591764602888772440995609      
   4.24432925162387560781828302982013943      
   4.18185557930476237608312721674819746      
   4.11817876976622368284029304100660903      
   4.05328584222411573398969078494904270      
   3.98716374097408685893142916324356745      
   3.91979933553989704302350457533260791      
   3.85117942161614942085902545381456616      
   3.78129072063066680620655897320402248      
   3.71011988068766625340503345884382475      
   3.63765347652480560234754844052116510      
   3.56387800980050514695584280857135150      
   3.48877990951459793301904881832011739      
   3.41234553201841400249132466085545653      
   3.33456116136090808358252921992411016      
   3.25541300929129269727533489346666387      
   3.17488721574506034393022167589151311      
   3.09296984882401404848749931760819694      
   3.00964690494674989280494658264385895      
   2.92490430889862400973496325235476028      
   2.83872791428419721063321056091743891      
   2.75110350317824783422255357929068609      
   2.66201678663743295623992980221404954      
   2.57145340463981598716667180331844577      
   2.47939892599181314165859947834665695      
   2.38583884865636180264231745413770892      
   2.29075860000067612211168729091514341      
   2.19414353607746656330939090159560891      
   2.09597894255609822361948985544593223      
   1.99625003429013271463913081197186966      
   1.89494195547234245547595706405416660      
   1.79203977962647526466874861984611051      
   1.68752850969807190389728001787284394      
   1.58139307810504159781476145822223865      
   1.47361834684707711502765677817126409      
   1.36418910701911286875336719238700647      
   1.25309007989173310330220383913611091      
   1.14030591498304795112692087068234556      
   1.02582119173822542508483421805377283      
  0.909620420501124619830513591614754876      
  0.791688039691784065491119238619347529      
  0.672008417784223593982736434848131656      
  0.550565852989888572934725077909116552      
  0.427344571265783738851622982957551760      
  0.302328730786524477208979465528811371      
  0.175502417616519392419017718336869280      
   4.68496475408162461055619669735520569E-0002
  -8.36456339273130837665612372131240964E-0002
 -0.215999552038254155809323647779636390      
 -0.350228302352725476109150594256534955      
 -0.486348151492937648064913493939510989      
 -0.624375435679354774466507373548792004      
 -0.764326562175013475844607974163560507      
 -0.906218008741998294556067874553091460      
  -1.05006632374837938147292132721071515      
  -1.19588812627138163620858487800162273      
  -1.34370010573961804837566152412618864      
  -1.49351902207776451754648718643803345      
  -1.64536170581564376716674254226605399      
  -1.79924505813172133659756294760626770      
  -1.95518605056546959636640838152558664      
  -2.11320172630758956889789222087868257      
  -2.27330919751741983951386494404783078      
  -2.43552564782653226381022172019198276      
  -2.59986833190938144510044721036253327      
  -2.76635457375528560867270345643513772      
  -2.93500176916767406212540741442137188      
  -3.10582738458057179008404539388379965      
  -3.27884895567512614707735377658865977      
  -3.45408408981256367776451251769049758      
  -3.63155046511537545233167967573351749      
  -3.81126582951401748325615066502362195      
  -3.99324800190306207765086046375233600      
  -4.17751487242391209543222157917058684      
  -4.36408440053020697819068572356043628      
  -4.55297461686746765895540531092017910      
  -4.74420362256204729514149949937741791      
  -4.93778958998825631741415211356801069      
  -5.13375076074208778032497975381649897      
  -5.33210544759152941969093085211487722      
  -5.53287203388591730276381245667572164      
  -5.73606897351975098300180097914015580      
