   6.46114229515578832787994501293249882      
   6.46114229515578832787994503858969363      
   6.46114229515578832787994507460013469      
   6.46114229515578832786445253264715027      
   6.46114229515578830736877830827187224      
   6.46114229515578543430523330540413720      
   6.46114229515567986084553770997337471      
   6.46114229515405411085426355557253799      
   6.46114229514024780706460330980013489      
   6.46114229506340386795102376279546122      
   6.46114229474944116454464152472368397      
   6.46114229373255762115370403355904362      
   6.46114229097773987430205475287152496      
   6.46114228449084290520681998490901197      
   6.46114227083410622847880000157021851      
   6.46114224455776934411189092106541440      
   6.46114219769051490532255216550741461      
   6.46114211915224511881360101728087393      
   6.46114199424398476485744281917715952      
   6.46114180423514973113274168690983403      
   6.46114152603598559711229481442511699      
   6.46114113198127726345072155770888169      
   6.46114058973776401948912041133915881      
   6.46113986234530308099748802424564107      
   6.46113890839857694357279708317159087      
   6.46113768237105328435835737050762437      
   6.46113613507571503921609997313541449      
   6.46113421424830483346907125592553218      
   6.46113186522958452193653740739842905      
   6.46112903170208196437353800625291760      
   6.46112565647417408744505149993799645      
   6.46112168229429506166604511816765321      
   6.46111705249064241235897652480816739      
   6.46111171161938351533208856306461340      
   6.46110560595476746440258964885587063      
   6.46109868383102915942973059474943309      
   6.46109089580815555633231553663232077      
   6.46108219472006297286183781095585348      
   6.46107253544288747867789305039512659      
   6.46106187474629146896999673604245101      
   6.46105017061206239026662994325049932      
   6.46103738175406554923659153323041159      
   6.46102346692167769683117346083201470      
   6.46100838414646399369644968143907881      
   6.46099208993788977572708611997443303      
   6.46097453843848236262538290449880739      
   6.46095568056763955249965093118497007      
   6.46093546331584527252502054510304841      
   6.46091382892570975626022964354807059      
   6.46089071407919806475940096731650080      
   6.46086604930170963519906659531678902      
   6.46083975834907899140085864256883594      
   6.46081175769722858590640801535382658      
   6.46078195608118380229271342455684833      
   6.46075025412750460138953862478496294      
   6.46071654410135779200261261049950518      
   6.46068070964733178017018217117450677      
   6.46064262571280045795808609159728283      
   6.46060215835759595731155000367574909      
   6.46055916477215500222008684138935005      
   6.46051349328883076971293468717110798      
   6.46046498349120615672048917014158892      
   6.46041346621795256730015212518498355      
   6.46035876384900790484986552923918300      
   6.46030069031722163610526309875694875      
   6.46023905129829672173483798549743757      
   6.46017364435386379296282117079174531      
   6.46010425917630386342389568265416250      
   6.46003067772893537487651360167012205      
   6.45995267430007253597669940173305290      
   6.45987001572243866617604619293826744      
   6.45978246148432322568392436418799543      
   6.45968976372764719941122659958611030      
   6.45959166733130199830238260148746708      
   6.45948790993970785260344806073252277      
   6.45937822187271181455881196658678453      
   6.45926232603401406691497653726349142      
   6.45913993783595946482368481280386216      
   6.45901076508366520584209673398068941      
   6.45887450759911542291702382522673428      
   6.45873085699295337285060677261827617      
   6.45857949629832802885369268543318337      
   6.45842009958420669082314608935946376      
   6.45825233148844833534502640190473149      
   6.45807584667679244951747384515740063      
   6.45789028919791381919549317277932649      
   6.45769529185797326733303086427483032      
   6.45749047534634852425460042752054391      
   6.45727544798429257498048767853681903      
   6.45704980405459930439361357589052636      
   6.45681312329979245826381458870571380      
   6.45656496941110117210364307696215974      
   6.45630488985166562969862711106021051      
   6.45603241372849697923041111328503518      
   6.45574704960307772514468884611016984      
   6.45544828739566368740267712116698583      
   6.45513559349940986445493093165521952      
   6.45480841078266452434879680236681100      
   6.45446615551685939139946488309211796      
   6.45410821806078234378855203740605777      
   6.45373395838984899582010403690707107      
   6.45334270471162859098016517601986061      
   6.45293375251876832488249187046628093      
   6.45250636054765379038193123789048790      
   6.45205974926221514405850127687952454      
   6.45159309766171757513904154389182367      
   6.45110554057458485655684218716595104      
   6.45059616628996582957122526725270501      
   6.45006401228092776820186948684325320      
   6.44950806222532456999280152081402831      
   6.44892724257931008943277556289353924      
   6.44832041868755386548698433810378745      
   6.44768638970230703433140531691200709      
   6.44702388560092774637589341840818128      
   6.44633156135317901804156301884132105      
   6.44560799206359122022100951262778339      
   6.44485166769722535276549877374416658      
   6.44406098743413622606444844863431859      
   6.44323425257846864338115385029529702      
   6.44236966112774150340802257347727800      
   6.44146529980215292001923764911083867      
   6.44051913578129487441478073818902651      
   6.43952901022613503360395705042868808      
   6.43849262721781265890323939434700824      
   6.43740754556766931023826964304208388      
   6.43627116810717537955910808647237530      
   6.43508073024145800138475230076910289      
   6.43383328831546111103128005224890633      
   6.43252570617155010566007575653957865      
   6.43115464170266565254071496852986740      
   6.42971653099036003571985622584798259      
   6.42820757272954782074072280421688432      
   6.42662370982231931047792556734328223      
   6.42496061095281833346539834469090683      
   6.42321364964489728704196234044691486      
   6.42137788224117554167357465906164362      
   6.41944802420400625064410046576592539      
   6.41741842439224744097244761609197661      
   6.41528303783447769576807068527225730      
   6.41303539656442868351983542375274562      
   6.41066857868422877412230667594768739      
   6.40817517572716069959495734320019228      
   6.40554725851138913773579525296631991      
   6.40277634172237691917962527344449791      
   6.39985334773640830286800409227412332      
   6.39676857025588667052226898274487520      
   6.39351163804266806341315600894555588      
   6.39007148152218772619607761791521305      
   6.38643630112493687164078389839102231      
   6.38259354081884789002065818617085563      
   6.37852986855956120234713354646999151      
   6.37423116583375444473974479228315907      
   6.36968252701679124694681193445300689      
   6.36486827539026275829743741311405172      
   6.35977199239640952966935063546656678      
   6.35437656593043895291517394466141686      
   6.34866425709730213944728865264732188      
   6.34261678541179676793738559542696896      
   6.33621542992179213227164917596136882      
   6.32944114392664622190946413117683814      
   6.32227467899425051844084134362369462      
   6.31469671088889685664665614589565350      
   6.30668796174360392156654840935926352      
   6.29822931751268916052021367215049760      
   6.28930192513904843898672818201552166      
   6.27988727706905567767177686566286327      
   6.26996727450476210903773634390164057      
   6.25952427072420099039864188315450521      
   6.24854109596761644723055272896896300      
   6.23700106575368945494844856282821215      
   6.22488797454881476132075436774269315      
   6.21218608013149240437050397227443128      
   6.19888007593854595287280202739010477      
   6.18495506705974600894359748460120287      
   6.17039653164190353816321475869184647      
   6.15519028966950170459931552518330017      
   6.13932246903015718791001130834641109      
   6.12277947591506395294473528985524329      
   6.10554796109739932287572643555053555      
   6.08761479395473266031506952070707605      
   6.06896703823062171895690781616985650      
   6.04959192989432898507083564870810930      
   6.02947685665353056985774610477613575      
   6.00860934153632390901003662512463234      
   5.98697702787876098530621240285242807      
   5.96456766698462046010770557927120623      
   5.94136910711467487689338769476572078      
   5.91736928394921658960198042503245257      
   5.89255621317178376252415848113179438      
   5.86691798315466541123941365234084096      
   5.84044274898313877937740383172275665      
   5.81311872776355317652328492082322669      
   5.78493419318601135933786532053284329      
   5.75587747161922960105156605045224632      
   5.72593693748126601470309068831378033      
   5.69510100899474609738229896864979331      
   5.66335814356137853636781157514912234      
   5.63069683388617117466881218352396504      
   5.59710560184894204514872847305719220      
   5.56257299459578073221615951091791941      
   5.52708757805732386769369156257218065      
   5.49063793126969413950544619860527062      
   5.45321264020997951760384880051001566      
   5.41480029184477239505209520576909216      
   5.37538946635153375902466299772980594      
   5.33496873095017465224481863915464156      
   5.29352663316452357930237173020669867      
   5.25105169325811587150271575073192507      
   5.20753239864607433889938341883160074      
   5.16295719621070300219213462802464230      
   5.11731448685132654872699096278757278      
   5.07059261914508593595534062425172396      
   5.02277988425217622238217632498261870      
   4.97386451039100371541272320135828580      
   4.92383465845900125587371548573831916      
   4.87267841833769304419592159281410073      
   4.82038380436474924551400525007378884      
   4.76693875282119417631365324552458726      
   4.71233111914791204078886208168160779      
   4.65654867504012126026773427502555383      
   4.59957910783998500413091479565163347      
   4.54141001783963450556903454145746681      
   4.48202891727580020430984128892582260      
   4.42142323038487408451866228963550793      
   4.35958029164314919697131113656703999      
   4.29648734603767940392088517425154080      
   4.23213154897302059952292739460540306      
   4.16649996562751445105432311188760496      
   4.09957957229062666623463338841069913      
   4.03135725501747620233286040736949687      
   3.96181981171249450666565951180309400      
   3.89095395141893095615928810004994929      
   3.81874629520182627403665137405682551      
   3.74518337668794304669452035239417172      
   3.67025164254893841173567492505753682      
   3.59393745368817730592937166373855410      
   3.51622708481342706311915129373769134      
   3.43710672629809931087979417604066778      
   3.35656248312186758279868523758079827      
   3.27458037803982447499581304201761317      
   3.19114634898468608381067637289236774      
   3.10624625299152882580842077711848336      
   3.01986586377610626497698301278447355      
   2.93199087466706838252510474502338811      
   2.84260689726108768514961729696436817      
   2.75169946364479484004521189489258845      
   2.65925402527122938631102917301783114      
   2.56525595491129428622232210120091417      
   2.46969054567345778969092715869076748      
   2.37254301284616350230675831290470394      
   2.27379849292284256220918457223833271      
   2.17344204536065833057652215667947700      
   2.07145865156082484050535544101609049      
   1.96783321649859593904455173525978726      
   1.86255056805086603704894290892482821      
   1.75559545787317217978256608224793685      
   1.64695256149398359086014327617820371      
   1.53660647857608613525753701543101978      
   1.42454173322551062046328723014872991      
   1.31074277426288837331046736691785565      
   1.19519397533757722595296574752137190      
   1.07787963511543112775791707619650867      
  0.958783977770204622320276368993042281      
  0.837891153047137211854065909512530129      
  0.715185235972742219791708961817003114      
  0.590650227968007114663131148948302850      
  0.464270056236242476929922160154830863      
  0.336028573792462457127152576243995217      
  0.205909560934711813857067857640934827      
   7.38967230077055918725087355718440215E-0002
  -6.00263068064538928807166387129522111E-0002
 -0.195875969077814256099788848805598646      
 -0.333668777542168458391515330453985570      
 -0.473421319685566789932531666138340535      
 -0.615150254518690178643311299592981332      
 -0.758872315487683891502667997264590974      
 -0.904604307616177526548502617868386929      
  -1.05236310880197914462047105475360555      
  -1.20216567133055822201116996814570902      
  -1.35402901659491871673140018732325907      
  -1.50797024211200433360724615081757391      
  -1.66400651512572558875884853708602518      
  -1.82215507602788582030482966694994297      
  -1.98243323879805810001852003330852416      
  -2.14485838655312238093806737401548235      
  -2.30944797846199794542963680971281451      
  -2.47621954229949754725726669865631563      
  -2.64519067858821427507361595601607838      
  -2.81637906248881449852880360199524305      
  -2.98980243787247549672371699714944886      
  -3.16547862037912467015268196700197978      
  -3.34342550031388002749671136294584234      
  -3.52366103861027474066823802914872542      
  -3.70620326492623802556745899465259779      
  -3.89107028385627924416532437405531131      
  -4.07828027126240749173565903100283010      
  -4.26785147438550273068141208610079932      
  -4.45980221030371440698229961205175356      
  -4.65415086772959886965903386946793961      
  -4.85091590992565987502531839156468124      
