   6.46114229515578832787994501293249882      
   6.46114229515578832787994503858969363      
   6.46114229515578832787994507460013469      
   6.46114229515578832786445253264715027      
   6.46114229515578830736877830827186993      
   6.46114229515578543430523330540437756      
   6.46114229515567986084553771006403054      
   6.46114229515405411085426356359982324      
   6.46114229514024780706460357892946745      
   6.46114229506340386795102832063539618      
   6.46114229474944116454468839077020517      
   6.46114229373255762115403489718423719      
   6.46114229097773987430380125103133990      
   6.46114228449084290521414710023075100      
   6.46114227083410622850435446043463053      
   6.46114224455776934418854467251404843      
   6.46114219769051490552566730941342054      
   6.46114211915224511930003326413288522      
   6.46114199424398482916209553870682689      
   6.46114180423514994519441998127102909      
   6.46114152603598652177051004729192307      
   6.46114113198128077888730448283286525      
   6.46114058973777598099562335682182393      
   6.46113986234534001539305338714859945      
   6.46113890839868165021082800256601015      
   6.46113768237132851151412307483191026      
   6.46113613507639146373655320556890378      
   6.46113421424987039901518063177814243      
   6.46113186523301793760959926038132275      
   6.46112903170925500913787054501670970      
   6.46112565648851639048412643437571342      
   6.46112168232185224640203867187378297      
   6.46111705254170447352316569921734396      
   6.46111171171091556329927211024157097      
   6.46110560611393945082497466139465784      
   6.46109868410021473043176880126081904      
   6.46109089625185119846621089499553186      
   6.46108219543426903506630789630162380      
   6.46107253656758630924319793710647331      
   6.46106187648175833906257254363032771      
   6.46105017323984873810845868018402864      
   6.46103738566359876863271758751561388      
   6.46102347264352852475918031125937967      
   6.46100839239343737714878161585746675      
   6.46099210165519961045442209742362552      
   6.46097455486283335464528693075315255      
   6.46095570330386349851230861529811037      
   6.46093549441914106897770172238687032      
   6.46091387100532469028628768251558789      
   6.46089077041244786015316730868143367      
   6.46086612397409298527994543814710023      
   6.46083985641027817025355478188715119      
   6.46081188534068895806486710753366952      
   6.46078212084820588408342652308633817      
   6.46075046513793480830902114403626213      
   6.46071681231305942680995133788982451      
   6.46068104814653932179971354280439277      
   6.46064305003782449211617701085684062      
   6.46060268685789238460511898380837439      
   6.46055981900537429573734617839206946      
   6.46051429845813342937570793491197516      
   6.46046596892534674312175058648433879      
   6.46041466589648124306836890384775157      
   6.46036021697560269240510046415778301      
   6.46030244194296867724037115749221661      
   6.46024115299832548603479281007982699      
   6.46017615495922652502530855582528557      
   6.46010724556605235642429190762357011      
   6.46003421568127000242408560395289332      
   6.45995684940872378847109999092353040      
   6.45987492438170360561847492865587397      
   6.45978821194221926347872226635060262      
   6.45969647721393229249472459678058563      
   6.45959947926252104950548364925744016      
   6.45949697120389850388039743496333158      
   6.45938870019843048674597687932692333      
   6.45927440744547314092069636544620153      
   6.45915382820441419345870240044094813      
   6.45902669177053058865025128555020139      
   6.45889272119735622236864490622517228      
   6.45875163317614281528771601397422815      
   6.45860313778021465004676747669793179      
   6.45844693818839291637122931938912464      
   6.45828273034250487108820323107987686      
   6.45811020252895961604605282728563418      
   6.45792903486167715529393822924333774      
   6.45773889880365160074062171105322655      
   6.45753945646300825579990594477372912      
   6.45733036041229007055152624524485213      
   6.45711125226595676303233918562974748      
   6.45688176230832936135146960301217152      
   6.45664150815845406796948734180543417      
   6.45639009484107526360994322042954761      
   6.45612711260042707596027613211601811      
   6.45585213554136011624685445295803104      
   6.45556472296481795867503950066356100      
   6.45526441521471379112569042470062028      
   6.45495073384215925522853519414608739      
   6.45462317870649725127220378557757084      
   6.45428122910948123291310148932993561      
   6.45392433936292699362686510986494962      
   6.45355193813813813481466003745731843      
   6.45316342723720496251579439358554285      
   6.45275817857833646024075787982468913      
   6.45233553268221246374538721629718500      
   6.45189479568876211153509218268744018      
   6.45143523780833505813223879356524376      
   6.45095609073852325284058892380701713      
   6.45045654420611778057840917246446728      
   6.44993574340202617509238110632855330      
   6.44939278611747508198011504826228972      
   6.44882671972008009586730738848476526      
   6.44823653639369064625181243612669212      
   6.44762117105383755944421056800998537      
   6.44697949631478373932945465887345173      
   6.44631031808069774083938226773768004      
   6.44561237184291435254269004713413841      
   6.44488431728674659047467520526582005      
   6.44412473273147293793510747442336947      
   6.44333211030259747378325635940161843      
   6.44250484940586698670629599214042172      
   6.44164125006429191413476858385853190      
   6.44073950666347542192921283906462772      
   6.43979770002133680677690393735363927      
   6.43881378940581378019193371552141756      
   6.43778560366113790171946867500133098      
   6.43671083225493786092523643853493792      
   6.43558701488918775739646744432363548      
   6.43441153052005233667252124334250432      
   6.43318158575608112248800528166613878      
   6.43189420154116496651967268213115863      
   6.43054619975047128867275136017682945      
   6.42913418802379762602585471983630292      
   6.42765454264712310601434796440714136      
   6.42610339177794012322104791918588441      
   6.42447659554197938532133601636792632      
   6.42276972479673330415726556160855892      
   6.42097803881660811761474579474371086      
   6.41909646008594830167319107344081881      
   6.41711954754400549504341651926776902      
   6.41504146740999127546415337225433072      
   6.41285596171526370980524467895195155      
   6.41055631420906830304376430161946940      
   6.40813531427913898034062952581109164      
   6.40558521776686417525511685610880356      
   6.40289770599772702265057568925205291      
   6.40006384265190503971548866152471472      
   6.39707402898995017024966715719069693      
   6.39391795876280305280613196971150403      
   6.39058457309434676332407836901307782      
   6.38706201755046183723211861283432257      
   6.38333760369857079160609060016036405      
   6.37939777520214314450035847633431746      
   6.37522808730448383896871522245073409      
   6.37081319628372642864303326328526485      
   6.36613686782317061842321929861739447      
   6.36118200496152788090537137087062611      
   6.35593070150271934726207146906004728      
   6.35036431959925696452050942025161101      
   6.34446359301800903763606739364760420      
   6.33820875403748132250836799932256808      
   6.33157967808755811675778433451245797      
   6.32455603953177699767617679079584567      
   6.31711747130831337727830115316248155      
   6.30924371615865929402719539623796111      
   6.30091476624011999364476294108376448      
   6.29211097990515631728335499523409052      
   6.28281317393514283266848532334948467      
   6.27300268948273142216216729343253561      
   6.26266143179550908368479417381555418      
   6.25177188719863664738746490717511147      
   6.24031711822583788254169188270880207      
   6.22828074540198567568037931000935246      
   6.21564691784862439171783833432862918      
   6.20240027509518932977351579090094336      
   6.18852590258009675951374712477523939      
   6.17400929187626222544448314669085441      
   6.15883629411440316255126792388734345      
   6.14299308280785958048146232463320488      
   6.12646611170195799347804585527864014      
   6.10924208112563240250816836950887355      
   6.09130790457287078187094814135519919      
   6.07265068526426935196478492777378591      
   6.05325768612902071540210690514210245      
   6.03311631123433448703655491157339716      
   6.01221408742829945316560753301771076      
   5.99053864808848483540744544169808711      
   5.96807771986808181475049234058079446      
   5.94481911206944588636373173972350644      
   5.92075070763771984524374847488745312      
   5.89586045458770864815798850694349235      
   5.87013636058105997317294238144827840      
   5.84356648702319091511434888556832913      
   5.81613894482552563620215047282978463      
   5.78784189067131169997338830824642847      
   5.75866352374448591150221747732780925      
   5.72859208217306397924449197890960766      
   5.69761584095341517229654121197961915      
   5.66572310798615207503323326514258915      
   5.63290222163974041161746302767827662      
   5.59914154708904033313311965468262035      
   5.56442947243785950040299263643373655      
   5.52875440554882189482523388825641808      
   5.49210476867610750357369983247675880      
   5.45446899461257174607018488067999748      
   5.41583552063022333631589595355634154      
   5.37619278398137825942790540430273816      
   5.33552921553546757704730177309687103      
   5.29383323420730779423388466237868595      
   5.25109324078305410404202820179558480      
   5.20729761188831718824719813021225936      
   5.16243469384346912927084714004563045      
   5.11649279665288049782718916402894872      
   5.06946018837695005463498188715187013      
   5.02132508926377028582512365883397456      
   4.97207566676532101316699150050005656      
   4.92170003019097761114123690049104519      
   4.87018622648821963181601361810419672      
   4.81752223566176898145562580277009134      
   4.76369596724337698757598870982414664      
   4.70869525698388519263161913326353043      
   4.65250786338100908018003014315855502      
   4.59512146531928080070937094795967370      
   4.53652365982155369013328861649784210      
   4.47670196060235668271874619232477007      
   4.41564379561290752651177295039097822      
   4.35333650610392271239156151135683889      
   4.28976734667664361680134922111848310      
   4.22492348262208272534584757431616902      
   4.15879199126341672083662896317789529      
   4.09135986038401781376375613795536007      
   4.02261398871085325575410073503968455      
   3.95254118583289728671905249910034553      
   3.88112817193829358090869278919417735      
   3.80836157885965574777580121313666643      
   3.73422794934899588772512604184022708      
   3.65871373869168606289644923349368332      
   3.58180531358008579934935168775062320      
   3.50348895449985552972150008312340783      
   3.42375085446437987488812780124954889      
   3.34257712092123544325991574562796816      
   3.25995377515667695181647185655781331      
   3.17586675405908040306508048801158231      
   3.09030190980932223120613331531665760      
   3.00324501085987946963630112979209819      
   2.91468174185486226673257427025918943      
   2.82459770562098143327991290888787275      
   2.73297842186650779217745002928522931      
   2.63980932934278027032506695392238016      
   2.54507578510509757989072141878269334      
   2.44876306601768184633164097233520968      
   2.35085636801855481971851641766213626      
   2.25134080808083999529264156365909137      
   2.15020142341833493724151347736413310      
   2.04742317247487355379132893973063688      
   1.94299093515687504568514322811846584      
   1.83688951312894847636468205142129675      
   1.72910363040833988010802077370574986      
   1.61961793364396304785388735072951284      
   1.50841699232114823022143701105876101      
   1.39548529897505968847726543251080866      
   1.28080726990308313911793837968803645      
   1.16436724476124433955041956427540498      
   1.04614948766413069314632744322892399      
  0.926138186934091165064758630177274282      
  0.804317455202730384299997756539668901      
  0.680671330163881918606376221934304777      
  0.555183774201116495651070968055521944      
  0.427838674827376127449511527835042215      
  0.298619845234819108163882482439362596      
  0.167511023937312831796145693598491707      
   3.44958745769306496485960366681925434E-0002
 -0.100442012051751561264282622497859539      
 -0.237319120557188395928870465108157532      
 -0.376152008086790234651443468430168433      
 -0.516957306989333452586476263287585850      
 -0.659751721701926128869165812602134269      
 -0.804552030943350342528401365912427022      
 -0.951375086617462923948527265121202130      
  -1.10023781366978582482352690781280253      
  -1.25115721091649178002642179025626711      
  -1.40415034871630446279923345111559056      
  -1.55923437166199743845208434244476035      
  -1.71642649706868795121931480339771346      
  -1.87574401373809523099184963178070781      
  -2.03720428529271879030233911857020908      
  -2.20082474586373765301316866394202927      
  -2.36662290196399091693387125779537706      
  -2.53461633549276214534367873342869400      
  -2.70482269675067495877365687008409513      
  -2.87725971060599465646603819695745717      
  -3.05194517479193594024453897827329217      
  -3.22889695599598576518139214301264182      
  -3.40813299551160136299834149100657211      
  -3.58967130809668726463520797594889567      
  -3.77352997570688885608107644394774278      
  -3.95972715542775897536013581654334631      
  -4.14828107696495384650743279733082763      
  -4.33921003961523519533897699917992259      
  -4.53253241441220715646674317776621008      
