   6.46114229515578832787994501293249882      
   6.46114229515578832787994503858969363      
   6.46114229515578832787994507460013469      
   6.46114229515578832786445253264715027      
   6.46114229515578830736877830827187147      
   6.46114229515578543430523330540438988      
   6.46114229515567986084553771007090688      
   6.46114229515405411085426356439369696      
   6.46114229514024780706460361157919312      
   6.46114229506340386795102897063510150      
   6.46114229474944116454469601082914055      
   6.46114229373255762115409485400454808      
   6.46114229097773987430414794137736067      
   6.46114228449084290521571908365646354      
   6.46114227083410622851021697989511793      
   6.46114224455776934420718598117313938      
   6.46114219769051490557763335181969143      
   6.46114211915224511942989357822635478      
   6.46114199424398482945866651911645308      
   6.46114180423515000697732946942581769      
   6.46114152603598679736049163116293057      
   6.46114113198128185757531394204768389      
   6.46114058973777974940433145631380473      
   6.46113986234535193406393933115166609      
   6.46113890839871618757689569300264010      
   6.46113768237142113541991130554323336      
   6.46113613507662334002832396122573757      
   6.46113421425041625614870734208123802      
   6.46113186523423394774042752098982436      
   6.46112903171183256375480105671064090      
   6.46112565649373985345010235890434873      
   6.46112168233201465030821984026296217      
   6.46111705256075506698828399248874386      
   6.46111171174543740590082687997965581      
   6.46110560617458399442611436887001733      
   6.46109868420375350725631153462872646      
   6.46109089642404199671536931672127007      
   6.46108219571377545207860477254692289      
   6.46107253701123398944584073062526185      
   6.46106187717145882128809373194027021      
   6.46105017429157173885899991635891350      
   6.46103738723882502535823782226778321      
   6.46102347496366790749406301269274928      
   6.46100839575774966188507127600426459      
   6.46099210646280810656607936317442757      
   6.46097456163947402605435984634721682      
   6.46095571273406034539517336826411065      
   6.46093550738455550438021902752448109      
   6.46091388862861044763259896593023744      
   6.46089079411548192559460724510228100      
   6.46086615553292256533966923305870899      
   6.46083989803058300753937977560683603      
   6.46081193973881215069231397533703017      
   6.46078219134466100562954476799060193      
   6.46075055576350762382424555870317046      
   6.46071692792858145479958277985499225      
   6.46068119457740586681067553629149219      
   6.46064323422444490402322221817131232      
   6.46060291702315120839092542349908790      
   6.46056010484036186065949948209232047      
   6.46051465132732824453986227452260232      
   6.46046640209250596066992901587357920      
   6.46041519477246392073409463125457772      
   6.46036085938955905413748240302883793      
   6.46030321843799019489495133341083744      
   6.46024208715313227510662103674456478      
   6.46017727373703142982468972582770195      
   6.46010857969268746095600460395492178      
   6.46003580005282218965422765794203346      
   6.45995872353115921768525387598500884      
   6.45987713284416967938835161575154626      
   6.45979080492447584860807480123322113      
   6.45969951103066264165682915851283180      
   6.45960301694587041463624870149742521      
   6.45950108312574803571354602243776050      
   6.45939346473458987071397241628676962      
   6.45927991168307778014633656737843063      
   6.45916016869657236606949108311012497      
   6.45903397533745139845311342033963892      
   6.45890106577720019270339007364595802      
   6.45876116872888222293060112669235798      
   6.45861400724644725424461376876761261      
   6.45845929850602867216732553487780633      
   6.45829675352333830219106818678657948      
   6.45812607679571304306538641818202991      
   6.45794696585097456957006969277240735      
   6.45775911085520991210404127536352646      
   6.45756219395792562340889043989709818      
   6.45735588919435158433421745151357755      
   6.45713986115235427135881861503846135      
   6.45691376468531275135028864145966020      
   6.45667724365592474939437942702392348      
   6.45642993112868007332203644891249921      
   6.45617144718960848259358618556559711      
   6.45590139791880375995220255632218061      
   6.45561937654543777178944095345964530      
   6.45532495960943297757713063372048466      
   6.45501770720239108176126897026043759      
   6.45469716017593342209052609719929970      
   6.45436284147573030897812812074377611      
   6.45401425179805526753953798111106898      
   6.45365086916890467667191785619424869      
   6.45327214775602868678763460878647633      
   6.45287751522183692251624690441054463      
   6.45246637119416101635484042670603478      
   6.45203808476702432865873972585179659      
   6.45159199296623509505380645475496252      
   6.45112739825824019889374307953626530      
   6.45064356572721229283938150501439281      
   6.45013972045230041999523218541985772      
   6.44961504547021774165076440640664228      
   6.44906867804835814110609818474442647      
   6.44849970628816161125280703135191624      
   6.44790716688602801713195343723046953      
   6.44729004059162464150109452419654752      
   6.44664724816293230526509441287233288      
   6.44597764739960390158243748002958951      
   6.44528002762388953179709875884587467      
   6.44455310525980954015425600192488312      
   6.44379551928171691881414102591420886      
   6.44300582510708101577973003708017692      
   6.44218248944248805861075272190260320      
   6.44132388315426612722163773228698561      
   6.44042827569099543519462167835949476      
   6.43949382704388316795207588974174748      
   6.43851858001079918024159991404769152      
   6.43750045209221308989186346277789504      
   6.43643722612439999487920233875948872      
   6.43532654049288843111953565958563161      
   6.43416587849552308460787997077584023      
   6.43295255672471391230190964422498540      
   6.43168371244158002643747418197043824      
   6.43035628996860773967188794660225358      
   6.42896702594306879145610589140091045      
   6.42751243228812204121157874014438593      
   6.42598877967559464086229466114030414      
   6.42439207747068893677677482736538799      
   6.42271805277700634400603250167232117      
   6.42096212734699145768089367517244672      
   6.41911939235818681847780865354748555      
   6.41718458078812262013726315288153713      
   6.41515203734553890923127782951338253      
   6.41301568545334196764606647459828226      
   6.41076899149273237481745113442040650      
   6.40840492579435917848602643729724989      
   6.40591592060745522172319654088560778      
   6.40329382470336020662995246973129809      
   6.40052985520143788911492818844290905      
   6.39761454663894454121169178747600681      
   6.39453769844541091322433617853119422      
   6.39128832128383913996755665505201926      
   6.38785458477791412129720156929644130      
   6.38422376904218444188311222434101945      
   6.38038222025765257805725880017556282      
   6.37631532134319858453978533454862596      
   6.37200747337038529606442468335969900      
   6.36744209913428695229017075112340755      
   6.36260167126608379174901635733520809      
   6.35746776899215648526178778287665324      
   6.35202116692665086454089771032652221      
   6.34624195286820935409602643831463065      
   6.34010967702861626406137444750119565      
   6.33360351850213298880910525538846180      
   6.32670246596101171320743634991211060      
   6.31938549963889483900442321382986274      
   6.31163176249876913444925293845447909      
   6.30342071371165640022442570728518627      
   6.29473225271066765671928625138111604      
   6.28554681733675674748284137835150762      
   6.27584544544143736305075552923854971      
   6.26560981062460933718973970743603412      
   6.25482223070591365350253537973302171      
   6.24346565391158671367029714420043754      
   6.23152363177894875621161865016220000      
   6.21898027970325567176072229203022030      
   6.20582022994199628709539687454074467      
   6.19202858168402471734225009471847063      
   6.17759085246173605530033193099208659      
   6.16249292993603437689390286722531985      
   6.14672102474210877089698233464831835      
   6.13026163118699108919333741850254321      
   6.11310148747031552582300735842874051      
   6.09522754222237415120631082190882666      
   6.07662692479117248227627023543676689      
   6.05728692199358980085710468720461301      
   6.03719495311384620401785030621840614      
   6.01633855236563500984351413145452035      
   5.99470535243379512235407958087743057      
   5.97228307225779759061876085526048135      
   5.94905950508611521714848178045346948      
   5.92502250953572466834182168990238532      
   5.90016000292034733906056753559779031      
   5.87445995443865317350554701156625162      
   5.84791038076827076733054189880239487      
   5.82049934183930434002773938128948771      
   5.79221493793239529273720012941716279      
   5.76304530688310374168245240120992810      
   5.73297862172162201223796807061380287      
   5.70200308830040163728034611115219602      
   5.67010694308454047115732058428206288      
   5.63727845118322710345497827670203159      
   5.60350590316404306768700657172215851      
   5.56877761306207026297474971736545306      
   5.53308191436973423145921572249835549      
   5.49640715665036165692698465031315145      
   5.45874170236875582153694878411223066      
   5.42007392094462076793764494454293560      
   5.38039218523564587551771029338929812      
   5.33968486548157634294083480895632189      
   5.29794032474951199461611843317408667      
   5.25514691243863297274593591214746189      
   5.21129295860207749271536866220529494      
   5.16636676885026103597591725852174722      
   5.12035661726775999348671826066455084      
   5.07325074117393404651129016599756239      
   5.02503733582074611834136156843210864      
   4.97570454812223052056935073253314692      
   4.92524047213701173883364940827328224      
   4.87363314388109766305059347401858154      
   4.82087053667461314145422373798619366      
   4.76694055717312179701205496150303063      
   4.71183104152866741363414400895177171      
   4.65552975240404749359530842975908108      
   4.59802437482132969135403075274201539      
   4.53930251465757254116851997521545384      
   4.47935169625854129519543729212893665      
   4.41815935950048534569401018932531045      
   4.35571285973669524308206336687966405      
   4.29199946540406011562263629515430055      
   4.22700635690339815862328764483233551      
   4.16072062667321043196780758873324621      
   4.09312927817481471869149113402474226      
   4.02421922493736083889963965350573449      
   3.95397729193016097653316797541866351      
   3.88239021369273050835559692859439130      
   3.80944463610703387272722681331843441      
   3.73512711494242431472939583267972004      
   3.65942411787103183966486474949918123      
   3.58232202335452493985819253648035232      
   3.50380712220856076347408790205703927      
   3.42386561685135729978555781264692869      
   3.34248362339145371955684135524829026      
   3.25964717083533604406071411873862314      
   3.17534220224000618844907093765305347      
   3.08955457494998076948396322206292243      
   3.00227006187595238983541566431355303      
   2.91347435096429127417698646459481391      
   2.82315304697781471307699850698829176      
   2.73129167101716869290208655151001009      
   2.63787566174302596847808498636933638      
   2.54289037539934941613641176574935909      
   2.44632108695312091410924276135613971      
   2.34815298985969147960753686179566643      
   2.24837119731761968435560936894530142      
   2.14696074206511456417654831347292360      
   2.04390657714813213668804529699753078      
   1.93919357637578426320203670902516579      
   1.83280653454498563459027381394319272      
   1.72473016795464224792057546501026200      
   1.61494911486004251552910572378201348      
   1.50344793568633512128409008319793626      
   1.39021111321450771859856459238990079      
   1.27522305330603184479288241032912854      
   1.15846808494191851638026603397584496      
   1.03993046061935845345685951538381575      
  0.919594355867941418732003958846677615      
  0.797443871871713977840525657758731477      
  0.673463032437869011976139798425011509      
  0.547635786505643178623915039197731349      
  0.419946007482191340592304603205961599      
  0.290377493852998818097510329841632673      
  0.158913969442288463134987402841068204      
   2.55390827276786071367912441768088156E-0002
 -0.109763591895429250510353046935177458      
 -0.247010554244615886224871118873082434      
 -0.386218378894200576368957467148943349      
 -0.527403713846833558722811109302272314      
 -0.670583281767133179628122218557995050      
 -0.815773877666482573346144389635591867      
 -0.962992372670694898970463457561171100      
  -1.11225570781268311383579995263986351      
  -1.26358090196316541889600737179400322      
  -1.41698504246496203099746321032373108      
  -1.57248529395905242810218144694590916      
  -1.73009889139176602997909364927630820      
  -1.88984314358229876850684537542077019      
  -2.05173543344772862573628502004771937      
  -2.21579321440127690401768234973822653      
  -2.38203401298655950966488068408033932      
  -2.55047543085999849608271802743410028      
  -2.72113513893337806481096349158030847      
  -2.89403088129093761827090401851298871      
  -3.06918047707059132714961628890103629      
  -3.24660181334619945684398410600074814      
  -3.42631285220766196022090457136988782      
  -3.60833162842599071400100172834696779      
  -3.79267624608354062126915559613505699      
  -3.97936488271768657302197587702872425      
  -4.16841578931639737955754390119993660      
  -4.35984728680707745641162425267309705      
