   6.46114229515578832787994501293249882      
   6.46114229515578832787994503858969363      
   6.46114229515578832787994507460013469      
   6.46114229515578832786445253264715027      
   6.46114229515578830736877830827186915      
   6.46114229515578543430523330540439219      
   6.46114229515567986084553771007149545      
   6.46114229515405411085426356447049226      
   6.46114229514024780706460361503525052      
   6.46114229506340386795102904450882838      
   6.46114229474944116454469692817563783      
   6.46114229373255762115410242350390431      
   6.46114229097773987430419349518774407      
   6.46114228449084290521593279352877641      
   6.46114227083410622851103776601050167      
   6.46114224455776934420986368209131748      
   6.46114219769051490558526811763226907      
   6.46114211915224511944935257604418733      
   6.46114199424398482950384260069883371      
   6.46114180423515001654321056670307635      
   6.46114152603598684064213798214818845      
   6.46114113198128202917563582389304174      
   6.46114058973778035593213819110743765      
   6.46113986234535387291153304500131967      
   6.46113890839872186086105764976291393      
   6.46113768237143648687708244032662958      
   6.46113613507666208848283959362820722      
   6.46113421425050816810529323918282349      
   6.46113186523444014233213523574524083      
   6.46112903171227248196682863681884162      
   6.46112565649463675615642461617054433      
   6.46112168233376943534857204715003989      
   6.46111705256406189423155424684787968      
   6.46111171175145915197763125343280361      
   6.46110560618521095515038473560160988      
   6.46109868422197502997546555132726329      
   6.46109089645446780727619790645065067      
   6.46108219576335134865622689492023216      
   6.46107253709020511738608754836514451      
   6.46106187729464292388975244182721588      
   6.46105017448001445010797704471803177      
   6.46103738752191927888561530686372917      
   6.46102347538182982947971071451316119      
   6.46100839636575370106250787082503796      
   6.46099210733389459862803006684227665      
   6.46097456287035280142975492587747275      
   6.46095571445094378198916763368849507      
   6.46093550975036542853441255086409198      
   6.46091389185151147664902997698265170      
   6.46089079845767419276288105068771827      
   6.46086616132712269766062824467599997      
   6.46083990568650774155485415710734094      
   6.46081194976333978895812914079963033      
   6.46078220435847931276440482579799020      
   6.46075057252132341206019773472145613      
   6.46071694934197109811350493211003120      
   6.46068122174051980056018109791009149      
   6.46064326844279829459239430178742156      
   6.46060295984571829591474411276883401      
   6.46056015809522029935328964369031782      
   6.46051471716108994596041135743753888      
   6.46046648301378376813026896475404147      
   6.46041529369962010141146691837871201      
   6.46036097970301548277610843802797422      
   6.46030336403732914237800486554462806      
   6.46024226251929309585038711943107473      
   6.46017748399984192587672313985147587      
   6.46010883070411931401336216510808837      
   6.46003609846607180117204934361505867      
   6.45995907688600869253196571908882255      
   6.45987754965896175474875156678953348      
   6.45979129479484064616775023772731233      
   6.45970008473550233064241772433171481      
   6.45960368656088775013034146974591148      
   6.45950186214483200341622210280650985      
   6.45939436819948316200118877774203515      
   6.45928095632160917396855058429716536      
   6.45916137307018784671762959842790038      
   6.45903535999800155936118371422616372      
   6.45890265343359283502411437063908774      
   6.45876298442422420201145344125546808      
   6.45861607854615141280683831783349805      
   6.45846165569715181982844374559286947      
   6.45829942982604523489401730025989934      
   6.45812910858706934125684421188735130      
   6.45795039290128485673571345453660004      
   6.45776297658131714736340148891256864      
   6.45756654568700930326609254607579937      
   6.45736077844404690660260683410409231      
   6.45714534392818495978314716470918304      
   6.45691990179545489493131276500370334      
   6.45668410104161149796661782099311330      
   6.45643758021817757232536119716299363      
   6.45617996525621773701086146479793485      
   6.45591086849789673480252539555322709      
   6.45562988982440495470773784212717861      
   6.45533661287485958744847966575578529      
   6.45503060530329572731981908987079984      
   6.45471141600945203536706596226468408      
   6.45437857651111477316953879339652090      
   6.45403159661977852877618161711689428      
   6.45366996406352459255752567064213019      
   6.45329314331138308287739026276047376      
   6.45290057299375096423056362234639547      
   6.45249166438232760153679113134167576      
   6.45206579895569643419072710184159591      
   6.45162232689699475844251175274314112      
   6.45116056464259870758001187803347976      
   6.45067979212542428841643984641869452      
   6.45017925020281533982532196599692421      
   6.44965813866832131099193180593533110      
   6.44911561259781718933683002411478831      
   6.44855077901115226479653486605650516      
   6.44796269481384292907886385703993992      
   6.44735036180745727569988789002399004      
   6.44671272377867257264152432551027138      
   6.44604866256902637569179302855045114      
   6.44535699317828750595805134140949124      
   6.44463645934232628422463855176193976      
   6.44388572910140598711939314502566575      
   6.44310338878181233998694844231546329      
   6.44228793809246901859795321879954671      
   6.44143778277171098999927076909556766      
   6.44055122978578381549413641309222232      
   6.43962647887827367106670954573699439      
   6.43866161527845220483017644224257212      
   6.43765460173060155591616358618625608      
   6.43660326933922387326272423629438512      
   6.43550530801937826803031856799335048      
   6.43435825605892990834064156304799944      
   6.43315948878948638665052716165588925      
   6.43190620622247715956292369513138459      
   6.43059541972938641013073078409562154      
   6.42922393739278495032674003567901377      
   6.42778834837405442865473218508330574      
   6.42628500458849372452194415383224906      
   6.42471000313611199566489372018570818      
   6.42305916464425530262780189548051162      
   6.42132801079477615236059458206584899      
   6.41951173932413085881849183056860227      
   6.41760519703894874086328172249314701      
   6.41560284975426446515925842492824758      
   6.41349874972072987902177073209967245      
   6.41128649996255844180669889975398721      
   6.40895921544913727085334271095693726      
   6.40650948077846401122923585735167689      
   6.40392930463535739860877697827772433      
   6.40121007092263565197685323253488707      
   6.39834248688769579021114623509121100      
   6.39531652917315270564031308114883801      
   6.39212138818134006366676305832682167      
   6.38874541323901028791018702556237807      
   6.38517606089522317204966489809645583      
   6.38139984645169704924063783846647331      
   6.37740231006285449111220821913194274      
   6.37316799292984668706393784894905742      
   6.36868043552257345541713743489158130      
   6.36392220016925583712614394161430800      
   6.35887492308229655403605760475330104      
   6.35351939928861439523608612699948563      
   6.34783569840421495495038794745296143      
   6.34180331340893638343498176361353325      
   6.33540132919013978123540766488510850      
   6.32860860729117761361320544109344201      
   6.32140397377105890812915520555370512      
   6.31376639709028848462539584810039457      
   6.30567514914093975552963885394524749      
   6.29710993775451519995975619306347688      
   6.28805100871035984026963068850400131      
   6.27847921640443451016523725451270857      
   6.26837606120975292746420470722476200      
   6.25772370091423773714665833947157730      
   6.24650494099656343611680481334205535      
   6.23470320496773045530034260113196034      
   6.22230249603255985364896955478901790      
   6.20928734876665335294932471115156226      
   6.19564278034230579976697659126165898      
   6.18135423610394275452554406754950003      
   6.16640754431552629694629222309577927      
   6.15078886454038811087472194613206864      
   6.13448464800432902778655470032790440      
   6.11748159663599666341234830551831656      
   6.09976662799701974331125948965473507      
   6.08132684518413161773319207692706180      
   6.06214951111493913841704447098396115      
   6.04222202413955636574948980407508260      
   6.02153189962980271375737940257722913      
   6.00006675259534611501621844359805972      
   5.97781428487245039019146702249787103      
   5.95476227322597317084530454494333804      
   5.93089855978130481522326001108492654      
   5.90621104507654481852781583753838980      
   5.88068768135071576539418556758146260      
   5.85431646780875871556302457501710663      
   5.82708544647370639252499207532970607      
   5.79898269914086262545627807405422704      
   5.76999634482689136783632232357252697      
   5.74011453733231632999790191548576465      
   5.70932546286727957831955594716246371      
   5.67761733867433264517966383260619624      
   5.64497841044494607317208389315566433      
   5.61139694976581575188581602875344532      
   5.57686125219886317530572992605985614      
   5.54135963370553249395182784555719076      
   5.50488042731965279904038330093310582      
   5.46741198022434378290357125318952354      
   5.42894264815877835191437870311739801      
   5.38946079171932424044329788975768909      
   5.34895477123754646683916882133626458      
   5.30741294099346363019249598158748106      
   5.26482364470350702918623692177265353      
   5.22117520838335231164923589982270158      
   5.17645593580447615225191442583743317      
   5.13065410144604900611371322151249662      
   5.08375794546086501643065082187116353      
   5.03575566791310500502334628970950579      
   4.98663542226128717259520859795982215      
   4.93638531160619490335680603589892588      
   4.88499338253066447689481589383116875      
   4.83244762083483080877717224404117368      
   4.77873594685914042144962322476904188      
   4.72384621227124402732702301988285041      
   4.66776619572674381656147360976371937      
   4.61048360047763161815458619276595177      
   4.55198605061388727675669149097641401      
   4.49226108978539117447360507795552269      
   4.43129617815007449647178372095134982      
   4.36907869080220909769489283995123329      
   4.30559591767692602720523328461019624      
   4.24083506023038543312813185913836216      
   4.17478323213626680261819343683752181      
   4.10742745823438611197286898722269417      
   4.03875467375699633986776903997886831      
   3.96875172484895794259013560648786598      
   3.89740536739882949458195899807201150      
   3.82470226836311995444065220578607493      
   3.75062900451896702964478302000035379      
   3.67517206414876015678826299336294665      
   3.59831784620529214983602131849535994      
   3.52005266144380873327632350070306426      
   3.44036273246876950031367696488881173      
   3.35923419450801332721848058573997295      
   3.27665309596879823193042881425395121      
   3.19260539861920003320887719576992992      
   3.10707697837831162648487689721216271      
   3.02005362621067780031607260741900454      
   2.93152104814840228691508215569578773      
   2.84146486622232174050447550104651990      
   2.74987061887594107229620226200074003      
   2.65672376148264210843022574190684381      
   2.56200966704986116834870968235968977      
   2.46571362674649404925978654141922141      
   2.36782085001050430029631941540217918      
   2.26831646580026289965404827766321570      
   2.16718552214800253641215807228979000      
   2.06441298745963208919945415408923690      
   1.95998375039512723835496913145024139      
   1.85388262051311046067499586123789329      
   1.74609432859013207434543151842766422      
   1.63660352713339134999264631873533997      
   1.52539479059099557431931116930525680      
   1.41245261557698568600433592635095844      
   1.29776142170098968194525592996957211      
   1.18130555138879912403205706581135884      
   1.06306927024091239658838060930250414      
  0.943036767698152486138224900511761245      
  0.821192156744920134646152857621677535      
  0.697519474761883902110969855019478452      
  0.572002683390225426350514820805826237      
  0.444625668326739856753091584970481160      
  0.315372240836499960305990125188396270      
  0.184226136720632625987929700778208714      
   5.11710167134711770846841501438360712E-0002
  -8.38095325189908568468159839744885851E-0002
 -0.220731999002139139959235316674930174      
 -0.359612945870506055530235391732470958      
 -0.500469008305418963141505049043472069      
 -0.643316898522279191476798778524279588      
 -0.788173399074774108185282840713413775      
 -0.935055369689538939150173306391004936      
  -1.08397974042452688717300531148946413      
  -1.23496351805830723557547194442360703      
  -1.38802377967692521011782404443473722      
  -1.54317767746975000232395315324637242      
  -1.70044243651270803995307273507499966      
  -1.85983535366148524514893925550393162      
  -2.02137380127707670430138456163373317      
  -2.18507522162822268442471411716545575      
  -2.35095713024995435943619431168765368      
  -2.51903711818862288783768382773392229      
  -2.68933284572741321004075475254171261      
  -2.86186204568524868561446748918657869      
  -3.03664252657950528213982302138946200      
  -3.21369216546148010642100133969677427      
  -3.39302891304530442669593223970139852      
  -3.57467079380279472141754753982471065      
  -3.75863590155324955086849832228093625      
  -3.94494240284765816464525936829689883      
  -4.13360853755388762244092983324437248      
  -4.32465261905433599075354483943865681      
