   6.46114229515578832787994501293249882      
   6.46114229515578832787994503858969363      
   6.46114229515578832787994507460013469      
   6.46114229515578832786445253264715027      
   6.46114229515578830736877830827186993      
   6.46114229515578543430523330540421347      
   6.46114229515567986084553771000019213      
   6.46114229515405411085426355776690405      
   6.46114229514024780706460337871477628      
   6.46114229506340386795102486749644968      
   6.46114229474944116454465236477831980      
   6.46114229373255762115377754264687950      
   6.46114229097773987430242943871248763      
   6.46114228449084290520834443271390145      
   6.46114227083410622848397467382087519      
   6.46114224455776934412704485851834792      
   6.46114219769051490536187329425645617      
   6.46114211915224511890620850427998783      
   6.46114199424398477283983122143757707      
   6.46114180423514977047542120588078806      
   6.46114152603598576466490275700451179      
   6.46114113198127789231184706606878594      
   6.46114058973776613420570331014487439      
   6.46113986234530954078500818276278951      
   6.46113890839859507638794177993427461      
   6.46113768237110051546004026150849982      
   6.46113613507583014798241468716777478      
   6.46113421424856918875027280552716427      
   6.46113186523016011936766538120080936      
   6.46112903170327649042124208038213460      
   6.46112565647654771588590367393379122      
   6.46112168229882939437104063947243817      
   6.46111705249899896614099361764010736      
   6.46111171163428750358900593217149402      
   6.46110560598056228791113830992400254      
   6.46109868387445797490255848599096175      
   6.46109089587943821631624215036181081      
   6.46108219483435000872461416957182141      
   6.46107253562218632448532785061866237      
   6.46106187502197469170675586992700952      
   6.46105017102808263598132533140568232      
   6.46103738237101677935769924522704402      
   6.46102346782185745214601564591547715      
   6.46100838544010608907361759149142257      
   6.46099209177075143747218105042568770      
   6.46097454099944390746190791099333879      
   6.46095568410553285806418382202264841      
   6.46093546814374322919267245920870273      
   6.46091383544161689572369009295007499      
   6.46089072278228073859893266007374804      
   6.46086606081261753603820168515950151      
   6.46083977343326787826855098904973680      
   6.46081177729156296114792761176818276      
   6.46078198132410701975226172770367728      
   6.46075028639307194896682817791119169      
   6.46071658503744272211217344098065696      
   6.46068076121829749968297842126451691      
   6.46064269024699459802287860890707994      
   6.46060223859993808824163211354643222      
   6.46055926394219690892524433727419111      
   6.46051361514460497479303171416386187      
   6.46046513239921597973304187726596960      
   6.46041364722962665236181963504623453      
   6.46035898278406055033917071145393537      
   6.46030095385414059805569717805638602      
   6.46023936707246646762240774263375776      
   6.46017402106355528447767621861456905      
   6.46010470669730763834130251127254880      
   6.46003120723752603008024761710838138      
   6.45995329840529311062111185668937146      
   6.45987074860819409785320402639112327      
   6.45978331906107385804881757011780437      
   6.45969076379477696642774130241323889      
   6.45959282975041855501127465672017070      
   6.45948925681921462451929200931760999      
   6.45937977776434133533452226053138395      
   6.45926411814150746570457461346595773      
   6.45914199623751569900683214663474328      
   6.45901312296728179491841295091485064      
   6.45887720151161136964405802758510560      
   6.45873392710453899219016621105658475      
   6.45858298668260102456406301102786763      
   6.45842405851386059167518047673543806      
   6.45825681174832731817904434995314288      
   6.45808090589437943840517629962878808      
   6.45789599019174209410291404338708044      
   6.45770170300682047007495583434452652      
   6.45749767098357784359089542148906447      
   6.45728350879945673276888269660556209      
   6.45705881753251339654859895740838426      
   6.45682318417691674599217671282242766      
   6.45657618015655251524075567050482853      
   6.45631736118457204467117553011606968      
   6.45604626512180714570104892901622233      
   6.45576240991585271472177175668746357      
   6.45546529541416118262477778373300554      
   6.45515439858262726878061938021797648      
   6.45482917353678161768000497578709576      
   6.45448904848914770603527854178877452      
   6.45413342649964255588197549710600637      
   6.45376168100621824167899071102113702      
   6.45337315455404786502599154638603507      
   6.45296715779392442359389202517460349      
   6.45254296559038223111305532636318746      
   6.45209981550146250595545853913442052      
   6.45163690466545183612080747129492787      
   6.45115338716019110028822518035088437      
   6.45064837169051203693433505791755313      
   6.45012091737054600309032220794407851      
   6.44957003086127638431306733185572445      
   6.44899466296242779225443376756597808      
   6.44839370488125443459118854790887246      
   6.44776598318249481260924702503655949      
   6.44711025693672481756323648308428728      
   6.44642521198508649422650199374856249      
   6.44570945620309713041595608371740663      
   6.44496151433795820319317580533769200      
   6.44417982250110079201121888462638333      
   6.44336272121980380463149076838136779      
   6.44250845015550312645829387719638399      
   6.44161514013955802705663342364997635      
   6.44068080589015207182704218416610379      
   6.43970333798600142994655837955409772      
   6.43868049396131570406857174064597663      
   6.43760988914839198877237789059901849      
   6.43648898650630115893037105034509447      
   6.43531508547059365972177087164118224      
   6.43408531043363199501703565350760370      
   6.43279659786305399310118721399997340      
   6.43144568267570629611389143439645555      
   6.43002908339653803511488488551614386      
   6.42854308587941694087807516215366895      
   6.42698372637817666696004954793324225      
   6.42534677259706510964304381985773376      
   6.42362770341835197236257941667176628      
   6.42182168739891151671099283930966875      
   6.41992355902525345622481945364620420      
   6.41792779358201599987890202274452026      
   6.41582848011294464827647466258052805      
   6.41361929244613805459623119206411321      
   6.41129345842795967461213283764433147      
   6.40884372728783927031240344426129761      
   6.40626233535700242793954665589995238      
   6.40354097035402061615284617661111996      
   6.40067073456411073466890161497206711      
   6.39764210759738483851191890943412085      
   6.39444490897987674763533128280595348      
   6.39106826278005530617867801953308361      
   6.38750056394600175815264780860848359      
   6.38372944866359585652165140489216997      
   6.37974177217950167928991613095174879      
   6.37552359298019793133833579971447283      
   6.37106016963752976808240104185107355      
   6.36633596999536029566246881500641681      
   6.36133469645491456134882874481859289      
   6.35603932958776566636810495448094148      
   6.35043219022377261910835281373617841      
   6.34449502158298962875949874166613279      
   6.33820908864211541096090644572430818      
   6.33155529260141171731403983277955980      
   6.32451429655096246415193387417789411      
   6.31706665454175356908107873640427975      
   6.30919293981995573993023510237405900      
   6.30087386673400853517531935055296746      
   6.29209039598780286799571828934648389      
   6.28282382509930519766458972677339638      
   6.27305585842590157709585973282751146      
   6.26276865605339866944575804215240869      
   6.25194486272278788819157428371292463      
   6.24056761918592197146437978889949680      
   6.22862055913535544595433002746129958      
   6.21608779267565484535559408789744216      
   6.20295388363773155120033607432104272      
   6.18920381908478535542149365747857474      
   6.17482297273940180703325039951371120      
   6.15979707498801629109762733425566389      
   6.14411217399935679160190615223668317      
   6.12775460589248921484026881500792632      
   6.11071096027804562486757980707790791      
   6.09296805338549040988898438095944131      
   6.07451290096957083624096702718146038      
   6.05533269530445304982895596683775034      
   6.03541478521132341464494845832913981      
   6.01474665739788508756693924037762118      
   5.99331592104012703214147677958793243      
   5.97111029471252990119939036732877205      
   5.94811759499398359237395058584917433      
   5.92432572628132369452230342834851651      
   5.89972267318991338954939923591030120      
   5.87429649306138300444352702331003436      
   5.84803530972470937121370743251344199      
   5.82092730842098595852315630754976669      
   5.79296073103119455601757243985846928      
   5.76412387179477342020377059745798524      
   5.73440507282459217120341966901532765      
   5.70379272020914279684204341756315345      
   5.67227523958307733778744909230989672      
   5.63984109235602345970365006579642376      
   5.60647877007017775048243908634101855      
   5.57217679083786044968708804137564311      
   5.53692369293149140443236814635082824      
   5.50070802961423370393167638021632490      
   5.46351836328263195626938820575346776      
   5.42534325949917615482463529611218078      
   5.38617127991198960739882907947346032      
   5.34599097567831007969382320705691796      
   5.30479088165785766020051721108757168      
   5.26255950825685632378634894269312043      
   5.21928533593174324129893698228053441      
   5.17495680814636761691681822334090530      
   5.12956232530668663176578919635037637      
   5.08309023836591717069523439327469031      
   5.03552884373976317373795004306817881      
   4.98686637780788210982525360651401458      
   4.93709101206745173147602967334857230      
   4.88619084897062958090454697670046422      
   4.83415391836597573637349713178471728      
   4.78096817329763354489856664857567928      
   4.72662148790937083359656672934994502      
   4.67110165415984965957561018482602373      
   4.61439638079735914447344387111688894      
   4.55649329062340006642005446231736198      
   4.49737991936926477731601756180110914      
   4.43704371530055230574611285723752122      
   4.37547203759764551097932407549250631      
   4.31265215646467166814895728216368067      
   4.24857125264130693555973007648158515      
   4.18321641678553453381056679308211378      
   4.11657465032055528352043968731339684      
   4.04863286571719396466873802265922096      
   3.97937788526961699298638056758880201      
   3.90879644386211217059078116101701780      
   3.83687518724265537880223809405965138      
   3.76360067391094159780726399610077782      
   3.68895937470460674953220450846765249      
   3.61293767457424751875513594336648713      
   3.53552187170247433632583687569436589      
   3.45669817969860919049091350846498781      
   3.37645272674663168552301424682744293      
   3.29477155736214038575579129013890960      
   3.21164063203592228801394020672301123      
   3.12704582878385241434943447319366467      
   3.04097294310685365746571829558621929      
   2.95340768864374424982570103347275534      
   2.86433569760534572272517706922961396      
   2.77374252193521357121659922120105421      
   2.68161363274527416893819561759410001      
   2.58793442167855572046366355666803901      
   2.49269020131051492175297441384910254      
   2.39586620511440386793904073304349209      
   2.29744758783202963296461575806737977      
   2.19741942668827654034304487772898451      
   2.09576672093284134535853910710935743      
   1.99247439265813270012319430256669795      
   1.88752728662770422606582659420328103      
   1.78091017140213397242696202930250958      
   1.67260773889017419223238066163780280      
   1.56260460493874990511646444300273753      
   1.45088530974155795870429313495431726      
   1.33743431776002766421689704492299049      
   1.22223601828776226869172893112415780      
   1.10527472516511310362617427305103749      
  0.986534677944780815695165865582754773      
  0.866000040987187981828447931824914773      
  0.743654904472687296076674884539393472      
  0.619483284351671940131292995255546049      
  0.493469121767654440969536838868380018      
  0.365596284735042729438457673939456742      
  0.235848567114220430226875129858623707      
  0.104209688491347526352256108212369461      
  -2.93367037786948034959129981264275839E-0002
 -0.164807037261054619781737902570449980      
 -0.302217811576810675025273700910542311      
 -0.441585600683396662602199056155523268      
 -0.582927050250300096732331129090138811      
 -0.726258880574993176659688508361957349      
 -0.871597883726323356012716423053580395      
  -1.01896092416951237824965015962445726      
  -1.16836494106465688944080174450645624      
  -1.31982694350810744198801764612307167      
  -1.47336401524676097826855758690985028      
  -1.62899331180122222065221465435475141      
  -1.78673206037545097927497974814489117      
  -1.94659756220491375833097372110956485      
  -2.10860718893044381769010338135279855      
  -2.27277838466075286466689271251397237      
  -2.43912866850883151956149342469418943      
  -2.60767562672061899533830012075176312      
  -2.77843692061501005891245638195665364      
  -2.95143028473304123822296695377887166      
  -3.12667352138724446438287081945321051      
  -3.30418450773675753573944422122849511      
  -3.48398119384968060100014676980835633      
  -3.66608159767465067320807413866571948      
  -3.85050381136498917511649869576888792      
  -4.03726599803177628185386213813713631      
  -4.22638639391791655859787238445324952      
  -4.41788330423624590140287789141367924      
  -4.61177510673049627040682329657264742      
  -4.80808025057119219209677531821824361      
