   6.46114229515578832787994501293249882      
   6.46114229515578832787994503858969363      
   6.46114229515578832787994507460013469      
   6.46114229515578832786445253264715027      
   6.46114229515578830736877830827187070      
   6.46114229515578543430523330540435753      
   6.46114229515567986084553771005456652      
   6.46114229515405411085426356262529268      
   6.46114229514024780706460354232789378      
   6.46114229506340386795102764347979592      
   6.46114229474944116454468091810210373      
   6.46114229373255762115397900757825617      
   6.46114229097773987430349172887315854      
   6.46114228449084290521279487076424295      
   6.46114227083410622849947215332118528      
   6.46114224455776934417345554288300723      
   6.46114219769051490548464538435546455      
   6.46114211915224511919972655059545265      
   6.46114199424398479860123510837638689      
   6.46114180423514989926101011938255166      
   6.46114152603598632014049564462664897      
   6.46114113198128000122244066136897601      
   6.46114058973777330041788584386567978      
   6.46113986234533164062872584456167150      
   6.46113890839865765352983116268802761      
   6.46113768237126481789546950315421267      
   6.46113613507623352395373356014804330      
   6.46113421424950185312251041517735990      
   6.46113186523220358874530822084408551      
   6.46112903170754185086922739946965512      
   6.46112565648506896034646586470204273      
   6.46112168231518893436958418615956427      
   6.46111705252928940658297407143768862      
   6.46111171168854616719223258433736992      
   6.46110560607485273393976050419236754      
   6.46109868403381577317069700780676010      
   6.46109089614194556393324244938627331      
   6.46108219525665659205935089020131635      
   6.46107253628684840059090405593320651      
   6.46106187604704287469095050352987244      
   6.46105017257942931608638530610810644      
   6.46103738467795492533464289556981632      
   6.46102347119666458430014003125886160      
   6.46100839030212797227544790840022580      
   6.46099209867582059102930496160690581      
   6.46097455067540775316562557360795646      
   6.46095569749292662753258587316751315      
   6.46093548645241581424986973526750918      
   6.46091386020166495607590938867330097      
   6.46089075591786808486050911319391495      
   6.46086610472078464872171839593214982      
   6.46083983107577979472624768457520187      
   6.46081185229986935562987547275302947      
   6.46078207811858989977449017372452402      
   6.46075041031779164232178288582256383      
   6.46071674251164859407650897884175946      
   6.46068095990592077771739452711395598      
   6.46064293924555875455714165474226765      
   6.46060254865004708902788684064384359      
   6.46055964765912318872594460268000514      
   6.46051408727329878790618410787105511      
   6.46046571009418666366824201818650512      
   6.46041435036105268773128388339350591      
   6.46035983427188330090807376715753158      
   6.46030198003117625634833503220780816      
   6.46024059807852495819866746168310095      
   6.46017549127164147278663390798450875      
   6.46010645517481770937930718677450016      
   6.46003327824170247582041861875803711      
   6.45995574191657292649431348497869422      
   6.45987362090343730288886570975361804      
   6.45978668332628543010292901679425078      
   6.45969469078130098912939926638781529      
   6.45959739847582910824419682920468487      
   6.45949455531441040711495863627960720      
   6.45938590386956217988655143735921267      
   6.45927118035227041581986092203183541      
   6.45915011460645718309592044496356322      
   6.45902243005912683716609693428366516      
   6.45888784341507427463029136466148746      
   6.45874606450693476470272370662136319      
   6.45859679600757320812941513547238940      
   6.45843973312473757937646265047761701      
   6.45827456322183946294576619982268227      
   6.45810096536629679357282461916935678      
   6.45791860977656080663359458968707849      
   6.45772715730189637104419716161132301      
   6.45752625867420265975613073032465528      
   6.45731555430168043387108701257900858      
   6.45709467278192368643818045170153034      
   6.45686323049180899898341307258047985      
   6.45662083020295527228020567073802523      
   6.45636706108575747448669390706365297      
   6.45610149652982399142437616111058891      
   6.45582369257565767412278288697589546      
   6.45553318938258968519906432019073804      
   6.45522950688226960924833839931534859      
   6.45491214490172153526174018254110645      
   6.45458058020954206814586017022851195      
   6.45423426752847867234397512698336355      
   6.45387263508774500082044788833392178      
   6.45349508377851895884429689808341287      
   6.45310098597921897306835551481436536      
   6.45268968228447208109193966022527333      
   6.45226047999719683818851005353605377      
   6.45181264996724296359177698484246199      
   6.45134542493611030102188733939008137      
   6.45085799684501771729945375816819198      
   6.45034951321297061812020964675926710      
   6.44981907440247508365831802322413938      
   6.44926573066276905354466159221704737      
   6.44868847883506339485319097238398818      
   6.44808625749679290992175601824752798      
   6.44745794463284849486111452891481977      
   6.44680235239783387834181893199572099      
   6.44611822247502952489542347463095463      
   6.44540422212152587320563442355126222      
   6.44465893853789972258784601268180730      
   6.44388087298517361201597184974477343      
   6.44306843564343512821279156915581041      
   6.44221993886806311811696855206437643      
   6.44133358997010378838492710071643143      
   6.44040748477964151476324566939550420      
   6.43943959909800833924804033909039090      
   6.43842778053542133079837384589233736      
   6.43736973883634049237431670901088403      
   6.43626303669052154576877756401924921      
   6.43510507871089860241045482436312749      
   6.43389309972676113908087986658566260      
   6.43262415274861899179486050235965665      
   6.43129509498907291389516619363887846      
   6.42990257360725267905371361963357323      
   6.42844300933480920131923158325959438      
   6.42691257993241760718496554926050123      
   6.42530720112734186998717166892471937      
   6.42362250651623733413810736442097250      
   6.42185382570387552004929593786423921      
   6.41999616035842225286404086554710679      
   6.41804415897807197331896257714432524      
   6.41599208891229331965714233239611690      
   6.41383380656073195028603304177402783      
   6.41156272535872378646127702056283994      
   6.40917178154012667430281707321819687      
   6.40665339768333320315241929575458517      
   6.40399944426407279001336345524257337      
   6.40120119942561139041849638274274015      
   6.39824930749063999542071763958873881      
   6.39513373681699727126111742488345828      
   6.39184373800567931238765993333796150      
   6.38836780377391841369271690590034350      
   6.38469363252788553172657809313637123      
   6.38080809599512508853434827042371712      
   6.37669721791534936279313703565133403      
   6.37234616116534708588172470191121765      
   6.36773923080191096421327078974173400      
   6.36285989456196657553577647620684624      
   6.35769082360581706433539523889315389      
   6.35221395696797243453956685276997080      
   6.34641058833762646593056083606285107      
   6.34026147482048214671768832431873811      
   6.33374696531961794295740355062770730      
   6.32684714175328532062530490639818238      
   6.31954196608839129887763869630608271      
   6.31181142805835800861714876953893529      
   6.30363568070362580488624365754898694      
   6.29499516242192580719227612197628319      
   6.28587069686676523057871520206138393      
   6.27624356931222622502670367175608908      
   6.26609557843978045804419508653680601      
   6.25540906550833706224730392664463297      
   6.24416692245006604497807846203467381      
   6.23235258377908551953243735004309131      
   6.21995000496814196063782323615501077      
   6.20694363206931358177337807191377485      
   6.19331836330467047983429426078978052      
   6.17905951502507224204556009419412510      
   6.16415277114495317654847100830584211      
   6.14858415501733151255659190134059428      
   6.13233998394635324104581878123450269      
   6.11540683570048640282272007714073989      
   6.09777151873075136282395996250834945      
   6.07942104143310460010332519418608844      
   6.06034258728807091523669200222334401      
   6.04052349315251141197711023174949300      
   6.01995122941759902451114956477701063      
   5.99861338336188627670604795895868702      
   5.97649764663491749963549833835575227      
   5.95359180125507506413237558116774090      
   5.92988371084296734124290548337666154      
   5.90536131174555840646932480774464329      
   5.88001260650824696203336551957657027      
   5.85382565737443605648893243089908488      
   5.82678858152864168057960628075170294      
   5.79888954672749923272679244119124148      
   5.77011676736740199766407454512041694      
   5.74045850157743768279715116863748854      
   5.70990304654135468054387731334787960      
   5.67843873686314565700642251970252123      
   5.64605393934322052725178240887299722      
   5.61273705066141831415068239872908925      
   5.57847649276016672697204340936784753      
   5.54326070817836907669658638842618810      
   5.50707815671666975006697950980211206      
   5.46991730907152879978599200025301936      
   5.43176664216227902915972326202196173      
   5.39261463341046650188696790805871548      
   5.35244975456979067411938248654062144      
   5.31126046600341748388767784750865406      
   5.26903521005365736910428968288484818      
   5.22576240496990987024767123956587928      
   5.18143043874133347423766258863815427      
   5.13602766269794702153353064211290567      
   5.08954238586023343246754822758699667      
   5.04196286917072016562870738498307431      
   4.99327731985040401448682381762521789      
   4.94347388693812680595157353217576750      
   4.89254065597971550908618374385968444      
   4.84046564540856427522133048055886223      
   4.78723680223498243306029919195684835      
   4.73284199925091626740724647561623397      
   4.67726903124131400547062909052504810      
   4.62050561315122971999257422763309329      
   4.56253937722198504611735517034974397      
   4.50335787205113301454242216738301869      
   4.44294856022785339817871642015306027      
   4.38129881737435877838818728436353418      
   4.31839593195502322911163844732744180      
   4.25422710315812537803363096453150323      
   4.18877944203204373593058350744135488      
   4.12203996996180132030889218328636644      
   4.05399561926552332935123414227207166      
   3.98463323340086618953016115653941101      
   3.91393956622296479298363885492771718      
   3.84190128345912206268182962222186834      
   3.76850496195056396918791151464341727      
   3.69373709117126008186022875817281237      
   3.61758407242255544717974768892462363      
   3.54003222071234596348256923860791602      
   3.46106776419190118871292353689124689      
   3.38067684560692807622205486183902866      
   3.29884552158089821054331452134472028      
   3.21555976523110374757599105751643096      
   3.13080546438757697703598143501455941      
   3.04456842425684206634916170794681336      
   2.95683436642751909772201685237636896      
   2.86758893052112447017511266948328175      
   2.77681767382999056793822737155069942      
   2.68450607286221930576744517423422589      
   2.59063952232077702856716377463166618      
   2.49520333770738170111937402388655235      
   2.39818275355079479755318249638158120      
   2.29956292573421537803650022178364321      
   2.19932893047629826983763522105771435      
   2.09746576583677184865555651709399756      
   1.99395835134300496767069734849049835      
   1.88879152875259200657001863158367669      
   1.78195006228442076226517782931013676      
   1.67341863894410231876709865166533690      
   1.56318186901199875829247000078292763      
   1.45122428603095380861208922134715101      
   1.33753034733281903169166281711453537      
   1.22208443406234498576580196061339486      
   1.10487085191947866893220043261414297      
  0.985873830984686575371091185850799348      
  0.865077525686991386754110766753161069      
  0.742466015885197134434834332056405772      
  0.618023306615658754185646053414867946      
  0.491733327556445780404302353755697673      
  0.363579934800788277152738237804984993      
  0.233546908913545884661401836395274732      
  0.101617957881594721974777998664348191      
  -3.22232858438949997056373501363845936E-0002
 -0.167993262433568771810077595516263999      
 -0.305708486644306965148016984057710692      
 -0.445385546450035517583760803987051768      
 -0.587041103383188218537574353567856569      
 -0.730691891941004846250510875027882017      
 -0.876354720799803915274048122196142504      
  -1.02404647016174291857591594758376863      
  -1.17378409542389974959239760800225154      
  -1.32558462274848012756323549227738644      
  -1.47946515196859695828705592264774623      
  -1.63544285683516786104855563023343298      
  -1.79353498111642529001541284350195157      
  -1.95375884371285904053919381093308941      
  -2.11613183580935150129289972863231227      
  -2.28067141811070476642999562370432514      
  -2.44739512675996557938648409546696872      
  -2.61632056940270480564263047748433928      
  -2.78746542486728079192576294360534016      
  -2.96084744602666386781746879545026548      
  -3.13648445564713297249145469196527958      
  -3.31439434894875755142510420252107544      
  -3.49459509554032301888134463676214816      
  -3.67710473356561739796148278374623182      
  -3.86194137395726174805754832712740370      
  -4.04912320143469344891427629008769017      
  -4.23866847027476200704639625918380797      
  -4.43059550726894083346758330724009369      
  -4.62492270929791128945366602864263800      
