-0.97967436974998E+10
-0.61229648109374E+09
-0.12094745305555E+09
-0.38268530068359E+08
-0.15674789916000E+08
-0.75592158159721E+07
-0.40802764254476E+07
-0.23917831292718E+07
-0.14931784327810E+07
-0.97967436973597E+06
-0.66913077637344E+06
-0.47245098839416E+06
-0.34301122828906E+06
-0.25501727616948E+06
-0.19351592416034E+06
-0.14948644440922E+06
-0.11729677027019E+06
-0.93323649506469E+05
-0.75173941583290E+05
-0.61229643454494E+05
-0.50373777029027E+05
-0.41820665988840E+05
-0.35008240778936E+05
-0.29528175641371E+05
-0.25079650686901E+05
-0.21438186428823E+05
-0.18434283995896E+05
-0.15938559758061E+05
-0.13851252602870E+05
-0.12094720306410E+05
-0.10608008115158E+05
-0.93428727546954E+04
-0.82608411447118E+04
-0.73310130961078E+04
-0.65284046477813E+04
-0.58326881985428E+04
-0.52272265906653E+04
-0.46983268774056E+04
-0.42346596352976E+04
-0.38268040038855E+04
-0.34668889204258E+04
-0.31483084727518E+04
-0.28654947403041E+04
-0.26137355075173E+04
-0.23890272133495E+04
-0.21879557289160E+04
-0.20075992329982E+04
-0.18454487267086E+04
-0.16993426987036E+04
-0.15674131962342E+04
-0.14480411320843E+04
-0.13398191027720E+04
-0.12415203412335E+04
-0.11520726997572E+04
-0.10705367736974E+04
-0.99608744648558E+03
-0.92799827163609E+03
-0.86562821528609E+03
-0.80841036948511E+03
-0.75584231601335E+03
-0.70747787682445E+03
-0.66292003294285E+03
-0.62181483077800E+03
-0.58384612519758E+03
-0.54873103362961E+03
-0.51621599593696E+03
-0.48607335164475E+03
-0.45809836017284E+03
-0.43210660124964E+03
-0.40793170237512E+03
-0.38542334824144E+03
-0.36444553377779E+03
-0.34487502812594E+03
-0.32660002164583E+03
-0.30951893200714E+03
-0.29353934887414E+03
-0.27857709952883E+03
-0.26455542019540E+03
-0.25140422002554E+03
-0.23905942633329E+03
-0.22746240119038E+03
-0.21655942083877E+03
-0.20630121061887E+03
-0.19664252880946E+03
-0.18754179372345E+03
-0.17896074915792E+03
-0.17086416388373E+03
-0.16321956129405E+03
-0.15599697596000E+03
-0.14916873414875E+03
-0.14270925562670E+03
-0.13659487457977E+03
-0.13080367757723E+03
-0.12531535682124E+03
-0.12011107700740E+03
-0.11517335456700E+03
-0.11048594786723E+03
-0.10603375736898E+03
-0.10180273474385E+03
-0.97779799999562E+02
-0.93952765922730E+02
-0.90310269064279E+02
-0.86841706689532E+02
-0.83537179080829E+02
-0.80387436739255E+02
-0.77383831986573E+02
-0.74518274595228E+02
-0.71783191055538E+02
-0.69171487163271E+02
-0.66676513628809E+02
-0.64292034435375E+02
-0.62012197704160E+02
-0.59831508855962E+02
-0.57744805859252E+02
-0.55747236392952E+02
-0.53834236763373E+02
-0.52001512411073E+02
-0.50245019907462E+02
-0.48560950276516E+02
-0.46945713572272E+02
-0.45395924582217E+02
-0.43908389568082E+02
-0.42480094002852E+02
-0.41108191143164E+02
-0.39789991446557E+02
-0.38522952762546E+02
-0.37304671155856E+02
-0.36132872435731E+02
-0.35005404238653E+02
-0.33920228674207E+02
-0.32875415471228E+02
-0.31869135601210E+02
-0.30899655315945E+02
-0.29965330622163E+02
-0.29064602080958E+02
-0.28195989995420E+02
-0.27358089885764E+02
-0.26549568265433E+02
-0.25769158704847E+02
-0.25015658117203E+02
-0.24287923301772E+02
-0.23584867684494E+02
-0.22905458259106E+02
-0.22248712717723E+02
-0.21613696728445E+02
-0.20999521387374E+02
-0.20405340803404E+02
-0.19830349812887E+02
-0.19273781820669E+02
-0.18734906753794E+02
-0.18213029123077E+02
-0.17707486181287E+02
-0.17217646180661E+02
-0.16742906718550E+02
-0.16282693171846E+02
-0.15836457207811E+02
-0.15403675381167E+02
-0.14983847805599E+02
-0.14576496895777E+02
-0.14181166184927E+02
-0.13797419209493E+02
-0.13424838458480E+02
-0.13063024385732E+02
-0.12711594480341E+02
-0.12370182398159E+02
-0.12038437141879E+02
-0.11716022290446E+02
-0.11402615280158E+02
-0.11097906721471E+02
-0.10801599766181E+02
-0.10513409511617E+02
-0.10233062421300E+02
-0.99602958079693E+01
-0.96948573230003E+01
-0.94365044861810E+01
-0.91850042363294E+01
-0.89401325072190E+01
-0.87016738345502E+01
-0.84694209629892E+01
-0.82431744946478E+01
-0.80227425525720E+01
-0.78079404412786E+01
-0.75985903504514E+01
-0.73945210602078E+01
-0.71955676619082E+01
-0.70015712834554E+01
-0.68123788528880E+01
-0.66278428474435E+01
-0.64478210645495E+01
-0.62721764056302E+01
-0.61007766636921E+01
-0.59334943309773E+01
-0.57702064026147E+01
-0.56107941937449E+01
-0.54551431803797E+01
-0.53031428093602E+01
-0.51546863642945E+01
-0.50096708011591E+01
-0.48679966049547E+01
-0.47295676489064E+01
-0.45942910871390E+01
-0.44620771805138E+01
-0.43328392269926E+01
-0.42064934038439E+01
-0.40829586889104E+01
-0.39621567371364E+01
-0.38440117725659E+01
-0.37284505206686E+01
-0.36154020814369E+01
-0.35047978599906E+01
-0.33965714751274E+01
-0.32906586803721E+01
-0.31869972767653E+01
-0.30855270555371E+01
-0.29861897010664E+01
-0.28889287457229E+01
-0.27936894872971E+01
-0.27004189320806E+01
-0.26090657333727E+01
-0.25195801300512E+01
-0.24319138918423E+01
-0.23460202686251E+01
-0.22618539302918E+01
-0.21793709256201E+01
-0.20985286282161E+01
-0.20192856936751E+01
-0.19416020141050E+01
-0.18654386755130E+01
-0.17907579172947E+01
-0.17175230924990E+01
-0.16456986314880E+01
-0.15752500025104E+01
-0.15061436811673E+01
-0.14383471113651E+01
-0.13718286772217E+01
-0.13065576705579E+01
-0.12425042606869E+01
-0.11796394649132E+01
-0.11179351215474E+01
-0.10573638640446E+01
-0.99789909375675E+00
-0.93951495394352E+00
-0.88218630906244E+00
-0.82588871978236E+00
-0.77059842007125E+00
-0.71629229701443E+00
-0.66294787014500E+00
-0.61054327078400E+00
-0.55905722303394E+00
-0.50846902523867E+00
-0.45875853282239E+00
-0.40990613988842E+00
-0.36189276309977E+00
-0.31469982566820E+00
-0.26830924215373E+00
-0.22270340261892E+00
-0.17786515876001E+00
-0.13377780998866E+00
-0.90425089820964E-01
-0.47791152704099E-01
-0.58605616693598E-02
 0.35381724121113E-01
 0.75950360667955E-01
 0.11585963090419E+00
 0.15512345548546E+00
 0.19375540346902E+00
 0.23176870263882E+00
 0.26917624907542E+00
 0.30599061720735E+00
 0.34222406884421E+00
 0.37788856215987E+00
 0.41299576042721E+00
 0.44755704045039E+00
 0.48158350069388E+00
 0.51508596897291E+00
 0.54807501035326E+00
 0.58056093433882E+00
 0.61255380210372E+00
 0.64406343330185E+00
 0.67509941301446E+00
 0.70567109785068E+00
 0.73578762259791E+00
 0.76545790613738E+00
 0.79469065730445E+00
 0.82349438061400E+00
 0.85187738202111E+00
 0.87984777396517E+00
 0.90741348079434E+00
 0.93458224373708E+00
 0.96136162585279E+00
 0.98775901674901E+00
 0.10137816369569E+01
 0.10394365426731E+01
 0.10647306304873E+01
 0.10896706405807E+01
 0.11142631613855E+01
 0.11385146337514E+01
 0.11624313543851E+01
 0.11860194798596E+01
 0.12092850295993E+01
