 0.87750226278292E-10
 0.17550045255586E-09
 0.26325067883090E-09
 0.35100174990603E-09
 0.44017795841240E-09
 0.46818639671265E-09
 0.67258589571136E-09
 0.67479480056564E-09
 0.95533046437434E-09
 0.12270103668940E-08
 0.13530167131090E-08
 0.15393321464784E-08
 0.36109697059067E-08
 0.12631496725809E-07
 0.39227475147481E-07
 0.11320476428892E-06
 0.28916724267655E-06
 0.36564082495867E-06
 0.24904140208167E-06
 0.43400853292421E-05
 0.36012813600104E-05
 0.86482702954927E-05
 0.14579805535470E-04
 0.22310269560599E-04
 0.32641964870701E-04
 0.47810943963555E-04
 0.68085399469333E-04
 0.94567865645605E-04
 0.12845629397454E-03
 0.17102897442016E-03
 0.22361804063202E-03
 0.28760368176207E-03
 0.36439823323656E-03
 0.45539495214110E-03
 0.56134331294619E-03
 0.68562724339952E-03
 0.82715676823961E-03
 0.98860282918759E-03
 0.11705714614864E-02
 0.13743809807552E-02
 0.16010237878867E-02
 0.18515581086057E-02
 0.21269031202321E-02
 0.24287254058713E-02
 0.27530437887804E-02
 0.31069096442659E-02
 0.34920446064650E-02
 0.39065482081410E-02
 0.43502097201612E-02
 0.48180878336090E-02
 0.53267696958064E-02
 0.58597124962176E-02
 0.64309344620756E-02
 0.70339855552557E-02
 0.76654641016700E-02
 0.83605019825086E-02
 0.90441362968530E-02
 0.97705359600153E-02
 0.10617148320241E-01
 0.11462944978867E-01
 0.12310713905904E-01
 0.13201594222706E-01
 0.14157833125690E-01
 0.15192972542518E-01
 0.16282827143979E-01
 0.17349110755651E-01
 0.18445920469990E-01
 0.19691819628242E-01
 0.20947467112229E-01
 0.22224313109082E-01
 0.23603631532998E-01
 0.24656630188134E-01
 0.26911695058178E-01
 0.29455060755745E-01
 0.32594497838565E-01
 0.34929988331903E-01
 0.35779146956009E-01
 0.35117707011724E-01
 0.36924627294086E-01
 0.37353952120765E-01
 0.39260591196413E-01
 0.40816220210478E-01
 0.44258192721430E-01
 0.46109467620204E-01
 0.47191713155673E-01
 0.50647022681583E-01
 0.53243521926162E-01
 0.56014843014715E-01
 0.57193785156912E-01
 0.60010416119789E-01
 0.62930526653264E-01
 0.66063923030865E-01
 0.68964514060016E-01
 0.72906746469524E-01
 0.73755584644776E-01
 0.76947803162737E-01
 0.80922922417245E-01
 0.84154636363320E-01
 0.88358411401679E-01
 0.90842582593308E-01
 0.94594487459621E-01
 0.97429786142914E-01
 0.10196795726799E+00
 0.10596731155900E+00
 0.11111378678886E+00
 0.11660450766869E+00
 0.12015296138223E+00
 0.12405670565724E+00
 0.13126114158598E+00
 0.13725523508344E+00
 0.14306486642498E+00
 0.15022823338378E+00
 0.15612055639993E+00
 0.16486998072761E+00
 0.17417223393398E+00
 0.18425619247926E+00
 0.19339414393116E+00
 0.20431374024891E+00
 0.21433840953791E+00
 0.22866753422086E+00
 0.24202934751642E+00
 0.26056518537450E+00
 0.27662487510358E+00
 0.29683723398908E+00
 0.31879957581024E+00
 0.34782247351063E+00
 0.37172270912594E+00
 0.39375844200793E+00
 0.42231072143493E+00
 0.45166182042303E+00
 0.48546802021855E+00
 0.52564134557442E+00
 0.55824153111450E+00
 0.59691716220547E+00
 0.62633939628441E+00
 0.65786323291609E+00
 0.67479349974611E+00
 0.67692507551851E+00
 0.65819170859484E+00
 0.62600978377344E+00
 0.56762891380207E+00
 0.48505775209304E+00
 0.36764139051181E+00
 0.23928187210978E+00
 0.91429435750917E-01
-0.76655670314495E-01
-0.25446459299245E+00
-0.43540366311857E+00
-0.61114565822354E+00
-0.77128909220693E+00
-0.91367024500121E+00
-0.10237601168786E+01
-0.10959172862652E+01
-0.11403683387123E+01
-0.11433802395520E+01
-0.11139449394076E+01
-0.10487900992653E+01
-0.96816062651552E+00
-0.86459127312956E+00
-0.75121617520879E+00
-0.64033800395528E+00
-0.52927195732558E+00
-0.42661211658235E+00
-0.32658776837806E+00
-0.23406487727667E+00
-0.15669076304882E+00
-0.90550748029214E-01
-0.30373489791046E-01
 0.17716181525338E-01
 0.38671492491767E-01
 0.66241238623601E-01
 0.77237321263067E-01
 0.10027076286368E+00
 0.10940467719110E+00
 0.11495867484991E+00
 0.12625242652518E+00
 0.10734605418276E+00
 0.98458401611255E-01
 0.11967389770382E+00
 0.96891702346144E-01
 0.97544107742318E-01
 0.10571482547519E+00
 0.83100442317693E-01
 0.79790917586056E-01
 0.76953153045134E-01
 0.83173209944535E-01
 0.51065085190191E-01
 0.48021834285530E-01
 0.78691240621603E-01
 0.66101685658290E-01
 0.41219188796402E-01
 0.46260086473298E-01
 0.25974344515234E-01
 0.30729834911300E-01
 0.41752156808683E-01
 0.11158860822493E-01
-0.86319311298153E-03
-0.47741077424466E-02
-0.36278903432460E-02
 0.63289058795871E-02
-0.76067523825876E-02
 0.87229283354286E-02
-0.43091702633797E-01
-0.75753070207053E-01
 0.31123589358867E-01
-0.22801178951185E-01
-0.50833218948965E-01
 0.80066018478171E-02
-0.18952756344996E-01
-0.16362882901188E-02
 0.90704023893855E-02
-0.20139597579922E-01
 0.42688721313293E-01
-0.23769982341048E-01
 0.17625180869718E-01
 0.27254905412366E-01
 0.26362682928903E-01
 0.80739516350109E-02
 0.10862211623981E-01
-0.20289274726372E-01
 0.52587557094191E-01
-0.87335380428117E-02
 0.88611892185594E-02
-0.24084680792814E-01
-0.16463786559701E-01
-0.15892696141562E-01
 0.64274503427308E-02
 0.10865336712527E-01
-0.58106479182755E-01
 0.16200752731256E-01
 0.51426330362577E-01
 0.66217685956192E-01
-0.79295474499439E-02
 0.33013028738602E-01
-0.11625862620341E-01
-0.70442192917574E-02
-0.64351273133123E-03
-0.68663237093364E-02
 0.53749657401657E-02
 0.16390544038549E-01
-0.66338754320325E-02
-0.13314021464335E-01
 0.60983334938429E-02
 0.10367479791950E-01
 0.17152511319862E-03
-0.86783945498277E-02
-0.71738503343656E-02
 0.91840240163480E-02
-0.81342141575197E-02
-0.59507362098733E-02
 0.81430075054105E-02
-0.32364387006138E-03
-0.53235345059147E-02
 0.51447041905577E-03
 0.31431137495329E-02
-0.35025483928891E-02
-0.10952019206082E-01
 0.41431779176912E-03
 0.25253376317269E-02
-0.12759824884522E-02
-0.97280194840609E-02
 0.40070971748668E-03
 0.28088513927956E-02
-0.31237993823154E-02
-0.75925354065955E-02
-0.41060142853456E-02
-0.63895010271818E-04
-0.28605328976452E-02
-0.28522826704443E-02
-0.25389860367831E-02
-0.28057000929986E-02
 0.39125552016286E-02
-0.45494672276869E-02
-0.70825454949338E-02
-0.79089265116370E-02
-0.56242536891873E-02
-0.70312693898219E-02
-0.16099272991474E-02
-0.20243674975129E-02
 0.10295098002238E-01
 0.53844891883883E-02
 0.23575266007010E-02
-0.14335465798546E-01
-0.22430942947374E-03
-0.48550659829332E-04
-0.54165262706458E-02
-0.73463020091443E-02
 0.23165591737594E-02
-0.72501964829969E-03
-0.56051627467404E-02
 0.94677055220508E-02
-0.17055951823404E-02
-0.23615628828436E-01
-0.21802710418083E-01
-0.10104839797380E-01
 0.17691584059692E-01
 0.15553239848949E-01
 0.29647711947544E-02
 0.15819972906311E-01
-0.19849918343503E-01
