 0.11772717483620E-12
 0.18836347973727E-11
 0.95359011616125E-11
 0.30138216879406E-10
 0.73777810329763E-10
 0.16732567188445E-09
 0.30945413101077E-09
 0.23746639751998E-09
 0.52271536746580E-09
 0.10200774143050E-08
 0.19138715815345E-08
 0.25009068597636E-08
 0.66337321124444E-08
 0.19706865876996E-07
 0.57519265179608E-07
 0.15352205991734E-06
 0.37306315586603E-06
-0.35460266420106E-05
-0.26217849663390E-05
 0.25695328408261E-05
 0.14112750423396E-04
-0.43610451329621E-05
 0.29392323982191E-04
 0.42767386935531E-05
 0.36480795934458E-04
 0.52988673422434E-04
 0.74900210999803E-04
 0.10337056413717E-03
 0.13955595340475E-03
 0.18489664993786E-03
 0.24064357933477E-03
 0.30930269363938E-03
 0.38927879225209E-03
 0.48507498879323E-03
 0.63883506190793E-03
 0.71582536109875E-03
 0.87448698593416E-03
 0.10469258680203E-02
 0.12395088751299E-02
 0.14541255910600E-02
 0.16980132905501E-02
 0.19670461607115E-02
 0.22650893443227E-02
 0.26663818990855E-02
 0.31857161675774E-02
 0.29489387470005E-02
 0.39902266668230E-02
 0.38780695130503E-02
 0.49872320183349E-02
 0.52209479127457E-02
 0.58770628265599E-02
 0.67597214061184E-02
 0.71624003500620E-02
 0.82104168468308E-02
 0.65633621052893E-02
 0.13324527095804E-01
 0.11990910354830E-01
 0.81572421516573E-02
 0.99628385815347E-02
 0.10574157962677E-01
 0.19278319377432E-01
 0.23316035690978E-01
 0.20428563496455E-01
 0.14280042685140E-01
 0.26844772269756E-01
 0.22475549378222E-01
 0.31389847741612E-01
 0.29345613155369E-01
 0.55814656792499E-01
 0.33169954120163E-01
 0.98019561494628E-01
-0.42902568612074E-01
-0.81079089807263E-01
-0.84399773322857E-02
 0.16923682287391E+00
 0.41603850168770E+00
 0.77176162165567E+00
 0.32464597351516E+00
 0.98342311046200E-01
 0.93754613975656E+00
 0.91296438515347E+00
 0.80902199185478E+00
 0.18473917759333E+00
-0.42618340378320E-01
 0.76393653684569E-01
-0.52882130079984E-01
 0.13203364682673E+00
-0.20633483587302E+00
 0.41162696666250E+00
 0.39959430507984E+00
 0.29716967393275E+00
-0.16228512083503E+00
-0.56286613235534E-01
 0.93140178922531E+00
 0.75955586630767E+00
 0.60970064175224E+00
-0.58664637026465E+00
 0.64635464962852E+00
 0.96543701746474E-01
 0.12007348224453E+01
 0.59927835924129E+00
 0.83876025862082E+00
 0.59655631469518E+00
-0.27014757230464E+00
 0.97731067497835E+00
 0.18585533270994E+01
 0.21082098434032E+01
 0.10452576084905E+01
 0.18434853140776E+01
 0.34453651472533E+01
 0.33979297899959E+01
 0.34805103111830E+01
 0.11172084996631E+00
 0.44520041989611E+01
 0.25350534805674E+01
 0.32904023223941E+01
 0.35201676575709E+01
 0.42896520727258E+01
 0.96235742917068E+01
 0.70866177500668E+01
 0.49265055301163E+01
 0.82224600754153E+01
 0.99802169238879E+01
 0.12244785410342E+02
 0.17455609109291E+02
 0.17490440517235E+02
 0.29354781917807E+02
 0.31426498589929E+02
 0.37889806282228E+02
 0.27725734819466E+02
 0.22416225237351E+02
 0.11937697373352E+02
 0.23263752127971E+01
-0.21735190247450E+02
-0.43810107789251E+02
-0.74255592010135E+02
-0.10656484214811E+03
-0.12014072345990E+03
-0.14768567228725E+03
-0.16432239223080E+03
-0.17735917390847E+03
-0.17952591344607E+03
-0.15739092608754E+03
-0.14388686644149E+03
-0.10889839014424E+03
-0.59532137957449E+02
 0.12894063040703E+02
 0.70746625797214E+02
 0.14197641906721E+03
 0.19456912571974E+03
 0.22552208855962E+03
 0.24491488966222E+03
 0.24373212346228E+03
 0.22897328255317E+03
 0.19125358101703E+03
 0.14386423448817E+03
 0.97621005979822E+02
 0.44538010555618E+02
 0.49131035884286E+01
-0.35529875145182E+02
-0.54659574774291E+02
-0.82195352004231E+02
-0.84509786861152E+02
-0.75192238336296E+02
-0.78967214648954E+02
-0.54770095611934E+02
-0.59874373267931E+02
-0.82740537758607E+02
-0.68674417058007E+02
-0.37001225106481E+02
-0.37609033894440E+02
-0.14541070345865E+02
 0.44783279313513E+01
 0.31960642834518E+02
 0.10003289353703E+02
 0.24669096090445E+02
 0.62974828901440E+02
-0.30622672400309E+02
-0.49787932124710E+01
 0.98178120225742E+02
 0.36004223977767E+02
-0.31731850891882E+02
 0.11156164964814E+02
 0.38441682670982E+02
-0.99834301502597E+02
 0.13473691451932E+02
-0.69472537155317E+02
-0.79419924114492E+02
-0.11273677614361E+03
-0.10224158225286E+03
-0.13628947727224E+03
-0.13293438677413E+03
-0.12786427841728E+03
 0.38012942223786E+02
-0.15235902917145E+03
-0.13975729706347E+03
-0.15418062402701E+03
-0.16611308969695E+03
-0.26735019129664E+03
-0.48963429297454E+01
-0.35437427079792E+02
-0.14863094682424E+02
-0.34341083901960E+03
 0.19024894658522E+02
 0.29719201347922E+03
-0.80668132555750E+02
-0.64943270941638E+02
 0.61387427534602E+02
 0.25058583066563E+03
 0.26648673697387E+03
 0.14375017857384E+03
 0.95363551223106E+02
 0.25547994298126E+03
 0.47331690166236E+03
 0.18610512631047E+03
 0.23477994299112E+02
-0.72672823464268E+02
 0.51374057798414E+01
-0.14260660499998E+03
-0.47427837392074E+03
 0.36236845787883E+02
-0.49206429962783E+03
-0.39855028523533E+03
 0.14194866281215E+03
 0.34787601235021E+03
-0.39701616965391E+02
-0.78774518520851E+02
 0.42652293780980E+03
-0.39811480121471E+02
 0.38617270079412E+03
 0.57218338252674E+03
 0.59653143059692E+03
-0.55379875151489E+03
 0.13380329979123E+03
 0.72077121118081E+02
-0.21945823752675E+03
-0.19521126536444E+03
-0.22050726969283E+02
 0.18601080730554E+03
 0.33606443294805E+03
-0.25441257608071E+02
-0.14104858079156E+03
 0.27598795660553E+03
 0.43896986547757E+02
-0.64916495913479E+02
 0.31324748075526E+02
 0.71265308162360E+02
 0.46247842101025E+02
-0.15120622304468E+03
 0.96997559026737E+02
 0.11967664463647E+03
-0.14978364620562E+03
-0.28527337387643E+02
 0.10517656740685E+03
-0.45059888048992E+02
-0.11014481398660E+03
-0.72575318603609E+02
 0.63646146415224E+02
 0.80198238081419E+02
-0.37976972520054E+02
-0.10985965282364E+03
 0.34817099409168E+02
 0.50381120208971E+02
-0.58731661062594E+01
-0.80838425728420E+02
-0.29034330677682E+02
 0.39490160652043E+02
-0.55028870198128E+02
-0.17587410519837E+02
 0.20994543680070E+02
 0.18339970718407E+02
 0.16732052338051E+01
-0.75227468665520E+02
-0.55386416200687E+02
-0.54121980946109E+02
-0.53956128600287E+02
 0.69875635864854E+02
 0.11525246781500E+03
-0.33238956350868E+02
-0.15129682098191E+03
-0.14087675136413E+03
-0.20935096885135E+02
 0.10243096010407E+03
 0.17461748199685E+02
-0.49612992920339E+02
 0.10661826827666E+03
 0.38161409126970E+02
 0.12675537291902E+03
-0.40549916688584E+02
-0.10835826968671E+03
 0.28475780720461E+03
 0.34996007181572E+03
-0.22068242837418E+02
-0.27355794265722E+03
-0.15288041507302E+03
-0.57709371358089E+02
 0.82896880050266E+02
-0.14132853876632E+03
 0.68107254678098E+03
 0.70214966429387E+03
