-0.79632576343968E-11
-0.31853030537462E-10
-0.71669318708896E-10
-0.12741242348018E-09
-0.19970479028869E-09
-0.32479792990764E-09
-0.45685922877952E-09
-0.50989927890869E-09
-0.57993910855442E-09
-0.12175128535088E-08
-0.10377607172344E-08
-0.12568273695004E-08
-0.17118994016538E-08
-0.12809081584662E-08
-0.22638290694177E-08
-0.13570853385742E-08
-0.29905966469262E-08
-0.30730085393140E-08
-0.23631697015624E-08
-0.38060580798925E-08
-0.28515966522395E-08
-0.44624618614446E-08
-0.44886388041848E-08
-0.38741245506547E-08
-0.46712187632238E-08
-0.56041072628089E-08
-0.64276206426683E-08
-0.61271475724022E-08
-0.59172245069300E-08
-0.85395886499673E-08
-0.82217909973228E-08
-0.94453152626066E-08
-0.99604059138532E-08
-0.11166388041956E-07
-0.13435062437488E-07
-0.95132048646511E-08
-0.95149138797120E-08
-0.74687950833470E-08
-0.12693137476091E-07
-0.96222203415433E-08
-0.60645505009203E-08
-0.36194756670636E-08
-0.51671969306069E-08
 0.29711209942688E-08
 0.66259106575618E-08
 0.12588705726509E-07
 0.20458280076687E-07
 0.41520059929052E-07
 0.63205661832800E-07
 0.79431912684311E-07
 0.11659281008389E-06
 0.30683971184273E-05
-0.41407432447986E-05
 0.42614767579173E-05
-0.10639314472141E-04
-0.14762124325969E-04
 0.49997331671881E-06
 0.62675661804529E-06
 0.77852940834579E-06
 0.93656680949992E-06
 0.11352751376423E-05
 0.13549812839844E-05
 0.16169883815998E-05
 0.19193590127648E-05
 0.22646953152523E-05
 0.26357777222175E-05
 0.30567863868543E-05
 0.35380548110410E-05
 0.40383394879954E-05
 0.46220449713138E-05
 0.52461732827888E-05
 0.59402094766760E-05
 0.66704381312750E-05
 0.74668648779124E-05
 0.83212221741967E-05
 0.92409023112314E-05
 0.10189753474856E-04
 0.11222141945804E-04
 0.12286154607447E-04
 0.13377805285858E-04
 0.14512907112021E-04
 0.15634449103482E-04
 0.16825721999729E-04
 0.17965403088494E-04
 0.16812360826154E-04
 0.20357843182352E-04
 0.19020418936978E-04
 0.18451409621359E-04
 0.26403533192810E-04
-0.28169873710756E-06
-0.10880249726436E-04
 0.24971077807052E-04
 0.25177080014316E-04
 0.25087660952377E-04
 0.24707974084481E-04
 0.23950966806610E-04
 0.22786117181868E-04
 0.21140990493043E-04
 0.18898503943751E-04
 0.16182661467875E-04
 0.12597157529014E-04
 0.84936390497895E-05
 0.34354580016831E-05
-0.25943451034038E-05
-0.95986301010942E-05
-0.17744814970622E-04
-0.45740379334002E-04
-0.78100199741480E-03
 0.28231802949107E-03
-0.63975757339090E-04
-0.79544417726038E-04
-0.96572687737351E-04
-0.42048259420078E-03
-0.14457565291763E-03
-0.16217070637008E-03
-0.18874797584209E-03
-0.21807132243438E-03
-0.24977769442072E-03
-0.23774865400300E-03
 0.70320775463837E-03
-0.10524145746509E-03
-0.12809279890915E-02
 0.13276821159416E-03
-0.46515911639566E-03
-0.58859390469436E-03
-0.12352461290879E-02
-0.71244294942768E-03
-0.76581270046144E-03
-0.14132456747051E-02
-0.93854551472883E-03
-0.10137440720054E-02
-0.11020312302220E-02
-0.11944471035405E-02
-0.14123842265400E-02
-0.38993576627789E-02
-0.44476035905210E-02
-0.13551971127035E-02
-0.24205628515516E-02
-0.25140502244407E-02
-0.23530113238958E-02
-0.21744710523208E-02
-0.21589639589278E-02
-0.17636030492052E-02
-0.23343970370619E-02
-0.32387671142663E-02
-0.19863730231227E-02
-0.39036595169130E-02
-0.31033065462917E-02
 0.39258866319811E-03
-0.62303749353157E-02
-0.51973079587454E-02
-0.29319598401118E-02
-0.93829453812028E-02
-0.81373849698893E-02
 0.31504209480633E-02
-0.92403634551756E-03
 0.47776893544495E-03
 0.33488350468823E-02
 0.80621459386751E-02
 0.60164348212585E-02
 0.12858859247316E-01
 0.12583926373816E-01
 0.18296006036686E-01
 0.19293345097592E-01
 0.25863783855668E-01
 0.24493310944796E-01
 0.36945346472047E-01
 0.30828250672543E-01
 0.36192016712864E-01
 0.28324245938170E-01
 0.40256434166041E-01
 0.49933498867165E-01
 0.50388146360139E-01
 0.51323532399965E-01
 0.62608526760717E-01
 0.41052999242094E-01
 0.24828747216927E-01
-0.57777732523268E-02
 0.39263649625531E-01
 0.38600094360738E-01
 0.29700218203136E-01
 0.22405749584381E-01
 0.25678805838898E-01
 0.22735812902790E-01
 0.22633449367024E-01
 0.20638235561535E-01
 0.16647834564380E-01
 0.21940738893824E-01
 0.26044374973199E-01
 0.14211072192796E-01
 0.24245222808180E-01
 0.17672264044522E-01
 0.10941548513149E-01
 0.15809996436462E-01
 0.14609841054905E-01
 0.11412288975096E-01
 0.11032627549312E-01
 0.11912537974797E-01
 0.20541336766453E-02
 0.12711458167216E-01
 0.98182691199334E-02
 0.12888512912467E-01
 0.84480006360608E-02
 0.61978128205935E-02
 0.26598080865732E-02
 0.79636699230669E-02
 0.91561961786158E-02
 0.11619908497606E-01
 0.36414817248151E-02
 0.43605869864576E-02
-0.45084095286020E-03
 0.77848063980970E-02
 0.75923835084614E-02
 0.12446804455091E-02
 0.86715569017595E-02
 0.18464258661684E-01
 0.61497839018054E-02
 0.10883131009696E-01
-0.73090283809782E-02
 0.73704970231130E-03
 0.93867116433992E-02
 0.42467348455407E-02
 0.70521549928241E-02
 0.11471920064570E-01
 0.75750763253077E-02
 0.60089928206180E-02
 0.56589261591284E-02
 0.30652251604860E-01
-0.19095396014217E-02
 0.10680278892242E-01
 0.96320204391345E-02
 0.18024386968120E-01
 0.51251069217315E-02
-0.29924035610274E-02
 0.57475144473275E-02
 0.43654851988240E-02
 0.17330433007923E-01
 0.85746554644471E-02
-0.18071778720583E-02
 0.11510349401304E-02
 0.15902947438661E-01
 0.25151100461158E-02
 0.77491113743444E-02
 0.16163636027702E-01
 0.16098389678568E-01
 0.92048696191789E-02
 0.43048806608741E-02
-0.34464494738946E-02
 0.51708604673254E-02
 0.10418545563245E-01
 0.89396189689770E-03
-0.78932775961302E-02
 0.63765049711749E-02
-0.12714023864883E-02
 0.37876091868888E-02
-0.12903015743004E-02
 0.47293003645074E-02
 0.35820466966675E-03
-0.26338679327082E-02
 0.12567315451127E-02
-0.14402565508762E-01
-0.41819618730868E-05
 0.77615197893476E-02
-0.12309772287896E-01
 0.70570828228724E-02
-0.24489350492053E-01
-0.31220490685050E-01
-0.15889903907883E-01
-0.28853396165108E-02
 0.19418915813100E-01
 0.24919741227485E-01
 0.19083572849900E-01
-0.12799417769275E-01
 0.35626146550931E-01
-0.16176882165234E-01
 0.23728525707026E-02
 0.26864713252353E-02
 0.47671548503973E-01
 0.68277582699644E-02
-0.13840844980875E-01
-0.24156178542412E-01
 0.11837088164577E-01
 0.35748102181321E-01
-0.52310432324501E-01
 0.12354447115988E-01
 0.18132894479826E-01
 0.52530133037619E-03
-0.21726783576712E-01
-0.11303818637314E-01
-0.58150562356921E-01
-0.97939204880126E-01
-0.45726755736544E-02
 0.43186669586727E-01
-0.73791178370578E-02
-0.51827429634037E-02
-0.12889281836150E-01
-0.14730929732970E+00
 0.32797596224044E-01
-0.56371657314523E-01
-0.99707486501559E-01
