 0.10184128105568E-12
 0.16294604968843E-11
 0.82491437654310E-11
 0.26071430470418E-10
 0.63852883564897E-10
 0.14717878339996E-09
 0.28125141071341E-09
 0.43633162023893E-09
 0.64132486212421E-09
 0.14873203831098E-08
 0.15876879045746E-08
 0.23472202897949E-08
 0.35741437444701E-08
 0.33621590496766E-08
 0.64434135740839E-08
 0.48779661440680E-08
 0.10889919119834E-07
 0.12651822174831E-07
 0.11064986314249E-07
 0.18647659310157E-07
 0.17300091719504E-07
 0.27741315645378E-07
 0.29823930900500E-07
 0.29679163333578E-07
 0.37845906961936E-07
 0.46682575680498E-07
 0.61008597867188E-07
 0.60119499692248E-07
 0.65821717549618E-07
 0.95747052880072E-07
 0.99673686172800E-07
 0.11815051213737E-06
 0.13558119042290E-06
 0.16190891733763E-06
 0.20747032363385E-06
 0.16415831047060E-06
 0.18236244133441E-06
 0.16636000880444E-06
 0.29324182039506E-06
 0.27744449647343E-06
 0.26754287628410E-06
 0.27448721795328E-06
 0.41491035146558E-06
 0.35178088001331E-06
 0.45693514420817E-06
 0.53432108695659E-06
 0.65218580242270E-06
 0.53184446542553E-06
 0.51447313390589E-06
 0.77897258986483E-06
 0.67214592576454E-06
-0.73864463781049E-04
 0.11873728439768E-03
-0.11452010579264E-03
 0.36296178528827E-03
 0.69280511151379E-03
 0.19464113122697E-05
 0.18931226216605E-05
 0.17653335549854E-05
 0.23527368375725E-05
 0.24859967601022E-05
 0.30256726921212E-05
 0.31256375205177E-05
 0.32102334541602E-05
 0.29995768689650E-05
 0.38018452217213E-05
 0.41614989306627E-05
 0.41699965411746E-05
 0.58229897840048E-05
 0.58183620084710E-05
 0.66520803374767E-05
 0.67711484723110E-05
 0.80997177014882E-05
 0.91002526024958E-05
 0.99439800304319E-05
 0.10242771099756E-04
 0.11860740756379E-04
 0.11533351410055E-04
 0.11993591645992E-04
 0.13331966554081E-04
 0.13583439356658E-04
 0.16734925018715E-04
 0.15270827015268E-04
 0.17574290617988E-04
 0.25882173266013E-03
-0.80144729736984E-05
 0.16224961249528E-03
 0.32620219009608E-03
-0.85606503826146E-04
 0.18788967457417E-02
 0.38243753024024E-02
 0.19420015295800E-04
 0.16866915572888E-04
 0.16869185131215E-04
 0.14088639990606E-04
 0.12399697888240E-04
 0.92163635418180E-05
 0.59911385450266E-05
 0.77328063532559E-05
-0.41213244144876E-05
 0.21732947761737E-04
-0.16514522465144E-04
-0.25443645323013E-04
-0.30214524117824E-04
-0.43350772344623E-04
-0.56700997743238E-04
 0.36606773279472E-02
 0.84371127847558E-01
-0.82712900732352E-01
-0.11587028664946E-03
-0.13700478667643E-03
-0.18083868568243E-03
 0.37437105985915E-01
 0.62349953556282E-03
-0.24237786928274E-03
-0.26968258405401E-03
-0.27937216672553E-03
-0.37745272752823E-03
-0.17526606128273E-01
-0.14705810972117E+00
-0.16174533401426E-01
 0.95215306458372E-01
-0.10164914210136E+00
-0.82264744741038E-02
 0.17001443091184E-02
 0.12281858689303E+00
 0.12443349303600E-02
-0.16443378934215E-02
 0.11114750063794E+00
 0.24744154532376E-02
-0.12283283420851E-03
-0.12269960541462E-02
-0.20310618307064E-02
 0.52279033445279E-01
 0.49651540543561E+00
 0.54647836242516E+00
-0.93171631086629E-01
 0.11843430390258E+00
 0.11194899953332E+00
 0.62121629304926E-01
-0.22574798312596E-03
-0.11095813202899E-01
-0.16299417259628E+00
-0.54813312198240E-01
 0.10635902443666E+00
-0.21419243331996E+00
 0.23752699755108E+00
-0.55094217838235E-02
-0.76129224603245E+00
 0.74333702065982E+00
 0.66750711412842E+00
-0.51619618466747E-02
 0.16611571835036E+01
 0.12527633103952E+01
-0.10575696233937E+01
 0.12839118616963E+00
 0.11585150784260E+00
-0.17274150332432E+00
-0.92024919339998E+00
 0.28451154514197E+00
-0.81319587144626E+00
 0.10192451653472E+00
-0.63850281460517E+00
-0.66438573001467E-01
-0.12351148558211E+01
 0.28038302686580E+00
-0.36152098225524E+01
-0.32704793273946E+00
-0.10484615050171E+01
 0.16751695527371E+01
-0.16280152727299E+01
-0.49615250784911E+01
-0.41355757053015E+01
-0.51476432535062E+01
-0.94663448010501E+01
-0.39257281467017E+01
 0.16929527354859E+01
 0.11999716960969E+02
-0.34073768022852E+01
-0.36051451350660E+01
-0.91098008168981E+00
 0.10029387066698E+01
-0.52846124942801E+00
 0.93780625402048E-01
-0.15567882887044E+00
 0.15479164346733E+00
 0.18062354871540E+01
-0.58384252906532E+00
-0.29640378815836E+01
 0.12402667032253E+01
-0.25836718023353E+01
-0.93952292671166E+00
 0.14486013033887E+01
-0.40359121478115E+00
-0.47434083264682E+00
 0.42458554590987E+00
 0.38206811058432E+00
-0.46647549711707E+00
 0.31682772161850E+01
-0.12012256865361E+01
-0.38039561234136E+00
-0.17367719631686E+01
-0.20699339720938E+00
 0.50906781871589E+00
 0.19858017702732E+01
-0.75557943723542E+00
-0.11908307048281E+01
-0.22139856701744E+01
 0.20901773220861E+01
 0.98114203075850E+00
 0.24028037368483E+01
-0.12687546462672E+01
-0.67515084791575E+00
 0.19954986666880E+01
-0.84223761137913E+00
-0.75822833519285E+01
-0.65504270191495E-01
-0.23901800557647E+01
 0.65953400702791E+01
 0.22356359834722E+01
-0.17822992449322E+01
 0.65120247394156E+00
 0.91951213679106E+00
-0.26146107981855E+01
-0.12442084786561E+01
 0.58915763238337E-01
 0.73339117773981E+00
-0.12527230567080E+02
 0.47624198449583E+01
-0.26350639455830E+01
-0.28620977413941E+01
-0.65611577819488E+01
 0.44534182752058E+00
 0.45688153354297E+01
-0.95885056676970E+00
 0.23371235517752E+00
-0.79149469874079E+01
-0.20584113709296E+01
 0.43775608618609E+01
 0.11443628676690E+01
-0.58951467825340E+01
 0.19171888213798E+01
-0.31876269368979E+01
-0.85930978483602E+01
-0.73092831780194E+01
-0.46887090158093E+01
-0.13494026711244E+01
 0.33291652728081E+01
-0.15176601834885E+01
-0.47224600289098E+01
 0.21688266908386E+01
 0.62033745013958E+01
-0.31625331325657E+01
 0.22823323318736E+01
-0.22436043582860E+01
 0.22313401600922E+01
-0.22422761950829E+01
 0.12753284403608E+01
 0.27770085041740E+01
 0.19629407219485E+00
 0.11715458791521E+02
 0.56924553677465E+00
-0.67613933164414E+01
 0.97455950223595E+01
-0.66275527311814E+01
 0.19666413730471E+02
 0.21042660035808E+02
 0.12391254450513E+02
 0.44956775000652E+01
-0.10772214815751E+02
-0.21645948247279E+02
-0.15125866824958E+02
 0.78148413823515E+01
-0.25385549249296E+02
 0.17108594430346E+02
 0.41986747673978E+00
-0.14751411570627E+01
-0.41268841347228E+02
-0.94063283981776E+01
 0.70826793966793E+01
 0.20908588500597E+02
-0.60756469489214E+01
-0.24638578516920E+02
 0.47985561124704E+02
-0.18234962012490E+02
-0.17282250673488E+02
-0.92786444066773E+01
 0.21603726629326E+02
 0.10435315250396E+02
 0.42428411842468E+02
 0.85325271459016E+02
 0.44067757650070E+01
-0.42057387481014E+02
 0.11559294637125E+02
 0.17449637295577E+01
 0.42870209480228E+01
 0.13458214479248E+03
-0.27168811926139E+02
 0.39720466940444E+02
 0.78217244672233E+02
