 0.13548723707728E+03
 0.13548723707728E+03
 0.13548723707728E+03
 0.13548723707728E+03
 0.13548723707728E+03
 0.13548723707730E+03
 0.13548723707789E+03
 0.13548723708563E+03
 0.13548723714262E+03
 0.13548723742166E+03
 0.13548723843664E+03
 0.13548724139174E+03
 0.13548724864568E+03
 0.13548726422658E+03
 0.13548729431823E+03
 0.13548734764887E+03
 0.13548743573894E+03
 0.13548757298984E+03
 0.13548777662569E+03
 0.13548806650739E+03
 0.13548846485304E+03
 0.13548899589896E+03
 0.13548968553416E+03
 0.13549056093769E+03
 0.13549165024239E+03
 0.13549298224177E+03
 0.13549458615081E+03
 0.13549649142504E+03
 0.13549872763624E+03
 0.13550132439877E+03
 0.13550431133701E+03
 0.13550771808106E+03
 0.13551157428119E+03
 0.13551590962556E+03
 0.13552075385277E+03
 0.13552613674965E+03
 0.13553208812851E+03
 0.13553863777886E+03
 0.13554581539557E+03
 0.13555365047669E+03
 0.13556217220427E+03
 0.13557140930247E+03
 0.13558138988183E+03
 0.13559214127399E+03
 0.13560368986214E+03
 0.13561606091269E+03
 0.13562927841210E+03
 0.13564336491536E+03
 0.13565834140240E+03
 0.13567422715862E+03
 0.13569103966889E+03
 0.13570879453289E+03
 0.13572750540138E+03
 0.13574718393328E+03
 0.13576783977554E+03
 0.13578948056618E+03
 0.13581211193766E+03
 0.13583573757353E+03
 0.13586035925189E+03
 0.13588597691726E+03
 0.13591258876307E+03
 0.13594019132779E+03
 0.13596877960119E+03
 0.13599834713425E+03
 0.13602888616180E+03
 0.13606038772971E+03
 0.13609284182393E+03
 0.13612623750092E+03
 0.13616056302575E+03
 0.13619580600185E+03
 0.13623195350512E+03
 0.13626899221218E+03
 0.13630690852783E+03
 0.13634568872084E+03
 0.13638531904024E+03
 0.13642578582850E+03
 0.13646707563833E+03
 0.13650917534278E+03
 0.13655207223462E+03
 0.13659575412822E+03
 0.13664020945870E+03
 0.13668542736521E+03
 0.13673139777908E+03
 0.13677811150433E+03
 0.13682556029406E+03
 0.13687373692307E+03
 0.13692263525172E+03
 0.13697225031966E+03
 0.13702257836212E+03
 0.13707361691321E+03
 0.13712536484428E+03
 0.13717782243041E+03
 0.13723099136303E+03
 0.13728487494313E+03
 0.13733947791327E+03
 0.13739480671348E+03
 0.13745086944770E+03
 0.13750767594320E+03
 0.13756523786333E+03
 0.13762356866623E+03
 0.13768268379569E+03
 0.13774260064192E+03
 0.13780333870824E+03
 0.13786491961292E+03
 0.13792736722676E+03
 0.13799070773988E+03
 0.13805496975799E+03
 0.13812018443104E+03
 0.13818638558912E+03
 0.13825360976578E+03
 0.13832189648323E+03
 0.13839128829684E+03
 0.13846183103152E+03
 0.13853357394252E+03
 0.13860656986376E+03
 0.13868087552283E+03
 0.13875655172924E+03
 0.13883366362506E+03
 0.13891228103957E+03
 0.13899247873872E+03
 0.13907433684631E+03
 0.13915794118599E+03
 0.13924338372887E+03
 0.13933076307150E+03
 0.13942018494476E+03
 0.13951176279682E+03
 0.13960561842422E+03
 0.13970188266377E+03
 0.13980069616248E+03
 0.13990221022019E+03
 0.14000658772851E+03
 0.14011400417898E+03
 0.14022464879470E+03
 0.14033872575424E+03
 0.14045645553936E+03
 0.14057807640680E+03
 0.14070384603370E+03
 0.14083404298697E+03
 0.14096896893663E+03
 0.14110895038474E+03
 0.14125434078180E+03
 0.14140552267493E+03
 0.14156290988416E+03
 0.14172694966161E+03
 0.14189812473833E+03
 0.14207695515931E+03
 0.14226399976371E+03
 0.14245985710291E+03
 0.14266516559292E+03
 0.14288060263037E+03
 0.14310688235677E+03
 0.14334475178664E+03
 0.14359498499172E+03
 0.14385837513843E+03
 0.14413572443442E+03
 0.14442783124300E+03
 0.14473547690437E+03
 0.14505941027837E+03
 0.14540033308141E+03
 0.14575888659312E+03
 0.14613564131638E+03
 0.14653109090417E+03
 0.14694565133426E+03
 0.14737966565545E+03
 0.14783341397627E+03
 0.14830712774103E+03
 0.14880100672691E+03
 0.14931523729770E+03
 0.14985001002416E+03
 0.15040553577379E+03
 0.15098205907583E+03
 0.15157986848669E+03
 0.15219930392886E+03
 0.15284076117663E+03
 0.15350469381896E+03
 0.15419161319618E+03
 0.15490208669415E+03
 0.15563673306022E+03
 0.15639622568337E+03
 0.15718127716545E+03
 0.15799264112267E+03
 0.15883110492534E+03
 0.15969748321787E+03
 0.16059261140527E+03
 0.16151733843084E+03
 0.16247251917656E+03
 0.16345900630352E+03
 0.16447764158356E+03
 0.16552924667298E+03
 0.16661461342949E+03
 0.16773449383310E+03
 0.16888958938624E+03
 0.17008054036454E+03
 0.17130791502738E+03
 0.17257219874846E+03
 0.17387378349523E+03
 0.17521295786744E+03
 0.17658989779134E+03
 0.17800465825388E+03
 0.17945716631810E+03
 0.18094721556567E+03
 0.18247446227880E+03
 0.18403842335551E+03
 0.18563847624785E+03
 0.18727386071351E+03
 0.18894368337274E+03
 0.19064692243341E+03
 0.19238243600823E+03
 0.19414897109818E+03
 0.19594517410325E+03
 0.19776960248156E+03
 0.19962073721344E+03
 0.20149699572151E+03
 0.20339674518048E+03
 0.20531831563657E+03
 0.20726001297074E+03
 0.20922013121509E+03
 0.21119696417988E+03
 0.21318881645484E+03
 0.21519401312617E+03
 0.21721090868960E+03
 0.21923789477068E+03
 0.22127340680124E+03
 0.22331592962795E+03
 0.22536400204231E+03
 0.22741622042945E+03
 0.22947124140817E+03
 0.23152778351714E+03
 0.23358462914775E+03
 0.23564062369149E+03
 0.23769467634117E+03
 0.23974575920943E+03
 0.24179290628470E+03
 0.24383521207813E+03
 0.24587182989622E+03
 0.24790196996683E+03
 0.24992489740159E+03
 0.25193992994959E+03
 0.25394643576352E+03
 0.25594383107157E+03
 0.25793157783652E+03
 0.25990918139207E+03
 0.26187618818151E+03
 0.26383218347267E+03
 0.26577678915411E+03
 0.26770966159323E+03
 0.26963048955933E+03
 0.27153899228926E+03
 0.27343491751453E+03
 0.27531803971957E+03
 0.27718815836319E+03
 0.27904509627640E+03
 0.28088869809010E+03
 0.28271882877570E+03
 0.28453537227721E+03
 0.28633823015201E+03
 0.28812732041385E+03
 0.28990257632027E+03
 0.29166394534232E+03
 0.29341138808073E+03
 0.29514487738868E+03
 0.29686439741135E+03
 0.29856994279766E+03
 0.30026151790804E+03
 0.30193913606226E+03
 0.30360281888627E+03
 0.30525259548882E+03
 0.30688850259116E+03
 0.30851058284494E+03
 0.31011888509759E+03
 0.31171346370490E+03
 0.31329437807766E+03
 0.31486169226795E+03
 0.31641547457528E+03
 0.31795579718350E+03
 0.31948273582148E+03
 0.32099636944227E+03
 0.32249677993590E+03
 0.32398405185069E+03
 0.32545827214184E+03
 0.32691952992709E+03
 0.32836791627234E+03
 0.32980352398210E+03
 0.33122644740966E+03
 0.33263678227931E+03
 0.33403462551975E+03
 0.33542007510753E+03
 0.33679322993060E+03
 0.33815418964907E+03
 0.33950305457031E+03
 0.34083992554288E+03
 0.34216490383941E+03
 0.34347809106487E+03
 0.34477958905985E+03
 0.34606949982159E+03
 0.34734792541395E+03
 0.34861496790635E+03
 0.34987072929626E+03
 0.35111531145247E+03
 0.35234881605351E+03
