   503.353983595366473674394243594379533      
   503.353983595366473674394243594379533      
   503.353983595366473673271516425147768      
   503.353983595366369793408749357133350      
   503.353983595264853940454767898678721      
   503.353983585190643146242959322698203      
   503.353983319046950696591273117286516      
   503.353980281542872744856608707028257      
   503.353960572508662755580859248654948      
   503.353874527613739350835474488330689      
   503.353592707148076591672648795942394      
   503.352847687549384054842924381591937      
   503.351175282679030488435538584667620      
   503.347870051838639570654694972264007      
   503.341965039413120257718176872803604      
   503.332238566128067616168628955053890      
   503.317244876517060498628536821261255      
   503.295362075881048203237773471847036      
   503.264849500526570007459561775304574      
   503.223907881619559659428470481376722      
   503.170736645252177994677161564515874      
   503.103584855840776944831057315472870      
   503.020793786114651052066921875040239      
   502.920830417200980100267142523494182      
   502.802312072237203425958494318707785      
   502.664022970205337716598412571172217      
   502.504923777342887604152538347989666      
   502.324155334766479285441629538001349      
   502.121037705910684171230924668264339      
   501.895065576947476281386697141528096      
   501.645900897259696742099065367667767      
   501.373363493891438992633077032201232      
   501.077420249256740178239684460277701      
   500.758173323628753374307329589213360      
   500.415847763394704412281548372677000      
   500.050778812675991407005438823646890      
   499.663399144892279412702135310437852      
   499.254226200097790203942576871697442      
   498.823849815383867946779230797279340      
   498.372920085908531952670261942392018      
   497.902136021853217845023841798590973      
   497.412234513503291220676962866911444      
   496.903980065566280321466673369836034      
   496.378155242353627277936180246943454      
   495.835551878170004111846730611107237      
   495.276963066123600728454695015528590      
   494.703176023076842554087648282084255      
   494.114965539219196764283417725191490      
   493.513088628563201468672729657449673      
   492.898279670842461524552060828113648      
   492.271246389002637689451835954968473      
   491.632666574287768103201019546291265      
   490.983185496190301842377601098351932      
   490.323413991417240971741338512330252      
   489.653927011731141554395485503552242      
   488.975262637686106637997021618410112      
   488.287922312557931683545782396794958      
   487.592370260321099737819313006457446      
   486.889034242592945375375432322141422      
   486.178306258016478429602538555477260      
   485.460543611396794604733764402389333      
   484.736070033778356861650641408519866      
   484.005177096543763712445771117377207      
   483.268125968123421965774133641831190      
   482.525148944061378035992857504893697      
   481.776451096217939469411563518379123      
   481.022212053111604945157881666225171      
   480.262587869214213807880943821055344      
   479.497712319904501522829849440407427      
   478.727699023352589721194584209613072      
   477.952642912922490655244240130307489      
   477.172621900643361058903517112840090      
   476.387698158471690756982768732419899      
   475.597919763031588834891473446413967      
   474.803321486251181400978892535235259      
   474.003926506142250435982765793509963      
   473.199747290509362930716893433384775      
   472.390786482951715060465240173641634      
   471.577038041386151436863841771584682      
   470.758487904198474107170480149864474      
   469.935114298503501481540588967286370      
   469.106888825588199147747955478981788      
   468.273776696969343553348298351368955      
   467.435737172635705967809482742397943      
   466.592723860409201943697371174579879      
   465.744685012711013253807846628416012      
   464.891563416134651274010154772609980      
   464.033296451438989533452179247535251      
   463.169816985722752253983271633922947      
   462.301052290334056917632214108039949      
   461.426924007811484220030170829152670      
   460.547348170619223556453851428626953      
   459.662236113859640806663735022840008      
   458.771490921971027349113301865497585      
   457.875011878745903694029065121261494      
   456.972689844576024376389674085568584      
   456.064409035451366340685749431327910      
   455.150046439193509821395875314970687      
   454.229470144868289160102581902480617      
   453.302540595083065480438144566626110      
   452.369108478377489652938774842395425      
   451.429014890382415508702095632754370      
   450.482090601620117285808641643854715      
   449.528155422488409141689082721867805      
   448.567017115939470825094343976289032      
   447.598471213286614203720148276085507      
   446.622299764587108610801605552608038      
   445.638270677194832028274936392055518      
   444.646136297557571050860883153390722      
   443.645634189740307900110005444295664      
   442.636483533041600769746361188544605      
   441.618385945951169739200899124630093      
   440.591023495904189555611593046987164      
   439.554057767523297637109071352610709      
   438.507128375228443267433846069181642      
   437.449851676813203486701113069610393      
   436.381819210833803099420144216810945      
   435.302595752707423306288225652367277      
   434.211718155945825384483184571523717      
   433.108692871948344828319042312974120      
   431.992994130916549780712909435425882      
   430.864061834076268643201142440129449      
   429.721299190541002394107491921660887      
   428.564069748582512058265119005780650      
   427.391695295396672839665102075048500      
   426.203452209813278413123960181282772      
   424.998568763654809253288274205423702      
   423.776221380544578324887117624782997      
   422.535531094155014913462528440371557      
   421.275559534427680436172829736844204      
   419.995304471890562693172353558574395      
   418.693695741333867392017869630332476      
   417.369590193373660074738510401150823      
   416.021766791683456853462094779393580      
   414.648921404378898363022154077253359      
   413.249661481857460042137813166252982      
   411.822500028178591548557218953829503      
   410.365852923098308285777208781081117      
   408.878030027602718542750456664239152      
   407.357232998195064737269098319119714      
   405.801551042698501491795290930053949      
   404.208958230371572517220837026786547      
   402.577312577496240285317098435974192      
   400.904357472788354404883949962772991      
   399.187726470419403990606817421567992      
   397.424952150991561511696468165484727      
   395.613480025693359497489437611341135      
   393.750689861970533162575497798098143      
   391.833924694690555355572810963284825      
   389.860529493095785590886907018598275      
   387.827901723781442092016620604666707      
   385.733553239181144639419819746348536      
   383.575185673588012763321767115549781      
   381.350777528278475322695809001750415      
   379.058680505931474373841093383579108      
   376.697727378780445134937482749717824      
   374.267329282987597299217149559009858      
   371.767575607213225175621243048247467      
   369.199311113760005139062011596719100      
   366.564186838692144430125225074355864      
   363.864674939691367382481837966922613      
   361.104042253329428921653346070208462      
   358.286280822327009714710053889896674      
   355.416000898629789013215697051291135      
   352.498294931195903620299704529528650      
   349.538585747355441050990782666323857      
   346.542474063597946740318598293200470      
   343.515596779265406975057670327149746      
   340.463508100997425329716882200014203      
   337.391589597696600339436267809970134      
   334.304988692535938370558663194849448      
   331.208589693819414468792124984466659      
   328.107006793089234626453077215762501      
   325.004599008511616464013073736364519      
   321.905499897169165164620416621667371      
   318.813656239577199497536193257190713      
   315.732872360686639345447233279412534      
   312.666852083496572949004520076517276      
   309.619259927871585822592897071819458      
   306.593737587220236233415284596059488      
   303.593959771600585884402953090295101      
   300.623660101724266532383255592604594      
   297.686658801292688735268408387001827      
   294.786882492110187230179339983782201      
   291.928378256158718192962724384584974      
   289.115320578380178417532427920796410      
   286.352012205828147217654768585510683      
   283.642878427243538007500551170483930      
   280.992455014451390123049998662343397      
   278.405369778711170256176171287282600      
   275.886318088014373762699831753712189      
   273.440033178972298514324910615546472      
   271.071251409380617936071353635359710      
   268.784671975771754053332833458515384      
   266.584914087488362271167420616945908      
   264.476470670042964152685410054125587      
   262.463659739425351867978067068477563      
   260.550575495143737518812861121371292      
   258.741039539274517045306402996959827      
   257.038553491069509797580088881876396      
   255.446254709283091343796436449532709      
   253.966875978235964194347388043613892      
   252.602710544175377089555755833920832      
   251.355583492908853166280710671975822      
   250.226830159736094948222747845272341      
   249.217281755271941247163769573820838      
   248.327260315535795782667086504672412      
   247.556580265577530348127117280137310      
   246.904558597930824641636272764983947      
   246.370032250730528512411542761181995      
   245.951382141309194153746989658043949      
   245.646562977929014663725529842923081      
   245.453137854783458469782265109800716      
   245.368316554924602298645175362962214      
   245.388996387565766451714328811593563      
   245.511804611160830479261624431863751      
   245.733141345267830785944895016444704      
   246.049222019386261569276944554059808      
   246.456118562324049124567762800839311      
   246.949798782092305128190690594069181      
   247.526163234455566985560640047207018      
   248.181079278195301463874835289422358      
   248.910412052551863151191431866018841      
   249.710052139360696034627999530265463      
   250.575939958618066882141969172064392      
   251.504086855654766064535584148332531      
   252.490593032414932604247606370250412      
   253.531662360941605582116280499918192      
   254.623614885052117971845134937559714      
   255.762895674538330806948094898097361      
   256.946082439564184092154217940020746      
   258.169890448784451275082608756771054      
   259.431175720972556249846486047113192      
   260.726936617043310368919888424389853      
   262.054313986070412631309841652088389      
   263.410590173907702717695016439387941      
   264.793187033987091004897532958796318      
   266.199663092101553987002351649155368      
   267.627710093371343062676818191251675      
   269.075149017084597616423440476591450      
   270.539925701342926319049871595178126      
   272.020106150634411114782945211880909      
   273.513871710677992714348590513915161      
   275.019514074426990258156079316764510      
   276.535430257152194082864421118454737      
   278.060117567100161014654989077376187      
   279.592168619829212485600831914662476      
   281.130266487114081663695972277737562      
   282.673179859600838095708317224540536      
   284.219758465084576538914382469253376      
   285.768928536902826006612369702676984      
   287.319688523958018403867889050495271      
   288.871104927158761081749125370062156      
   290.422308338815099566447704851263772      
   291.972489673911407658474105880368650      
   293.520896521006201392401326598633541      
   295.066829780593468394107094663626578      
   296.609640371902411981530186191745707      
   298.148726207589303165694653991720851      
   299.683529233219967860799176881437348      
   301.213532752199241114785361196932167      
   302.738258782438910475424629452342642      
   304.257265662377935856422320287755661      
   305.770145750287841879708005068641678      
   307.276523249367845200289157336323913      
   308.776052207755858369314961584372463      
   310.268414447254956159671839177647766      
   311.753318431801256529133091577746105      
   313.230496573651178834648466999235299      
   314.699704366331312362534639491641104      
   316.160718726578995561605573136628049      
   317.613336607943322865641420984078766      
   319.057373710960475125577212315601331      
   320.492663266482991185115146534897335      
   321.919054898609358042849037759228321      
   323.336413559446487615763089484443221      
   324.744618526640342815646264130680242      
   326.143562474118818483640630411382537      
   327.533150592901076715391550432640161      
   328.913299773932639582612552866211807      
   330.283937833845254759362146830127952      
   331.645002801291814810406567094745606      
   332.996442239646696950205811278353541      
   334.338212616984372291493676368965131      
   335.670278715715545468794251236426547      
   336.992613077143511422960394747433628      
   338.305195480066164869209643051874494      
   339.608012461428567055592378257432744      
   340.901056854555282538474816260456604      
   342.184327361212054312625888585923015      
   343.457828160174534050443557552603375      
   344.721568521679578153387548157668214      
   345.975562463576087223720399671153700      
   347.219828417060565247727485283267299      
   348.454388923921099842913618471981835      
   349.679270335932617207363365469313007      
   350.894502555845646600180462264554312      
   352.100118772674686220131014088213980      
   353.296155229238853881251646906642776      
   354.482650994546179896954004814907500      
