 0.13548723707728E+03
 0.13548723707728E+03
 0.13548723707728E+03
 0.13548723707728E+03
 0.13548723707728E+03
 0.13548723707730E+03
 0.13548723707789E+03
 0.13548723708563E+03
 0.13548723714262E+03
 0.13548723742166E+03
 0.13548723843664E+03
 0.13548724139177E+03
 0.13548724864593E+03
 0.13548726422793E+03
 0.13548729432396E+03
 0.13548734766915E+03
 0.13548743580112E+03
 0.13548757315887E+03
 0.13548777704086E+03
 0.13548806744308E+03
 0.13548846682964E+03
 0.13548899977424E+03
 0.13548969272395E+03
 0.13549057364632E+03
 0.13549167176634E+03
 0.13549301733988E+03
 0.13549464148289E+03
 0.13549657605875E+03
 0.13549885362081E+03
 0.13550150740269E+03
 0.13550457134577E+03
 0.13550808015097E+03
 0.13551206934482E+03
 0.13551657534444E+03
 0.13552163551355E+03
 0.13552728820029E+03
 0.13553357275111E+03
 0.13554052949762E+03
 0.13554819971723E+03
 0.13555662556301E+03
 0.13556584997447E+03
 0.13557591656622E+03
 0.13558686950206E+03
 0.13559875335945E+03
 0.13561161298985E+03
 0.13562549338068E+03
 0.13564043952124E+03
 0.13565649628345E+03
 0.13567370830707E+03
 0.13569211991849E+03
 0.13571177502972E+03
 0.13573271712109E+03
 0.13575498918585E+03
 0.13577863372449E+03
 0.13580369275572E+03
 0.13583020785168E+03
 0.13585822018469E+03
 0.13588777060392E+03
 0.13591889972661E+03
 0.13595164804506E+03
 0.13598605605282E+03
 0.13602216442316E+03
 0.13606001401918E+03
 0.13609964626253E+03
 0.13614110318551E+03
 0.13618442764681E+03
 0.13622966353299E+03
 0.13627685596660E+03
 0.13632605152155E+03
 0.13637729844176E+03
 0.13643064689224E+03
 0.13648614918213E+03
 0.13654386001559E+03
 0.13660383674849E+03
 0.13666613964734E+03
 0.13673083218065E+03
 0.13679798123986E+03
 0.13686765753430E+03
 0.13693993580016E+03
 0.13701489509807E+03
 0.13709261919032E+03
 0.13717319687998E+03
 0.13725672239874E+03
 0.13734329553267E+03
 0.13743302231929E+03
 0.13752601533568E+03
 0.13762239400249E+03
 0.13772228517828E+03
 0.13782582359732E+03
 0.13793315228926E+03
 0.13804442321720E+03
 0.13815979776931E+03
 0.13827944738445E+03
 0.13840355416208E+03
 0.13853231161048E+03
 0.13866592526493E+03
 0.13880461359551E+03
 0.13894860876231E+03
 0.13909815749908E+03
 0.13925352213990E+03
 0.13941498169860E+03
 0.13958283258408E+03
 0.13975739037532E+03
 0.13993899071210E+03
 0.14012799074232E+03
 0.14032477057436E+03
 0.14052973484949E+03
 0.14074331439753E+03
 0.14096596800456E+03
 0.14119818429794E+03
 0.14144048375698E+03
 0.14169342079480E+03
 0.14195758600889E+03
 0.14223360850748E+03
 0.14252215830631E+03
 0.14282394887110E+03
 0.14313973986445E+03
 0.14347033907007E+03
 0.14381660596102E+03
 0.14417945370593E+03
 0.14455985174080E+03
 0.14495882818074E+03
 0.14537747175885E+03
 0.14581693361680E+03
 0.14627842846708E+03
 0.14676323515060E+03
 0.14727269638032E+03
 0.14780821742178E+03
 0.14837126352841E+03
 0.14896335565530E+03
 0.14958606484701E+03
 0.15024100389075E+03
 0.15092981730010E+03
 0.15165416840471E+03
 0.15241572243615E+03
 0.15321613497717E+03
 0.15405702231084E+03
 0.15493994536257E+03
 0.15586638428582E+03
 0.15683771352962E+03
 0.15785517640340E+03
 0.15891986036139E+03
 0.16003267253376E+03
 0.16119431744818E+03
 0.16240527631416E+03
 0.16366578947026E+03
 0.16497584212146E+03
 0.16633515463981E+03
 0.16774317781032E+03
 0.16919909392271E+03
 0.17070182384892E+03
 0.17225004036514E+03
 0.17384218707253E+03
 0.17547650205445E+03
 0.17715104554468E+03
 0.17886372959507E+03
 0.18061235071168E+03
 0.18239461875285E+03
 0.18420818866875E+03
 0.18605068821359E+03
 0.18791974317275E+03
 0.18981300040238E+03
 0.19172814688305E+03
 0.19366292645657E+03
 0.19561515250390E+03
 0.19758271843792E+03
 0.19956360561318E+03
 0.20155588845463E+03
 0.20355773797408E+03
 0.20556742356906E+03
 0.20758331193352E+03
 0.20960386764917E+03
 0.21162765005295E+03
 0.21365331083590E+03
 0.21567959076647E+03
 0.21770531615208E+03
 0.21972939439345E+03
 0.22175081055242E+03
 0.22376862300224E+03
 0.22578195906216E+03
 0.22779001133040E+03
 0.22979203386912E+03
 0.23178733803938E+03
 0.23377528927594E+03
 0.23575530324730E+03
 0.23772684347978E+03
 0.23968941698018E+03
 0.24164257227597E+03
 0.24358589681965E+03
 0.24551901365601E+03
 0.24744157977447E+03
 0.24935328291362E+03
 0.25125384101097E+03
 0.25314299886920E+03
 0.25502052629745E+03
 0.25688621743438E+03
 0.25873988838815E+03
 0.26058137601658E+03
 0.26241053651015E+03
 0.26422724369400E+03
 0.26603138774294E+03
 0.26782287595388E+03
 0.26960162791612E+03
 0.27136757845372E+03
 0.27312067477785E+03
 0.27486087438032E+03
 0.27658814738286E+03
 0.27830247274551E+03
 0.28000383930009E+03
 0.28169224543248E+03
 0.28336769610807E+03
 0.28503020459903E+03
 0.28667979143347E+03
 0.28831648298926E+03
 0.28994031206022E+03
 0.29155131678941E+03
 0.29314954071728E+03
 0.29473503163544E+03
 0.29630784194829E+03
 0.29786802832783E+03
 0.29941565072970E+03
 0.30095077262714E+03
 0.30247346093521E+03
 0.30398378487449E+03
 0.30548181677377E+03
 0.30696763100822E+03
 0.30844130415449E+03
 0.30990291509570E+03
 0.31135254406404E+03
 0.31279027302657E+03
 0.31421618543620E+03
 0.31563036608731E+03
 0.31703290065067E+03
 0.31842387597819E+03
 0.31980337984516E+03
 0.32117150063305E+03
 0.32252832742147E+03
 0.32387394985983E+03
 0.32520845812162E+03
 0.32653194250399E+03
 0.32784449372958E+03
 0.32914620275273E+03
 0.33043716055520E+03
 0.33171745819998E+03
 0.33298718674548E+03
 0.33424643721003E+03
 0.33549530048755E+03
 0.33673386721945E+03
 0.33796222789222E+03
 0.33918047276741E+03
 0.34038869174861E+03
 0.34158697438462E+03
 0.34277540987116E+03
 0.34395408700437E+03
 0.34512309417290E+03
 0.34628251925531E+03
 0.34743244964410E+03
 0.34857297221544E+03
 0.34970417337231E+03
 0.35082613892480E+03
 0.35193895410053E+03
 0.35304270356029E+03
 0.35413747136464E+03
 0.35522334098949E+03
 0.35630039525333E+03
 0.35736871634503E+03
 0.35842838583347E+03
 0.35947948461808E+03
 0.36052209293116E+03
 0.36155629038537E+03
 0.36258215589163E+03
 0.36359976769908E+03
 0.36460920335827E+03
 0.36561053976621E+03
 0.36660385312493E+03
 0.36758921896386E+03
 0.36856671210525E+03
 0.36953640673036E+03
 0.37049837628453E+03
 0.37145269354498E+03
 0.37239943061693E+03
 0.37333865891306E+03
 0.37427044917142E+03
 0.37519487146056E+03
 0.37611199515551E+03
 0.37702188894934E+03
 0.37792462088850E+03
 0.37882025832876E+03
 0.37970886798241E+03
 0.38059051586521E+03
 0.38146526746266E+03
 0.38233318739643E+03
 0.38319433977994E+03
 0.38404878810309E+03
 0.38489659514748E+03
 0.38573782305288E+03
 0.38657253338732E+03
 0.38740078701811E+03
 0.38822264437031E+03
 0.38903816498477E+03
