   92.6087792172520498870326289728459773      
   92.6087792172520498870326289728459773      
   92.6087792172520498870311940083557000      
   92.6087792172520497092495686583997166      
   92.6087792172518321876756930621336616      
   92.6087792172258499971587227724453093      
   92.6087792164207289451769863404176401      
   92.6087792058407222511191313287618753      
   92.6087791279337266574570556641035144      
   92.6087787464704364309654090453707658      
   92.6087773589492009973020715278519160      
   92.6087733191839970176822240016393981      
   92.6087634026996246503736723889660181      
   92.6087421028628598985964597732652461      
   92.6087009661475660424657693551197622      
   92.6086280607312331767092568430380747      
   92.6085076377663433935359180426469255      
   92.6083200103161554892457870073238892      
   92.6080416330497824498681247491247743      
   92.6076453568505503958755618100785069      
   92.6071008116022907631681750562928455      
   92.6063748703491158492672049627423058      
   92.6054321499047100981985314287985821      
   92.6042355078200267037572486795605474      
   92.6027465036796938666228460838759197      
   92.6009258015749055083293892671218791      
   92.5987334990831115284532992131088644      
   92.5961293770185573800323543736587262      
   92.5930730719352980218993222380405885      
   92.5895241797038021323048438314096129      
   92.5854423033188576511944981023260468      
   92.5807870618093326416735109817458172      
   92.5755180747226552500739922891878017      
   92.5695949417784050309127102303162171      
   92.5629772301686493248020093508609354      
   92.5556244822580319527573951658708732      
   92.5474962518230671162066360177545415      
   92.5385521749682702218311872995865588      
   92.5287520740300213683066485765341366      
   92.5180561029441583060639859126359952      
   92.5064249157431438419507867142225911      
   92.4938198662655323360607546946243666      
   92.4802032266115957351592655292560925      
   92.4655384184607508868545621363997168      
   92.4497902499533051675270338181402886      
   92.4329251505158071434546831645362614      
   92.4149113981779815006594274165234551      
   92.3957193300671006237847317928404076      
   92.3753215420421134627537768976918192      
   92.3536930542214301331078890265792701      
   92.3308114574671856636065635474112339      
   92.3066570299387640789466490475001350      
   92.2812128243207202591406438849134682      
   92.2544647257338733412055742808214240      
   92.2264014779483729110570220039055983      
   92.1970146812430730980639304288981982      
   92.1662987655655963563460825671120609      
   92.1342509463591540345093868344009470      
   92.1008711268322404164414432279022265      
   92.0661618120809671395299451316412124      
   92.0301279886407368206837027343442963      
   91.9927769884407337141172641570158026      
   91.9541183388887654040135829704729028      
   91.9141636077816490712707358083393869      
   91.8729262310744550303025096577533928      
   91.8304213347102245868156609778349497      
   91.7866655541795838201033741210651473      
   91.7416768523241136981744751962969703      
   91.6954743272812056908616179067731856      
   91.6480780327119196014739000997710586      
   91.5995087923889736223921145043677252      
   91.5497880232630603020540898538114651      
   91.4989375535647981965465667537955268      
   91.4469794562118775566207432323458669      
   91.3939358757266618077750893681485495      
   91.3398288769411137416179606033597451      
   91.2846802895747634008479119140401067      
   91.2285115608176833885180983880284850      
   91.1713436238185896484258842427527536      
   91.1131967638320009512219008517291583      
   91.0540904889436423767114626695540518      
   90.9940434229395122579904323550084721      
   90.9330731928416129940676053573952120      
   90.8711963279930377374914737651910809      
   90.8084281643107823653188371891655456      
   90.7447827571519974115726373280141784      
   90.6802727923742477584025506768709278      
   90.6149095049334064639864294242043662      
   90.5487026363934447093623159740092710      
   90.4816603310531328145581288728118805      
   90.4137890780120326137172595829831297      
   90.3450936471703919842286504704268027      
   90.2755770950553488638649314163551378      
   90.2052405134255018435435751196760573      
   90.1340832716341014162568248212259704      
   90.0621027159687952665073223988777709      
   89.9892942127455153439008478700654593      
   89.9156510991004157815649187615233658      
   89.8411645594962562435741788669132255      
   89.7658237012230264051290829619999301      
   89.6896153338877590696869393373721323      
   89.6125240408860879984842805024243579      
   89.5345320200189190422991533698768609      
   89.4556190858935483027033009006930521      
   89.3757625333279447239049009748394020      
   89.2949370905460407553041078462099915      
   89.2131148195554452101510958475324111      
   89.1302650295761762685601683200706036      
   89.0463541580678165214577406431280653      
   88.9613456597341853134218375859579640      
   88.8751998412180484358860469817045168      
   88.7878738910221510501333854998032809      
   88.6993214792049391572840180946222196      
   88.6094927628735960928051765540608654      
   88.5183341537500636329376986694269040      
   88.4257881201481265229064225454036727      
   88.3317929708103936055381669249894244      
   88.2362826196646376220640779631835631      
   88.1391863091847665291033531226845491      
   88.0404283376127901229660636688093799      
   87.9399277145127351875281133026390741      
   87.8375978472580403005058576751305508      
   87.7333461249325396240116069367060226      
   87.6270735035984146664412104523529746      
   87.5186740601046267926128870364897950      
   87.4080344577239736924276676424137205      
   87.2950334020223691661111773923336641      
   87.1795410230970431991435567589390056      
   87.0614181985431289795270803639622298      
   86.9405158188687745504192543585535591      
   86.8166739692617672588204945066598208      
   86.6897210548190170156400406495340381      
   86.5594728197002140199707949308333016      
   86.4257313007557862561110668678805984      
   86.2882836781431223808845208355326731      
   86.1469010216358893963800645174085817      
   86.0013369550946141567079749963328288      
   85.8513262137272422535742423269238711      
   85.6965830212734930933528222726481914      
   85.5367997954076407835261071837486782      
   85.3716449976351690470820912707557146      
   85.2007616949830042647491012309037947      
   85.0237657476110905559024604230201830      
   84.8402441332696277296827437677580272      
   84.6497533925201951433073152087498724      
   84.4518182975012098311276356701634483      
   84.2459309099482707352359504663405516      
   84.0315501686170211271554116230089824      
   83.8081022471787050807357680469138598      
   83.5749819356855070677033547558222390      
   83.3315553547053657959153976114971931      
   83.0771643374876060166727915253009763      
   82.8111328186902890477905828582305692      
   82.5327755415212439991639242461539674      
   82.2414092968482912258485859612075773      
   81.9363667308092488342291944913281833      
   81.6170123436883465993359976767508962      
   81.2827610527097534140504609003495008      
   80.9330960498936884757587352876926851      
   80.5675875060977699149098640272853698      
   80.1859082921633224535514607718098787      
   79.7878457697557612723521507229404288      
   79.3733078561240134149807766044449854      
   78.9423223737485824361922228012172839      
   78.4950293348293830522632171533577509      
   78.0316668443184324633414794149627288      
   77.5525520746311603965394029422366406      
   77.0580593789105218516698124844383564      
   76.5485977742665432602810850377824104      
   76.0245897929416787268435264205059652      
   75.4864533165373571910906970572142588      
   74.9345873025746863365172546331266217      
   74.3693617468662706969491149040284459      
   73.7911117419321185042822555698417328      
   73.2001350790852115895515144153022030      
   72.5966929334319881209506273039365420      
   71.9810126288275338978336727001451078      
   71.3532921599133476298980695287308974      
   70.7137057121665707904243872834523214      
   70.0624091856673109859744195050342008      
   69.3995490892207438770655689324600363      
   68.7252655246324141878406406160672420      
   68.0397009386282469428673559492161847      
   67.3430058944307522801654112600559827      
   66.6353450339059564443175998802827711      
   65.9169028350351964196005429908581544      
   65.1878890377791617530292424714947289      
   64.4485437363418035574317345528422031      
   63.6991420825050838572382473717783077      
   62.9399986413418316968613346044902547      
   62.1714712158930320047435548587555291      
   61.3939642486629283490202816744537348      
   60.6079316681409546484694257145351255      
   59.8138790504003377836696550312071068      
   59.0123651481499288609472537504464292      
   58.2040026545301244770129857727937376      
   57.3894580957369051157195677710303630      
   56.5694508793324349429707108361206537      
   55.7447513703240099002075791050346013      
   54.9161780899760353356355650590540101      
   54.0845938644126112252074447371914158      
   53.2509010737305454191627013762443811      
   52.4160360302486117799995588756622753      
   51.5809625467665004221217629903361554      
   50.7466649422487700485218459569309465      
   49.9141399075239144389154135841025944      
   49.0843890510397822075521983265692153      
   48.2584102149732372266373485239290442      
   47.4371893181845790633273154470296664      
   46.6216919924334989939284983214176665      
   45.8128559143846249204961471783667383      
   45.0115833580873225329417614330252778      
   44.2187345244740353475581218099369578      
   43.4351215673962458950201433397428412      
   42.6615035186625829928829803347585565      
   41.8985820958799379001179150630971853      
   41.1469985286753157985557406399355268      
   40.4073313029820754931717581474493091      
   39.6800948631842234802278817728011512      
   38.9657391782451586515921954354940133      
   38.2646501655186230805746411285900517      
   37.5771508560054225774341018432182469      
   36.9035031966253477823470782436530424      
   36.2439104218856903448754884097192751      
   35.5985198880923414062390107825297742      
   34.9674262545837281716740106388647639      
   34.3506749403490073311832562638816165      
   33.7482657579429020367918783786209068      
   33.1601566538801524329515514546091992      
   32.5862675189457152895481742235661900      
   32.0264837212502698156626549004094150      
   31.4806600867892867801569440090759400      
   30.9486242193976222423195429037456163      
   30.4301799301278378272260514352221303      
   29.9251104527789953838129927282843745      
   29.4331814528853973008200322330109687      
   28.9541438306726646380805578447155510      
   28.4877363154388166785207648608440580      
   28.0336878448286146932707534592621990      
   27.5917197344837650694036632193239134      
   27.1615476444294261180852770263697692      
   26.7428833469693017264159303407081871      
   26.3354363070645952447281437826451853      
   25.9389150871538663983850550342703116      
   25.5530285854111674595904201572959107      
   25.1774871234124755636547422592742125      
   24.8120033881753441883172307302459249      
   24.4562932501027500064907432522677776      
   24.1100764559052459454854851680612615      
   23.7730772191888304959254737387118464      
   23.4450247146588931840137741899188904      
   23.1256534791232948788451153309157112      
   22.8147037435598297423613921711241583      
   22.5119216880923231615882619258135870      
   22.2170596417759249182551370387624386      
   21.9298762232876310359422154963399228      
   21.6501364385740491170942341977189419      
   21.3776117325644587872874317129787552      
   21.1120800101626820796174961858429623      
   20.8533256210468668160886921093894033      
   20.6011393204853144080775817088309231      
   20.3553182072259065399809332303660758      
   20.1156656416444075679347972954042702      
   19.8819911473199604224914294130284126      
   19.6541103003638756072164065071037653      
   19.4318446072479174164280856066569414      
   19.2150213733654575418061356230023431      
   19.0034735662459856743439437620345262      
   18.7970396712167458256467861893014592      
   18.5955635671739845272526742337853469      
   18.3988942889521377789974975872908403      
   18.2068860125322647818614274207747353      
   18.0193978106826548383686669899797158      
   17.8362935256157367493724836729715555      
   17.6574416192053823653290205255790402      
   17.4827150252359657121367639058824202      
   17.3119910026072337604631565579919589      
   17.1451509909791395278544073944323941      
   16.9820804702516240669518844657810207      
   16.8226688223467630789647249394765723      
   16.6668091960767826360832573977506761      
   16.5143983752397883200481325103248431      
   16.3653366514299818063991897364958402      
   16.2195276985475658203832381225447713      
   16.0768784530938227909069617547074635      
   15.9372989960984486652564818992294423      
   15.8007024400825297783135566011320670      
   15.6670048191997675774579122846376655      
   15.5361249829365472194270471080934325      
   15.4079844937461809367085313482138278      
   15.2825075277239303602787970971009493      
   15.1596207794905966482595253144357710      
   15.0392533692498233845822605880095929      
   14.9213367545488572080425322813826036      
   14.8058046442517445841487509954074828      
   14.6925929164640189278819754093659137      
   14.5816395386039329894225944533294517      
   14.4728844912387095906403901555438957      
   14.3662696942258850820814789777037271      
   14.2617389363691351507910347431743569      
