 0.13548723707728E+03
 0.13548723707728E+03
 0.13548723707728E+03
 0.13548723707728E+03
 0.13548723707728E+03
 0.13548723707730E+03
 0.13548723707789E+03
 0.13548723708563E+03
 0.13548723714262E+03
 0.13548723742166E+03
 0.13548723843664E+03
 0.13548724139174E+03
 0.13548724864568E+03
 0.13548726422658E+03
 0.13548729431823E+03
 0.13548734764887E+03
 0.13548743573894E+03
 0.13548757298984E+03
 0.13548777662569E+03
 0.13548806650739E+03
 0.13548846485304E+03
 0.13548899589896E+03
 0.13548968553415E+03
 0.13549056093767E+03
 0.13549165024235E+03
 0.13549298224166E+03
 0.13549458615056E+03
 0.13549649142450E+03
 0.13549872763510E+03
 0.13550132439649E+03
 0.13550431133265E+03
 0.13550771807305E+03
 0.13551157426702E+03
 0.13551590960130E+03
 0.13552075381250E+03
 0.13552613668464E+03
 0.13553208802621E+03
 0.13553863762167E+03
 0.13554581515923E+03
 0.13555365012837E+03
 0.13556217170035E+03
 0.13557140858582E+03
 0.13558138887867E+03
 0.13559213989029E+03
 0.13560368797945E+03
 0.13561605838343E+03
 0.13562927505424E+03
 0.13564336050641E+03
 0.13565833567275E+03
 0.13567421978411E+03
 0.13569103026261E+03
 0.13570878263618E+03
 0.13572749047388E+03
 0.13574716534216E+03
 0.13576781678364E+03
 0.13578945231618E+03
 0.13581207744947E+03
 0.13583569571360E+03
 0.13586030872682E+03
 0.13588591625415E+03
 0.13591251629090E+03
 0.13594010515754E+03
 0.13596867760454E+03
 0.13599822692097E+03
 0.13602874505568E+03
 0.13606022274301E+03
 0.13609264963035E+03
 0.13612601440700E+03
 0.13616030494068E+03
 0.13619550840567E+03
 0.13623161141521E+03
 0.13626860014807E+03
 0.13630646047436E+03
 0.13634517808909E+03
 0.13638473862722E+03
 0.13642512777450E+03
 0.13646633138248E+03
 0.13650833557652E+03
 0.13655112685307E+03
 0.13659469217946E+03
 0.13663901909071E+03
 0.13668409577045E+03
 0.13672991113670E+03
 0.13677645491974E+03
 0.13682371773580E+03
 0.13687169115681E+03
 0.13692036777193E+03
 0.13696974127589E+03
 0.13701980648472E+03
 0.13707055943415E+03
 0.13712199741278E+03
 0.13717411902968E+03
 0.13722692421427E+03
 0.13728041441094E+03
 0.13733459240421E+03
 0.13738946257031E+03
 0.13744503083572E+03
 0.13750130473126E+03
 0.13755829349795E+03
 0.13761600803798E+03
 0.13767446109681E+03
 0.13773366721588E+03
 0.13779364289056E+03
 0.13785440655945E+03
 0.13791597873180E+03
 0.13797838204124E+03
 0.13804164133184E+03
 0.13810578376212E+03
 0.13817083890939E+03
 0.13823683887261E+03
 0.13830381842191E+03
 0.13837181500035E+03
 0.13844086908364E+03
 0.13851102418415E+03
 0.13858232705623E+03
 0.13865482790918E+03
 0.13872858060818E+03
 0.13880364287771E+03
 0.13888007659755E+03
 0.13895794803977E+03
 0.13903732820936E+03
 0.13911829313169E+03
 0.13920092429451E+03
 0.13928530897016E+03
 0.13937154072463E+03
 0.13945971989091E+03
 0.13954995411236E+03
 0.13964235894544E+03
 0.13973705852053E+03
 0.13983418627098E+03
 0.13993388574249E+03
 0.14003631146983E+03
 0.14014162996188E+03
 0.14025002076726E+03
 0.14036167765032E+03
 0.14047680989033E+03
 0.14059564368505E+03
 0.14071842368505E+03
 0.14084541472963E+03
 0.14097690336979E+03
 0.14111320016152E+03
 0.14125464145021E+03
 0.14140159154851E+03
 0.14155444489488E+03
 0.14171362822120E+03
 0.14187960265029E+03
 0.14205286559231E+03
 0.14223395234387E+03
 0.14242343716103E+03
 0.14262193362170E+03
 0.14283009398210E+03
 0.14304860722557E+03
 0.14327819546823E+03
 0.14351960839751E+03
 0.14377361546783E+03
 0.14404099570755E+03
 0.14432252534292E+03
 0.14461896274182E+03
 0.14493103340720E+03
 0.14525941352740E+03
 0.14560471535886E+03
 0.14596747532110E+03
 0.14634814646997E+03
 0.14674709644570E+03
 0.14716461151110E+03
 0.14760090638387E+03
 0.14805613892324E+03
 0.14853042808476E+03
 0.14902387322188E+03
 0.14953657315546E+03
 0.15006864332208E+03
 0.15062023017847E+03
 0.15119152228822E+03
 0.15178275809938E+03
 0.15239423069129E+03
 0.15302628976195E+03
 0.15367934163939E+03
 0.15435384755085E+03
 0.15505032081683E+03
 0.15576932113309E+03
 0.15651145769425E+03
 0.15727737333611E+03
 0.15806774681560E+03
 0.15888328552295E+03
 0.15972471992751E+03
 0.16059279766870E+03
 0.16148827738083E+03
 0.16241192219628E+03
 0.16336449293543E+03
 0.16434674086961E+03
 0.16535940023010E+03
 0.16640318027303E+03
 0.16747875701839E+03
 0.16858676480577E+03
 0.16972778757964E+03
 0.17090235008581E+03
 0.17211090916253E+03
 0.17335384515193E+03
 0.17463145371685E+03
 0.17594393805585E+03
 0.17729140195822E+03
 0.17867384369018E+03
 0.18009115091757E+03
 0.18154309685457E+03
 0.18302933752615E+03
 0.18454941152401E+03
 0.18610273935769E+03
 0.18768862612516E+03
 0.18930626467887E+03
 0.19095474091319E+03
 0.19263303967872E+03
 0.19434005243169E+03
 0.19607458564615E+03
 0.19783537020624E+03
 0.19962107134729E+03
 0.20143029910927E+03
 0.20326161885811E+03
 0.20511356190969E+03
 0.20698463592599E+03
 0.20887333503419E+03
 0.21077814937545E+03
 0.21269757405002E+03
 0.21463011740746E+03
 0.21657430853793E+03
 0.21852870394078E+03
 0.22049189340580E+03
 0.22246250504610E+03
 0.22443920953352E+03
 0.22642072354355E+03
 0.22840581233328E+03
 0.23039329251104E+03
 0.23238203235431E+03
 0.23437095342985E+03
 0.23635903081601E+03
 0.23834529300317E+03
 0.24032882145397E+03
 0.24230874983859E+03
 0.24428426298392E+03
 0.24625459560642E+03
 0.24821903086097E+03
 0.25017689874133E+03
 0.25212757438036E+03
 0.25407047627519E+03
 0.25600506445819E+03
 0.25793083864815E+03
 0.25984733638110E+03
 0.26175413117166E+03
 0.26365083066929E+03
 0.26553707488440E+03
 0.26741253443306E+03
 0.26927690882919E+03
 0.27112992486849E+03
 0.27297133502316E+03
 0.27480091594459E+03
 0.27661846699532E+03
 0.27842380887634E+03
 0.28021678229316E+03
 0.28199724671483E+03
 0.28376507916314E+03
 0.28552017309695E+03
 0.28726243733987E+03
 0.28899179506746E+03
 0.29070818285440E+03
 0.29241154977933E+03
 0.29410185657407E+03
 0.29577907482654E+03
 0.29744318623513E+03
 0.29909418189674E+03
 0.30073206165541E+03
 0.30235683329861E+03
 0.30396851269011E+03
 0.30556712212649E+03
 0.30715269057336E+03
 0.30872525299688E+03
 0.31028484991285E+03
 0.31183152695983E+03
 0.31336533450838E+03
 0.31488632729564E+03
 0.31639456407393E+03
 0.31789010728773E+03
 0.31937302277294E+03
 0.32084337947738E+03
 0.32230124918805E+03
 0.32374670629376E+03
 0.32517982754304E+03
 0.32660069183723E+03
 0.32800938002429E+03
 0.32940597471069E+03
 0.33079056008643E+03
 0.33216322175813E+03
 0.33352404659816E+03
 0.33487312259600E+03
 0.33621053873236E+03
 0.33753638484726E+03
 0.33885075152749E+03
 0.34015372999307E+03
 0.34144541200124E+03
 0.34272588974833E+03
 0.34399525578461E+03
 0.34525360292658E+03
