   503.353983595366473674394243594379533      
   503.353983595366473674394243594379237      
   503.353983595366473673271508602740663      
   503.353983595366369793358515751180507      
   503.353983595264853930538931928982910      
   503.353983585190642804623638947967045      
   503.353983319046946363575738195600469      
   503.353980281542842435009778151535049      
   503.353960572508453898036024299010617      
   503.353874527605876566519193036601879      
   503.353592706980131635610609624059476      
   503.352847685825544967455685578341715      
   503.351175270344743401034813877171905      
   503.347869985281021335715046188470604      
   503.341964752560027890758796653957940      
   503.332237535576288215633827186682646      
   503.317241688273128577569575163417295      
   503.295353365512472136419003517098198      
   503.264828065613212099312245821364661      
   503.223859613276437846435818980849167      
   503.170635907136974349247818599246120      
   503.103387090660130555654541758286574      
   503.020428975092275955367955646072773      
   502.920190080672681699078360029580647      
   502.801236218424705068627636738055861      
   502.662284012110154284662482169809997      
   502.502208096454130009644532596859622      
   502.320042707363145984376223831846554      
   502.114978881742409530669013094874905      
   501.886358351936222636841432391682222      
   501.633665051372896693433001372606973      
   501.356514974368281361920048143147947      
   501.054644970020882851331245341459389      
   500.727900926789929743917978200136820      
   500.376225657112881196950858805130596      
   499.999646752279059582828011548590764      
   499.598264582030296751788446229052594      
   499.172240574846795566526015073838153      
   498.721785922139566341898445688401056      
   498.247150589200065521632940319469071      
   497.748613181412108308597019364658653      
   497.226471118240407215969014352383233      
   496.681031561780172026450807860001992      
   496.112603014316994297214845148478060      
   495.521487621995830845337557776784114      
   494.907974182511527142505706287455995      
   494.272331953641597075212845533749042      
   493.614804945103417399539058262656989      
   492.935607352223146478990538276145072      
   492.234919374247824900809414221918141      
   491.512883625700028600897828907844235      
   490.769603046354442625766433635592251      
   490.005137848009347480115987461670415      
   489.219504588733395468343073544054413      
   488.412675006611132668904390930496332      
   487.584575299191234819946997325173915      
   486.735086457726341666675213260121735      
   485.864044334428797374726052337746217      
   484.971240370685426720247791978116782      
   484.056422601840873608596683760697796      
   483.119296909277480365282688262615017      
   482.159528574003562282432811406980143      
   481.176743663525095566045656553505275      
   480.170530139499337144848359956087552      
   479.140443227497102940524361553353749      
   478.086002509740391385976133846709998      
   477.006696911999272154268181245243205      
   475.901986073841759241580285222531904      
   474.771302480640933814729060794021874      
   473.614053169255692617903376006016916      
   472.429621989922962898624889341731905      
   471.217371439361170711591893446844008      
   469.976644464965413140040808665826151      
   468.706766223598303986269369458907337      
   467.407045732805771014549046197879021      
   466.076777450687738935168763886399707      
   464.715242748107461595697228189121900      
   463.321710890962298684908090287804657      
   461.895440737884767624146771526265192      
   460.435680866989564515283540944042779      
   458.941673494052756628948024920392726      
   457.412651967652196269199350549749336      
   455.847842996811821869392894113629415      
   454.246466769560004683307544129986086      
   452.607738381173896034108969039507565      
   450.930867289612514804040315459257990      
   449.215061008801248551059390999713759      
   447.459519991609609849330970630579630      
   445.663441456464336278586276333053220      
   443.826019034199373827482247815088584      
   441.946443277454063247185099458031716      
   440.023900452454051938542163779781831      
   438.057573096999819433539696177889903      
   436.046642327735552098987956263166031      
   433.990283225622178620321826515091587      
   431.887669922755161302402638946097537      
   429.737972609278322582392534774440298      
   427.540358374833596062732963575591538      
   425.293992053090014984704349855002944      
   422.998036067579082108187567866619720      
   420.651651100720836748843525635282213      
   418.253997081933303896335003783130688      
   415.804233880144679898628673429295568      
   413.301520837548597669253017709656869      
   410.745025240382368698999165208127252      
   408.133914528752708124226890791758176      
   405.467365555557658271967184019727595      
   402.744565855249283992740784673262374      
   399.964717890141997118056683578357451      
   397.127043643252952823243580386276123      
   394.230790538173092946054444467577179      
   391.275238462623388789687056483511552      
   388.259708502523333632701271872425311      
   385.183572402612732415027572592337574      
   382.046264828177992353007135958244663      
   378.847297319193545406127456570847127      
   375.586274457177184415503267717081937      
   372.262913121336943883813650652875092      
   368.877064969466558816738127467386751      
   365.428740082229770334346297489861463      
   361.918143199068098689643036036187799      
   358.345698364718874161109623927787134      
   354.712093141349060084066426496657412      
   351.018321517499410608237927111502523      
   347.265731865075147569834195417013976      
   343.456081837885914572172510883346817      
   339.591598873118874663653351192222669      
   335.675044613746995434072569725170876      
   331.709785824811228777535525203544835      
   327.699867916788622373977327200530532      
   323.650091049465484493016792631297356      
   319.566084901402788307701241996786966      
   315.454381232216388398183967482519520      
   311.322474526154999970861342646718615      
   307.178871962231901662359727857648239      
   303.033120173896190164699507314016875      
   298.895797048295327361335651311392601      
   294.778494478867747303552672548702146      
   290.693710450396341286217482918609491      
   286.654738373399386718478896087758577      
   282.675487971043089724839613728146486      
   278.770268169687025904931510165113842      
   274.953534128046850794436138958628169      
   271.239615142298963082485826398328185      
   267.642435312564669982553326375841119      
   264.175247711718894215507716698461242      
   260.850394644021561748812138660039437      
   257.679102350323273793561062743092115      
   254.671317503431875425806398456017097      
   251.835584158336918543144942665781566      
   249.178959113796465580872609029867388      
   246.706962199007677010315297520360394      
   244.423558164616068108304048515463488      
   242.331168203066251774325077418705454      
   240.430709724393016794500781349924781      
   238.721663671217863125794348310414375      
   237.202167668464363151034219151957075      
   235.869132267090690499982946450100857      
   234.718375134664167836149036080184950      
   233.744770165554660732734610335749679      
   232.942401992198491009114632884696925      
   232.304722112862920829452700958405456      
   231.824700465273722928895805018092018      
   231.494967425008529856184193127314463      
   231.307943203660557208741116987617057      
   231.255952309136548329950654309831648      
   231.331322101604009643593785957539156      
   231.526465343688319951811870511639958      
   231.833947454276399896714888909214214      
   232.246539617911387501576694921843929      
   232.757259016628563327400071696820681      
   233.359398557168121501376457738839814      
   234.046545998923282126718782119127034      
   234.812596353950517345015877389493036      
   235.651757158580600121579094090994238      
   236.558548617142151969585585492915781      
   237.527799850540648109704210230680264      
   238.554641709455901921771962365807894      
   239.634497413112497781662469086513612      
   240.763072138817343027654318350204467      
   241.936339897603496242265922760747909      
   243.150531411955640711031917431481478      
   244.402121684819468536323165152461862      
   245.687814864974148655365222483237121      
   247.004533143332289466654024223103617      
   248.349403654419604894458430324512772      
   249.719744804394891093131608360999783      
   251.113055765617858787751147734083009      
   252.527004808502707045810536562131018      
   253.959418509456646100097756273787724      
   255.408271408916300084334962764193416      
   256.871675677197836608300410935683659      
   258.347873700723721186841003739698145      
   259.835227574429271872366358016354368      
   261.332212418883189657833830147003447      
   262.837409081316528012918590762988272      
   264.349495552103098481026410089797077      
   265.867241914357023133413435789604885      
   267.389503305991593367615824506067430      
   268.915214938214027361564021217777332      
   270.443385863546501739131048564062544      
   271.973095441092778012186626891013133      
   273.503486977134935343354052731946764      
   275.033764160447987986245148966217389      
   276.563187263613157150042833572120554      
   278.091069746387600780906746362609220      
   279.616773414342358941587382035856947      
   281.139706499647893156850480865153899      
   282.659319974390413105051142072034863      
   284.175104882428931904390437916590339      
   285.686589697076641452372893236300038      
   287.193337995958563555798432322159279      
   288.694945818982301502696358761065935      
   290.191040020121947764315536205707775      
   291.681275851139683607608423362864473      
   293.165335432353518230750366910253736      
   294.642925809898324848491970406026651      
   296.113777332694976618341758503257130      
   297.577642446172500469292778864068972      
   299.034293856986879788339255368332014      
   300.483523482016424797918789907599894      
   301.925141088683605647219821289259035      
   303.358973400442374007906744348803773      
   304.784862706180551474050253792464881      
   306.202665904737532701704485611054824      
   307.612253857502851295179106039281860      
   309.013510105743491645237995223039972      
   310.406330312312153420860888100499610      
   311.790621410842416006545266522076677      
   313.166301014993336673762772557202034      
   314.533296395589823625749307933281580      
   315.891544259819149157940751034887617      
   317.240989834533318791370419639933317      
   318.581586463202802688589573187630045      
   319.913295194775185424781742289352089      
   321.236083993604003258263788257911639      
   322.549927504341993059523238745515335      
   323.854806695028743489448110362413421      
   325.150708168338945946419526217344703      
   326.437623982927428156145338509044566      
   327.715551259231934717385003140185449      
   328.984491966249980359526216083411238      
   330.244452270462127044186710274905709      
   331.495442569730451699429109439327386      
   332.737477158109481102335611274104433      
   333.970573804315771861244156411540989      
   335.194753653790055204599749832945289      
   336.410040947173199561381350629755752      
   337.616462926010295939594030408835795      
   338.814049318394908152086405248558212      
   340.002832492333619647457324486380442      
   341.182847130699299960003069024184506      
   342.354130037490876443868465566498469      
   343.516719967203743588759581521761935      
   344.670657582125212912680325173263146      
   345.815985237111476138911086096991761      
   346.952746879973875287999215960970617      
   348.080987817521769897574868902861669      
   349.200754769169360180686289986082493      
   350.312095661080303390061020702921275      
   351.415059532834858428846184747892189      
   352.509696428676346568594575310197474      
   353.596057338755209356123511461265665      
   354.674194124994581479882174734820469      
   355.744159370747951811128763985378244      
   356.806006367287509878998191937195017      
   357.859789029299145303673729974150518      
   358.905561806429175921981103210518776      
   359.943379649779844080830725575946092      
   360.973297936057413591802922658507447      
   361.995372413296380237966229913005167      
   363.009659155997350970580277596732655      
   364.016214492771119072735605654064923      
   365.015094999873769136987372346690510      
   366.006357424855387074358931654421375      
   366.990058669668918462312484851373117      
   367.966255720403628874156913214781135      
   368.935005626080404355863909848201149      
   369.896365507932033886861357183942762      
   370.850392459338179174919459566496757      
   371.797143546923705682955513733328633      
   372.736675839900986015791539023702997      
   373.669046225638863923241691994650873      
   374.594311568256120480103509517729031      
   375.512528561428960302560023682189907      
   376.423753790199862090109496801223668      
   377.328043624270865940140233750875828      
   378.225454315422501362742610941977367      
   379.116041887379203878347115815780551      
   379.999862076460598251585264068240819      
   380.876970470755730857228933713582298      
   381.747422376614521640886141148952510      
   382.611272850135055846678206075080146      
   383.468576649725675372754361872470206      
   384.319388288342032910403244419673806      
   385.163761993858752552971763305982935      
   386.001751671475576083123489911854746      
   386.833410881541460585289591135692371      
   387.658792905995713101944442251567843      
   388.477950684836485233453034898077333      
