   503.353983595366473674394243594379533      
   503.353983595366473674394243594379533      
   503.353983595366473673271516425147768      
   503.353983595366369793408749357133350      
   503.353983595264853940454767898678623      
   503.353983585190643146242959322692632      
   503.353983319046950696591273111506532      
   503.353980281542872744856607668595624      
   503.353960572508662755580800785565396      
   503.353874527613739350834012902159899      
   503.353592707148076591652394760131282      
   503.352847687549384054662570834127862      
   503.351175282679030487292454505139573      
   503.347870051838639565107396434735552      
   503.341965039413120235972261549488712      
   503.332238566128067544489464340337287      
   503.317244876517060293769575369445314      
   503.295362075881047683295127866022281      
   503.264849500526568812864408933446760      
   503.223907881619557133682887088461684      
   503.170736645252172996270834083616590      
   503.103584855596036854860224137747955      
   503.020793785912486614106606291991004      
   502.920830416636965529024185217591396      
   502.802312070788755525688902612599600      
   502.664022966747767668615242955386379      
   502.504923769607277391162092539058044      
   502.324155318430102787719378599622377      
   502.121037673145867815889049715915388      
   501.895065514207204314137256996825251      
   501.645900782029144727459740908034074      
   501.373363290086637044915349837646596      
   501.077419900907339382533349954127550      
   500.758172746443681946738110074173501      
   500.415846833779212523905726579318082      
   500.050777353747297239885228274123157      
   499.663396909029469775734979320139059      
   499.254222847559671485806016581107807      
   498.823844888535648001457088596025148      
   498.372912978613791242779666076051295      
   497.902125943609596695393104170649027      
   497.412220447929783036946318737584731      
   496.903960722881778974173781652813510      
   496.378129005522450499139112775504643      
   495.835516742429625363937638687150167      
   495.276916571646730692241114347519453      
   494.703115180559925042138468530418702      
   494.114886748237828247894087065858722      
   493.512987588541933931201806879619996      
   492.898151284574718071831209271670712      
   492.271084658641656371172375306874821      
   491.632464489793545650084902200275270      
   490.982934916232585252987694894192627      
   490.323105516763877438347587894966072      
   489.653549774766756198119789563215150      
   488.974804449858320970454976458749876      
   488.287369103569524957225174083844061      
   487.591706185097198038634262424397381      
   486.888241455510079443773714294406646      
   486.177364743395043722227455805623180      
   485.459431007302584027534971893138196      
   484.734761449661751422808340323330199      
   484.003644924324448133834873838726631      
   483.266339687219249417086573514553095      
   482.523074920929797687369255401927265      
   481.774052377968268461757235612496861      
   481.019448155743315748101559558857046      
   480.259414560338267451156051466724405      
   479.494081397205994580292963001951303      
   478.723558087028701186355960738104151      
   477.947935133266714365117512306657120      
   477.167285782079027377467848027354100      
   476.381667297826236195485710263338515      
   475.591122603704664594412574553355679      
   474.795681068107805961563848338132986      
   473.995360209804624815631741041812071      
   473.190166577684275057111817275844900      
   472.380096633002259606581246677495060      
   471.565137878938339566182725150753547      
   470.745269529424141266998327963109221      
   469.920462803445011463511124154221366      
   469.090682010377509764809569851352800      
   468.255884778561645806516199694755024      
   467.416022486750338913245056094948513      
   466.571040557322425090240535238286755      
   465.720878742851590158666767452827248      
   464.865471020153404548264057129299744      
   464.004745615702675903377381381698145      
   463.138625914921012656945318288645599      
   462.267029341719203239961720211098364      
   461.389867394823969487743714214358096      
   460.507045497060876611077613484429920      
   459.618464056303978970211867143173448      
   458.724014783929635333916230767766589      
   457.823585216328862388223395482012709      
   456.917054015878262489983692501538002      
   456.004292743671846358195739051137773      
   455.085165262295454894927344032181856      
   454.159526036133246324917160088941075      
   453.227221364954231167840018811408860      
   452.288087238565483648936137710162644      
   451.341949485260050265599476741844174      
   450.388622994575218342318698058875705      
   449.427911045378794424736471296680648      
   448.459604187909237693978337677048156      
   447.483480011406878019067848801130804      
   446.499301858824394395539394306634713      
   445.506817690002514673835252737329137      
   444.505760593729725136083626012161941      
   443.495845725473132733767157109039519      
   442.476770266434325321519337874689788      
   441.448212440941703912075728186551477      
   440.409829780950382040738540316082700      
   439.361258121688180774794140128578863      
   438.302110016124001320473790971434584      
   437.231973307674921692755173185664113      
   436.150409781890601592994506904104925      
   435.056952448489162272956175314526404      
   433.951104940434835741509680609155963      
   432.832338559188258671308431133473359      
   431.700090394442138097918721562130713      
   430.553761180853718197821615920662332      
   429.392712384136092808864152436059247      
   428.216263727223752852540940839605618      
   427.023690250634012866240488228009015      
   425.814218880931184107268292736409837      
   424.587025653136901898193637854229974      
   423.341231163351543348482922228659658      
   422.075897449721265683587926273414441      
   420.790023613337522865642988468047422      
   419.482541051028270650062128908684060      
   418.152309291161012260563112455324236      
   416.798110809529626476765989501439155      
   415.418645972029562419934809593528391      
   414.012527811205447823341120582590107      
   412.578275843470055049377477323557131      
   411.114314164673679145683548066333622      
   409.618961500321463928753087803892150      
   408.090429904315771013426137938659301      
   406.526819871064380308280614206677620      
   404.926117801212593060100710382906587      
   403.286194341558088488063350350337608      
   401.604805777505305311636114772215565      
   399.879597698670195694536754868658216      
   398.108112793579861903199263521767426      
   396.287803609305915144505717521839645      
   394.416051540016060251672163183678663      
   392.490193463253882700565162881534300      
   390.507557617253545186958075315730314      
   388.465509799212941657512747328927999      
   386.361511589843200241297247066767635      
   384.193190503017091672396246778471923      
   381.958421722849499527815207511786957      
   379.655424726327628941460470432581860      
   377.282858110996521209858706146730923      
   374.839925413913204624805032523735831      
   372.326471531925425415308880087375866      
   369.743065644000162445402344445329683      
   367.091061399539397657183354929146039      
   364.372624529205963412525348156390924      
   361.590721737151979899628203562958287      
   358.749068706355376751702851567145326      
   355.852039135154337006598547263124438      
   352.904542475167644543865790534116140      
   349.911881707084476884793935471808614      
   346.879603987218852844386543562954491      
   343.813359437939094118326389058714809      
   340.718775814156352103988458636297175      
   337.601360120424608057879488309026954      
   334.466428571306126931965780722068964      
   331.319065040731349433057648536383322      
   328.164107879033269494144248508505797      
   325.006155427896601870049895582718548      
   321.849590894268700391606617749706726      
   318.698617533123689051388355761695715      
   315.557299927085131456604273997355435      
   312.429607429963516213904233862489248      
   309.319473328714327673254753862818388      
   306.230815203324030385342143383342829      
   303.167589643131375676613652471016124      
   300.133821845301425908682402437076794      
   297.133634493465925307326182782916587      
   294.171268466252632046832188363131576      
   291.251098198611156136055806544321506      
   288.377638779503474317249165758957748      
   285.555546758414555154105466537614527      
   282.789612660998113281276294452256052      
   280.084747992268192230319280625984516      
   277.445962870485672599064883764412947      
   274.878339311185616625307141474360317      
   272.386996503689541241290287812614283      
   269.977051157826811557018616210172369      
   267.653571795160815461730929385157531      
   265.421529970243390140133378426597044      
   263.285747258452396402863552179813191      
   261.250840782887210028286810889792004      
   259.321167579295635665820763157535975      
   257.500770001163106235850188025257463      
   255.793323123380950591560851079539881      
   254.202085927929482100642835456137456      
   252.729857572625044911047489200379704      
   251.378940227464109920858848476455815      
   250.151109544139222223881986018403933      
   249.047593557175430932243528322529759      
   248.069060716144461412167610272831449      
   247.215617168900082196060726735123495      
   246.486813425203205752487041141061687      
   245.881660200373114849184429483375514      
   245.398651438709971650294136060450222      
   245.035795458299920093408589817528353      
   244.790651815525919561059212462838297      
   244.660372991620194085567820868688082      
   244.641749647083699459059738827234763      
   244.731258059715338583910602941506419      
   244.925108547283726886971343767575573      
   245.219293752513936857937268156337737      
   245.609635710944480788829420738486070      
   246.091830967004690699659064349758696      
   246.661492967971482497302571623071822      
   247.314191300226665157794738910935517      
   248.045487327098673573995738172460974      
   248.850966094526391074447903909575012      
   249.726264423946747294317220053528566      
   250.667095131137210005061443646535652      
   251.669267586221444082125690307599110      
   252.728704790344128527172583657722741      
   253.841457004371429612031515431917869      
   255.003712961970815154320040314480166      
   256.211807210021149909617838196222673      
   257.462226198583633829335852561170661      
   258.751611609810385487397215574315919      
   260.076761975570086376300789130340177      
   261.434632676314838936776403106562054      
   262.822334646703281949548373353140952      
   264.237131876597449296567399315390236      
   265.676438134725619538957323142391649      
   267.137812839313256956063718999636567      
   268.618956464196244123503227270709635      
   270.117705445733651784948076299361771      
   271.632026853328069361479183563977147      
   273.160012815807417611520543741667682      
   274.699874874389247600844834899879929      
   276.249938292094313034434957949913875      
   277.808636366244256656841951279687213      
   279.374504860597851377659368960889781      
   280.946176524448238161336204978609047      
   282.522375746444061108967536131356600      
   284.101913424100740457562990315232270      
   285.683681960097564087388368511746679      
   287.266650517780536210406735345871665      
   288.849860433154242389231977501167379      
   290.432420869702074894243109874902198      
   292.013504674582551884593214147704792      
   293.592344438926090211867563855164440      
   295.168228778752628122671303998719701      
   296.740498809092305138079334332321627      
   298.308544825180427099754930850283267      
   299.871803150318199033248719923614389      
   301.429753210574309061818108796975282      
   302.981914728315086138398884219750201      
   304.527845131977383298532444148217381      
   306.067137095772100928516468688308911      
   307.599416251568800330406836949122765      
   309.124339023633840286675023235201051      
   310.641590604269553224445264219951254      
   312.150882911853630211889691641581629      
   313.651953475331532274503838657741190      
   315.144562746102409677728401063271680      
   316.628493265701574895906814841022122      
   318.103548011684712127029118728542471      
   319.569549054155437352211677781237849      
   321.026336278419007701395470038070805      
   322.473766196007764703246847249608935      
   323.911710845931963408374393527426848      
   325.340056735410375986452287818732043      
   326.758703889138794409917790449296340      
   328.167564930448151482252624645757982      
   329.566564235147055286325682974301337      
   330.955637143696615893467743653137734      
   332.334729208991515793868781655492091      
   333.703795516601782721584806794273545      
   335.062800021537081621415428499481618      
   336.411714955844950340107155750204983      
   337.750520251281479671919846280056740      
   339.079203014980609883580845749019763      
   340.397757029662974435611919727562729      
   341.706182299260781406381291443413537      
   343.004484597793709876030841812484441      
   344.292675076882893647122963398661189      
   345.570769887652089650606014590417253      
   346.838789810290352570480472770299185      
   348.096759933048763792713116213278769      
   349.344709344291137605963539726965400      
   350.582670822858477756776333081660513      
   351.810680585804992152835262151640966      
   353.028778023332014927240666088397974      
   354.237005452425226705850929692952648      
   355.435407904667697107727726055092488      
   356.624032910939154022507450008750570      
   357.802930308010074511256779191695383      
