   6.46114195192883683103959025933776710      
   6.46114195192883683103959028499496191      
   6.46114195192883683103959035532093786      
   6.46114195192883683102469808778159386      
   6.46114195192883681091044040802683296      
   6.46114195192883395908069845156041743      
   6.46114195192872862681807356997449548      
   6.46114195192710348449190041761344296      
   6.46114195191329443903158390286332404      
   6.46114195183642797858460261583488123      
   6.46114195152238731142082896424324181      
   6.46114195050531948608533207129667925      
   6.46114194775015728303574413138955326      
   6.46114194126271020073485698755164428      
   6.46114192760518538183717888677443281      
   6.46114190135030112420180546218576947      
   6.46114185449193934888385360610383935      
   6.46114177594327917762448690916904494      
   6.46114165102815896210599857944633297      
   6.46114146101758446979213535200864627      
   6.46114118282214160022865038664798301      
   6.46114078876852068903471534591478430      
   6.46114024652224576445553880346666110      
   6.46113951912675860156141920509102667      
   6.46113856517669446811909607427169408      
   6.46113733914552445881508275105806795      
   6.46113579184631107503588026273038179      
   6.46113387101500623389476709334582859      
   6.46113152199280052645207213625402971      
   6.46112868846798531734062389088653672      
   6.46112531324152093730966188725106577      
   6.46112133906928115133233375359463278      
   6.46111670928328508484396356481429115      
   6.46111136844688767250018814012548557      
   6.46110526284517889561044644236175804      
   6.46109834083134335681935816083474415      
   6.46109055298507077205191455591672136      
   6.46108185219216046429786728907493851      
   6.46107219333048577144475805091224250      
   6.46106153325823518769741757904965079      
   6.46104983004245005552130278578477002      
   6.46103704250955348515171847057338448      
   6.46102312955649711297643782729525232      
   6.46100804940423670057154883374487832      
   6.46099175880712947735771320165363097      
   6.46097421222268866050157068180542574      
   6.46095536096530272900625481035285454      
   6.46093515246768410462430977282321343      
   6.46091352958992486189934242640019599      
   6.46089042973246474868449819814663620      
   6.46086578428610050592499905990031664      
   6.46083951805214495011079611275574327      
   6.46081154874645616624404677404417089      
   6.46078178657960727585223578556525508      
   6.46075013391314625582837635537078927      
   6.46071648501560700577709614665337775      
   6.46068072591722004201007224702601670      
   6.46064273426328295517213500442182248      
   6.46060237927216926449407261103370725      
   6.46055952174000344679003736752464804      
   6.46051401411758557659888742135693470      
   6.46046570066534999705760365636360909      
   6.46041441754630271652071167235799622      
   6.46035999310755137689218024840653834      
   6.46030224804085883765058174528382956      
   6.46024099558598030291662046627511247      
   6.46017604177724646267996746903175074      
   6.46010718571468928063550626433259880      
   6.46003421985853823081567152833325863      
   6.45995693014715660836030117893561633      
   6.45987509625817618324825058920291726      
   6.45978849190115605219333127571530721      
   6.45969688485905076419941583010942545      
   6.45960003719707549485113257567315124      
   6.45949770541777167294185472212457910      
   6.45938964048051203340770317650535575      
   6.45927558784733027377522717235355001      
   6.45915528751815835936028135178300015      
   6.45902847407187580720961030276689059      
   6.45889487645878123565631813614441408      
   6.45875421790954254136442874991434289      
   6.45860621573029377655208191929727908      
   6.45845058109957901134294090344359106      
   6.45828701877664843370681738447860494      
   6.45811522676555727687968848159728870      
   6.45793489586806063422581946102790109      
   6.45774570926449219747450916477085800      
   6.45754734191571297529484889879905851      
   6.45733946045850469581713996063108715      
   6.45712172192362399933064931795209757      
   6.45689377322454477725096297927658649      
   6.45665525038840208016229797410727497      
   6.45640577885887364678416989476018615      
   6.45614496862360696394832822158107485      
   6.45587241965560225257027980582807506      
   6.45558771565879396165905862028083674      
   6.45529042473293612883480200843491823      
   6.45498009843794275281811381931393325      
   6.45465626891754170161709232806222692      
   6.45431845106596226255918388527264550      
   6.45396613623864672284541128086402089      
   6.45359879505325889148506944697955835      
   6.45321587272446791573933957864524638      
   6.45281678923216940305221358321642959      
   6.45240093608664651614456940048664510      
   6.45196767513284486546525501298088906      
   6.45151633595769605011389711097014667      
   6.45104621426535929980259901949566557      
   6.45055656881621555205074933571731990      
   6.45004661894829065961338545377663269      
   6.44951554197671910358152749100607026      
   6.44896247082294521634526908179135085      
   6.44838648980756918282708804447541060      
   6.44778663236511282897131081333519917      
   6.44716187693089189551943851820661375      
   6.44651114335408957212799054931917826      
   6.44583328883247688194049743705020802      
   6.44512710390426325794916002919358327      
   6.44439130721419857294022755514105638      
   6.44362454125351353444370180884675232      
   6.44282536660133060002594419472291088      
   6.44199225609458651782879436086558043      
   6.44112358964079685577038490475562640      
   6.44021764609350653873075971078759093      
   6.43927259758331645962249715380842046      
   6.43828650084357503240511488452110382      
   6.43725728943432071085090775773948612      
   6.43618276448050407541226234896861545      
   6.43506058503868284256136822790660890      
   6.43388825747694081803799767068695461      
   6.43266312411090404227978241172712834      
   6.43138235060864099984244916591463000      
   6.43004291250687002183960673803038660      
   6.42864158039477594465103136249116523      
   6.42717490387157825962198131286357894      
   6.42563919389392929669997550871300388      
   6.42403050382087401993232162442503285      
   6.42234460788353542424488437120943874      
   6.42057697911258687320282978679188328      
   6.41872276388811088398288929278250376      
   6.41677675466266514747826180966411121      
   6.41473336026343751693627864679984733      
   6.41258657341862352319589603065698339      
   6.41032993547897705762872828723897199      
   6.40795649810798486305999811826404656      
   6.40545878209490616820673852141207496      
   6.40282873278752905199506872155917200      
   6.40005767292506466877392827510495504      
   6.39713625275722512496022971889371133      
   6.39405439780248841517991437563858712      
   6.39080125643551040845480009297102566      
   6.38736514673707907097434574682577495      
   6.38373350633271846740373349528888017      
   6.37989284680877424396879101863179857      
   6.37582871713125877371268728451260830      
   6.37152567762518343401267815350133131      
   6.36696729487714645900888298731852691      
   6.36213615534792175282822337591734823      
   6.35701390797106888779294651873610864      
   6.35158133661924245007423583730113780      
   6.34581846518440820234323394887918637      
   6.33970469395893167521648122513290814      
   6.33321896214227739668069558506673199      
   6.32633992957034368334600155237287300      
   6.31904616654377478701601248193062326      
   6.31131634011284952459853545113662452      
   6.30312938648505437752960036646025723      
   6.29446465694401253284871187728881079      
   6.28530203694375031912832417342020077      
   6.27562202596065070318923857649061334      
   6.26540578904801757251161000453283504      
   6.25463517581937241117685155265368323      
   6.24329271402983617033658885787230457      
   6.23136158470544091906403195774166098      
   6.21882558068844901127213442998078847      
   6.20566906077447516139746898253187329      
   6.19187689367525297993410228381704984      
   6.17743440421219356675999661299319338      
   6.16232732235892195342859442345630444      
   6.14654172719916300196327875543949410      
   6.13006400761610818601133395232622339      
   6.11288081452071065952745054039639783      
   6.09497902528399750981092413339067474      
   6.07634571067862032623578546335973557      
   6.05696810765989875004999160811097342      
   6.03683359270330226010626114699446242      
   6.01592966209734436626671177520713428      
   5.99424391387007164439305467598732213      
   5.97176403361643776016342437679145283      
   5.94847778211491575975727764398540106      
   5.92437298459520528799094218316188168      
   5.89943752377791597535332112364343009      
   5.87365933229619224153963575972730554      
   5.84702638783256108688618501006297524      
   5.81952670887867664923951763938073291      
   5.79114835125636933887912338139793917      
   5.76187940526853042743799583222102616      
   5.73170799337886795259856741279990968      
   5.70062226802577867566046264489518053      
   5.66861041005295596495145025217805534      
   5.63566062629404784555370522213899463      
   5.60176114716381693397174028676223016      
   5.56690022525977472963769363959662781      
   5.53106613135436747357785545375499900      
   5.49424715199185485087382856691390943      
   5.45643158656208186868327377236323884      
   5.41760774182336544109692724416753749      
   5.37776392872558796796460363959570600      
   5.33688845706545619073587841854933021      
   5.29496963094709657283660742572474289      
   5.25199574252651363684327195121653492      
   5.20795506755877085244637671089865281      
   5.16283585820546271297580802328361514      
   5.11662633859470337019875348214426007      
   5.06931469827326786580541063293175500      
   5.02088908617191035294438780264840118      
   4.97133760604514576072202463656601940      
   4.92064831043057964734608668928236731      
   4.86880919554063679792201670840143017      
   4.81580819703908727533510077817848306      
   4.76163318525073601965784644946246403      
   4.70627196150438082954681567784697746      
   4.64971225420558142630142484911892018      
   4.59194171597242575413156243681008593      
   4.53294792035477197608040351074966108      
   4.47271835992944404811735346987999425      
   4.41124044407222095690412320813032415      
   4.34850149671399252901735735859839607      
   4.28448875554562810609278640092712468      
   4.21918937114190681477915844899118758      
   4.15259040485508597931343002472031111      
   4.08467882951173170722529691287321692      
   4.01544152789750747643917682242844593      
   3.94486529369024902418533678957242330      
   3.87293683024614105776209084467590163      
   3.79964275122180704707842199845870102      
   3.72496958111180947605938660003589531      
   3.64890375438153107478317433311356314      
   3.57143161742974714674196296822627527      
   3.49253942741831448176030080569793364      
   3.41221335359353144812542880364677561      
   3.33043947775503700739854862323313123      
   3.24720379508136123487556037224964348      
   3.16249221344020061639172731881001781      
   3.07629055572554240768802905776294369      
   2.98858455892492022382250320140977495      
   2.89935987575376547536234673627842822      
   2.80860207449599607813028073354433287      
   2.71629664019720929330134966802834398      
   2.62242897442045676273601368902239211      
   2.52698439686539555568286467609764329      
   2.42994814483138648304950130662467648      
   2.33130537462527534137512849107761135      
   2.23104116112394836335351284967406023      
   2.12914049930654631816311740141376205      
   2.02558830381904905785715857580354298      
   1.92036940988211918989457248735050870      
   1.81346857356076822072530791955652027      
   1.70487047212089415678711071157855264      
   1.59455970469754744207397423306647999      
   1.48252079220209023781679029948461790      
   1.36873817799631266869697099095353225      
   1.25319622805681332308015621022121395      
   1.13587923144886639805782555242016421      
   1.01677140058371548234927945570918052      
  0.895856871286903463596175572018162191      
  0.773119703375621794167665544319481372      
  0.648543880497577639083749574266197046      
  0.522113311207600851030381335251448740      
  0.393811828261895231212784762588559701      
  0.263623188500650620671823855729467443      
  0.131531075434377803539290834200567387      
  -2.48090424356880278372237059228228524E-0003
 -0.138429216706544829204512826795678380      
 -0.276330403882748088728931955078952289      
 -0.416201081227399347607478518191591411      
 -0.558057938558372730056682647167537490      
 -0.701917739972538456870209539182601379      
 -0.847797322815077653760150925593589445      
 -0.995713599042179409172149657739989446      
  -1.14568355291899651332005080922293052      
  -1.29772424389245283405671221256991547      
  -1.45185280267855814323491791141676421      
  -1.60808643498984064147781841436342409      
  -1.76644241863824528019621606204320554      
  -1.92693810446388415706694268612723533      
  -2.08959091822848134769660378975156143      
  -2.25441835420371788703352590958905548      
  -2.42143798452560921609806504794698261      
  -2.59066744993918936224790684852441279      
  -2.76212446517221887334665594338840373      
  -2.93582681884418902113666304644800195      
  -3.11179236961221766792412064893916225      
  -3.29003904896754442197832214718410750      
  -3.47058486290246660002433620695405063      
  -3.65344788652331900386091663970359388      
  -3.83864626777612927757242252006189308      
  -4.02619822922958014636452616350837943      
  -4.21612206225796203299609644115019552      
  -4.40843612994084725934444799429546453      
