 0.87750226278292E-10
 0.17550045255585E-09
 0.26325068060872E-09
 0.35105474335855E-09
 0.49807533833767E-09
 0.59517074663380E-09
 0.90972455252382E-09
 0.33823880620001E-08
 0.16010823567060E-07
 0.58717033606466E-07
 0.17427418854830E-06
 0.42936565359622E-06
 0.91293846580259E-06
 0.71507071166987E-06
 0.39082969909786E-05
-0.31640407624128E-06
 0.11371141406326E-04
 0.12495200919463E-04
 0.14760098788175E-04
 0.20739061670879E-04
 0.26619195894559E-04
 0.32417246912963E-04
 0.38849031362407E-04
 0.46693449270303E-04
 0.55247450274422E-04
 0.64482951417252E-04
 0.69909279203661E-04
 0.93045309742054E-04
 0.84346402000850E-04
 0.11180148845350E-03
 0.12254119511091E-03
 0.13557860881064E-03
 0.16547563561900E-03
 0.13047305612689E-03
 0.18534541399473E-03
 0.16423295313526E-03
 0.16164968033165E-03
 0.22595544968228E-03
 0.27757214527920E-03
 0.25687186371158E-03
 0.19096034302654E-03
 0.29340996662911E-03
 0.31087425223120E-03
 0.25148763995131E-03
 0.20968976119767E-03
 0.27396483000708E-03
 0.43040757694071E-03
 0.44379097645225E-03
 0.40276249575209E-03
 0.38383229441665E-03
 0.40335768932464E-03
 0.43905866628301E-03
 0.37987105935351E-03
 0.40394710740877E-03
 0.49679187458005E-03
 0.65220201613553E-03
 0.72494323179854E-03
 0.65249422821422E-03
 0.59704279836675E-03
 0.61948366861267E-03
 0.76111690168602E-03
 0.81303193529786E-03
 0.94829578823584E-03
 0.10118230259756E-02
 0.95799171163479E-03
 0.97508956976837E-03
 0.10836427089960E-02
 0.12547983162842E-02
 0.13896252790740E-02
 0.14160086027544E-02
 0.16165040969307E-02
 0.17824146298204E-02
 0.18911109005398E-02
 0.18355095671417E-02
 0.17703237366698E-02
 0.22889005963077E-02
 0.22290295479523E-02
 0.30728724457790E-02
 0.23097675081118E-02
 0.24757351068542E-02
 0.33063359877617E-02
 0.40421864353119E-02
 0.45351974562911E-02
 0.42799451811839E-02
 0.35244415788209E-02
 0.39139865614983E-02
 0.51379968362952E-02
 0.54515872844675E-02
 0.54100498761119E-02
 0.46707565646616E-02
 0.41920185315227E-02
 0.46758832707821E-02
 0.60672637499482E-02
 0.66456401667578E-02
 0.80675844780090E-02
 0.10416034564310E-01
 0.96833192684519E-02
 0.90364731266499E-02
 0.68165616143471E-02
 0.82260188279838E-02
 0.12564166961051E-01
 0.12128612498852E-01
 0.11305204207942E-01
 0.12508437637570E-01
 0.14155143072069E-01
 0.13315085587336E-01
 0.14389015167168E-01
 0.14917754943906E-01
 0.15229507633009E-01
 0.16312610205305E-01
 0.17772667566685E-01
 0.17808363822112E-01
 0.20213982163933E-01
 0.18619149690860E-01
 0.20301801235864E-01
 0.21205099680870E-01
 0.21100169550803E-01
 0.22255199940085E-01
 0.23768264526310E-01
 0.24783669220469E-01
 0.25481977388189E-01
 0.26139682653341E-01
 0.27578269526592E-01
 0.28104771825608E-01
 0.28906677515608E-01
 0.30335258387686E-01
 0.30867150273593E-01
 0.31677091105664E-01
 0.33085354378319E-01
 0.33699908667006E-01
 0.33975859905975E-01
 0.35236843854869E-01
 0.34808008501819E-01
 0.36094448422101E-01
 0.37053869366083E-01
 0.37167963231497E-01
 0.36439894196174E-01
 0.37545083435214E-01
 0.37920308338820E-01
 0.37740234575090E-01
 0.36788255412839E-01
 0.37258018179400E-01
 0.36108310170788E-01
 0.34324291169233E-01
 0.34392297542058E-01
 0.33314203075943E-01
 0.32735485191159E-01
 0.31602194905405E-01
 0.31813726087115E-01
 0.31596782127076E-01
 0.30057184516002E-01
 0.35450168043054E-01
 0.33175620064142E-01
 0.35632564262687E-01
 0.40460989743490E-01
 0.47166736534762E-01
 0.45979753232794E-01
 0.50179234874794E-01
 0.55081025022303E-01
 0.55462937290576E-01
 0.59493065647970E-01
 0.59626970931718E-01
 0.55935854724670E-01
 0.62554707437973E-01
 0.63771223185324E-01
 0.63370096715956E-01
 0.55613492749172E-01
 0.60669029921796E-01
 0.51809301359530E-01
 0.45845450708638E-01
 0.40951559687006E-01
 0.33627556882637E-01
 0.19799042477568E-01
 0.86486951258731E-02
-0.13905563775343E-02
-0.13118640987479E-01
-0.32064617231549E-01
-0.48000181925005E-01
-0.61415225331384E-01
-0.76358877330823E-01
-0.94052354147984E-01
-0.10870377899881E+00
-0.12425481091646E+00
-0.13746177317029E+00
-0.14907473082553E+00
-0.16136486367935E+00
-0.17033646427336E+00
-0.16739596515175E+00
-0.16592256182552E+00
-0.16125640449847E+00
-0.15609111802797E+00
-0.14675558111991E+00
-0.13789375942036E+00
-0.12591644577598E+00
-0.11200313112043E+00
-0.10082713499878E+00
-0.82704619823647E-01
-0.64290788664848E-01
-0.46397741279549E-01
-0.32144007067693E-01
-0.18054436499413E-01
-0.34905214309690E-02
 0.77844270910081E-02
 0.18275037018967E-01
 0.25709882250711E-01
 0.33830825939073E-01
 0.41857808873776E-01
 0.45618710419368E-01
 0.51046743710087E-01
 0.51921452381532E-01
 0.54234185127964E-01
 0.55639754589291E-01
 0.55457659338409E-01
 0.53715766598413E-01
 0.52130774069627E-01
 0.52282749075037E-01
 0.52275735015321E-01
 0.47806740387780E-01
 0.44413284636242E-01
 0.42850623540852E-01
 0.39241006308131E-01
 0.35860347178699E-01
 0.36020821935224E-01
 0.29767150811639E-01
 0.28000152237847E-01
 0.26374167276046E-01
 0.23630845383064E-01
 0.21367697594149E-01
 0.19792043653140E-01
 0.17112328254094E-01
 0.14969824105059E-01
 0.13638571589191E-01
 0.12114355699815E-01
 0.11671792213477E-01
 0.10752145218087E-01
 0.95119197522328E-02
 0.89410747197947E-02
 0.80348640664307E-02
 0.80358603311753E-02
 0.84621400763596E-02
 0.70865534686010E-02
 0.78351129580959E-02
 0.82807738935297E-02
 0.91771914495145E-02
 0.11178911479441E-01
 0.79809237142481E-02
 0.65395994311466E-02
 0.62927618056021E-02
 0.11905654448711E-01
 0.87588899951014E-02
 0.12066248172432E-01
 0.77997461552134E-02
 0.50549486627562E-02
 0.33522524555303E-02
 0.31433449695076E-02
 0.31796960604934E-02
 0.74613443066098E-03
 0.81837277156463E-03
 0.16864612751907E-02
-0.96752701586297E-03
-0.12497976234166E-03
-0.15432727616675E-02
-0.17009089646384E-02
-0.27868517491707E-02
-0.28249985083735E-02
-0.34480396521657E-02
-0.38225586440721E-02
-0.26179018427157E-02
-0.30216536618918E-02
-0.19615411245023E-02
-0.38398976552477E-02
-0.35938014465177E-02
-0.36500794257180E-02
-0.17115263947856E-02
-0.21610967948410E-02
-0.39454153525657E-02
-0.38909471227304E-02
-0.28420314869567E-02
-0.38583087789239E-02
-0.25827797908257E-02
-0.26305989962528E-02
-0.31075930341243E-02
-0.40910893939482E-02
-0.51562707322808E-02
-0.20321866370714E-02
-0.23350427518490E-02
-0.38896846196903E-02
-0.57866949900584E-02
-0.50259474168817E-02
-0.28117063832142E-02
-0.60994852030230E-02
-0.73107280398697E-02
-0.43847102036544E-02
-0.39072093703493E-02
-0.52565723881695E-02
-0.61494637971380E-02
-0.35125565700103E-02
-0.27166002412359E-02
-0.33496915850620E-02
-0.53938389263290E-02
