 0.11772717483620E-12
 0.18836347973727E-11
 0.95359012149890E-11
 0.30141988262312E-10
 0.68496191624935E-10
 0.14459316693127E-09
 0.25826517771971E-09
 0.72080807056045E-09
 0.12214203094442E-08
 0.32858009050742E-08
 0.87226363466207E-08
 0.18786992494610E-07
 0.38107744220860E-07
-0.76020073255456E-05
 0.82295810210523E-05
-0.55645638892629E-05
-0.12070273741131E-04
 0.15465296394581E-04
 0.36377861137135E-05
 0.69021419741433E-05
 0.43244816236164E-05
 0.48518131125640E-05
 0.11797365391314E-05
 0.69138409919533E-06
-0.24091940263297E-07
 0.14943284917214E-05
-0.55315978081015E-04
 0.80464032483357E-04
 0.46606337971035E-04
-0.79544724440187E-04
-0.76416369039140E-04
-0.30648424220333E-04
 0.82167473012880E-03
-0.54028447536305E-03
 0.22591617581405E-03
 0.77816097796209E-03
-0.54621030598005E-03
-0.23969210482818E-02
-0.40110614000704E-03
 0.34514736734586E-02
-0.49689679096421E-03
-0.43447381251768E-02
 0.44164099408098E-02
 0.37870192176119E-02
-0.62238847931159E-03
-0.69220323172198E-02
-0.38840942721081E-02
-0.30301737697285E-03
 0.15464664581624E-02
 0.63488753442953E-02
 0.51187692881708E-02
 0.36908764342941E-02
 0.30951847376793E-02
-0.38647133027408E-02
-0.14880421532492E-01
-0.12971567392438E-01
 0.95231386090086E-02
 0.17516855243463E-01
 0.85578456725801E-02
-0.77051286178746E-02
-0.37942545227939E-02
-0.37478097914721E-02
-0.10761867508879E-01
 0.13171139219563E-01
 0.26814263254302E-01
 0.92153730614626E-02
-0.15339964805749E-02
-0.19432892722452E-01
-0.23165934766663E-01
-0.18798193143927E-01
-0.14911016074587E-01
 0.14765359811127E-01
 0.49138169361991E-01
 0.68115154278775E-01
 0.94435182240840E-02
 0.85797297398184E-01
-0.16039975290795E-01
 0.34363722760485E+00
-0.37309456040099E-01
-0.35208807201393E+00
-0.28179323954986E+00
-0.95605087486683E-01
 0.76215352651316E-01
 0.55380405163894E+00
 0.64002716035738E-01
-0.16097245634951E+00
 0.12068536124298E+00
-0.19676149083876E+00
 0.69116939077325E+00
 0.36574335310594E+00
-0.26363855754562E+00
-0.19671867487526E-01
-0.13316739286215E+01
-0.35743856052086E+00
-0.12716630554914E+01
-0.12525786982737E+01
 0.19834524601972E+01
 0.14590451942084E+01
 0.15818698564193E+01
-0.67625096150125E+00
-0.18655528749873E+01
 0.54316114170286E+00
 0.32007849054519E+00
-0.77919252656119E+00
-0.21031865394577E+00
 0.13561767510335E+01
 0.43527525910058E+00
 0.69340351451526E+00
 0.35084974573527E+00
-0.16938829246587E+00
 0.64514118294336E+00
 0.20856987814608E+00
-0.10439771486195E+01
 0.43640091166909E+00
-0.63047874077043E+00
 0.41337453945449E+00
 0.11503916534919E+01
-0.14150040117871E+00
-0.12208061697169E+01
-0.86425601554320E+00
 0.23081338321240E+00
-0.16222373532648E+00
-0.89411679509283E+00
 0.68746579769787E+00
 0.13992749529903E+01
 0.46486418161262E+00
 0.11625294882622E+01
 0.56274289436817E+00
 0.53702681072619E+00
 0.16595953500331E+01
-0.38500974566469E+00
 0.23522927500363E+01
 0.18879678243205E+00
-0.68363507675613E+00
 0.38470704924246E+00
 0.15376685920131E+01
 0.78773909861338E+00
 0.28326901381328E+00
 0.88123315248560E+00
 0.14393988773132E+01
 0.21352317881751E+01
-0.74079399566642E+00
 0.11930099405866E+01
 0.18300463310496E+00
-0.17835500141448E+01
-0.17845444893347E+01
 0.40488861630129E+00
-0.15967950864692E+01
-0.24387288644347E+01
 0.42870154259149E+00
 0.15145600082491E-01
 0.47758133853174E-01
-0.48248406907248E+01
-0.22481933803799E+01
-0.67395619675708E+01
-0.35687387017865E+01
 0.66781936387950E+01
-0.18753949974077E+01
-0.87423645664930E+00
-0.12525244400174E+02
 0.31207665820803E+01
-0.20929674261947E+02
-0.13877547415501E+02
 0.12495298951637E+02
 0.13441485984665E+01
-0.58610386199716E+01
 0.15846860222194E+01
-0.15924509648406E+02
-0.34190648824707E+01
-0.12815835833092E+02
-0.84861868107596E+01
-0.38934869028704E+01
-0.14896928302522E+01
-0.57478556988330E+01
-0.17980028752207E+02
-0.39668954254892E+01
 0.45257712901119E+01
-0.52988607004063E+01
-0.16717631235859E+02
-0.48091486231061E+01
 0.11796954479584E+02
 0.12522858560106E+02
 0.20571191311946E+02
 0.23404379551902E+02
 0.41488311422675E+02
 0.21942366773672E+02
-0.28953906539490E+01
 0.56949192495376E+01
 0.99664537394131E+01
 0.14507452503226E+02
 0.30371553690033E+02
 0.34353383194225E+02
 0.46333012993551E+02
 0.17691079792830E+02
 0.14975197717518E+02
 0.22535350403856E+02
-0.13136072367288E+02
 0.17360401650116E+02
-0.70032525627803E+01
-0.26782318702863E+02
-0.34848115910615E+02
-0.35583325339244E+02
-0.45631937877137E+02
-0.28150640261015E+02
-0.21052264783993E+02
-0.21001557256643E+02
-0.22256572420797E+02
-0.25463275206436E+02
-0.27410600500588E+02
-0.26316431649253E+02
-0.40804952869409E+02
-0.30469746276400E+02
-0.26399858795333E+02
-0.28466346853784E+02
-0.59297260390858E+02
-0.47296870098549E+02
-0.46100557264675E+02
-0.39767629752108E+02
-0.46361201096090E+02
-0.45794801728483E+02
-0.40637613002754E+02
-0.53443975462929E+02
-0.35562320044641E+02
-0.45267978092559E+02
-0.50887206188411E+02
-0.45819173229219E+02
-0.49776499384186E+02
-0.44146658151281E+02
-0.51173861723139E+02
-0.50416564187032E+02
-0.56019669257729E+02
-0.53391874923287E+02
-0.59536383343166E+02
-0.50583195543320E+02
-0.53712204847861E+02
-0.64743480510534E+02
-0.65991085947858E+02
-0.76587508177950E+02
-0.57787995089143E+02
-0.79149631073693E+02
-0.94679042189436E+02
-0.66647149965567E+02
-0.43617716114065E+02
-0.61551138236618E+02
-0.31331259715547E+02
-0.14302906293693E+02
-0.31388948398614E+01
-0.24932622919499E+01
 0.10056686061669E+03
 0.53904447791212E+02
 0.14535659139747E+03
 0.81968721065203E+02
 0.67137713040106E+02
 0.45811425191769E+02
 0.43711794968172E+02
 0.54983480172433E+02
 0.48457622161268E+02
 0.32005195221404E+02
 0.26837879826173E+02
 0.15742694298941E+02
-0.24561443343011E+02
-0.18781092658793E+02
-0.84425514373261E+01
-0.31323758443162E+02
-0.65303326016880E+02
-0.57927024363323E+02
-0.79399169643365E+02
-0.14402511756498E+03
-0.19405261176157E+03
-0.18806759008297E+03
-0.27522997654675E+03
-0.21314943872905E+03
-0.25179338916601E+03
-0.33715739378395E+03
-0.33338294308751E+03
-0.38915550201687E+03
-0.42446776517704E+03
-0.40843921080241E+03
-0.42641127975775E+03
-0.53451258087889E+03
-0.63022506495430E+03
-0.56518898404041E+03
-0.58070612755302E+03
-0.68693671070934E+03
-0.71500449642755E+03
-0.70556868432035E+03
-0.82913717538169E+03
-0.77724119601905E+03
-0.84468576209060E+03
-0.99032252993537E+03
-0.98740548124548E+03
-0.98649695912253E+03
-0.10745755769861E+04
-0.11422950984743E+04
-0.12700795801134E+04
-0.12934344366971E+04
-0.12624629965066E+04
-0.12986809278665E+04
-0.14931611486732E+04
-0.16884236842549E+04
