   6.46114195192883683103959025933776710      
   6.46114195192883683103959028504556148      
   6.46114195192883683103954854995647161      
   6.46114195192883683009014451783816924      
   6.46114195192883627202175803179950517      
   6.46114195192879099817754002718557513      
   6.46114195192767436266351991600457769      
   6.46114195191499725103494089748744677      
   6.46114195183032262432635809739356130      
   6.46114195144188437509262104085614740      
   6.46114195008742450027124149818936934      
   6.46114194624272408612685857173288079      
   6.46114193692448493409345353633206031      
   6.46114191692910164639399460315364393      
   6.46114187816769812183005715955804369      
   6.46114180884342477223959124984036479      
   6.46114169275043083413119806809939775      
   6.46114150870636206336877212817730844      
   6.46114123012144325361613826863924758      
   6.46114082471237900585598225940480118      
   6.46114025437129425547404902730674638      
   6.46113947519446104482116379672073984      
   6.46113843765023899077743245560607545      
   6.46113708698669933485723399371326695      
   6.46113536373145416705465643544795569      
   6.46113320436488584787053468963733444      
   6.46113054212150169738558711757825907      
   6.46112730800675444837704947969870993      
   6.46112343177766237099730439835911332      
   6.46111884294135114824079044286679052      
   6.46111347185305270357333828283579194      
   6.46110725062108225767492220233756627      
   6.46110011384683421345275300167646472      
   6.46109199936433365374890464129286003      
   6.46108284869106083783967243659775560      
   6.46107260709421624445030044540005234      
   6.46106122362630063375418986898649692      
   6.46104865091708730767358135558671480      
   6.46103484470350893146810644626844207      
   6.46101976310396335394634591855646489      
   6.46100336587450415272633877657946752      
   6.46098561357239823805695038432968637      
   6.46096646636755772929412305398448269      
   6.46094588305436392685189376883657765      
   6.46092381995422553821745842722395675      
   6.46090022984376843079090557568474528      
   6.46087506083538103601013257034171372      
   6.46084825550810196935435571901745150      
   6.46081975003054379011456307094740704      
   6.46078947315028483680031159582207581      
   6.46075734557544034272484617633383725      
   6.46072327934317518513069784489117064      
   6.46068717729858378914572410711511248      
   6.46064893270872249145835308305252420      
   6.46060842894716980955861657498226585      
   6.46056553931510481763823686768812869      
   6.46052012682250670359496646660048884      
   6.46047204426926468170653778221157149      
   6.46042113420412177465584844625622641      
   6.46036722906977928161553519100761829      
   6.46031015126255822130962901790097953      
   6.46024971346791123883216023921296804      
   6.46018571879091235516134427916672293      
   6.46011796098426230330363727405457229      
   6.46004622476333351402289455338634548      
   6.45997028604317572151684584109626085      
   6.45988991213613056774663392588350208      
   6.45980486212851255831772322614938211      
   6.45971488702403688071252836391399191      
   6.45961972993053851419914116435438801      
   6.45951912626253268616144666264052071      
   6.45941280380556934197364159995284725      
   6.45930048282615266629010719253058984      
   6.45918187609770851558928369790594571      
   6.45905668889075874983867848767546932      
   6.45892461885375444598410757646288359      
   6.45878535557056887914880251663523511      
   6.45863858121748836912065512998043170      
   6.45848396938741462580236967401301089      
   6.45832118536628018154799530566505631      
   6.45814988532165282540714344198568752      
   6.45796971558775621160403912545477838      
   6.45778031314430414704167277604394158      
   6.45758130270915159263000771807873166      
   6.45737230009127451864983308809504487      
   6.45715290663765490006078365096879074      
   6.45692271171491956646118139082627256      
   6.45668129003409666506531385545729701      
   6.45642820131853702880184220279208315      
   6.45616298914586973440655394065772084      
   6.45588517871596306487364336475257466      
   6.45559427713207001569879892913128010      
   6.45528977042648830726341582406059262      
   6.45497112318747265573395215043991682      
   6.45463777585227620279467168900833933      
   6.45428914349941882771715501108092349      
   6.45392461385400350037904095217149582      
   6.45354354523915321575695514521219236      
   6.45314526447882781511158548582091807      
   6.45272906415626775438161709959981948      
   6.45229420066484137958711832958107613      
   6.45183989167606640585253383149640035      
   6.45136531278953333311051128100988472      
   6.45086959494678792395254793488203518      
   6.45035182127770844849823110477757392      
   6.44981102392028414538975112503999838      
   6.44924618003546317969025050992182503      
   6.44865620861757399987886830988441300      
   6.44803996584428391342629204374096614      
   6.44739624147100025414745621478137403      
   6.44672375402229980094160610226210558      
   6.44602114552420775911380761492399717      
   6.44528697744676647587515735815515059      
   6.44451972398951321182823781322319977      
   6.44371776725245221758053016335192720      
   6.44287939040149196815424308371614320      
   6.44200277121988257610855105846291745      
   6.44108597506657079464036743681766097      
   6.44012694713027977820675798316099839      
   6.43912350451814730998692495878289223      
   6.43807332737168180847189283915405143      
   6.43697394977729627736574341465410318      
   6.43582274938047453846156165469597667      
   6.43461693724592510996704159518336459      
   6.43335354609822104703809502568157001      
   6.43202941811095024220608865360239057      
   6.43064119170768428397680047974241292      
   6.42918528745322029156136731493855054      
   6.42765789287861075456211085352956220      
   6.42605494620391320523151109619976129      
   6.42437211891268092653727709288070496      
   6.42260479705164001305596402427844603      
   6.42074806125470319082209993793798390      
   6.41879666539072124752247335138921062      
   6.41674501378068370419133106484488174      
   6.41458713700746675100681456636992010      
   6.41231666632537618570649126883555211      
   6.40992680665964622167687848287245031      
   6.40741030840125705170141379811259655      
   6.40475943795583380010619727876858872      
   6.40196594829238005166848264813592934      
   6.39902104698097526346486680470050031      
   6.39591536784268020172139687184479580      
   6.39263894055415342771704113347476396      
   6.38918116369796722736248583978348568      
   6.38553078054375180900679812359317503      
   6.38167585962192794231026326049620016      
   6.37760378144779824503702049934637370      
   6.37330123336406131420283066564366694      
   6.36875421436443039778113022926747285      
   6.36394805141836149570584108798707543      
   6.35886742902668337412631965935883380      
   6.35349643305983104965802956534098307      
   6.34781860819479471582887422663074703      
   6.34181702900352398753666302999512213      
   6.33547438291862826580077440089433214      
   6.32877306177435189441409682558500137      
   6.32169525865040976326433103403161942      
   6.31422306594651113223436125103127336      
   6.30633857084189041834164148090475589      
   6.29802394446545595778127868307437141      
   6.28926152022313603196783496746860779      
   6.28003385969010662420375035552060414      
   6.27032380802463779283575105861456498      
   6.26011453182400429154548745705302437      
   6.24938954474043844655959384989875441      
   6.23813272578603360318981059369245136      
   6.22632831834351134810358595600757824      
   6.21396093136494580533975635573334234      
   6.20101552415193291913801321439016433      
   6.18747739377209444166948757129590240      
   6.17333215546258123767214364761493088      
   6.15856572247809589013291367253702173      
   6.14316428497709930458739805421224733      
   6.12711428901897536247547486843725698      
   6.11040241670338613767366248205588709      
   6.09301556695839443511691730044752016      
   6.07494083784792334491493126255276286      
   6.05616551076459966298207333842846441      
   6.03667703636135933109779237320004094      
   6.01646302057438325664427635869290299      
   5.99551121449706993725491180547423998      
   5.97380950253772797275829272473830525      
   5.95134589482478358306970305879463461      
   5.92810851709749584145036848864444320      
   5.90408560388590802189331710535553612      
   5.87926549075798403840227588340397257      
   5.85363660710624190201613560908857864      
   5.82718746904378296222451872728181105      
   5.79990667121518073654928905957426197      
   5.77178288143104209756300717285489224      
   5.74280483037010964276096619619307711      
   5.71296130468560251930494986799508814      
   5.68224113892169961683533247292434046      
   5.65063320620233176459413641415957517      
   5.61812640899551643580686850499707793      
   5.58470967064055828213637156629090758      
   5.55037192591088482092999355639433121      
   5.51510211131215881668031248315978164      
   5.47888915673581479126179926717049193      
   5.44172197614353728205557870327829136      
   5.40358945936446930133509675521953196      
   5.36448046421147156787526961588657424      
   5.32438380818772864103380301218296211      
   5.28328826261433322848849825960828839      
   5.24118254512296354555449641585175838      
   5.19805531392219779695941146315745891      
   5.15389516353302955272374256448086414      
   5.10869061885932384394748357928236571      
   5.06243013206019732375126558833765318      
   5.01510207862078399222045727058226284      
   4.96669475443056391061495415171063930      
   4.91719637326955608214915483902311694      
   4.86659506514324863635794701319685240      
   4.81487887430782432425758381583249699      
   4.76203575785595532877310975226888835      
   4.70805358539923012048097713776438578      
   4.65292013771735152407181387315524099      
   4.59662310733442443799668872005932724      
   4.53915009687929200400835997401249565      
   4.48048862073770219478753232060721445      
   4.42062610355492707501895332341757459      
   4.35954988162173512118290264856983589      
   4.29724720360445450831995723566395930      
   4.23370522965420429875425802817012392      
   4.16891103297639936252761946240951749      
   4.10285159989909019462301541927908486      
   4.03551383073295240888402941570285027      
   3.96688454007822753806797577026909587      
   3.89695045789336049636561267889505495      
   3.82569822976173785225017173910831368      
   3.75311441755593496787884591416900388      
   3.67918550088842387684035352768397790      
   3.60389787476816466598166591612241265      
   3.52723785553825309036951493979133197      
   3.44919167642272621610901212175258957      
   3.36974549030408176943121383996850725      
   3.28888537013296637943162878584616831      
   3.20659730913779383240892050947011252      
   3.12286722144601840532505856610462717      
   3.03768094267248945632433682639480757      
   2.95102423010430255087544030809289150      
   2.86288276333197898408721197214976513      
   2.77324214456189935966296041003175354      
   2.68208789898163437721098140018806545      
   2.58940547517883545653236291344615386      
   2.49518024550514121919846929599382610      
   2.39939750610708510144143372938536888      
   2.30204247768311571742435687658372850      
   2.20310030544905275620113635878402760      
   2.10255605945664778758493719483862119      
   2.00039473491117374261264873009054019      
   1.89660125226237704907883795952144329      
   1.79116045757009260414714066862782967      
   1.68405712272511842996942494178686678      
   1.57527594530838974820690793058739723      
   1.46480154954519229730158494274626342      
   1.35261848540682845336261563538114661      
   1.23871122958228117933210816301954672      
   1.12306418531364876390154479119312701      
   1.00566168254986069405591052938942693      
  0.886487978080949254956436995417748716      
  0.765527255792169065575148587960308733      
  0.642763626439174017569509201767579235      
  0.518181128332899419051747612465525501      
  0.391763726671935294655331534219284861      
  0.263495314428200483527821880761890819      
  0.133359711626657870619360278581579868      
   1.34066630818626571654151283054335487E-0003
 -0.132578146088331049927880799133848548      
 -0.268413122643124612306155644659131820      
 -0.406180732088978410080508449607458783      
 -0.545897515802634004829220664718175033      
 -0.687580087160643878909413783830953346      
 -0.831245131367452920959062022498644880      
 -0.976909405878839567564806050878223069      
  -1.12458973990376904532300380630838815      
  -1.27430303452851470765657774874044669      
  -1.42606626294705920591138298935387322      
  -1.57989646971920596225274253734919751      
  -1.73581077145353501059044477690438943      
  -1.89382635653799799593454133541830399      
  -2.05396048462097234915819660784680402      
  -2.21623048724524579710729576240936339      
  -2.38065376774075985174582422693027254      
  -2.54724780049415350700583542157517986      
  -2.71603013169670732335824435633604523      
  -2.88701837909272954172954776545778392      
  -3.06023023169218846099112928825371601      
  -3.23568344988193842449471312019029993      
  -3.41339586568213840634642624064200114      
  -3.59338538217518573427786630108103974      
  -3.77566997376362285697889103762520474      
  -3.96026768630453064907478122505737791      
  -4.14719663684890401501326918047790744      
  -4.33647501346874357859205176275124571      
  -4.52812107547523989940353839994100794      
  -4.72215315349585248982516348044341100      
  -4.91858964905292717895318244866282717      
  -5.11744903472057731735271701952897803      
