   6.46114195192883683103959025933776710      
   6.46114195192883683103959028499496191      
   6.46114195192883683103959035532093786      
   6.46114195192883683102469808778159463      
   6.46114195192883681091044040802682910      
   6.46114195192883395908069845155626666      
   6.46114195192872862681807356888621025      
   6.46114195192710348449190034349134199      
   6.46114195191329443903158185677427454      
   6.46114195183642797858457270910985630      
   6.46114195152238731142055445241171949      
   6.46114195050531948608355871089000592      
   6.46114194775015728302701821702547182      
   6.46114194126271020070024754851574894      
   6.46114192760518538172180787880027657      
   6.46114190135030112386804742150452054      
   6.46114185449193934802323256063259289      
   6.46114177594327917390319370073542699      
   6.46114165102815893869086501855003037      
   6.46114146101758434654404243009318157      
   6.46114118282214104411760729374191912      
   6.46114078876851848925041916355977428      
   6.46114024652224512884830774255701695      
   6.46113951912675637718319967339927456      
   6.46113856517668738273224402475638405      
   6.46113733914550368949994037956873424      
   6.46113579184625452780500701819086472      
   6.46113387101486210465420501344034868      
   6.46113152199245429393632026113533243      
   6.46112868846719684801705863767499537      
   6.46112531323981031428409087623094197      
   6.46112133906572989486933063351827669      
   6.46111670927620352172656271891374124      
   6.46111136843327762375363649717572005      
   6.46110526281989336357108677211303102      
   6.46109834078581056516303075118282681      
   6.46109055290540732081783296397774265      
   6.46108185205645442692051691654373898      
   6.46107219310496179246023821572343717      
   6.46106153289196013472501859075913923      
   6.46104982946016249047018725632657070      
   6.46103704160211488802470236287378163      
   6.46102312817009421172523945236618973      
   6.46100804731966028986026387033910505      
   6.46099175572332668424662559071566094      
   6.46097420772958751396795650426184950      
   6.46095535451160668969812566333086883      
   6.46093514332114735840620144670855757      
   6.46091351678895059898564540125442201      
   6.46089041202757524660646475340935200      
   6.46086576006974359150839329914458997      
   6.46083948527514734825658431895389232      
   6.46081150481927197980599214463824883      
   6.46078172825634502153532047668459884      
   6.46075005715619121091800587239187824      
   6.46071638483831980149070366488910453      
   6.46068059620027677287933864562060532      
   6.46064256755173643533066796164107980      
   6.46060216653130051422098328075485875      
   6.46055925208478596824780707169707711      
   6.46051367450378673466414695849978228      
   6.46046527554017544408272369299873014      
   6.46041388845530619439234912795011659      
   6.46035933825182535645236545494207046      
   6.46030144178336637434910630126401641      
   6.46024000789927566647649291631528677      
   6.46017483763084264118136009535813454      
   6.46010572438952348863842702381240655      
   6.46003245419578043001962040905497799      
   6.45995480571692231453886380110946188      
   6.45987255043699254598496615764299346      
   6.45978545286848384345253232255973695      
   6.45969327048972230773367076519239965      
   6.45959575385219135827270293726067806      
   6.45949264662154062027581621545232275      
   6.45938368548049660582092742915186145      
   6.45926860005021990538423963249100667      
   6.45914711277199188546798946726524864      
   6.45901893882048058068007136280701731      
   6.45888378574375361164480544164321531      
   6.45874135320007236980148100670572044      
   6.45859133257705659698919771545369656      
   6.45843340660279693561443939966481346      
   6.45826724885955070466542814533307191      
   6.45809252323731236204837259268178806      
   6.45790888328289783714473963179540262      
   6.45771597133177903290737797574732920      
   6.45751341842902362013739363503552167      
   6.45730084251457086252632957430273183      
   6.45707784839992963018052144456505732      
   6.45684402598189522812370980671372619      
   6.45659894951960714399402327096688172      
   6.45634217701753767335567816688707995      
   6.45607324776902705486522317617202361      
   6.45579168081577214643185687207204911      
   6.45549697662492505662474290474095702      
   6.45518861149560301826108337736889663      
   6.45486603820445279047026796420686073      
   6.45452868268261475866586819928785133      
   6.45417594452593872285938087628763916      
   6.45380719228731579641232335224971740      
   6.45342176285938912413733250806426024      
   6.45301895905021453806366353419307431      
   6.45259804670525928769325595046542863      
   6.45215825239768835071508251807411374      
   6.45169876045940193486872184303973146      
   6.45121871012531989989153357339400198      
   6.45071719257600160241586404256214204      
   6.45019324754015787588439461467302166      
   6.44964585899382743164500878214710610      
   6.44907395283073774255227370472641491      
   6.44847639143452903374058561685794547      
   6.44785197027864093692492790084750748      
   6.44719941276138014796509065209478568      
   6.44651736581317402895569580930836568      
   6.44580439410650306175301736606680883      
   6.44505897493344376677017567555100200      
   6.44427949197291825561844073536354909      
   6.44346422913822683912378614519190478      
   6.44261136348773838946174116145667917      
   6.44171895758853055443603985219956952      
   6.44078495284958858494666741684564244      
   6.43980715941567133712090591297792749      
   6.43878324843118024145551928925794689      
   6.43771074168825859030231691509605771      
   6.43658700126024481476859925949776837      
   6.43540921840334477364536626970895784      
   6.43417440090875868376752625205596845      
   6.43287936075572906985482462170456162      
   6.43152069960017029790456076475384303      
   6.43009479373814577271663182505005919      
   6.42859777773258555130227491361599818      
   6.42702552689313087198890324109208009      
   6.42537363826186135852705244361993614      
   6.42363741017250848867753417351717482      
   6.42181182042742612536894345376769856      
   6.41989150268093953612160910955081740      
   6.41787072124126800692233655947504003      
   6.41574334395985942962031080375824980      
   6.41350281385221463095221749678696310      
   6.41114211838961941906782891959109243      
   6.40865375767079089812316178723493134      
   6.40602971100728961351668188767273613      
   6.40326140246059149837566675115114628      
   6.40033966579305040498862078612792892      
   6.39725470973205360569826394335111743      
   6.39399608291256586054157644804684183      
   6.39055264371078754083205977393564109      
   6.38691253069273036695683546128936046      
   6.38306314094180295314824330686982057      
   6.37899111450742861896469668728095660      
   6.37468232971899465292492436240426127      
   6.37012191040214166245247608136163546      
   6.36529424805794038432844126542600674      
   6.36018304049661441409300165411561895      
   6.35477134816937808163338923721448447      
   6.34904166708806103732895611632149861      
   6.34297602079689124817447562648043799      
   6.33655606263026873137560242448428959      
   6.32976318944608516294176076087114920      
   6.32257865930886310628433448632657545      
   6.31498371013461172721380063135313318      
   6.30695966635950735475291829922542116      
   6.29848804285454356478060367633847859      
   6.28955062506558483376065948369924328      
   6.28012953962521179647789741915058992      
   6.27020730063028118007815881951684095      
   6.25976684528355303642123016125823644      
   6.24879154671039365286106483470351136      
   6.23726521881636447086945751096328798      
   6.22517210646208618757581812798499449      
   6.21249686986868340053750175492409819      
   6.19922456079573368619865883119503496      
   6.18534059656483023306336069996739051      
   6.17083072797823642434085360615729198      
   6.15568101609075416631086886211442125      
   6.13987779820923173582355990967893925      
   6.12340766207119747050691848913508953      
   6.10625742005774244231421640365983224      
   6.08841408626633091840939693758696939      
   6.06986485413149158346959808741221496      
   6.05059707782419994094470737985893958      
   6.03059825580639786686892322336988893      
   6.00985601479236386035226633378460237      
   5.98835809893584277299622382737026822      
   5.96609235680135895871434072362763644      
   5.94304673256668103574963165323827012      
   5.91920925775826186063292773817387036      
   5.89456804385375627703681192613144837      
   5.86911127569600978158162313692108980      
   5.84282720619729629954014920698371092      
   5.81570415069709235922607841462414803      
   5.78773048232169419407532546496702241      
   5.75889462642453026065578244537353468      
   5.72918505731176594080612868712321391      
   5.69859029148016791348793961686016953      
   5.66709888419997884947442147072504063      
   5.63469942345197763854523875389758679      
   5.60138052420851894393275926540203780      
   5.56713082305382227964216237086445127      
   5.53193897192550889643116757167832387      
   5.49579363215737373464287745215962441      
   5.45868346657688684054588117620709218      
   5.42059713448640251498590862194133594      
   5.38152328380246359043877841288735206      
   5.34145054478700714338592562556703730      
   5.30036752300339791556139727893709853      
   5.25826279331949307771810749861720589      
   5.21512489270780138731438394666674182      
   5.17094231533571154186990556157000079      
   5.12570350563325137402886298534148582      
   5.07939685423273882006071565446391849      
   5.03201069161736209202395162800356303      
   4.98353328516477247086659500082740034      
   4.93395283377222424290879056717949239      
   4.88325746502957146988901990290525933      
   4.83143523128861665781447703206812659      
   4.77847410774856403062663951875024329      
   4.72436198960011272670758549384600857      
   4.66908668987496348198858183276054767      
   4.61263593772476043550000161596089743      
   4.55499737778290483983217633744044904      
   4.49615856787326552873344927704310551      
   4.43610697988384642619782599394083582      
   4.37482999755121759018952914532329915      
   4.31231491659233473519332993795527806      
   4.24854894537436695416312919831641819      
   4.18351920343181057327740428554619481      
   4.11721272296096831013835096845741628      
   4.04961644796873320016520283081134621      
   3.98071723515398863834539006066745164      
   3.91050185418837631513203088949441586      
   3.83895698737081348615490417270521877      
   3.76606923177781624040699736313476270      
   3.69182509778620608031495751584978262      
   3.61621101141792671467282522320403070      
   3.53921331327702739511046742884633528      
   3.46081826044500130565356922384932122      
   3.38101202567194294263995627073360516      
   3.29978069968595410577210858142012485      
   3.21711029008229427082165871001205674      
   3.13298672267404762051100335965400859      
   3.04739584170607958592414289704317143      
   2.96032341095647528090686617097764660      
   2.87175511335754501380277969193567703      
   2.78167655215686852296966381493107063      
   2.69007325093691286726336071563089729      
   2.59693065442868254122504192416546244      
   2.50223412855209068248935410298262644      
   2.40596896120486347524916125205800873      
   2.30812036222854011625190363322893918      
   2.20867346424879282175195938600987849      
   2.10761332228552632960356297318889955      
   2.00492491516963441218428086736318522      
   1.90059314483631965131515781241345990      
   1.79460283693034177557252646241349506      
   1.68693874152172495201883805577108831      
   1.57758553272357557915652472099196724      
   1.46652780932079405876218394851986916      
   1.35375009487769371744312930249307612      
   1.23923683803861645985405759658604664      
   1.12297241240296223365698306561950521      
   1.00494111765224737427508010407206514      
  0.885127178569148448560890578300061576      
  0.763514745658497818279791682511812319      
  0.640087896008165968200621953448005138      
  0.514830631974709028333704524887922672      
  0.387726882977941338934271103496358852      
  0.258760503907830429962901844513052248      
  0.127915277694342566015121052929968727      
  -4.82508813475526796958304291267617377E-0003
 -0.139476956963550594406515126137167705      
 -0.276056767499442083495718499824884849      
 -0.414581029755224006461803014550152766      
 -0.555066327591025182905399454573052631      
 -0.697529317478888753347653960474127853      
 -0.841986728073901999866261787726202601      
 -0.988455362324936800145431068537319192      
  -1.13695209296478884240183675546177699      
  -1.28749386786222571723338932105533624      
  -1.44009770595843548964285010364100463      
  -1.59478069810864832983604684336343918      
  -1.75156000900377563028142392313332286      
  -1.91045287517962315768830730251092113      
  -2.07147660302172360881354159559873825      
  -2.23464857293036318714502716780564309      
  -2.39998623944287590003178532301298423      
  -2.56750712318481081655016651628399023      
  -2.73722882310731189099339378223215376      
  -2.90916900543234334617428481170790268      
  -3.08334541199488716023885502804806948      
  -3.25977585105920955923262240780481007      
  -3.43847820769299170047388878676671622      
  -3.61947043640240942485671674276683061      
  -3.80277056277943785894559533252211641      
  -3.98839668572220055288913627018100482      
  -4.17636697539570503807785053465760008      
  -4.36669967053830589816381832961348483      
  -4.55941308369542984772034307072429791      
  -4.75452560003197184172799344803287486      
