   6.46114195192883683103959025933776710      
   6.46114195192883683103959028499496191      
   6.46114195192883683103959044278650548      
   6.46114195192883683103714820224952695      
   6.46114195192883682630028892066539747      
   6.46114195192883597053652991678809062      
   6.46114195192879831923532937711044420      
   6.46114195192813486342155296664801390      
   6.46114195192187747170654348275083894      
   6.46114195188399727216668755291475158      
   6.46114195171821338806943709015117342      
   6.46114195114962246219172958266884787      
   6.46114194953294904802356020114337403      
   6.46114194556542263629022824941122742      
   6.46114193690897255871255276941475052      
   6.46114191974139961561065589458576533      
   6.46114188826564572995389577717760078      
   6.46114183420489119444407585719900748      
   6.46114174632047316247742856601721029      
   6.46114161001407426569681273359753893      
   6.46114140693333414004967584871696482      
   6.46114111470035184840287951367807724      
   6.46114070674795819456345189278840997      
   6.46114015226584568620756059110253491      
   6.46113941627199041690070801759431115      
   6.46113845981423995968160883652931049      
   6.46113724030060613191027156417464710      
   6.46113571194900259619192151056057807      
   6.46113382633872923532387819764644191      
   6.46113153303803609742353202445190507      
   6.46112878027569929640679870572989574      
   6.46112551560350520352339219317255133      
   6.46112168657464992321879763725790520      
   6.46111724133964244397574460034478025      
   6.46111212909115264457323607801925518      
   6.46110630045773598125052031811456419      
   6.46109970772676991151405003008540005      
   6.46109230492760469511700190750942369      
   6.46108404776336592986379576120720845      
   6.46107489338372435932050175402602288      
   6.46106480003136519905057807435406973      
   6.46105372665831877931302173159328894      
   6.46104163232986214431818695169688878      
   6.46102847552014792407647872790172919      
   6.46101421347101841517617568862016282      
   6.46099880145998155033820013784173081      
   6.46098219207949773313683354539299177      
   6.46096433450228864475280059748778494      
   6.46094517377409079213343652416003882      
   6.46092465013262326545928052674417349      
   6.46090269833563424547469939291977700      
   6.46087924736449786118198657513239628      
   6.46085421960390229287791068977181958      
   6.46082753054609370928649461056549054      
   6.46079908841592194761670595682765329      
   6.46076879387533624477084282837627421      
   6.46073653980653670052725629555454836      
   6.46070221112171978725313541139450677      
   6.46066568466398347755144256891980370      
   6.46062682924387017545794934494843246      
   6.46058550549615314659560565728932757      
   6.46054156600405606649057754317323199      
   6.46049485536930809260756442573943199      
   6.46044521027051035757595477681691891      
   6.46039245959661414857813188547577050      
   6.46033642464696707422198858229662772      
   6.46027691914849003952782694033363244      
   6.46021374961385711123504980653423853      
   6.46014671530027369119464132297810807      
   6.46007560840638993559578737402701178      
   6.46000021417617289838818701742868170      
   6.45992031101671683506068970804578811      
   6.45983567064678495895507931816184788      
   6.45974605803232199055232386416276089      
   6.45965123137061405975958020401145671      
   6.45955094228812994881307973220488273      
   6.45944493555031372996612225433999045      
   6.45933294900834503797846128968328048      
   6.45921471351524910080269533517301909      
   6.45908995264355452225332039145689656      
   6.45895838243134712736666949523656215      
   6.45881971109624951226132930254867624      
   6.45867363878774607064695201714033791      
   6.45851985693564753445421391559305100      
   6.45835804790669642343086239410880172      
   6.45818788437826297044418323323642161      
   6.45800902875375534893826472765839440      
   6.45782113246166727221717860055241823      
   6.45762383521343931595757989517058721      
   6.45741676409008483290357594058369755      
   6.45719953270718673611895657917504815      
   6.45697174045984978922962278567962883      
   6.45673297092271481090583002276512006      
   6.45648279118264757960616606889477098      
   6.45622074966379899893192543511956074      
   6.45594637675915078252964538734706095      
   6.45565918212043984546398853098199185      
   6.45535865078258253581458625797817744      
   6.45504424679667718803837466042412967      
   6.45471540797719047294726885219901888      
   6.45437154334529351746458931836305981      
   6.45401203352074125338369514002731139      
   6.45363622702500119976649757674660302      
   6.45324343906091283370963869926152920      
   6.45283294824987335377173292716032603      
   6.45240399423142295498413494599103543      
   6.45195577521331603895381548717377366      
   6.45148744496525375021286459507843454      
   6.45099811004691196917957951613761770      
   6.45048682526532494397403684351849732      
   6.44995259217068761257075938215840222      
   6.44939435347087957299523982720524395      
   6.44881099019784241592375041512475850      
   6.44820131697124774557848642727912668      
   6.44756407720287962455974430536162347      
   6.44689793945633984359856507394589407      
   6.44620149036405100403783254911404422      
   6.44547323058754811923677591247247719      
   6.44471156881345425408534413475555686      
   6.44391481436041432360304167017635428      
   6.44308117130615498644067181606789239      
   6.44220873088209274864166788066183889      
   6.44129546353442117306098406853328979      
   6.44033921064524996606843801136434351      
   6.43933767538384109543012690747262389      
   6.43828841312011865306794830304923108      
   6.43718882055577903498454787765265736      
   6.43603612490061955677120733480832152      
   6.43482737123361681897703373246913110      
   6.43355940974406967611023733591067512      
   6.43222888118440487700325500708772872      
   6.43083220190317883567105814386110559      
   6.42936554709605619608422023666899315      
   6.42782483299679098556956210464588091      
   6.42620569765178179474811390057314767      
   6.42450348008798807393521419398491237      
   6.42271319795470312598558842089173569      
   6.42082952342852713147532832179387960      
   6.41884675720781553956908108864601772      
   6.41675880102316258873328634226176226      
   6.41455912747152095428562408732845519      
   6.41224074905144458003774722113959636      
   6.40979618452368757328406138954108542      
   6.40721742406744383263498342945180364      
   6.40449589303136268164297801873879231      
   6.40162241482056276660529298043391615      
   6.39858717353337265529114232121505351      
   6.39537967772397014294825873243370538      
   6.39198872439437287032861385000034703      
   6.38840237004959949831643849432660603      
   6.38460790323871484471848548595697569      
   6.38059182697318146525999258840127185      
   6.37633985145196379638736028266141445      
   6.37183689892744218389974167497166732      
   6.36706712470062501535395651846208271      
   6.36201395592526261942678722359343870      
   6.35666014909452436245005730215547515      
   6.35098786843907443414822120180313729      
   6.34497877953300733683975399111451963      
   6.33861416303520404199700144822249384      
   6.33187503455212176803292301076084823      
   6.32474227283127509682019366964200319      
   6.31719674508759298633597406116512685      
   6.30921942817206425904299722650594625      
   6.30079151479515851366880360140860583      
   6.29189450212497817348011672968500682      
   6.28251026535693404032366620054639266      
   6.27262110692669715395164336116085904      
   6.26220979015724234140844478740524095      
   6.25125955088039995697865430259015251      
   6.23975410065771607991012854856184644      
   6.22767761254746197986571472625258827      
   6.21501469913105817856975865864666666      
   6.20175038805320112501757810730065545      
   6.18787008650508974141010127072698010      
   6.17335955414685047273953685547557231      
   6.15820486413922642009195763814777694      
   6.14239237521128692041033558474046114      
   6.12590869949403987561963430633942456      
   6.10874067441155097957869662528109479      
   6.09087533650822774656828174031613293      
   6.07229989911545987817060028498387103      
   6.05300173081774863079919741427409469      
   6.03296833857422586558985044988650711      
   6.01218735028108758671662918707312717      
   5.99064650233650009027578455302620136      
   5.96833362729386817645231477063853374      
   5.94523664374340352695091345281475694      
   5.92134354795399520863421706479366373      
   5.89664240614760343160417805212107600      
   5.87112134828103450790783139657730211      
   5.84476856232715466671859149993767012      
   5.81757228941899220847398144855406603      
   5.78952081966772824386229747002549727      
   5.76060248782765346584535172206439060      
   5.73080566909495289292769996223811816      
   5.70011877586846400419414346744783153      
   5.66853025322692100762942584117050756      
   5.63602857463739805796281475591259265      
   5.60260223877726078170164416621587533      
   5.56823976316954600527375722329664381      
   5.53292968093031744708573148567995692      
   5.49666053592227834458583780810728280      
   5.45942087488366995291863303425409270      
   5.42119924486379229978909580119832871      
   5.38198418581613122441770148210685614      
   5.34176422506570595310718074889614710      
   5.30052787138361264239719460432893541      
   5.25826360860131101292613300625477293      
   5.21495989029670978167384618522517379      
   5.17060513392662110314795846049889443      
   5.12518771494443709199637665140976815      
   5.07869596156589841550916684839497962      
   5.03111814972468774396958491923430380      
   4.98244249842373956999665485675625200      
   4.93265716460284141305019088414944628      
   4.88175024068056727464203801230024147      
   4.82970974925706198251832350279756018      
   4.77652364078211502931776443054701884      
   4.72217979041872519889183815537528074      
   4.66666599541272490419267856370871208      
   4.60996997301341453896727252932364728      
   4.55207935857689209532873611267907360      
   4.49298170416651429405354485567442896      
   4.43266447693144988848550086527600460      
   4.37111505888059748609231974594319100      
   4.30832074517016990381496068465789647      
   4.24426874406126551848237906056154668      
   4.17894617671642511938495719186443950      
   4.11234007670629907929465281661224795      
   4.04443739002132465814448401141340295      
   3.97522497513943173321768147480291326      
   3.90468960336595281406638572351216043      
   3.83281795878127446916737765834810036      
   3.75959663877494441903732617847287143      
   3.68501215468616970939171053272485726      
   3.60905093169820188711956771060147585      
   3.53169930932489673564360437401828074      
   3.45294354264170937899865133884370165      
   3.37276980183811528471813489726970316      
   3.29116417341289728653846274343578993      
   3.20811266040657119872460259888770592      
   3.12360118266577077446785363234418846      
   3.03761557816138854992541157530598269      
   2.95014160254838588816513063614773040      
   2.86116493037406010801389824209171605      
   2.77067115504140931400903675861373960      
   2.67864578978695830616715120292754272      
   2.58507426772888072492163878240712687      
   2.48994194244834222965876095030259353      
   2.39323408843609551628753181170531231      
   2.29493590150616347279768970966278785      
   2.19503249911243498982948471598062280      
   2.09350892072782379841097966381560654      
   1.99035012832304250080265385753120078      
   1.88554100655026876360458986219281165      
   1.77906636306472919504074408781232729      
   1.67091092899505017507169599697115556      
   1.56105935898254405583697591961816658      
   1.44949623174592232040404812965889913      
   1.33620605005427432928196690138928634      
   1.22117324115696183255845476192892632      
   1.10438215706317412568250229493007448      
  0.985817074244047875379369714216365179      
  0.865462194987709232410133537811735483      
  0.743301646280771959987275092088581620      
  0.619319480779890943982127756208390078      
  0.493499676789369450179159527580021626      
  0.365826138338851546862700596406881177      
  0.236282695526762090783320870038130113      
  0.104853104561922158864625985486079040      
  -2.84789520524209936011507605218056476E-0002
 -0.163729865440749378633585498988007792      
 -0.300916100315894674796470827420740584      
 -0.440054194516802648974217776839536506      
 -0.581160759251470267106143682232279414      
 -0.724252478798127949222788464758383104      
 -0.869346110532218355078516743518613446      
  -1.01645848479873969236338566815549119      
  -1.16560650451784395393783744027489706      
  -1.31680714555762274589948023975728811      
  -1.47007745640200134262456299868744489      
  -1.62543455808218377962405009187035202      
  -1.78289564412325176021597710774230014      
  -1.94247798042098724755939633859753171      
  -2.10419890526682183702166843907594333      
  -2.26807582923693863792008651078973729      
  -2.43412623503056123630849558897627083      
  -2.60236767747131612895869600664874554      
  -2.77281778355999856796412787536175244      
  -2.94549425224011079875431250265999706      
  -3.12041485444211936676405599751863868      
  -3.29759743285406432994386110789929305      
  -3.47705990213288622571462646813130717      
  -3.65882024865870434048374837187171685      
  -3.84289653051544549188414681306413587      
  -4.02930687752941519274216152565805729      
  -4.21806949101089013266186528949702231      
  -4.40920264394460243535848474053154161      
  -4.60272468070740542404949868149449391      
