   6.46114195192883683103959025933776710      
   6.46114195192883683103959028499496191      
   6.46114195192883683103959030219465877      
   6.46114195192883683103871537259882015      
   6.46114195192883682895426228887510813      
   6.46114195192883639689349706688507884      
   6.46114195192881540594989805614993756      
   6.46114195192841660789160424777565448      
   6.46114195192442628703852270559741360      
   6.46114195189909330517274350090155080      
   6.46114195178381116954930150240986143      
   6.46114195137535779204621305795481682      
   6.46114195018165188340514549417489619      
   6.46114194718250774630646556234365973      
   6.46114194050472819350590635447455090      
   6.46114192702480685006189320651596700      
   6.46114190192260935409692435977492874      
   6.46114185821427063912641896935638436      
   6.46114178628861231576243692685379392      
   6.46114167348029749622986487813245529      
   6.46114150372486632289834135991334053      
   6.46114125724272666444391380439595797      
   6.46114091033301537352825397234401266      
   6.46114043528301306956598836517029893      
   6.46113980038708144040411917953766330      
   6.46113897008812616426537211776632477      
   6.46113790524216122860308484078766272      
   6.46113656349926734213673112625797803      
   6.46113489978625059947297492902601371      
   6.46113286686860278763181467011126347      
   6.46113041596295931903046053301447690      
   6.46112749736696785255766208383883623      
   6.46112406105738835498969979613558932      
   6.46112005727198572499748383663031513      
   6.46111543700871937295155642918022421      
   6.46111015235004038670296222330641333      
   6.46110415673841231361925537912515826      
   6.46109740508272259733593328424057292      
   6.46108985373317193330461392698025596      
   6.46108146031899129056024832276945236      
   6.46107218345908054454548003355097608      
   6.46106198233930601871423903353850986      
   6.46105081618261756193433194774642569      
   6.46103864389621018462751110448819559      
   6.46102542315019709268518946696971210      
   6.46101110982367696571699202402582519      
   6.46099565732078370110846662517093024      
   6.46097901587671628555201118050604202      
   6.46096113190051497209303063725441534      
   6.46094194732618304325630387028616203      
   6.46092139901871121429300386682490017      
   6.46089941819751920617461142861070902      
   6.46087592996046598397817327542992310      
   6.46085085301167204417187167941461960      
   6.46082409906129066372224108358814941      
   6.46079557263374926942079096856182588      
   6.46076517081344368010212734064650008      
   6.46073278307441325989356392181976562      
   6.46069829116077773323091289917854972      
   6.46066156900824181893564287951912136      
   6.46062248269973301216253822131216578      
   6.46058089060756738707707734517506121      
   6.46053664328722779427385752137124393      
   6.46048958360691305834571658713311359      
   6.46043954693354649048107090295055810      
   6.46038636114759689423090993857236157      
   6.46032984679867675045886035265329289      
   6.46026981730291227098527774108436068      
   6.46020607894799583115956037759739629      
   6.46013843121416683295593878623020169      
   6.46006666672129611767557106779279617      
   6.45999057136438466849768527210720354      
   6.45990992440592478767266545696215233      
   6.45982449847078086413553925199840459      
   6.45973405968170398539635310322838351      
   6.45963836756199759306188018930316723      
   6.45953717490585778204181037093527421      
   6.45943022786444654782065849592969545      
   6.45931726566994670207570085963450742      
   6.45919802044392001846666115000087872      
   6.45907221703654338825260330381704913      
   6.45893957267828562304499361645244397      
   6.45879979662216091806538047149149947      
   6.45865258978987895613935054254963129      
   6.45849764437431558250631430313066399      
   6.45833464320231402227612648133736927      
   6.45816325919776906978728482519938927      
   6.45798315472141528122913403915585507      
   6.45779398085471665340788763158708736      
   6.45759537661985102565702429198408676      
   6.45738696813444907093818671240737669      
   6.45716836748780402206931227163330386      
   6.45693917225243798213302506477078170      
   6.45669896377225846698832062037065359      
   6.45644730628615925761661517109986789      
   6.45618374561069974480635161846450177      
   6.45590780778819746421317804683350084      
   6.45561899758820531704717083691650031      
   6.45531679652088048705451502668031323      
   6.45500066231149941065374567009442209      
   6.45467002623219061856657640202662991      
   6.45432429148687443920959167112559112      
   6.45396283098728581751635823496493145      
   6.45358498485453354086296259141070200      
   6.45319005986321979219793685190684428      
   6.45277732233607299018207485622547329      
   6.45234600307089761878639104864915965      
   6.45189528864414260573685333979137565      
   6.45142432023881907786147024166979629      
   6.45093218947716189875329262584317693      
   6.45041793776670570476231607926838900      
   6.44988054974282671091166758705167984      
   6.44931895085541568935058565000494559      
   6.44873200369252802494240569404995519      
   6.44811850284117512121655828018257409      
   6.44747716962753829473750824593340119      
   6.44680664950431693760621670487692308      
   6.44610550406713980887191772983783906      
   6.44537220713676371949205606025062231      
   6.44460513743528577602726809225084209      
   6.44380257349692915512606171164704921      
   6.44296268538205034910774323009898133      
   6.44208352736259193464529395257625609      
   6.44116303041298843819866505413549593      
   6.44019899338074089805464948159917509      
   6.43918907314254012727628867620922660      
   6.43813077481672334188112803408481908      
   6.43702144113103204090104970895573086      
   6.43585824011443802368944608148840576      
   6.43463815333584065857277759483729480      
   6.43335796119465663621650492479874571      
   6.43201422921584999992726923479443495      
   6.43060329133976809957941440509635042      
   6.42912123306687884756501168114408660      
   6.42756387273517997540157663432604360      
   6.42592674148534718574506480240042433      
   6.42420506146339728548880786852373235      
   6.42239372244156739389431570218784549      
   6.42048725654998448488157581136200156      
   6.41847981123506847331994845643848435      
   6.41636512004859202614802426525032008      
   6.41413647162195396854475945740200485      
   6.41178667688026145502050323492328857      
   6.40930803366185397873052770295845138      
   6.40669229074524625631517482588236288      
   6.40393060985523601595930326718926252      
   6.40101352691344040100247215239025894      
   6.39793091389038059864563369881518872      
   6.39467194128098922745250081135747120      
   6.39122504239132946697850525981624469      
   6.38757788360599679736698889221808160      
   6.38371733931251903437269298910711949      
   6.37962947652406615632993045939485350      
   6.37529955133150036873919006536964449      
   6.37071201945989354078090676436388762      
   6.36585056450539071613363955789452331      
   6.36069814539652235021746900122179998      
   6.35523706437209731717292296706340618      
   6.34944905528891301024128592647219914      
   6.34331539042607149082521672365407474      
   6.33681700055776269619200938372035485      
   6.32993460678448783642658595519072736      
   6.32264885388149167167984575386420613      
   6.31494043791596891375408870081058858      
   6.30679022867778358955810188379460425      
   6.29817937006316120607517766481901754      
   6.28908936915514197001627055049317268      
   6.27950215478516890263146368737732216      
   6.26940012518694987556456586791374956      
   6.25876616900651169404953493218102979      
   6.24758367070046525029212453029548005      
   6.23583650390659961298493196002498571      
   6.22350901187796216377354288546717118      
   6.21058597996305787698059848063400997      
   6.19705260453431919858103975210403926      
   6.18289445927135432309229346498199684      
   6.16809745749273765835398674670186248      
   6.15264781961894182885627410655053671      
   6.13653203840379401960735705807692589      
   6.11973684904992820032494901105270569      
   6.10224919929673894147565051281432742      
   6.08405622599845255436261212328462465      
   6.06514522799278252287430620215242510      
   6.04550364985869749134860192240147244      
   6.02511906377305026745281858528806844      
   6.00397915209814204186428805639139466      
   5.98207169528920075036423714919797393      
   5.95938456022673080840026844808897503      
   5.93590569142056046494594433127712441      
   5.91162310145749133750982777053974696      
   5.88652486525442730042793844779416431      
   5.86059911308081682692876159271048448      
   5.83383402613003561711015518103650575      
   5.80621783145398324162756839485469661      
   5.77773879800304311504695549913972611      
   5.74838523312574449067144854509673488      
   5.71814547906613647641559611576286267      
   5.68700790894424546466249010542151911      
   5.65496092427395173255079816700660253      
   5.62199295002715488347776758488570780      
   5.58809243209109958277297248452471100      
   5.55324783272770761683716892883806481      
   5.51744762532663545004343079666839413      
   5.48068029218251072130716876654300815      
   5.44293431728391420390355024580337006      
   5.40419818261756673572410670581339554      
   5.36446036251082897986479715758272204      
   5.32370931822329264261813019507831250      
   5.28193349236680175895657939289342894      
   5.23912130319887014309521499562837040      
   5.19526113975147344306027197577031387      
   5.15034135555689467507326287419805576      
   5.10435026372567271969658761147470179      
   5.05727613119055103966253245186847941      
   5.00910717493505133042306828084944217      
   4.95983155635797757430230360488116421      
   4.90943737684817159003693674329267338      
   4.85791267446775834048536958633961226      
   4.80524541992646579019238357137226552      
   4.75142351295252013159685730397587598      
   4.69643477992729020499330723429613948      
   4.64026697054028092376783079588150386      
   4.58290775623268003526375545329897508      
   4.52434472768200993778682355883489673      
   4.46456539325124180760701685913037075      
   4.40355717771080870780000862514417937      
   4.34130742143145085147614880905942340      
   4.27780337880902395303001081476618471      
   4.21303221803424515796993302543627355      
   4.14698102052651362937076293152251902      
   4.07963678071935960391592101273544604      
   4.01098640582633921383018860419414028      
   3.94101671586626466547876878492066278      
   3.86971444352365678041419638893492866      
   3.79706623480907746468221660716465060      
   3.72305864884014239749703986127881733      
   3.64767815863404214080071382708974068      
   3.57091115087741370348146424006371532      
   3.49274392694479685512525107654804941      
   3.41316270306642811044840384151865100      
   3.33215361077276842585830374061363680      
   3.24970269731109618376438695857868371      
   3.16579592652892653222987379674876147      
   3.08041917900837074008216592563310566      
   2.99355825255843499381273778081201342      
   2.90519886297557630918038889890137481      
   2.81532664437011267789758154029899748      
   2.72392714959653831520658568491189619      
   2.63098585074349718253073842095214532      
   2.53648813980351206612826915301804338      
   2.44041932879408314132571809307866152      
   2.34276465032705471980583830100216904      
   2.24350925797922633100622983373102399      
   2.14263822684188656555909035204687540      
   2.04013655366709122532939710947974110      
   1.93598915735444259488762218112870030      
   1.83018087926193739475055319814653892      
   1.72269648352742928940219620343696710      
   1.61352065738701050902177008386207641      
   1.50263801151084513145652831246201179      
   1.39003308013127313571853465059464192      
   1.27569032156082883707314388516172709      
   1.15959411824392384570960124437106643      
   1.04172877703622943714604849220199887      
  0.922078529465734244843434073032176058      
  0.800627531804137601814133981419943413      
  0.677359865928347997728944292685423217      
  0.552259538327163077465801750465951223      
  0.425310481299735932679206249803051128      
  0.296496552726560687094667254647412594      
  0.165801536284405598782062189441663495      
   3.32091415393341908163027337842912975E-0002
 -0.101296995752618277965123222223698131      
 -0.237733313595175557206585814528610072      
 -0.376116323586932056071726255971712901      
 -0.516462610996184271511733133371255552      
 -0.658788834188308512726265779296848191      
 -0.803111725027266189617200071266496882      
 -0.949448088414104825857237112169113683      
  -1.09781480222666825868769628254372312      
  -1.24822881736362565058643695615033132      
  -1.40070715767049342693756510533817975      
  -1.55526691954465245841207536016299197      
  -1.71192527214827040104767387019606855      
  -1.87069945722730100694338579976131254      
  -2.03160678906192401835521952530902556      
  -2.19466465424229522347558564592513709      
  -2.35989051183062016612640530356592512      
  -2.52730189309532223838040317307197548      
  -2.69691640149603825138285218043391820      
  -2.86875171282741492092532508014489918      
  -3.04282557461049791083318562660132006      
  -3.21915580659349868547902960912875066      
  -3.39776030048743530363747893861069925      
  -3.57865701978019411373460829293655917      
  -3.76186399985093651693823446393120203      
  -3.94739934778037235794309028377966625      
  -4.13528124249948807312284827536480897      
  -4.32552793437530684242098503636316131      
  -4.51815774565978436163442094502611675      
