   6.46114195192883683103959025933776710      
   6.46114195192883683103959028497732578      
   6.46114195192883683103955342051319612      
   6.46114195192883683017430247034482424      
   6.46114195192883631202684105844095001      
   6.46114195192879374822801839463128721      
   6.46114195192773441007051999274768573      
   6.46114195191562482416807196101450793      
   6.46114195183430361631462710697050471      
   6.46114195145963039456475040550923540      
   6.46114195014853094426733221723964272      
   6.46114194641592702253080066376142892      
   6.46114193734686066783751264360447053      
   6.46114191784748361465608170802099941      
   6.46114187997298722826542008371297152      
   6.46114181212683765097422175757759237      
   6.46114169835029886532880984077014012      
   6.46114151775593425117027845888614193      
   6.46114124409189649441920433687315232      
   6.46114084545097787377826108036286585      
   6.46114028413302682035796902244808178      
   6.46113951666627987978478872800506768      
   6.46113849396717559504507702193465050      
   6.46113716174010169296619008720251538      
   6.46113546096682241458794928096439249      
   6.46113332857170419469095535366937694      
   6.46113069821769854605405962856351569      
   6.46112750129959190592303222149249483      
   6.46112366793842975403203095661949111      
   6.46111912796465375042548724837004459      
   6.46111381199175060542022084921249203      
   6.46110765235352378383070952217113245      
   6.46110058383136867756965110066130246      
   6.46109254434694665136016382331735607      
   6.46108347550404766857891085222152174      
   6.46107332259314756860323841917141495      
   6.46106203466295651315574062088180270      
   6.46104956428170477083051399213583630      
   6.46103586713375748341414058204022887      
   6.46102090127931584925919150152371579      
   6.46100462635826756464427771934682195      
   6.46098700287912773507802461739780145      
   6.46096799095119324173407323169123713      
   6.46094754933200003806956977041855513      
   6.46092563433595534065540229687973489      
   6.46090219876681051338222967609297423      
   6.46087719083183215181176063034330298      
   6.46085055316971806298695130700963711      
   6.46082222213872282662517229059793171      
   6.46079212669784691300663731967607323      
   6.46076018781570210239534688651881459      
   6.46072631784245518961453341284953072      
   6.46069041998784319285095429878205596      
   6.46065238793787826935980306067660267      
   6.46061210550336270602245700526311135      
   6.46056944650778911849260789313422459      
   6.46052427452205248148338484176065165      
   6.46047644290934141073468264488969618      
   6.46042579486758382534316539753846994      
   6.46037216348976705047723519676245227      
   6.46031537188761392205276657867186364      
   6.46025523343770892337553849275836224      
   6.46019155201228307585058893917177229      
   6.46012412213942450423134854099317372      
   6.46005272931862553796634280652787045      
   6.45997715028278248215497379028201983      
   6.45989715318445941935385882533112795      
   6.45981249794536587811026195053481743      
   6.45972293640663915430147184371787552      
   6.45962821257452751030186605037507557      
   6.45952806273801202836217032797751071      
   6.45942221558649431647429454108745354      
   6.45931039229720357068226721099614138      
   6.45919230656922428589528465841002741      
   6.45906766460728367879225283202864503      
   6.45893616504122862470916962178114291      
   6.45879749844947962297966733022397284      
   6.45865134797208600834562361241903888      
   6.45849738821716944926962774654063837      
   6.45833528542957604655861130950559093      
   6.45816469706751576395766161318547507      
   6.45798527034009694317760674659464763      
   6.45779664348429800007463544153008014      
   6.45759844244851252730975350131241785      
   6.45739028428849934676662301098148431      
   6.45717177150974544091388209362335921      
   6.45694249478866826289576018508237589      
   6.45670203039411633158244062287766182      
   6.45644993938573576444245983189844349      
   6.45618576686139984646890373318153392      
   6.45590903990333190666834509528738500      
   6.45561926700262307368963403956197249      
   6.45531593613108240969682677943125012      
   6.45499851365883973021466484880547804      
   6.45466644215967387348433487459352753      
   6.45431913867642131611384385789545114      
   6.45395599334440948746532018618124540      
   6.45357636673569912510269374881278227      
   6.45317958823140572295518938694677067      
   6.45276495320901848425731457586758732      
   6.45233172073012509524710714172697763      
   6.45187911153863888638433532754878827      
   6.45140630447261350182573369059027224      
   6.45091243375621871403292590624449967      
   6.45039658634055198468229923903189680      
   6.44985779804228141061232228376106304      
   6.44929505012309199934951193151237418      
   6.44870726588274081021627190065991668      
   6.44809330627946040700142036391770761      
   6.44745196573712040295092689312388637      
   6.44678196809340575780231481230167285      
   6.44608196091142057894444659750577303      
   6.44535051155136718124252185547959278      
   6.44458610031478306362272782115947301      
   6.44378711609943074988018589046463613      
   6.44295184900814573621885329670856995      
   6.44207848441347454434663715257169905      
   6.44116509553805469494570731445617449      
   6.44020963605912164925232933155006414      
   6.43920993204033979472241262057166013      
   6.43816367316391876995090353116939598      
   6.43706840365833865815121276964092876      
   6.43592151186740394989208351639736424      
   6.43472022032448499021485178395111880      
   6.43346157387879692812665214005312347      
   6.43214242755919901804673646616799474      
   6.43075943347474755609200440059420397      
   6.42930902669015775541772620982738665      
   6.42778741013147578698871462432436002      
   6.42619053835874805353229507290279535      
   6.42451410017399213763710285122490348      
   6.42275349997749304665046405307598747      
   6.42090383787150420912955395197805335      
   6.41895988828959024911281384180187248      
   6.41691607733264393124427001197279824      
   6.41476645857924003708461845280487228      
   6.41250468753173870037970505546421005      
   6.41012399463512830135070069103018948      
   6.40761715706405831170924351453464882      
   6.40497646934068436210500945961482099      
   6.40219371362521143449954029535612047      
   6.39926012790976330697765798161988987      
   6.39616637736610806092621210175196012      
   6.39290252381209610238008720092471116      
   6.38945799849794060878382321116161435      
   6.38582157751471104007861671373562123      
   6.38198136195139851269726212553894037      
   6.37792476407881941881468480949045750      
   6.37363850154250061356992652589278165      
   6.36910860159944878108827528438123444      
   6.36432041652251504748123075895426843      
   6.35925865243720125922346131685603741      
   6.35390741253167948457619553473573074      
   6.34825025371161220438391434937706686      
   6.34227025732283298242291156913385632      
   6.33595011157424607237281330850530671      
   6.32927220346008404325228427487580839      
   6.32221871489069088304758800466583895      
   6.31477172262925681969782017189097939      
   6.30691329367011669382668406426132080      
   6.29862557442387000619009692704884161      
   6.28989087091101614873893877627660699      
   6.28069171658768273711900300272536206      
   6.27101092624804656089183389667434074      
   6.26083163634955539491028983043308968      
   6.25013733155047759911088021081172523      
   6.23891186236390172408148695000844907      
   6.22713944495318375315694057740345591      
   6.21480466372106746174679016386947267      
   6.20189245478780265347290640893289233      
   6.18838809384568233639207287691910010      
   6.17427717678937509431553669188232535      
   6.15954559919905965227081432352607096      
   6.14417953514670879237601361389833989      
   6.12816541611554899142311802525815764      
   6.11148991018359728128105239742624080      
   6.09413990396516269104247844792164447      
   6.07610248348639982728388864104671807      
   6.05736491890458892293698001730364764      
   6.03791464973225270110533568904797673      
   6.01773927110947111648508822434421103      
   5.99682652344585677167207014598475952      
   5.97516428057042733365976028341156190      
   5.95274054178508103899038375383820987      
   5.92954342174494799774913893248196253      
   5.90556114415777403760840068604934817      
   5.88078203354404763440931883168882177      
   5.85519450799605010840502508027013408      
   5.82878707214804017647501697819314534      
   5.80154831003024314981103938253643234      
   5.77346687805986585138117456331635487      
   5.74453149653286947994779668799521139      
   5.71473094124593011509363073076514541      
   5.68405403766141400421503378685653070      
   5.65248964880771477454078752037723448      
   5.62002666930200268483133280109569111      
   5.58665401462594624220989266582023470      
   5.55236061257808449863495027207949421      
   5.51713539386976375453328639893755050      
   5.48096728321079745279487049781973677      
   5.44384519074792567841936963576784112      
   5.40575800285617001746589395545979123      
   5.36669457559670138744844005797597383      
   5.32664372503866421927826525083100012      
   5.28559422224437125231383052312315254      
   5.24353478509839518898104135244307835      
   5.20045407334450280549384861161769671      
   5.15634068312422717157169256845338212      
   5.11118314196155027329726328727335907      
   5.06496990507179792678031736894247703      
   5.01768935148411707851757850211874183      
   4.96932978099425000460235750415416692      
   4.91987941186022675585811360625922958      
   4.86932637853518699264241401421763314      
   4.81765873012324730117252183117407782      
   4.76486442892365947624011189291886212      
   4.71093134952150139110030530617586154      
   4.65584727804050928999625149505323350      
   4.59959991230145027728916052571098375      
   4.54217686046790745774134890050988665      
   4.48356564213088008668058528720024692      
   4.42375368747062965475477930108505858      
   4.36272833792114378256682259856168593      
   4.30047684740076859772860742770532016      
   4.23698638149855529232664298383460611      
   4.17224401834803065983779444865350886      
   4.10623674946621261142152652347405798      
   4.03895147997149656805973393533281508      
   3.97037502936694755572404939074013482      
   3.90049413233712018714276210754895726      
   3.82929543921956032702285606842990055      
   3.75676551628992507687110387347508316      
   3.68289084727148860033579045805011468      
   3.60765783299189141181330166868799437      
   3.53105279221164946941428267424599440      
   3.45306196314952666413704004388567952      
   3.37367150266121272655614176325042188      
   3.29286748756145382381734935469175052      
   3.21063591500433459486951385761720431      
   3.12696270285654661607191541189444431      
   3.04183369041114487406731349399303697      
   2.95523463859455698545548822558308457      
   2.86715123037118641476447604484602349      
   2.77756907153837148705850828079701005      
   2.68647369061043883393686692467715641      
   2.59385053945874392464168725281269121      
   2.49968499369378840233328714587397746      
   2.40396235261172378942094561233332292      
   2.30666784000469267585263897559592172      
   2.20778660415787649823166707060493472      
   2.10730371813089494587417210503775024      
   2.00520418000475249716832877992033139      
   1.90147291315050240908630973253331972      
   1.79609476654444736164312451839486253      
   1.68905451481974337524602111545927648      
   1.58033685820170753985583005095570476      
   1.46992642378412740169445046602332653      
   1.35780776413313955076700036569244288      
   1.24396535860338384606585610875479157      
   1.12838361300404399912679596423248301      
   1.01104685989752365888679268056843709      
  0.891939358519057461513764943580964292      
  0.771045295333064264527443041779008812      
  0.648348783559179856492628458749527294      
  0.523833863922139635104547485016011479      
  0.397484504064011501900603024685510250      
  0.269284599303345700168203611280957339      
  0.139217972139816822711498351809705723      
   7.26837281609270115275408487058328354E-0003
 -0.126580520821045006811913781019666760      
 -0.262345103523760104270065364407937606      
 -0.400041841806782180813626391838076182      
 -0.539687274728766115443520218732826159      
 -0.681298013499402529859193333267169294      
 -0.824890740985280227087595925775001801      
 -0.970482212504761043603605517786231745      
  -1.11808925505913284240946022824349038      
  -1.26772876754320924355743758862451610      
  -1.41941772095129998617412237944435517      
  -1.57317315775435656503886553343865199      
  -1.72901219238765355519227069533332933      
  -1.88695201106255658379152604683370795      
  -2.04700987140196971813451844497773190      
  -2.20920310279910059767871729297755881      
  -2.37354910645279523847911427027605405      
  -2.54006535470861190416965096722059195      
  -2.70876939168115150006508857868748296      
  -2.87967883294190102580994769679468206      
  -3.05281136575942617331611001687088372      
  -3.22818474815515010570777703852906384      
  -3.40581681006479442040475055940846788      
  -3.58572545298243679461504555237837508      
  -3.76792864887454163253060326637612781      
  -3.95244444168604568830080929943746021      
  -4.13929094647577531375887889425875029      
  -4.32848634935042203795813582079026794      
  -4.52004890761358687830600109513308495      
  -4.71399694971932268417475630036463062      
  -4.91034887563998660329596408921791505      
  -5.10912315559563862635410158294324509      
