   6.46114195192883683103959025933776710      
   6.46114195192883683103959028499496191      
   6.46114195192883683103959038314688231      
   6.46114195192883683103933437570985625      
   6.46114195192883683025891176476935281      
   6.46114195192883663959149311535906660      
   6.46114195192882621076616365695043247      
   6.46114195192860943047578048906071582      
   6.46114195192628156559726962538900805      
   6.46114195191063804851684715710915198      
   6.46114195183604903774674531907038036      
   6.46114195156129158745689552442172433      
   6.46114195073147493359746355085054061      
   6.46114194858713870586518791407226057      
   6.46114194369521366898847734239705839      
   6.46114193360876941075714490582573565      
   6.46114191447262117021664782389074739      
   6.46114188059802057872286185798408963      
   6.46114182403175820099867396198074867      
   6.46114173414393750467908744251784467      
   6.46114159724516979919354733304932779      
   6.46114139630497710160491921605971516      
   6.46114111070826143969456875161166183      
   6.46114071610072475373378693491880423      
   6.46114018436379431565851058970607037      
   6.46113948369274567494820919480329496      
   6.46113857879047826922968206687532175      
   6.46113743117301667937843848717948692      
   6.46113599957535779225504213555761915      
   6.46113424043892360696496992935288114      
   6.46113210845553542856053790606921638      
   6.46112955713828406855615905125462375      
   6.46112653938743813816752493159110057      
   6.46112300801650831097422376277923649      
   6.46111891619554304556118358346349611      
   6.46111421790202478296141448716736763      
   6.46110886809924836295994718968763394      
   6.46110282291305783256433007503638249      
   6.46109603964519911584931418337141696      
   6.46108847666134124711840534366241007      
   6.46108009316176869401246221062126623      
   6.46107084884269409871313285426788176      
   6.46106070346427712682835507327074971      
   6.46104961629785177577543106113952667      
   6.46103754562065279120251925373665115      
   6.46102444817501925999695701351393343      
   6.46101027836720698919065895417686542      
   6.46099498771206304737344813591536649      
   6.46097852420398247145571710130220664      
   6.46096083171053202061687023231455934      
   6.46094184941186263242440373183864613      
   6.46092151126526100552986521348292356      
   6.46089974553177390071326259883528714      
   6.46087647432290402868054652550537643      
   6.46085161328483147694465684865143243      
   6.46082507132138035443204563661062627      
   6.46079675030195041416026997844261302      
   6.46076654484598225646757619349198740      
   6.46073434220763060242373367402004192      
   6.46070002218881518201811285091687052      
   6.46066345710989230666299927853002400      
   6.46062451177129985255098838289691865      
   6.46058304351477902357242941753846684      
   6.46053890231393897457564473330313400      
   6.46049193081951441798097721683186909      
   6.46044196441716166704716599377990266      
   6.46038883141085314891565453906526977      
   6.46033235313061134921940785990070719      
   6.46027234399409474355355398074489058      
   6.46020861168061705998661369720317824      
   6.46014095718478794648515961664228555      
   6.46006917494865256236795845356317267      
   6.45999305294631571807092136379015921      
   6.45991237265449839535486106628171089      
   6.45982690911710388721948295237499037      
   6.45973643092258682766067976163319230      
   6.45964070010842595127765990439582040      
   6.45953947225300274466193173051377627      
   6.45943249614610000478076279378651505      
   6.45931951366906555844309096140666911      
   6.45920025971762115686951709574167023      
   6.45907446174557004492780038352652270      
   6.45894183954261765411084551400718450      
   6.45880210487300841027489929492178976      
   6.45865496100780765652081245443795520      
   6.45850010224494500518083273073944754      
   6.45833721341630087542448663855254922      
   6.45816596932973930368668084484603770      
   6.45798603394414664805598434001622929      
   6.45779705973911099065301331587461391      
   6.45759868687774954204362934124991842      
   6.45739054232553659217612636525072366      
   6.45717223892566997050869008041636334      
   6.45694337416244874962987787209779187      
   6.45670352954376315207156936284056339      
   6.45645226893019762537743195161249110      
   6.45618913739670103572738270000242901      
   6.45591365984609006834494373960827753      
   6.45562533959539591661928709912927781      
   6.45532365671375187889553589917902818      
   6.45500806618224768934667504075211333      
   6.45467799666120609680122938989572372      
   6.45433284793501704419839514848328392      
   6.45397198930488070627227696566834729      
   6.45359475711115520511304742784197692      
   6.45320045240501676191919538038810565      
   6.45278833967710181330248143208116753      
   6.45235764025103624299046628544836367      
   6.45190753543142642215238358001876746      
   6.45143715925108480836148031030969041      
   6.45094559678105965488935942632862607      
   6.45043188002085491948809410730925305      
   6.44989498481259099612159723897894872      
   6.44933382713565067094877548810685008      
   6.44874725814205551053700644374543281      
   6.44813406095016135444614925527541079      
   6.44749294423487095313630145131528929      
   6.44682253963354344888566113180724132      
   6.44612139377429031823768382800916280      
   6.44538796391595352940033638818888731      
   6.44462061151738741627643429155100779      
   6.44381759569672235260900870773905516      
   6.44297706543292401020757590974528173      
   6.44209705261335578317545401676506392      
   6.44117546333420168387265749661316296      
   6.44021006926949608250508768610073484      
   6.43919849762267118601917890572868237      
   6.43813822152469687854681228375605934      
   6.43702654809735216115842587647538050      
   6.43586060676032701894070865039107833      
   6.43463733631486152897861494053955875      
   6.43335347072651152729254376977202964      
   6.43200552361147285760110691352350377      
   6.43058977218253357845116514983113316      
   6.42910223934049570397046534545330917      
   6.42753867420835768683707098249606402      
   6.42589453129415849295755437195362070      
   6.42416494801943248003603847237305830      
   6.42234472010171958862463986106999758      
   6.42042827567036433834653119460870479      
   6.41840964635011485731760652071569048      
   6.41628243746775822209892171223366841      
   6.41403979535079159824874479148515436      
   6.41167437258037078028100078465260939      
   6.40917829215966947481513374415336397      
   6.40654310842293067810264605331580332      
   6.40375976834313967074796103857897778      
   6.40081857098931175006715748838076834      
   6.39770912752742627312048815123198769      
   6.39442032234752631655221757990109560      
   6.39094027760133490226846954783793010      
   6.38725632121880976886054668413618053      
   6.38335496389133828499317745257050584      
   6.37922188552810652414480542015603011      
   6.37484193309324933353536283759910698      
   6.37019913750654239853882466508683264      
   6.36527674696392242485800624019193195      
   6.36005728295727022290889622445162408      
   6.35452261676931892081124796386965629      
   6.34865406866600541967887537825252583      
   6.34243252448182167043622512476919072      
   6.33583856651381267089745883512807942      
   6.32885261373298933154254995876142555      
   6.32145506044672117442299788762751055      
   6.31362640973796288799461670709218652      
   6.30534739458259984560759912736599932      
   6.29659907992770794944876543411570055      
   6.28736294153276963329238138630611988      
   6.27762092592140336140139094500770600      
   6.26735548607800703410793629751763244      
   6.25654959331439229371140986793486332      
   6.24518674206740078269065880738585476      
   6.23325092911486288698645248759372840      
   6.22072663167015451935581051727272767      
   6.20759877458413262024068151988352030      
   6.19385269199167891612827397762282965      
   6.17947409387376923366218634825962442      
   6.16444902499102373827857559665517081      
   6.14876382783984824333028891862800209      
   6.13240510964100306760481308889531634      
   6.11535971043471783747553664554662375      
   6.09761467359239208403236395055037977      
   6.07915721786264704043582462837141392      
   6.05997471906202981227717283575631897      
   6.04005468461383934976259416834081773      
   6.01938474052139134646552825563141197      
   5.99795261330389435635931513591229396      
   5.97574611809404153870215469660002269      
   5.95275314753150623322427355028736964      
   5.92896166163918117716724038990057733      
   5.90435968181127095526398301052164236      
   5.87893528183230751547345099937031359      
   5.85267658353872733516592927654817568      
   5.82557175141605554165620219524052627      
   5.79760898883080912256105977103460334      
   5.76877653404679136822797425866509942      
   5.73906265702753991211796404085071673      
   5.70845565599712989352502080698384215      
   5.67694385460921412175419001057091503      
   5.64451559930898840427242996404131303      
   5.61115925609483912727506030623671568      
   5.57686320686492361084258918924187213      
   5.54161584609301036606708260413391719      
   5.50540557807255014777923057666841670      
   5.46822081206943600389069121720489399      
   5.43004995851553682021780416770311912      
   5.39088142379537365486228379056047640      
   5.35070360703679211827411530376522363      
   5.30950489423203910821981389956142812      
   5.26727365321871489931037824873435971      
   5.22399822907052867026204732025705404      
   5.17966693898978496291722835270569789      
   5.13426806671059231666562742248408660      
   5.08778985727795381387356592039129990      
   5.04022051324214891700633246191039143      
   4.99154818861751309320320976676298086      
   4.94176098484968527548454651364039497      
   4.89084694662058622673781061984886743      
   4.83879405763660751345375516845711292      
   4.78559023679799690056327482553009617      
   4.73122333492469571900365662905915228      
   4.67568113169029524352901890102273166      
   4.61895133263887072998758736055064875      
   4.56102156685876939945136946436990328      
   4.50187938485997721086634930978108818      
   4.44151225666971786227451220915288850      
   4.37990757012395743240625283402649160      
   4.31705263011261310446235744524448125      
   4.25293465665489421760461788068269029      
   4.18754078469836427472109581185807334      
   4.12085806325403775487042887649385047      
   4.05287345499668546604346503951934743      
   3.98357383595798522887912693525632841      
   3.91294599533382691063472308029764137      
   3.84097663555258808413299839801203708      
   3.76765237206347174864459078637721144      
   3.69295973406828803980867534113672741      
   3.61688516410788219483124560171422214      
   3.53941501891399426277511442763895073      
   3.46053556925353236529346889046780119      
   3.38023300083192805569668626679637735      
   3.29849341430292796985326305561497332      
   3.21530282596962921994855241312843365      
   3.13064716802338025944406657142826616      
   3.04451228937535868029368104227379362      
   2.95688395575726559994673963180304976      
   2.86774785041030940531954763202582275      
   2.77708957449884331685783691594433986      
   2.68489464759718720377271517694941298      
   2.59114850813847379139958884001602759      
   2.49583651388197009208115853284174263      
   2.39894394231132966467420310788658425      
   2.30045599115325834663755166683852753      
   2.20035777865141925950192435203237351      
   2.09863434414045262636782665808136604      
   1.99527064821898574916804181147637376      
   1.89025157324070656647175304044691096      
   1.78356192374320518806452695332388370      
   1.67518642653645669573877044108613318      
   1.56510973124980887646580774312106549      
   1.45331641060881178265787228447426362      
   1.33979096054356584495699716344153975      
   1.22451780076011582187831837889315210      
   1.10748127467612912454844622883715147      
  0.988665649996514436379723396820369646      
  0.868055118651853581636419011679613590      
  0.745633797095331130769064995360701141      
  0.621385727088237247808883318443700009      
  0.495294874865932444789256811695364668      
  0.367345132011673119767380839730135500      
  0.237520315498703412253144326640079541      
  0.105804168012400072703911838447068428      
  -2.78196421913721345707496258037334669E-0002
 -0.163367520923795634516007605864959804      
 -0.300855947995909732319286828350603751      
 -0.440301476944906382297298705933704769      
 -0.581720734972693676312394164788528954      
 -0.725130422990266694098749963280421508      
 -0.870547315174807917673459667929319251      
  -1.01798825914349618891673085346361150      
  -1.16747017568305975735855047793265119      
  -1.31901005852822447602491635183708405      
  -1.47262497462484574084953238696591646      
  -1.62833206365164420359835363057863582      
  -1.78614853813686931141251831070402883      
  -1.94609168337404660800968127923718866      
  -2.10817885716286180482090305225147437      
  -2.27242748999365876360495403405142389      
  -2.43885508460252617149372175043368154      
  -2.60747921631520061814264249026470862      
  -2.77831753256625510231201075280878617      
  -2.95138775328009633185338335187081222      
  -3.12670767025648875110030263461450708      
  -3.30429514749313515113735358116289348      
  -3.48416812112096409656990944551637924      
  -3.66634459915795280100204191985044544      
  -3.85084266137285448414830569093361372      
  -4.03768045949381429867614839795091335      
  -4.22687621708889682104442603103608984      
  -4.41844822929005687292913178978134436      
