   6.46114195192883683103959025933776710      
   6.46114195192883683103959028499496191      
   6.46114195192883683103959038329440624      
   6.46114195192883683103935709324554455      
   6.46114195192883683031477967894610736      
   6.46114195192883665107874864086050902      
   6.46114195192882675936540342234293761      
   6.46114195192861974256404550801724252      
   6.46114195192638482979506556996941723      
   6.46114195191130131472970827377530449      
   6.46114195183912847343914406607668379      
   6.46114195157248876087441187501760026      
   6.46114195076518607863910938153428866      
   6.46114194867459084842026047794389575      
   6.46114194389649957631893854996825620      
   6.46114193402897039296711812000360706      
   6.46114191528176177739898680825801135      
   6.46114188205422475644292297728460908      
   6.46114182650671793426655115790136518      
   6.46114173814990139058208777098285374      
   6.46114160346240678634410069736062112      
   6.46114140560587215946471883101830926      
   6.46114112418222688861454496414874030      
   6.46114073507712124865627454556537702      
   6.46114021042879682912103155495373066      
   6.46113951870268122718324057581616342      
   6.46113862488015784412923857714572510      
   6.46113749075866905527424729828594125      
   6.46113607535201092693093171333716935      
   6.46113433537234420666983584563065224      
   6.46113222576910954493800751337897808      
   6.46112970029547821449233536947431807      
   6.46112671207069980017666790726562660      
   6.46112321410689754202099684673483174      
   6.46111915973830543646480349570878375      
   6.46111450309054728877411649105141367      
   6.46110919924806043280458017340845250      
   6.46110320443435023438951063038303187      
   6.46109647603024771118485055270525692      
   6.46108897246429058016338722220428324      
   6.46108065298783598408003713765811348      
   6.46107147734095973854150172873971580      
   6.46106140532493749343293853534367810      
   6.46105039627141071651763990354508506      
   6.46103840847304614015541915100309533      
   6.46102539875524446726714504361297999      
   6.46101132160049194998026406517646349      
   6.46099612862020978518098548408007982      
   6.46097976792781871006501245769435822      
   6.46096218353367739276932058055906015      
   6.46094331478833969966606434807247013      
   6.46092309584798086068464240955999938      
   6.46090145520182087973059592014728323      
   6.46087831523077541110528038879665332      
   6.46085359185406716532879716008814930      
   6.46082719428981678551931091477905295      
   6.46079902476265633466958716737575971      
   6.46076897826915980592700308713832655      
   6.46073694246652316585151125387021401      
   6.46070279758545851581285494261384152      
   6.46066641639914204434283646106867044      
   6.46062766418727372554222855700527112      
   6.46058639879399635395108362239219320      
   6.46054247069192393400255432753033591      
   6.46049572307994873519665139955778086      
   6.46044599190427978437838471181840863      
   6.46039310601795843537425066618002849      
   6.46033688734311715325456919424286387      
   6.46027715089704199868005987956652987      
   6.46021370495347111705888799798564596      
   6.46014635114546225703180034755879878      
   6.46007488451523274424200246379185059      
   6.45999909369228679872092048445268371      
   6.45991876080048496123099605154650997      
   6.45983366154256356287611813305090248      
   6.45974356517688741932810412380233634      
   6.45964823443274396999615322557033302      
   6.45954742555389694562594502089804111      
   6.45944088806762621472985270728283030      
   6.45932836453752549406201306617902741      
   6.45920959061716148801634927341339587      
   6.45908429451540710023565141468634253      
   6.45895219678272337730053683986120405      
   6.45881300998534711536732577762661984      
   6.45866643820763859854850251885889532      
   6.45851217660171066940409689466962037      
   6.45834991086970619056948624683906245      
   6.45817931670529571963627580121679214      
   6.45800005903384516464324978008931999      
   6.45781179130775275673913996139673516      
   6.45761415472136928163917378330647852      
   6.45740677731873432858337543536961659      
   6.45718927305109505660813678441927836      
   6.45696124066373885586135176034329758      
   6.45672226281243152227678993818410765      
   6.45647190472106885816112530820964021      
   6.45620971285296852478795230023129668      
   6.45593521358025642854227862743592137      
   6.45564791176720846206689211425798140      
   6.45534728913702710427124523999577581      
   6.45503280244339556504555770640715516      
   6.45470388216984605377444073360423666      
   6.45435993006447419083955861777258893      
   6.45400031748067852062773443064309587      
   6.45362438307414717813677926222936215      
   6.45323143019109141038299846577764105      
   6.45282072596803530645443203533559007      
   6.45239149415478348663732189731479106      
   6.45194291911584814506727088036997969      
   6.45147413760413993230588455916989299      
   6.45098423828229453919296106431058246      
   6.45047225705358470995974656970591002      
   6.44993717167676075948648800660635444      
   6.44937790364996808431346737095862830      
   6.44879330765380795323182778532272745      
   6.44818217155370450110770657247602124      
   6.44754320852667530602986533974567288      
   6.44687505518062466290215088814569735      
   6.44617626352557391921442868928910927      
   6.44544529657589605317435797968302266      
   6.44468052187639523222701353196829120      
   6.44388020485835892081726892319424788      
   6.44304250154560749721770147078371277      
   6.44216545100857702408066833873161706      
   6.44124696757020525092159661464148609      
   6.44028483083228480389626502151300945      
   6.43927667707462510692215495092654723      
   6.43821998899673412420966583602923281      
   6.43711208384791064705973508591168254      
   6.43595010185358564870204225468833379      
   6.43473099330912980333760441829007364      
   6.43345150457454996157983453605847502      
   6.43210816239731354162884636288907288      
   6.43069725800415572303122105710675640      
   6.42921482923076970775710494642642573      
   6.42765664119957901824403641423138541      
   6.42601816545625334853423127148501915      
   6.42429455754811745562346816518344764      
   6.42248063255476671491725874288807744      
   6.42057083921867766299456245621246702      
   6.41855923106595650243788028804270736      
   6.41643943676916009757252832661530548      
   6.41420462732715466847004535793516100      
   6.41184748157291531947783203531539147      
   6.40936015015022846658665376555788428      
   6.40673421653331051440937050730296816      
   6.40396065824963598418806214000790932      
   6.40102980621862853669002933216416336      
   6.39793130460912026221288757924823665      
   6.39465407174732201387212007191322808      
   6.39118626421709999729329476501490251      
   6.38751524450237739382385359595647667      
   6.38362755763077877395303272723243212      
   6.37950891606929510389032836555277933      
   6.37514419794628473819854044790085315      
   6.37051746179624261648017795607987074      
   6.36561197972219219792877051891567214      
   6.36041029204890879073558143172716797      
   6.35489428290154008105686442675167248      
   6.34904527872989915253956949881667400      
   6.34284416448657731320984402981763759      
   6.33627151435968463906986967717359083      
   6.32930773233219888783031230743368537      
   6.32193319139755632095364606785049357      
   6.31412836841941153863546544543179120      
   6.30587396577745582376845914809702650      
   6.29715101462129240641209317845918153      
   6.28794095743020802154606466459578688      
   6.27822570564800401711145127333427939      
   6.26798767698350922585223044318699677      
   6.25720981334160509855675119574483909      
   6.24587557770926597764362585360444399      
   6.23396893954448111012663004972192556      
   6.22147435266390193914268945409932070      
   6.20837671996992903166709080412754815      
   6.19466135690876349220234164133172201      
   6.18031395809061635368986462331458061      
   6.16532055316347988295314307762431542      
   6.14966747380014242236677768138816567      
   6.13334131737034164585543320734595113      
   6.11632891507189635872354563403740343      
   6.09861730356260960171289887626156164      
   6.08019369536927695322008452128739655      
   6.06104546091834843983406721551825965      
   6.04116010344243485657959603794890098      
   6.02052524474363674863085991277141758      
   5.99912860757006835153879855865845395      
   5.97695800352025225307518597747717743      
   5.95400132171112157569490869485399590      
   5.93024651880105572485540558683357732      
   5.90568161234181170130135740959238533      
   5.88029467264451303658227577228685024      
   5.85407381739920384838816345169408623      
   5.82700720704301633093202403496969288      
   5.79908304046140882992052685647655671      
   5.77028955116780742154075656483506319      
   5.74061500426871885603994658940121578      
   5.71004769278975235852323255649785960      
   5.67857593510326062083842849339914726      
   5.64618807198439228043530060852931343      
   5.61287246367482423415656081119573135      
   5.57861748652296023618713000892678327      
   5.54341152917396981467759970144847016      
   5.50724298989586704548070254849849419      
   5.47010027275840997143018276957998868      
   5.43197178259965438687110239426675014      
   5.39284592074711391363210181362614253      
   5.35271108124925070535580998812105414      
   5.31155564577967626714009879800541479      
   5.26936797807821872226994789623431709      
   5.22613641939711156081587557662755031      
   5.18184928397861300386826271513153172      
   5.13649485283239443547627954911954456      
   5.09006136887088289088201269046363102      
   5.04253703312817589465032968507288212      
   4.99390999851284893643596158783384847      
   4.94416836604134512277960013695295620      
   4.89330018040185269085973282525505929      
   4.84129342564523612567277843995624344      
   4.78813602181181137121623835003013696      
   4.73381582105306795142089541172318385      
   4.67832060487925581331351925938158125      
   4.62163808102956333737318246384602941      
   4.56375588110285308252500488268458917      
   4.50466155845311429088831561417688074      
   4.44434258619990863740395911811487047      
   4.38278635552220645540927866025693298      
   4.31998017484821888509842600730315017      
   4.25591126786439998660214171394794466      
   4.19056677338315824617518445166006544      
   4.12393374438278832826882854645044838      
   4.05599914756336037143767851196199428      
   3.98674986306522132804960723973047197      
   3.91617268424714634131612975839121807      
   3.84425431772104149553575552315306509      
   3.77098138313141105936046907809923820      
   3.69634041383605274154358492586100879      
   3.62031785661272788815978787371518991      
   3.54290007222644333129006706790140774      
   3.46407333570232010062484281033623749      
   3.38382383675058297076191915575484990      
   3.30213768004208789339184025636745396      
   3.21900088584751778691238825039683940      
   3.13439939036745026812793741770660219      
   3.04831904628645577108187623806592424      
   2.96074562315666649880656222031929213      
   2.87166480794030631319220232667346710      
   2.78106220551600054843830954074141485      
   2.68892333909088962921884371734921900      
   2.59523365049935631682181710884883635      
   2.49997850114204668472335223510825743      
   2.40314317190367638389210392528762580      
   2.30471286379742647010545848122548214      
   2.20467269845195889248094396600493521      
   2.10300771842230654477261778456115849      
   1.99970288741284691443637341350178793      
   1.89474309104414021234655742260158651      
   1.78811313684180089735187314259587440      
   1.67979775466231920924040264796243975      
   1.56978159713279821429156736826490773      
   1.45804923987102603850314736161350917      
   1.34458518176238312093705932159564375      
   1.22937384523947801319296833320397771      
   1.11239957658368755799984152367656442      
  0.993646646252690944568104907269759510      
  0.873099248912602164563390758759193949      
  0.750741503624657280551889900631960672      
  0.626557454814281501369581068700575672      
  0.500531071368263220150325166393316750      
  0.372646247401868413465166713169085275      
  0.242886802463723230298478024471726049      
  0.111236481679657621408676467756192494      
  -2.23210441347993513478527417312638956E-0002
 -0.157802178370668259953847634266237034      
 -0.295223398401489634974904758212176096      
 -0.434601255379344972826908642301722474      
 -0.575952374137312216008798388757478135      
 -0.719293453203238938744585998784376152      
 -0.864641264461577364622081498020799796      
  -1.01201265314373412118298992509636123      
  -1.16142453779860910295781452683326210      
  -1.31289390991503244717065095152205362      
  -1.46643783411778148203624282778997774      
  -1.62207344792406855967121196185342208      
  -1.77981796159486376108049661154119864      
  -1.93968865821495284239771286297415442      
  -2.10170289343316545066877830125504650      
  -2.26587809554190405587672644215010806      
  -2.43223176514645714207250791632891600      
  -2.60078147536230805869665529698574085      
  -2.77154487158343826036658551527773767      
  -2.94453967153211984660840470498583505      
  -3.11978366496415851783066352326192414      
  -3.29729471377130907634662810784303492      
  -3.47709075192371826601445701563281591      
  -3.65918978539067578589808034383761951      
  -3.84360989193186112937791314942916836      
  -4.03036922128253187599100164369979758      
  -4.21948599477159241361980399427151674      
  -4.41097850566260746923723386809340814      
