   6.46114195192883683103959025933776710      
   6.46114195192883683103959028499497038      
   6.46114195192883683103956144686273573      
   6.46114195192883683031940891541699023      
   6.46114195192883638291052639544249682      
   6.46114195192879871055287997126107133      
   6.46114195192784418461289274076669851      
   6.46114195191678340036566795634909823      
   6.46114195184170925692750173891109148      
   6.46114195149284456611292807102930629      
   6.46114195026347336085773545657737981      
   6.46114194674308582988923111173410474      
   6.46114193814749495586752439126662904      
   6.46114191959377340640112357726355822      
   6.46114188341459098398362185055656453      
   6.46114181840047387021339138543459075      
   6.46114170907143451483066237602904340      
   6.46114153511261766337955555476140424      
   6.46114127092955018684318112016854651      
   6.46114088534793229943310749064121136      
   6.46114034146345935171982427217094409      
   6.46113959664879593370918507454342114      
   6.46113860269753597363689278897357740      
   6.46113730620860358098730956283642512      
   6.46113564905522548786852608132510244      
   6.46113356903450830400925513908893974      
   6.46113100065270288359044124539214541      
   6.46112787607241037970136371822803342      
   6.46112412613379485535898016191652631      
   6.46111968130747725939364639242882561      
   6.46111447271977157574137066153994569      
   6.46110843315415779798467558754814439      
   6.46110149775095666727174910689584581      
   6.46109360461674014575445489305591234      
   6.46108469552551265859377099023460603      
   6.46107471582382186152115938053492885      
   6.46106361455502838479032542177835226      
   6.46105134418826214816034147866667139      
   6.46103786029474902604986760265784697      
   6.46102312081313315312414463521181457      
   6.46100708521572495747276493189417295      
   6.46098971386174074037723193845068967      
   6.46097096676538013161180875531640558      
   6.46095080261367327768161994357633070      
   6.46092917770974089520007428233812837      
   6.46090604491090392595969422757068677      
   6.46088135258694954061238291968972781      
   6.46085504356967201826619811192524273      
   6.46082705450898341247338285799556614      
   6.46079731480797676257874993301843439      
   6.46076574594472233317667444788585756      
   6.46073226088292754048116857008186221      
   6.46069676354670198919346752137098017      
   6.46065914843327416292857308265555229      
   6.46061930023754362704469266282383891      
   6.46057709377960241588879557885201312      
   6.46053239373519405782036047667275679      
   6.46048505458749706081741444939062299      
   6.46043492078921109551228569078872660      
   6.46038182672005569156615909577616598      
   6.46032559689348520376534349871430120      
   6.46026604603744556019255978345661866      
   6.46020297953561907587518596409274205      
   6.46013619343788217112802212153174416      
   6.46006547478269454436778787778862684      
   6.45999060190706215130311062862625511      
   6.45991134462296279488793976703434015      
   6.45982746446480662928640601449366593      
   6.45973871497116786581537479923778816      
   6.45964484186653113965652476596270102      
   6.45954558317196213149076286005765138      
   6.45944066935516314281336246144029737      
   6.45932982338241145182930653652664777      
   6.45921276077210675239937742885872280      
   6.45908918956653536217289866843295882      
   6.45895881027933390787277518887010062      
   6.45882131563638690965420434573102933      
   6.45867639026868550529759188733511617      
   6.45852371113497269731949104580992814      
   6.45836294638084940845847055067616875      
   6.45819375576537603960607032525578956      
   6.45801578829321214258373747655604175      
   6.45782868447711339090161242765208084      
   6.45763207360412353219773247187467662      
   6.45742557365349696624221477309330055      
   6.45720879074022178627228402810855247      
   6.45698131750014848531644031738476602      
   6.45674273335966659938458752473969557      
   6.45649260194727007978631640617613170      
   6.45623047147593858280695463943411067      
   6.45595587233089065487504156314118099      
   6.45566831624440273433473662495996240      
   6.45536729479396910696572544983999388      
   6.45505227771398772691210723147360534      
   6.45472271181295993251216518472806082      
   6.45437801838501023399456961197622460      
   6.45401759173985289412836456896002372      
   6.45364079716116491061204763295134510      
   6.45324696891972747394385732078400834      
   6.45283540780033536103969687338399560      
   6.45240537833884936282768286259544036      
   6.45195610710391995218398330693279030      
   6.45148677932697743590416866112419537      
   6.45099653592370592959761194495021476      
   6.45048447087710327844606057625698360      
   6.44994962743892869949294240075342382      
   6.44939099508480974559997410821424969      
   6.44880750535956630979258814456978847      
   6.44819802846144051040950874277940655      
   6.44756136834556544100371188068105506      
   6.44689625895824391139335949202652418      
   6.44620135896681172174884589266796593      
   6.44547524690757479128158234592906935      
   6.44471641565939779668178917161798677      
   6.44392326693522878337301957335246921      
   6.44309410466972686158077374334487779      
   6.44222712897773129648212713590438607      
   6.44132042866700796481356209510742195      
   6.44037197402317436796242252881144665      
   6.43937960869123760414418845802658169      
   6.43834104105460777127139613023958574      
   6.43725383525828391302254465892205848      
   6.43611540073426282544556351500200716      
   6.43492298244054994762640071596252170      
   6.43367364902213078100015201215700533      
   6.43236428081878503236097583707189644      
   6.43099155676916264545351977967922681      
   6.42955194044267726458095472962669770      
   6.42804166499949423670032846747709952      
   6.42645671708960192199467321040933771      
   6.42479281955990086913112024980972121      
   6.42304541291780574593084130700303687      
   6.42120963540276973563372012616738449      
   6.41928030200882660275782549354084681      
   6.41725188161743760592951765834143080      
   6.41511847303103385760583164377501168      
   6.41287377945129040517108080993888251      
   6.41051108156464279192211429797496290      
   6.40802320929979404964394993139848252      
   6.40540251245337645977589487696444575      
   6.40264083081075233273465911336729770      
   6.39972946232327844028429029817946197      
   6.39665913403146395818878149820070036      
   6.39341997122004402838958299149022837      
   6.39000146971338144336071587824203419      
   6.38639247061981658735847394262712937      
   6.38258113955575208575571992442770151      
   6.37855495185039486911918662686743522      
   6.37430068552943595282103642497789981      
   6.36980442413089319536024936184542299      
   6.36505157074695938093572689958717161      
   6.36002687499492101297475547779015110      
   6.35471447527036215038431855631093579      
   6.34909795355201336737232571685631380      
   6.34316040559519763693405564116322145      
   6.33688452212291725174489646253718268      
   6.33025268137079346877360668611009836      
   6.32324704448188451533574840651723138      
   6.31584965802623273199241215951918583      
   6.30804254824289340462084881489286064      
   6.29980781448858509143253726364760462      
   6.29112770917607856753103784763587796      
   6.28198470865323730564320906912727963      
   6.27236156858541150204028192392377475      
   6.26224136525215465571239428489117427      
   6.25160752614003469809465789932583786      
   6.24044384444670032542619772110001964      
   6.22873448365374494249584348876753261      
   6.21646397770686141891833113174146407      
   6.20361721736847458490108176014727694      
   6.19017943521330464608595674867125463      
   6.17613618916035230091416767864662990      
   6.16147333969282123611354674475066629      
   6.14617702887204066287109485075690314      
   6.13023365897720459288651706550460747      
   6.11362987141232490034920775601106491      
   6.09635252760181550067244641884296092      
   6.07838869032651426113360369305475089      
   6.05972560743191455950373463670585099      
   6.04035069675225709982404820216017076      
   6.02025153261136291358591001503887467      
   5.99941583443435759165390025513055248      
   5.97783145534352015350760236534406629      
   5.95548637359046335903297299427031654      
   5.93236868262391694673360034139434127      
   5.90846658489569344103438269648094091      
   5.88376838314801724865876561998995931      
   5.85826247341184221156076633897304079      
   5.83193733871402799870447682482849868      
   5.80478154132772507314657996283138228      
   5.77678371551157565717878751624351784      
   5.74793256147483781786743448652685157      
   5.71821683352473983133554606210263076      
   5.68762533827345461066893663904769419      
   5.65614692079162168741905700690975399      
   5.62377045821483966028337536055394058      
   5.59048485067266985122236991925396094      
   5.55627901201457040872727631938039337      
   5.52114186108612256402700306255120797      
   5.48506231244591524653050590343299685      
   5.44802926775129364685075242872861519      
   5.41003160725439239557583773433026347      
   5.37105818184736582517755104409439397      
   5.33109780547948014423650049810002850      
   5.29013924740344976633143742927205024      
   5.24817122661467757063445457304692519      
   5.20518240476667030397487295154915990      
   5.16116138131278173184295191485063104      
   5.11609668865083898852740703147418102      
   5.06997678754718115440926744594789723      
   5.02279006390704428066259916543198413      
   4.97452482521768112024329927676098330      
   4.92516929802008932183743126098514062      
   4.87471162566884901783329130154791238      
   4.82313986672865807945217232605186670      
   4.77044199335466808974439936420029911      
   4.71660589017520439649899778955105658      
   4.66161935373546329704433337255806037      
   4.60547009230611624511050999746689367      
   4.54814572461137515787709677712932697      
   4.48963378075397332632438944232751892      
   4.42992170176551259253509406825091429      
   4.36899683942605732850425451360951831      
   4.30684645799109803629724349846707964      
   4.24345773328785938048581145309164243      
   4.17881775377850739894706789608101580      
   4.11291352083069983992563361213110180      
   4.04573194945730501223616708623224264      
   3.97725986870358465764763135332267064      
   3.90748402271594578298816120846887055      
   3.83639107086206559551515787107466568      
   3.76396758876092646850962446633556241      
   3.69020006862086776954221134627914561      
   3.61507492006321336482521847344199000      
   3.53857847048605309711613208362865883      
   3.46069696567032126821828693777347231      
   3.38141657098709645974870845402839753      
   3.30072337094103628303411632177544612      
   3.21860337039659970156471418810575581      
   3.13504249460020966269432894860775506      
   3.05002659019682262712049579120017069      
   2.96354142524899634812649648842887818      
   2.87557268974654170510510245560024531      
   2.78610599625232315756993441001591935      
   2.69512688001295541261965594326717657      
   2.60262079938645870367635120117880093      
   2.50857313638718347745629626849440116      
   2.41296919669445224891800368123501574      
   2.31579421016822403913039705604375176      
   2.21703333118220705708798572819485271      
   2.11667163873279344352635733423997274      
   2.01469413671987262010356593215871520      
   1.91108575425126524694580305289485978      
   1.80583134593909953401876446717790481      
   1.69891569191770822744826581336296195      
   1.59032349817350587430746549653184317      
   1.48003939655063114689911405102813874      
   1.36804794539547083715615483271161204      
   1.25433362916265605459685511208222010      
   1.13888085879786107080248044734490421      
   1.02167397203762369588870241141171316      
  0.902697232997071763440183202789148368      
  0.781934833138164739605970715571715845      
  0.659370890640023054513636588049785474      
  0.534989451010518355110597435856984302      
  0.408774486725008655010587162311663113      
  0.280709897797782900980846454326812804      
  0.150779511456303255928521239890797815      
   1.89670825062597640526399916557616042E-0002
 -0.114743706491751489874794605009319234      
 -0.250369245740910425662168669620191497      
 -0.387925997277402315049772566654883189      
 -0.527430495718394637831663813077591810      
 -0.668899347668591632215941589170146777      
 -0.812349231809676603142793397504795205      
 -0.957796898872480293677066616281278454      
  -1.10525917160046185754080670199181613      
  -1.25475294456457836081177013482233846      
  -1.40629518441198807465179241405880174      
  -1.55990292950878832686356595623885127      
  -1.71559328983934302356084168486509930      
  -1.87338344748436737309165449734539119      
  -2.03329065595765112065437588161710058      
  -2.19533224039330293575196167037541854      
  -2.35952559782119657060507183294554604      
  -2.52588819656627559708768022172999200      
  -2.69443757654013000288967101710414333      
  -2.86519134932209290764449714350901361      
  -3.03816719800936676301296054757414460      
  -3.21338287670433303589482376012381639      
  -3.39085621116227136319195435234312962      
  -3.57060509886842849995435347115429234      
  -3.75264750795561498654728923390667750      
  -3.93700147821526613200916813805704814      
  -4.12368512078830784250481794332687539      
  -4.31271661782466111455117225082083277      
  -4.50411422269911252406550283924725727      
  -4.69789625997506169173931016431867300      
  -4.89408112545374893948737247946153372      
  -5.09268728582144194156935380459964354      
