   6.46114195192883683103959025933776710      
   6.46114195192883683103959028499496191      
   6.46114195192883683103958322865347716      
   6.46114195192883683078620411275092915      
   6.46114195192883663673802754752103761      
   6.46114195192881783250735586932245347      
   6.46114195192829036433698979525521958      
   6.46114195192168715241869694007947125      
   6.46114195187406754733424514783129007      
   6.46114195164174184608702338901285777      
   6.46114195078975205278294953242393189      
   6.46114194826775752901238280357851091      
   6.46114194193521790507755375286635027      
   6.46114192796037177262095781173064559      
   6.46114190009971534629852036645952660      
   6.46114184910851945436092793534992249      
   6.46114176200773579396909612490818349      
   6.46114162147483549656577459461943295      
   6.46114140539328276609522283011358679      
   6.46114108649328139073733023679383008      
   6.46114063214049024348579663558083108      
   6.46114000426800785049461862114550595      
   6.46113915943568285988984644337030214      
   6.46113804913306130052718120863370775      
   6.46113662013511068316185612573052442      
   6.46113481506695197995645572693640149      
   6.46113257310929602332312553466529186      
   6.46112983078940312940660859385310826      
   6.46112652295215114645189693281178278      
   6.46112258368510147785022813242600681      
   6.46111794723653564760090463310114389      
   6.46111254889949067775071745487109620      
   6.46110632585507495509781948982763034      
   6.46109921778137639504630137042779111      
   6.46109116722408839065366142500313501      
   6.46108212009817298804898481915281603      
   6.46107202554359809772096397694364714      
   6.46106083580500180775740478300269563      
   6.46104850591209674903546295529400546      
   6.46103499312478111765989077655914240      
   6.46102025630606617609368313905673635      
   6.46100425507654490213452620957273998      
   6.46098694883458582386834315949871606      
   6.46096829606086616648088546071797249      
   6.46094825302884960199998045633354303      
   6.46092677293438439874626942320857783      
   6.46090380491370174781417331631107165      
   6.46087929311663727583295748427881526      
   6.46085317582641535512295686613437896      
   6.46082538462239720286952348014768561      
   6.46079584382018941463228276698010100      
   6.46076446978503768849342776517407796      
   6.46073117033293969097645093590705026      
   6.46069584437454781276378153233233576      
   6.46065838157588869741635480960588444      
   6.46061866214043401733000912551465301      
   6.46057655662359897271469085921495173      
   6.46053192592537088462359664310282502      
   6.46048462124491734631911534348998929      
   6.46043448409769080819536652491095445      
   6.46038134645197199853738214817242640      
   6.46032503093775138807715941181195174      
   6.46026535097762772379345525477676002      
   6.46020211094644605770734015900702709      
   6.46013510651876588143606023155967241      
   6.46006412483545109606207533663009321      
   6.45998894469641775583189404579988704      
   6.45990933684267273522645274296092215      
   6.45982506413893076236023117148311629      
   6.45973588173642769833275778266984606      
   6.45964153724121432187311654110787791      
   6.45954177085730987455999130993743365      
   6.45943631552126209674516573882350259      
   6.45932489681054642951848771098572727      
   6.45920723298634974673213484268410365      
   6.45908303492672316097534094571622516      
   6.45895200600677489922430166765979199      
   6.45881384193924393512624357831969303      
   6.45866823047761533122892975877391895      
   6.45851485097432151675875694706329960      
   6.45835337456089092392690835989068998      
   6.45818346300270601979214050406117924      
   6.45800476863237672630433075477231089      
   6.45781693374705371044300595118142153      
   6.45761958980662498759393167953734349      
   6.45741235618908438728156466356304142      
   6.45719484007706945957176480200096775      
   6.45696663625581939963145232529852846      
   6.45672732387162322124195022844126346      
   6.45647646787026992058937253071113528      
   6.45621361576204255693533677417958370      
   6.45593829778052329091852467570788435      
   6.45565002472041215303377552000521542      
   6.45534828683921055929704807979950939      
   6.45503255223551803764084377752641948      
   6.45470226479824716012477983378363411      
   6.45435684327393610969708060169685718      
   6.45399567863005689157738946902409871      
   6.45361813164384795434865120342279840      
   6.45322353208264087134222400222416054      
   6.45281117535003686510156325461613566      
   6.45238032013036328361405576404820760      
   6.45193018593634360874568207556684138      
   6.45145995037168780040362927008586041      
   6.45096874621166467710475737991636061      
   6.45045565818425983147436552229556001      
   6.44991971934254065473706131164240627      
   6.44935990800803010194100415253185329      
   6.44877514397080644407070903414846993      
   6.44816428388730305525048059530955062      
   6.44752611755013267368846733281352159      
   6.44685936333177029799281850924360504      
   6.44616266306717868404465284411337871      
   6.44543457681917615580175839449839547      
   6.44467357781515478130341844019919087      
   6.44387804601591575062687145664741626      
   6.44304626212937880093793907977487946      
   6.44217640100125559211257063568385347      
   6.44126652405031098918138847296661310      
   6.44031457178912827185401130308697095      
   6.43931835564452936540308755730234982      
   6.43827554902611437813123069348897673      
   6.43718367794919022015195351985221621      
   6.43604011092480095795109353455531924      
   6.43484204760475146707152126469850528      
   6.43358650790800635093681954054977951      
   6.43227031880213221102908731446256342      
   6.43089010122843429136848384456000781      
   6.42944225535534588225553918821424300      
   6.42792294513588852705203738103310341      
   6.42632808158569643313873073014750777      
   6.42465330477083526264876608236469300      
   6.42289396465646037161364027011463700      
   6.42104510042534851740091203537726837      
   6.41910141837851573022075214070608614      
   6.41705726834820039392456558448781476      
   6.41490661872377665509160561929143555      
   6.41264302972719615329695316639909529      
   6.41025962540745944713328611088239060      
   6.40774906419901240906615631682556171      
   6.40510350835887326156614503604518337      
   6.40231459274845364515453518620112489      
   6.39937339206656864802083765034283555      
   6.39627039052205987627854054956923420      
   6.39299545023147767000562471066343394      
   6.38953778305636069051101160901240060      
   6.38588592507056062048376746971049570      
   6.38202771639712155994147358128981635      
   6.37795028763587796735895618865677563      
   6.37364005483929799680048944198298604      
   6.36908272547801652019576064856440900      
   6.36426331681820197030561356223772313      
   6.35916618763603510608777233229566311      
   6.35377508762686281092808847916471756      
   6.34807321878377464503125493915175836      
   6.34204331297227537779715142556726465      
   6.33566772068174320880746193495719022      
   6.32892851095602637777299658895749065      
   6.32180757229480766075843217144973973      
   6.31428671940348750615490767348660612      
   6.30634779091557920440190627121784204      
   6.29797274286997019277323736093489591      
   6.28914372811321210341656175152605905      
   6.27984316468964285463758851070711786      
   6.27005378628291801139873057007909844      
   6.25975868131744445347982697100322433      
   6.24894131418093792262976020415831926      
   6.23758553822608977490155462518959739      
   6.22567559441201414094781702247126885      
   6.21319610314557436440875992024088295      
   6.20013205120499280405575173982448531      
   6.18646877080161612879271134385785669      
   6.17219191825347607176834946291559973      
   6.15728745124411815575980457499097246      
   6.14174160487209529182077045644273710      
   6.12554086799270430061977310085032922      
   6.10867196183763284105848126872607038      
   6.09112181895320817002621413001799137      
   6.07287756466705532578830706933726159      
   6.05392649977439516445168458753921089      
   6.03425608555012342444912887566633062      
   6.01385393026276115063070117918753585      
   5.99270777658434450447958881858205500      
   5.97080549196499707736957905756123684      
   5.94813505835865970775315002690624803      
   5.92468456470200774098907816338042810      
   5.90044219845230513573456550517625262      
   5.87539623987106323500909312107672609      
   5.84953505372934054016508640131310996      
   5.82284708460161712850190640042418594      
   5.79532084921430514032653074920706162      
   5.76694493065624924594216483322223832      
   5.73770797149947801704355793972596974      
   5.70759866656237225445364599509358694      
   5.67660575744512081966524999329971271      
   5.64471802091579496043469162121008177      
   5.61192426587895182503757106752667778      
   5.57821332300387498687196687790709933      
   5.54357403593140926343560138325628858      
   5.50799525457968021449084182322359338      
   5.47146582481988111588536510762295658      
   5.43397458224211800651974384902955188      
   5.39551034269511060597803873021001846      
   5.35606189528952382457137391781171488      
   5.31561799437904649397360911006126015      
   5.27416735302160271585729132693540621      
   5.23169863632336148187755389306763200      
   5.18820045495584673662399366805967087      
   5.14366136046731667489201598678475548      
   5.09806983954834649523260055712147060      
   5.05141431011054341775110165921607063      
   5.00368311684247045797618224765450602      
   4.95486452851002898973224127483221742      
   4.90494673485220627774523944099087592      
   4.85391784368568711168523106577647761      
   4.80176587957170201189237351681640476      
   4.74847878162377961414447394973613945      
   4.69404440266363343196330006506185111      
   4.63845050813638967888551031097778136      
   4.58168477557936174810155184018632603      
   4.52373479370912607684380817848795053      
   4.46458806249084349548107262315568402      
   4.40423199351904818183977585946081038      
   4.34265390914688859786181465503004549      
   4.27984104285709283263592090199435167      
   4.21578054113296706683420169815333880      
   4.15045946219131392829464226850694609      
   4.08386477685039630412605446225776445      
   4.01598336916215611752505385978297713      
   3.94680203711649300070846438464544106      
   3.87630749300196211893903995106137584      
   3.80448636402292016452913610931323861      
   3.73132519319515095325667203634868061      
   3.65681043947029237474677648664287566      
   3.58092847881242761985504316005660098      
   3.50366560465957208546118985890053081      
   3.42500802806283472732016748016800134      
   3.34494187894075900442549023821746791      
   3.26345320632210739823137312498044671      
   3.18052797869494606961146957124126324      
   3.09615208439165801755675088211855030      
   3.01031133319794871700696642782620457      
   2.92299145525161096041844157701251466      
   2.83417810254893976052241808321230884      
   2.74385684889102387458501136540225279      
   2.65201319059600650217353612914336774      
   2.55863254643719223032133331260997603      
   2.46370025852273123466325318841061581      
   2.36720159225703029495219269901662957      
   2.26912173679272287292750808735951805      
   2.16944580540667837695724720723424016      
   2.06815883565850005984658754150841109      
   1.96524578964721149532701059371875078      
   1.86069155441700407107980894149866714      
   1.75448094201972567704477614398283962      
   1.64659868993452110209308422484756234      
   1.53702946097881172248595891719136062      
   1.42575784363565789724694208435893191      
   1.31276835287611343019858728267509280      
   1.19804542886336404264095207157314184      
   1.08157343862694324744456862695542727      
  0.963336675288363925234842627560563419      
  0.843319358660159913051574240584552667      
  0.721505635075250118659566437848681111      
  0.597879577700278898797565162321400548      
  0.472425186711034162893305645716511029      
  0.345126388999564795729666300709973389      
  0.215967039071610333073105414073805350      
   8.49309182093301546122985058211851207E-0002
  -4.79982648148618286613073811819777008E-0002
 -0.182836873701709782423899004237275745      
 -0.319601345032473583223840085425200840      
 -0.458308187456842240756558290148043679      
 -0.598973982080747417281075419545293102      
 -0.741615382548623074219161701831717672      
 -0.886249114269580505152102185552889193      
  -1.03289197519009330581255466147115173      
  -1.18156083545445204485934227885466688      
  -1.33227263669823645459874535105124229      
  -1.48504439317225037243475315682172357      
  -1.63989319066075373407972933756060269      
  -1.79683618692081984372321251625425928      
  -1.95589061173792562601217689862954053      
  -2.11707376645259636169857911469879669      
  -2.28040302421024624831450295133225182      
  -2.44589582983575880353926102734373059      
  -2.61356970013939681491538406840496582      
  -2.78344222299806311770527640786266267      
  -2.95553105812273332952106560586640593      
  -3.12985393700114104470506184035162746      
  -3.30642866219291354469713645338131880      
  -3.48527310790165061208485047700830130      
  -3.66640521989195782900925639796589598      
  -3.84984301510653225334316224744317605      
  -4.03560458180877362500493070714280728      
  -4.22370807962683418731690072897605921      
  -4.41417173954820254015449851739306769      
  -4.60701386395398744583285016047175652      
  -4.80225282576036675385535402561506804      
  -4.99990706947847205116472931046550734      
