   300.978532456069162132856044161749454      
   300.978532456069162132856044161749454      
   300.978532456069162132855634189258735      
   300.978532456069162038093888134227466      
   300.978532456068995550323053776283314      
   300.978532456043649401525685804242769      
   300.978532455107546896477500014886725      
   300.978532441049846923391864162656765      
   300.978532326090122363622861726426403      
   300.978531713653296924579151977766928      
   300.978529326428017887572729135838496      
   300.978521963558200514285465833819073      
   300.978502987616006203323609452969971      
   300.978460495136700378957209371529405      
   300.978375420843912326529356757415045      
   300.978219837487666453721599270726984      
   300.977955658002549059562864794687229      
   300.977533859003849660589608528773512      
   300.976894258982984352393592150725830      
   300.975965812207686135061465045560291      
   300.974667323039465995248367888052037      
   300.972908480941446253477124445107142      
   300.970591086920434570172036972165231      
   300.967610359414390227455310992474657      
   300.963856218737450480283033466420515      
   300.959214469618337153341235647842782      
   300.953567824624821538090234470361459      
   300.946796735436415493785311895330589      
   300.938780021981565824069922088879670      
   300.929395309652315358643417202121527      
   300.918519300828847607120963190639016      
   300.906027917444822982610602308008177      
   300.891796359924657758414263409798219      
   300.875699124435773061784597025104510      
   300.857609985862201302836912105116951      
   300.837402171277412471824108734422584      
   300.814948311322758622971965173968926      
   300.790120738046869424039928956528594      
   300.762791748410492320477789482616374      
   300.732833982001769004156509444166836      
   300.700120882348412924303159569075660      
   300.664527234152149729868254992729235      
   300.625929757952398201810496022048146      
   300.584207733202755588381138060756984      
   300.539243648013946066440266676864652      
   300.490923844388813625582999359397413      
   300.439139143394137423096950611251454      
   300.383785431279659139615112172540880      
   300.324764193079539387876736896608451      
   300.261982982828148391419248324336426      
   300.195355805830106938037967921242622      
   300.124803454667010627699563177430914      
   300.050253714479872378106088993440463      
   299.971641506075462047452221030896901      
   299.888908934831658592114631702126693      
   299.802005252997682724298660764482040      
   299.710886740664361119727844660426325      
   299.615516508454662019032199631774121      
   299.515864208501142353698701830761199      
   299.411905725813648732455868416613534      
   299.303622759334363379706988688436135      
   299.191002374161400186268778864450559      
   299.074036506340884327664075450517493      
   298.952721424439832199931821950943310      
   298.827057164727909999007801367543331      
   298.697046933793510089679960220109262      
   298.562696487783794001571259676061494      
   298.424013531591371571289281436218495      
   298.281007061673544772324488208742444      
   298.133686730756131173799102354432706      
   297.982062209668746418657013326677348      
   297.826142555062985693064877815999036      
   297.665935565931702004533270707161167      
   297.501447180189150068785130108079646      
   297.332680849527205942582496031532719      
   297.159636961255117247625270986994368      
   296.982312241300978952402316148509412      
   296.800699188934386271734825494365996      
   296.614785504805751696130503103959744      
   296.424553566574307259806322163470897      
   296.229979894147746491468197361481167      
   296.031034633012069624744617277775697      
   295.827681039007615389899244550418472      
   295.619875021435645313650428617041392      
   295.407564602779341188924875010209391      
   295.190689466311496960028653297495268      
   294.969180481073366721682158304905569      
   294.742959146359312897433547561214190      
   294.511937413531457618668398641687979      
   294.276016801693649750343716260188000      
   294.035088177040726603075725042294744      
   293.789031147297431065389417337475569      
   293.537713707559378309952286525553969      
   293.280991590261972127375226117417832      
   293.018707848560285374218484620874659      
   292.750692232635965576088823547016408      
   292.476760694683726246314897195884854      
   292.196714581566881073969010445520071      
   291.910340469220004826046885044339321      
   291.617409069706720530484706112717618      
   291.317674839776816159691071731977997      
   291.010875080117760002365700642729880      
   290.696729301469984982311824013406783      
   290.374938296634829963750589694483875      
   290.045183390770030683027817753461963      
   289.707125509372593706457544688184590      
   289.360404207391947197293456262709098      
   289.004636589589128152727726230475323      
   288.639416317207058643940681817061584      
   288.264312375187365008827226077023033      
   287.878867912561753785113109110093844      
   287.482598771017155152831003466904654      
   287.074992156511140439635486101169931      
   286.655505616497533140000481060960081      
   286.223564681806093503152155197512639      
   285.778561740790599689108314445902050      
   285.319854132885924211962757641299695      
   284.846762458490926345664680808849172      
   284.358568560026253477272999895872703      
   283.854513558791487558328978987181101      
   283.333795796493775822679480354258124      
   282.795568786556795408442746874064672      
   282.238939050891748726437459484441127      
   281.662963898692725614010687390614318      
   281.066649375855103275597688510777368      
   280.448948150015623928268092951957223      
   279.808757562962597055244532969731277      
   279.144917842038712143831345033653167      
   278.456210617816327366407153933735509      
   277.741357701316411495350061197942780      
   276.999020490742896710918860004539504      
   276.227799827808150090101373417602440      
   275.426236293870322690090018967206250      
   274.592813419403886811632260909648616      
   273.725958232707860038585823615500255      
   272.824046776396857280739624953100180      
   271.885409418981092936874642253438918      
   270.908338265886783326101653756108999      
   269.891096508731886023373887335835967      
   268.831929818900236880155715516107232      
   267.729079896849160961512074796501760      
   266.580800104873514077320146282103790      
   265.385373099208294792313303540314981      
   264.141130102094162062207704130777794      
   262.846471434929856036878445603552640      
   261.499887644768217525021901879279524      
   260.099980542859440084313401216528087      
   258.645483081845571088228333396218558      
   257.135277588506416618795375763409315      
   255.568411256676071854362832760987585      
   253.944107585099123033364991073289705      
   252.261774403054304798471223634765560      
   250.521006667808017862335995899255501      
   248.721587621946883868105223173812219      
   246.863481469424116174350420814481613      
   244.946827087875310817946434292144849      
   242.971927901093490099592486270009588      
   240.939240747702450321775800462467127      
   238.849364775907197188966527870096554      
   236.703031135612771952345134045813463      
   234.501094817327342350455099203318650      
   232.244528733638614974347437509539696      
   229.934418555231762250562524172281898      
   227.571969809431340872120282616919179      
   225.158499771098444825764248909531492      
   222.695450173973183033140605958839618      
   220.184390042880467091997352114308543      
   217.627028018385181862251839160204613      
   215.025219456714555029904364731003355      
   212.380976705653935591035655980700402      
   209.696478261376516867636194518201807      
   206.974077103542885365269007235346799      
   204.216306591583507202127166831771237      
   201.425884837402953788022011259012245      
   198.605715579576202480297604270463703      
   195.758885951694283023283209868443900      
   192.888660601674997751301974873372426      
   189.998471795751841579735433162673773      
   187.091905545687983528261418339515520      
   184.172683764537224454750481283807936      
   181.244642894151349524892550657007426      
   178.311708644301427037596413782094724      
   175.377868207086663349961077314621268      
   172.447140004823846295883046232933792      
   169.523541817791032727596117733001854      
   166.611058206821647671902144741360819      
   163.713607777480834412801577924558661      
   160.835011360619651697706257011425723      
   157.978961554385443683350903532456493      
   155.148994976030273252254578045180876      
   152.348466852650673164532139219453140      
   149.580529252711631753677982002697154      
   146.848112837495971329812941533901838      
   144.153911496174330519660467005394831      
   141.500373718069526959402865722112400      
   138.889694720154960273196249477619726      
   136.323813770447608294079834740953190      
   133.804414822634607003331735284058625      
   131.332930134033376065345957862448156      
   128.910546904172517919798297195703994      
   126.538216002128512690602133578826399      
   124.216662962976552972062087350795369      
   121.946400237515583841989099069483611      
   119.727740887165434573233883247791725      
   117.560812948764698621573176276657019      
   115.445574311381335040403828033897729      
   113.381827781466332276099353163662978      
   111.369236074720923700736923201756542      
   109.407336491682977222952666596135014      
   107.495555184847741543874726353543202      
   105.633220767758437076150921629245514      
   103.819577242286845903771593017536617      
   102.053796148933069095032809476977442      
   100.334987976193482088901735031416317      
   98.6622121914529712527647346628397255      
   97.0344875183204182383513752721421350      
   95.4508001947195070489499075647345813      
   93.9101120313472467718335911696794390      
   92.4113675240150397362696941135363928      
   90.9535002175797545932062109107305734      
   89.5354383503280658135467250486761541      
   88.1561098392768373207487158310085659      
   86.8144466212161705969794706067082710      
   85.5093884702799869753577601164153542      
   84.2398862294311464921762501074963181      
   83.0049046225994741930605828637878338      
   81.8034246138051013878073994185108399      
   80.6344453553413938121438324755611328      
   79.4969858365501616134956388680898343      
   78.3900861747510032163113807618116370      
   77.3128086492423039880563701720717595      
   76.2642385091248337677381107061311340      
   75.2434845308533341761206023452158885      
   74.2496794097697046213894776841084534      
   73.2819799884059593273681420728097173      
   72.3395673288342210327644603386650629      
   71.4216466764438415267530315724228467      
   70.5274473113065305012028773276177474      
   69.6562223107333894648077096959171726      
   68.8072482403793761202358891146249627      
   67.9798247740476670363357074317000699      
   67.1732742752287415144682439731237442      
   66.3869413238325869355882902132687249      
   65.6201922154475864620195395183048269      
   64.8724144331102082849820497383099358      
   64.1430160987710447148274479800702169      
   63.4314254133839118798142988889625767      
   62.7370900807204311275729015922790705      
   62.0594767374881766646020969573407106      
   61.3980703700646175173708398774286854      
   60.7523737428200177581951505554869795      
   60.1219068228847111093430479374780342      
   59.5062062673074164724705578558086528      
   58.9048246546685228178711687904394996      
   58.3173302656278018457577770652854978      
   57.7433063208956764219895537791501498      
   57.1823505122477387004676374945244437      
   56.6340744961045742330986072566018193      
   56.0981033915813812243349780542825241      
   55.5740752981485441756871114799067184      
   55.0616408215075962955866990136430601      
   54.5604626238669166545554825213501530      
   54.0702149752917997631173845265071699      
   53.5905833306381615549980595533452686      
   53.1212639141819014964363977399397605      
   52.6619633208268578902197486145761596      
   52.2123981305793310869829041064458349      
   51.7722945362640206647322989188312796      
   51.3413879866344306729825429894463716      
   50.9194228390013818840577902540344423      
   50.5061520272586156447023657818754849      
   50.1013367427314050501620368337794644      
   49.7047461228211051141346263253890560      
   49.3161569588856042449266506238034179      
   48.9353534071431804152553335500973176      
   48.5621267166682537529049855079442291      
   48.1962749650480604939450050649388810      
   47.8376028038369742917314936809609914      
   47.4859212172779640046064364082550147      
   47.1410472867658281957828027065207769      
   46.8028039665426532807144004934823811      
   46.4710198664104754159682525922162598      
   46.1455290469692312660771962107221359      
   45.8261708180893845839326233553747612      
   45.5127895474247087662562304527683836      
   45.2052344780564489332126547423379260      
   44.9033595508083018707010115777982647      
   44.6070232350273274999618378482123603      
   44.3160883646878936953907497418461809      
   44.0304219835804312080989703445995939      
   43.7498951936188410381429237848864099      
   43.4743830107242865571387743785842692      
   43.2037642264668159140138564817698185      
   42.9379212742476148765786712258215021      
   42.6767401015779804215563439960969448      
   42.4201100467639431153105746057655119      
   42.1679237208751685756682130728166602      
   41.9200768939187496834843029679417561      
   41.6764683855032740001537941428590097      
   41.4369999600878600708842613443351286      
