 0.11772717483620E-12
 0.18836347973727E-11
 0.95359012149890E-11
 0.30141988262312E-10
 0.68496191624934E-10
 0.14459316693092E-09
 0.25826517766795E-09
 0.72080806809553E-09
 0.12214202549771E-08
 0.32858002083161E-08
 0.87226303973221E-08
 0.18786955164292E-07
 0.38107559663246E-07
-0.76020074361202E-05
 0.82295793761256E-05
-0.55645826610423E-05
-0.12070438201650E-04
 0.15465920075364E-04
 0.36354700766739E-05
 0.69012039270493E-05
 0.43275817847942E-05
 0.48558063876106E-05
 0.11838800926350E-05
 0.69063371167026E-06
-0.27164032574144E-07
 0.14781026003542E-05
-0.55317609456601E-04
 0.80444361422791E-04
 0.46587928711488E-04
-0.79574878462406E-04
-0.76449344899279E-04
-0.30823684391367E-04
 0.82119640558144E-03
-0.54068426204650E-03
 0.19816569332665E-03
 0.77615911411185E-03
-0.60096380997608E-03
-0.23126100638515E-02
-0.47082146352760E-03
 0.33913279371856E-02
-0.50395476737199E-03
-0.43509181701963E-02
 0.44099347704240E-02
 0.37823395292443E-02
-0.63196559563189E-03
-0.69411809859350E-02
-0.38986232175247E-02
-0.32687893874833E-03
 0.15189571282247E-02
 0.63254844363265E-02
 0.50864872956233E-02
 0.36484528958481E-02
 0.29977270347851E-02
-0.37525806923096E-02
-0.15271883446501E-01
-0.12915141764700E-01
 0.98627884596360E-02
 0.17040862805279E-01
 0.83762167124665E-02
-0.76450499478620E-02
-0.39189016078384E-02
-0.44120519953030E-02
-0.10933882351746E-01
 0.13472804769225E-01
 0.25460447243493E-01
 0.68495675851441E-02
-0.34955952771475E-02
-0.23093083264453E-01
-0.26020424165032E-01
-0.13563492557581E-01
-0.10714204379737E-01
 0.24483861693342E-01
 0.47024124374996E-01
 0.50550871400505E-01
 0.47926097080310E-02
-0.55767881668388E-01
-0.70637530266064E-01
-0.76964967385389E-01
-0.46222820559799E-01
 0.19931271502214E-01
-0.21806028390131E-01
 0.13221904198691E+00
 0.39880233914281E+00
-0.17468972029659E+00
-0.59500045082175E+00
-0.67268639126259E+00
-0.71897380582431E+00
 0.31452007588218E+00
 0.86967875594422E+00
 0.39937904198388E+00
 0.61035993439641E+00
 0.20991192432334E+00
-0.10948796568013E+01
-0.50085672090512E+00
 0.75214421411570E+00
 0.11825757346897E+01
-0.22242688027946E+00
-0.12637438741776E+01
-0.75952674731209E-02
 0.13308314087104E+00
 0.24512752430042E+01
 0.18074513516931E+01
 0.10804323154834E+01
 0.31626658447815E+00
-0.17210420371410E+01
 0.20065760021646E+01
 0.73863764688604E+00
 0.50424099364176E-01
 0.56079942955799E+00
-0.91724804336432E+00
 0.28554206927245E+00
-0.12832984052306E+01
-0.70965897227004E+00
-0.54809992991541E+00
 0.51257522041443E+00
-0.19779272519244E+01
 0.12245644677220E+01
-0.13061520943463E+00
 0.51275146925481E+00
 0.11934801884918E+01
-0.24620062352226E+00
 0.24975267445341E+00
-0.38528125613778E+00
-0.11467432837728E+01
-0.93356530850563E+00
 0.79938247880921E+00
-0.38249469811224E+00
 0.14510753551053E+00
 0.61451882535594E-01
-0.33578578521944E+00
 0.27198006044850E+00
 0.90070553915997E+00
 0.64901061025694E+00
 0.11331020195666E+01
-0.49531138733942E+00
 0.15615113031689E+01
-0.11798453030743E+00
-0.34575492799805E+00
-0.72525905531359E+00
-0.21305380050185E+00
-0.13250667565113E+01
-0.16485573959279E+01
-0.40943102692040E+00
-0.11466673673311E+01
-0.10040420511031E+01
 0.24528697035847E+00
-0.80890512025964E+00
-0.88677000320779E+00
-0.16330409127187E+01
-0.88593270973219E+00
-0.45095799031720E+00
 0.41416637487212E+01
-0.36865752556714E+01
 0.29430142223228E+01
-0.54853488552570E+01
 0.17689854440595E+01
 0.87803725428716E-01
 0.27891609720397E+01
 0.13204774733305E+01
 0.79088480487732E+00
 0.38483143653056E+00
 0.33524854477092E+01
 0.15140864840103E+01
 0.20602389303330E+01
-0.28552433933454E+01
-0.94919753611138E+00
-0.61868690824473E-01
 0.29615795626714E+00
-0.67960508905057E+00
-0.11640315880091E+02
-0.26276723496219E+01
 0.98848356420995E+00
 0.12627785113560E+02
 0.80390110723226E+01
-0.47727936040528E+01
-0.27061970805164E+00
 0.94479246533995E+01
 0.20366373603148E+02
-0.18785268113946E+02
-0.85282207865905E+01
 0.31977737909224E+02
-0.12029905448730E+02
 0.73952653152020E+01
 0.50599547404695E+01
-0.16841289728757E+02
-0.37313939120855E+01
-0.51121371331762E+01
 0.85960868087860E+00
-0.10968085147608E+02
-0.11640007616675E+02
-0.77188920570506E+01
 0.67010673523499E+00
 0.71327116683452E+01
-0.79357344700989E+00
 0.84692931199165E+01
 0.17239468591231E+01
-0.73472934182875E+01
-0.43234081515788E+01
-0.73044919381732E+01
-0.62736101397935E+02
 0.20889994092087E+02
-0.39507240464803E+02
-0.57891114847457E+01
-0.12481588591088E+02
-0.13095467503503E+01
 0.42459864082600E+01
 0.23268561078246E+02
 0.40388418962226E+02
 0.34882478653652E+02
 0.22905814426622E+02
 0.34681635654884E+02
-0.16012107413766E+01
-0.69406385609700E+01
-0.61215040643907E+01
-0.11759569257451E+02
-0.15659487423256E+02
-0.83713943731725E+01
-0.11880099710349E+02
-0.23635452921159E+02
-0.12408934972573E+02
-0.12737418937285E+02
-0.75678140472677E+01
-0.52457393459672E+01
-0.15620068519136E+02
-0.16869911313692E+02
-0.20499368152587E+02
-0.23090921250423E+02
-0.31315285954090E+02
-0.14625892819264E+02
-0.24103391730560E+02
-0.48924979663259E+01
-0.29061298420553E+02
-0.26715756195233E+02
-0.22632709575081E+02
-0.24914574977905E+02
-0.18943687516238E+02
-0.18084807833770E+02
-0.96516664717811E+01
-0.20021005059561E+02
-0.14710822473156E+02
-0.12362515810824E+02
-0.10538976591778E+02
-0.24119345899434E+02
-0.10405422476817E+02
-0.13490427565671E+02
-0.57226221199738E+01
-0.22934969838951E+01
 0.34376851819775E+01
-0.63553667130856E+01
 0.89326893618592E+01
 0.17270547845505E+02
 0.48848519439610E+02
 0.29333718710195E+02
 0.35640396392851E+02
 0.37366888020601E+02
 0.36540956492193E+02
 0.31338965426183E+02
 0.33151504951184E+02
 0.38214516887996E+02
 0.19466050311331E+02
 0.27971915400099E+02
 0.21903661986998E+02
 0.24855444769361E+02
 0.95361027540183E+01
 0.81477997000137E+01
-0.33280223991925E+02
-0.28227138986476E+02
-0.31606535840158E+02
-0.80856839639871E+02
-0.11407510127674E+03
-0.10355447799359E+03
-0.14441870631945E+03
-0.14819922161303E+03
-0.16746542127041E+03
-0.18994062759826E+03
-0.20685802927987E+03
-0.25444974923473E+03
-0.25736356985441E+03
-0.28924916333281E+03
-0.32940410482873E+03
-0.36687353546146E+03
-0.33752135558767E+03
-0.41016161201776E+03
-0.42055679391438E+03
-0.45084749887002E+03
-0.58209066606695E+03
-0.51044621883932E+03
-0.61869805519273E+03
-0.61148330469279E+03
-0.62567606407189E+03
-0.75367490773102E+03
-0.70500503368508E+03
-0.72833296888873E+03
-0.89187600485725E+03
-0.88412923903738E+03
-0.85596717469531E+03
-0.10442116761467E+04
-0.10604593652586E+04
-0.10263416072951E+04
-0.11856466829793E+04
