 0.13548723707728E+03
 0.13548723707728E+03
 0.13548723707728E+03
 0.13548723707728E+03
 0.13548723707728E+03
 0.13548723707730E+03
 0.13548723707789E+03
 0.13548723708563E+03
 0.13548723714262E+03
 0.13548723742166E+03
 0.13548723843664E+03
 0.13548724139174E+03
 0.13548724864568E+03
 0.13548726422658E+03
 0.13548729431823E+03
 0.13548734764887E+03
 0.13548743573894E+03
 0.13548757298984E+03
 0.13548777662569E+03
 0.13548806650739E+03
 0.13548846485304E+03
 0.13548899589897E+03
 0.13548968553416E+03
 0.13549056093770E+03
 0.13549165024243E+03
 0.13549298224187E+03
 0.13549458615104E+03
 0.13549649142556E+03
 0.13549872763731E+03
 0.13550132440089E+03
 0.13550431134101E+03
 0.13550771808834E+03
 0.13551157429393E+03
 0.13551590964717E+03
 0.13552075388831E+03
 0.13552613680653E+03
 0.13553208821727E+03
 0.13553863791421E+03
 0.13554581559761E+03
 0.13555365077238E+03
 0.13556217262926E+03
 0.13557140990314E+03
 0.13558139071771E+03
 0.13559214242053E+03
 0.13560369141390E+03
 0.13561606298690E+03
 0.13562928115273E+03
 0.13564336849762E+03
 0.13565834603776E+03
 0.13567423310041E+03
 0.13569104721841E+03
 0.13570880404619E+03
 0.13572751729665E+03
 0.13574719869895E+03
 0.13576785798207E+03
 0.13578950286439E+03
 0.13581213908486E+03
 0.13583577043471E+03
 0.13586039881414E+03
 0.13588602430261E+03
 0.13591264524237E+03
 0.13594025833546E+03
 0.13596885875101E+03
 0.13599844023614E+03
 0.13602899523971E+03
 0.13606051504050E+03
 0.13609298987744E+03
 0.13612640908115E+03
 0.13616076121320E+03
 0.13619603419710E+03
 0.13623221545360E+03
 0.13626929203017E+03
 0.13630725072980E+03
 0.13634607824820E+03
 0.13638576129127E+03
 0.13642628668975E+03
 0.13646764151754E+03
 0.13650981320318E+03
 0.13655278963093E+03
 0.13659655924402E+03
 0.13664111114568E+03
 0.13668643518407E+03
 0.13673252204225E+03
 0.13677936332063E+03
 0.13682695161532E+03
 0.13687528059296E+03
 0.13692434505625E+03
 0.13697414104187E+03
 0.13702466583777E+03
 0.13707591808722E+03
 0.13712789783371E+03
 0.13718060659103E+03
 0.13723404735426E+03
 0.13728822480167E+03
 0.13734314512793E+03
 0.13739881630380E+03
 0.13745524804892E+03
 0.13751245189503E+03
 0.13757044130397E+03
 0.13762923163226E+03
 0.13768884032914E+03
 0.13774928690239E+03
 0.13781059309277E+03
 0.13787278288500E+03
 0.13793588265300E+03
 0.13799992123695E+03
 0.13806493004711E+03
 0.13813094324125E+03
 0.13819799772303E+03
 0.13826613345015E+03
 0.13833539347904E+03
 0.13840582415299E+03
 0.13847747532382E+03
 0.13855040053769E+03
 0.13862465720104E+03
 0.13870030693247E+03
 0.13877741574628E+03
 0.13885605437649E+03
 0.13893629862084E+03
 0.13901822964886E+03
 0.13910193445354E+03
 0.13918750622344E+03
 0.13927504486798E+03
 0.13936465752461E+03
 0.13945645910182E+03
 0.13955057296542E+03
 0.13964713160549E+03
 0.13974627741501E+03
 0.13984816353409E+03
 0.13995295477408E+03
 0.14006082865657E+03
 0.14017197651963E+03
 0.14028660475053E+03
 0.14040493613066E+03
 0.14052721136321E+03
 0.14065369042029E+03
 0.14078465458857E+03
 0.14092040811183E+03
 0.14106128018391E+03
 0.14120762701805E+03
 0.14135983398061E+03
 0.14151831778079E+03
 0.14168352862706E+03
 0.14185595230443E+03
 0.14203611204820E+03
 0.14222457007545E+03
 0.14242192862305E+03
 0.14262883024567E+03
 0.14284595713842E+03
 0.14307402922380E+03
 0.14331380066253E+03
 0.14356605457620E+03
 0.14383159582316E+03
 0.14411124104723E+03
 0.14440580789137E+03
 0.14471610138433E+03
 0.14504289988152E+03
 0.14538694086202E+03
 0.14574890793069E+03
 0.14612942040045E+03
 0.14652902669383E+03
 0.14694820256209E+03
 0.14738735454732E+03
 0.14784682853133E+03
 0.14832692255195E+03
 0.14882790259937E+03
 0.14935001984137E+03
 0.14989352791366E+03
 0.15045869876918E+03
 0.15104583626520E+03
 0.15165528709611E+03
 0.15228744871981E+03
 0.15294277451736E+03
 0.15362177638058E+03
 0.15432502515734E+03
 0.15505314953992E+03
 0.15580683128750E+03
 0.15658680902524E+03
 0.15739386228327E+03
 0.15822881351886E+03
 0.15909251997935E+03
 0.15998586696318E+03
 0.16090976039217E+03
 0.16186511872686E+03
 0.16285286426234E+03
 0.16387391374692E+03
 0.16492916837931E+03
 0.16601950303383E+03
 0.16714575506856E+03
 0.16830871243906E+03
 0.16950910152006E+03
 0.17074757463343E+03
 0.17202469754426E+03
 0.17334093717375E+03
 0.17469664976117E+03
 0.17609206976104E+03
 0.17752729983007E+03
 0.17900230220252E+03
 0.18051689170528E+03
 0.18207073070157E+03
 0.18366332618278E+03
 0.18529402910919E+03
 0.18696203618569E+03
 0.18866639390793E+03
 0.19040600486457E+03
 0.19217963693339E+03
 0.19398593264611E+03
 0.19582342210881E+03
 0.19769053621822E+03
 0.19958562112166E+03
 0.20150695323088E+03
 0.20345275452217E+03
 0.20542120778118E+03
 0.20741047142805E+03
 0.20941869373077E+03
 0.21144402607931E+03
 0.21348463526875E+03
 0.21553871455725E+03
 0.21760449350750E+03
 0.21968024647201E+03
 0.22176429983334E+03
 0.22385503798496E+03
 0.22595090801896E+03
 0.22805042338986E+03
 0.23015216648292E+03
 0.23225479021571E+03
 0.23435701871036E+03
 0.23645764813375E+03
 0.23855554482404E+03
 0.24064964521288E+03
 0.24273895390981E+03
 0.24482254191849E+03
 0.24689954442794E+03
 0.24896915846229E+03
 0.25103064024153E+03
 0.25308330264299E+03
 0.25512651244977E+03
 0.25715968763645E+03
 0.25918229467140E+03
 0.26119384579404E+03
 0.26319389642133E+03
 0.26518204257779E+03
 0.26715791842821E+03
 0.26912119389828E+03
 0.27107157239633E+03
 0.27300878862094E+03
 0.27493260650398E+03
 0.27684281723693E+03
 0.27873923741619E+03
 0.28062170727207E+03
 0.28249008902830E+03
 0.28434426532759E+03
 0.28618413777692E+03
 0.28800962556836E+03
 0.28982066419198E+03
 0.29161720424513E+03
 0.29339921028382E+03
 0.29516665977928E+03
 0.29691954214711E+03
 0.29865785781284E+03
 0.30038161737026E+03
 0.30209084077743E+03
 0.30378555662416E+03
 0.30546580142922E+03
 0.30713161882765E+03
 0.30878305972194E+03
 0.31042018055723E+03
 0.31204304360703E+03
 0.31365171629282E+03
 0.31524627072944E+03
 0.31682678331227E+03
 0.31839333433343E+03
 0.31994600762013E+03
 0.32148489020987E+03
 0.32301007202960E+03
 0.32452164562176E+03
 0.32601970586655E+03
 0.32750434974027E+03
 0.32897567609145E+03
 0.33043378541228E+03
 0.33187877966083E+03
 0.33331076206321E+03
 0.33472983694690E+03
 0.33613610959006E+03
 0.33752968606431E+03
 0.33891067310935E+03
 0.34027917800656E+03
 0.34163530844999E+03
 0.34297917246152E+03
 0.34431087826919E+03
 0.34563053422888E+03
 0.34693824873444E+03
 0.34823413013822E+03
 0.34951828668081E+03
 0.35079082642304E+03
 0.35205185718701E+03
 0.35330148648874E+03
 0.35453982149729E+03
 0.35576696898558E+03
 0.35698303527394E+03
