   6.46114195192883683103959025933776710      
   6.46114195192883683103959028504556148      
   6.46114195192883683103954854995647161      
   6.46114195192883683009014451783817078      
   6.46114195192883627202175803179811080      
   6.46114195192879099817754002618579409      
   6.46114195192767436266351980124473321      
   6.46114195191499725103493673595625995      
   6.46114195183032262432628841679161781      
   6.46114195144188437509194388308452952      
   6.46114195008742450026682139768407732      
   6.46114194624272408610549000179723181      
   6.46114193692448493401155095536089346      
   6.46114191692910164613217114272463746      
   6.46114187816769812209389013714098042      
   6.46114180884342477148154266393292347      
   6.46114169275043082792519279204219954      
   6.46114150870636202306925101263569881      
   6.46114123012144303772537555861144829      
   6.46114082471237802356429834603119796      
   6.46114025437129036869370723526860725      
   6.46113947519444740814033762511592042      
   6.46113843765019588405981272887928403      
   6.46113708698657490911761094905626262      
   6.46113536373112256377956724406511139      
   6.46113320436406222918172349570655289      
   6.46113054211958007465981189830932271      
   6.46112730800251484417904673273512824      
   6.46112343176876653606565198442416076      
   6.46111884292351100261535883195654319      
   6.46111347181871522100977443104993516      
   6.46110725055741485232595781843928733      
   6.46110011373274524789500538970274649      
   6.46109199916618252997584925096061182      
   6.46108284835665842346565073234391041      
   6.46107260654462058048979524380574099      
   6.46106122274483887307307690899323059      
   6.46104864953824278047431030468204782      
   6.46103484258590395383259715731417984      
   6.46101975991462594681738827040520014      
   6.46100336115464905718370033208578955      
   6.46098560670884540430404441109589609      
   6.46096645654259549091780913929015011      
   6.46094586919544353651835650435542002      
   6.46092380067176451726489779456261809      
   6.46090020335787563347617747187124597      
   6.46087502489022603129326314475728402      
   6.46084820727271072421381346294253059      
   6.46081968598436716679341694518672999      
   6.46078938895232644223950074745626583      
   6.46075723591522934756498204440227907      
   6.46072313777196816141140093873346516      
   6.46068699603904910874857049586902482      
   6.46064870244133832148039251857975682      
   6.46060813857099683064790345112280962      
   6.46056517568172003869766397089462620      
   6.46051967444064703593365097667438755      
   6.46047148497560393700085075890067784      
   6.46042044680355907018536799530195535      
   6.46036638893572854597086326614355208      
   6.46030912990113787607318354971774599      
   6.46024847803584500617477460419028303      
   6.46018423157389569436080111108673777      
   6.46011617882451279856605948786668224      
   6.46004409843664732909421797985588252      
   6.45996775958322916090349098163562452      
   6.45988692210441153707270676594322251      
   6.45980133681266583431983654623233420      
   6.45971074558111985896843514074109893      
   6.45961488146678004524769136157927437      
   6.45951346883195459420449655037857499      
   6.45940622333689973302745857619175559      
   6.45929285196999322742646402275577699      
   6.45917305296756525504523138200335421      
   6.45904651580231802880657585683656280      
   6.45891292090518318104204033181141568      
   6.45877193898678710136016551176411622      
   6.45862323176777304488966703640281673      
   6.45846645075168681762914488515390660      
   6.45830123746311252512099271029981551      
   6.45812722141315672684436718604943396      
   6.45794402170265244813460835660664864      
   6.45775124457034439422469085367240487      
   6.45754848243324958237421991460918294      
   6.45733531571310318821902128888545385      
   6.45711130766104920227970866093167716      
   6.45687600710263765116463257074766358      
   6.45662894507331251207861078477385280      
   6.45636963417088554220512600422851896      
   6.45609756752585631101867457777429766      
   6.45581221671646391213467276588189203      
   6.45551303058450641464872032555395131      
   6.45519943346555422067898949723729984      
   6.45487082340018571362999044431094966      
   6.45452657018345560896271103066187018      
   6.45416601317853131449606145694477025      
   6.45378845920536759952142995279800408      
   6.45339318024926833496861598441951091      
   6.45297941100424371220657223320185825      
   6.45254634585249000792513064989441080      
   6.45209313626082769376123273093017744      
   6.45161888827993436044963489316015586      
   6.45112265854695826598032875230307249      
   6.45060345121947394004303500985579277      
   6.45006021460413363336836929186444060      
   6.44949183701467389889123129227660595      
   6.44889714278784579253206218605010730      
   6.44827488826070299282255107765680726      
   6.44762375677336319437753354385319826      
   6.44694235399588858526803221224610478      
   6.44622920292854434701922470857783245      
   6.44548273790341144510483962575902792      
   6.44470129937516291291356517427069970      
   6.44388312717629802137203000579306877      
   6.44302635414759598635174120005463755      
   6.44212899878830664210458010708832733      
   6.44118895834432953433982300588565448      
   6.44020399978986016540392921437574711      
   6.43917175220511280733071421716317730      
   6.43808969714565351921808566032316369      
   6.43695515900583019739047285330543274      
   6.43576529459898305739598159897982109      
   6.43451708202270404024470921253177196      
   6.43320730888937620061191074755746666      
   6.43183255953617387260488272424878863      
   6.43038920159814344355564641135040025      
   6.42887337151299333205104382215443784      
   6.42728095915938665844042769230006600      
   6.42560759149715287014045096559033621      
   6.42384861504669334796643456710811060      
   6.42199907742501641578299727036477919      
   6.42005370765982413763595102766517645      
   6.41800689539714735462283777153752435      
   6.41585266903427731229979381056784763      
   6.41358467274365497281948613782081373      
   6.41119614280789638077479008919757623      
   6.40867988189257373896902918769920651      
   6.40602823506055135463573816825100961      
   6.40323306315295958922274569234611361      
   6.40028571751116515239412755785675011      
   6.39717701504008763764576844802779895      
   6.39389721460674127475556915162709559      
   6.39043599562854080339795188094101393      
   6.38678243998405806764125991407763121      
   6.38292501809923746271382083009116357      
   6.37885158086132995406788882814134510      
   6.37454935844703312295510163887523736      
   6.37000496756648950795854907707528896      
   6.36520442821158145145760380837610048      
   6.36013319073623271967251811220651708      
   6.35477617460923172821817585146592770      
   6.34911781700917032905250245288553811      
   6.34314213201486985005755771997867282      
   6.33683278005085801080196368727847787      
   6.33017314093191846418299267533985340      
   6.32314639395850270645056241184397102      
   6.31573559934857941694843361579577813      
   6.30792377416431195310580887223418605      
   6.29969396792761242726886213156716788      
   6.29102933075176516584279185582074676      
   6.28191316924672052585530492261725951      
   6.27232899846327737703842895949456855      
   6.26226057498602944553638607639468273      
   6.25169193099475177951422112311192139      
   6.24060738922106259480320272371540151      
   6.22899157375395194046569471671448545      
   6.21682941414265044225705843348574629      
   6.20410614127355387326560738136618381      
   6.19080728175226794259021802567374833      
   6.17691864608018723997775773017242544      
   6.16242631603996053969420598650004339      
   6.14731663080137328909053224434226054      
   6.13157617226791960002653456945587556      
   6.11519175030343005959442574394759444      
   6.09815038852891561622134496407642257      
   6.08043931025129739124523358260828585      
   6.06204592657488935798085982952079499      
   6.04295782329820163089710349254986090      
   6.02316275058240339007694041935546621      
   6.00264861188569884466346233320964562      
   5.98140345528662682144058853555645534      
   5.95941546287579107936119681115414624      
   5.93667294335787280662132263154595328      
   5.91316432150341993447683424200584401      
   5.88887813155384487769542895950302989      
   5.86380300709265400057360440618818775      
   5.83792767198122613564173903486898462      
   5.81124093083690285356007824188859297      
   5.78373166216904928332354690965641133      
   5.75538880535638571622042583341007894      
   5.72620135247277846171305200795677956      
   5.69615833699773941271751107857480771      
   5.66524882465908062462500757846833480      
   5.63346190151915512192445012462767278      
   5.60078666636175974997527142661240122      
   5.56721221775764243313704064007070239      
   5.53272764638519413316786742807637570      
   5.49732202476589521770421555526609178      
   5.46098439945568769725822661777103959      
   5.42370378187960058159415689298635788      
   5.38546914140980455518954326486699618      
   5.34626939798871319091205710918085348      
   5.30609341619055653363111175763344942      
   5.26492999944030974176251221354716091      
   5.22276788493970686597662753752474589      
   5.17959573961312453965343086497738240      
   5.13540215601921586592258630334282331      
   5.09017564962804028241910186502470671      
   5.04390465559600016709420724656602191      
   4.99657752716032557610829512309620526      
   4.94818253358266892935253212610789547      
   4.89870785878597189069243855356193606      
   4.84814160044415384525111403780544372      
   4.79647176915416508822744106573085439      
   4.74368628811465845771199511568527778      
   4.68977299305843280526286562319863228      
   4.63471963156236286217509078493944770      
   4.57851386376952538562725203876094012      
   4.52114326212045231115539707432637450      
   4.46259531216588689378325731254945846      
   4.40285741313928651294090121671868541      
   4.34191687777219870337735001903677686      
   4.27976093313730109462980985090130614      
   4.21637672146094371554495775615546011      
   4.15175130022474318989288193789846547      
   4.08587164329330338384088309056912016      
   4.01872464126638712314116220120710494      
   3.95029710201248207163693615484929705      
   3.88057575142708924966094674527498086      
   3.80954723398664953818911601636835648      
   3.73719811338136893829452929389251384      
   3.66351487294608982751229410520544848      
   3.58848391615365084078261683256124044      
   3.51209156719856016246518874208789088      
   3.43432407197154344746120958303611925      
   3.35516759768736031304022198231788929      
   3.27460823375692262225448849111888017      
   3.19263199250355474952466490897214307      
   3.10922480879878353393799406149462528      
   3.02437254134289355056834620903803865      
   2.93806097234276913574957425711197735      
   2.85027580813885859736924208501117409      
   2.76100267956649292013687508115174108      
   2.67022714211731825936064328388806490      
   2.57793467627306883724391428777350845      
   2.48411068769919290785984736059277818      
   2.38874050772821515579063195122658708      
   2.29180939330540817738117965823414215      
   2.19330252737601012006675025965889531      
   2.09320501896239167104934820423098979      
   1.99150190353991518185821122310813908      
   1.88817814296717824965214824332517470      
   1.78321862582520258907489843983049775      
   1.67660816768602371129879553829033857      
   1.56833151090380576401793432138158510      
   1.45837332487099140196203770400321656      
   1.34671820640686720639725508484475466      
   1.23335067951867390609596983094588814      
   1.11825519561079651041266718617660804      
   1.00141613385888654315538037193237492      
  0.882817800800604694999185037408809723      
  0.762444430888885584155436933217938577      
  0.640280186221763701823027988641591365      
  0.516309156982526259847663820210820242      
  0.390515361121061175878550833663495718      
  0.262882744406783268911440712160214237      
  0.133395181155477269690233093842317186      
   2.03647341171441029005046017314814764E-0003
 -0.131209648423489417098546782870649061      
 -0.266359525765105502413240162917222006      
 -0.403429572006112288972610164792271326      
 -0.542436271698915632154630490601192347      
 -0.683396181529618581918447522044998220      
 -0.826325929645275121493595945444382084      
 -0.971242215656128729795327678111685949      
  -1.11816181076401401866902568461370958      
  -1.26710155789877393049442846415068771      
  -1.41807837103698377969347947940365636      
  -1.57110923591119381440113125660350400      
  -1.72621120973862323930080568715625598      
  -1.88340142074180294367737552898905681      
  -2.04269706881130226919036926913593422      
  -2.20411542534782067335382392747651451      
  -2.36767383242898516386549230647196138      
  -2.53338970398331953586437347556610631      
  -2.70128052491283413499303027792142027      
  -2.87136385167625681577297893029290704      
  -3.04365731136664530758500674764234837      
  -3.21817860275171437915608619485864723      
  -3.39494549559381211708831555465895186      
  -3.57397583069365322202892905974803226      
  -3.75528751998633794706118874697042460      
  -3.93889854681393250295021747812389515      
  -4.12482696505501938935657505226742133      
  -4.31309089990810103666810781132405561      
  -4.50370854742620711150634538596204514      
  -4.69669817498825320178428158181069525      
  -4.89207812047420496482104560671049684      
  -5.08986679281214542856882652703523081      
  -5.29008267212783007621406408114083033      
