   6.46114195192883683103959025933776710      
   6.46114195192883683103959028499496191      
   6.46114195192883683103959051620388942      
   6.46114195192883683103901759401758603      
   6.46114195192883682955362663706379780      
   6.46114195192883650370079585030627469      
   6.46114195192882001189018930198480059      
   6.46114195192849681356327541349335109      
   6.46114195192518312682555386875952812      
   6.46114195190372897003598936064263806      
   6.46114195180451376535676478370225186      
   6.46114195144823793128336612609195935      
   6.46114195039514693740017591783239031      
   6.46114194772351119616546521262303787      
   6.46114194172489555857241311370971554      
   6.46114192952714139386847890825688822      
   6.46114190666617721840316441504906238      
   6.46114186663316166476496688873836617      
   6.46114180042444455654011775453047623      
   6.46114169610799314339464199785988669      
   6.46114153847810636823600948391991524      
   6.46114130874999100706935862290777954      
   6.46114098432664073429394125528591501      
   6.46114053869537122644739589607338593      
   6.46113994142794030595541946198895324      
   6.46113915829911923557447034021831062      
   6.46113815152587537326306858578091744      
   6.46113688012144978515364662936539538      
   6.46113530035081048730692005515913675      
   6.46113336626637116097757792033759482      
   6.46113103029647128128381505391573925      
   6.46112824385472744683261275150244412      
   6.46112495793648166008025265577122468      
   6.46112112363559106806624419386823837      
   6.46111669271544694211922338019869412      
   6.46111161788695139960502457669067374      
   6.46110585309550735829839326165721951      
   6.46109935364487749590178781051044226      
   6.46109207618277324891928278288597119      
   6.46108397855716163318143887827762125      
   6.46107501954684764691791607801940795      
   6.46106515848005012082466294564400033      
   6.46105435469647940776088983001141728      
   6.46104256713442724667511844237021784      
   6.46102975365773734877686714052469545      
   6.46101587033063511920499920970550396      
   6.46100087079542131864761641857598897      
   6.46098470560127906209828059105611306      
   6.46096732154461069628197954729260682      
   6.46094866104087139718291928030656002      
   6.46092866152399499058097650092395595      
   6.46090725489713603617426969627319859      
   6.46088436700842959424075821221825707      
   6.46085991728117902692215953164193963      
   6.46083381838686538447409072265002949      
   6.46080597578555374806976684494254706      
   6.46077628754447482066378962536025645      
   6.46074464413459745489911385564695742      
   6.46071092829707460966646608028308638      
   6.46067501493995306935987369513792874      
   6.46063677109964117996095281486276323      
   6.46059605590078812227731146318594277      
   6.46055272070193406407010033401578598      
   6.46050660897923961963864888895760638      
   6.46045755646908318742999986541315548      
   6.46040539131431986577595000228191609      
   6.46034993406485189623325933299463646      
   6.46029099779601843031575877429231924      
   6.46022838827559410714032371878609932      
   6.46016190389054111089039390654134340      
   6.46009133597249836274269349102275642      
   6.46001646861251708545583172126973415      
   6.45993707878049336732972832564749842      
   6.45985293632525968386915117547697640      
   6.45976380389252737310299181112435117      
   6.45966943697588713623964068244789785      
   6.45956958373393784216289020677860894      
   6.45946398474498255733438994115705601      
   6.45935237302768159397846642360203674      
   6.45923447361462627643121169790774094      
   6.45911000327280583554572295863442736      
   6.45897867022532567364823896471887086      
   6.45884017366381988439329629997465744      
   6.45869420326919588735417485618786446      
   6.45854043872597503892015184565999277      
   6.45837854916797358117129552461401722      
   6.45820819239787590341819625507914523      
   6.45802901419164123749013898891387988      
   6.45784064747037703402482331324059080      
   6.45764271141626396791013113564126204      
   6.45743481050965891647863004296202125      
   6.45721653347642966725197736630932680      
   6.45698745198327825220835019719186177      
   6.45674711990948671297631840577974694      
   6.45649507144950610385027588160891375      
   6.45623081996613399714998310862847573      
   6.45595385642681858886001768188610983      
   6.45566364781697421046092038988080557      
   6.45535963534762076032017056287933843      
   6.45504123223062955680130514549256931      
   6.45470782241530971133441250843485928      
   6.45435875832359587711413627224731507      
   6.45399335844168969767689575470632482      
   6.45361090470744912674484503069356414      
   6.45321063973351971129817724784030741      
   6.45279176542611108794606787109884664      
   6.45235343694972519410988671348010633      
   6.45189476416418772437799856135350239      
   6.45141480551615735385795720564285407      
   6.45091256490245469838889265381298016      
   6.45038698678479600643267623284135363      
   6.44983695531813738794257174641148038      
   6.44926128709659341968916784534343190      
   6.44865872750771719400509519190681756      
   6.44802794730428694262535104502899294      
   6.44736753566722579710298619458517735      
   6.44667599463340292258650982131813192      
   6.44595173527864029774963517648343176      
   6.44519306909102728199063172862482524      
   6.44439820222236091229608673688404114      
   6.44356522857942855588198007637651358      
   6.44269212112282504877938005904903426      
   6.44177672488270362954698273500144663      
   6.44081674639202281689403971541541324      
   6.43980974560666667202138864504287359      
   6.43875312512232531883355156519545455      
   6.43764411890290628907586489662810682      
   6.43647978019432031358099330344542328      
   6.43525696968337983439511148928871241      
   6.43397234093632975395450240302169313      
   6.43262232594023622777063914555726392      
   6.43120311914192907081117156118421456      
   6.42971066030535297553377781849688268      
   6.42814061617977118934169127542043662      
   6.42648836048499014080809544722269499      
   6.42474895312671551402004199858438968      
   6.42291711696235959444559327163563105      
   6.42098721376141602388577224114771637      
   6.41895321784926799100576844804353589      
   6.41680868891896900242773965382253955      
   6.41454674280524730803207518452041267      
   6.41216002038329636958899203344220682      
   6.40964065588993160488469879718429730      
   6.40698024378498652554192436491020985      
   6.40416980516125925671333941839497424      
   6.40119975441134868613165365791943067      
   6.39805986567269315600421115559672755      
   6.39473924327652787455200349731844125      
   6.39122629353647334102212954896149670      
   6.38750870232039462025144258620857998      
   6.38357341960834442315561879749884089      
   6.37940665354821673892732400400595939      
   6.37499387409991922038474078006554645      
   6.37031983249924630581291685365041201      
   6.36536859438836820453627238171192390      
   6.36012359024294973328912159357474080      
   6.35456768198998919844826278100231817      
   6.34868324661039296808983237940842563      
   6.34245227217928276577800361063353671      
   6.33585646534311103507308552636296437      
   6.32887736331941517936762963381930936      
   6.32149644912272483615153569407453949      
   6.31369525751322526368468525988427191      
   6.30545547637227444828054103962022469      
   6.29675903203242439552476396639628008      
   6.28758816068725402556081941915898450      
   6.27792546203697409144279314721571914      
   6.26775393319540306694682576069357933      
   6.25705699401725578076214008152021308      
   6.24581849026584736391516063969214603      
   6.23402269133384376844722787032589349      
   6.22165427514644442970668439084073789      
   6.20869830980922074138936809203012269      
   6.19514022555172143419048174783115391      
   6.18096579158862029630480855328168798      
   6.16616108446582106105781200833768177      
   6.15071246016807869493300014435687110      
   6.13460652705152288925348859453861364      
   6.11783012070787698069615440624667774      
   6.10037027806104814224045460523054414      
   6.08221421625664174224385536218941507      
   6.06334931313865102673052543197468386      
   6.04376308900235131522050192923014321      
   6.02344319173473023651112712441331558      
   6.00237738180618901396690037991966096      
   5.98055352214550237342739214381221739      
   5.95795956542235653010670542676941096      
   5.93458354747267146767808676064204160      
   5.91041357738943971502501026791982552      
   5.88543783225032406364969742666407061      
   5.85964454971217410872107339180265095      
   5.83302202326092236261055398568678925      
   5.80555859728847243635491443214839007      
   5.77724266223051782315800905154501663      
   5.74806265074826621336233388062026001      
   5.71800703244039597989611347502084625      
   5.68706431036967539481411264808645405      
   5.65522301600777453314652734043858299      
   5.62247170554742569825823941888257582      
   5.58879895397382714043330797578404933      
   5.55419334988555925100362094778000216      
   5.51864349377250234533553843620300550      
   5.48213798787619902202269920214583257      
   5.44466543338025872101647854879341582      
   5.40621442444263786196653585608486578      
   5.36677354139274632670941839770586974      
   5.32633134623667627330784712952546972      
   5.28487637626016255579477364120343221      
   5.24239713797918294661942864803313653      
   5.19888210222804122539436167651865879      
   5.15431969778094837265053606425908517      
   5.10869830764689186336315241696515116      
   5.06200626282861828918566042479050968      
   5.01423183793241131414402875493943315      
   4.96536324777675633375667491984423476      
   4.91538864244237229737868683129129687      
   4.86429610434813854136351323906294877      
   4.81207364473795075105109597372990584      
   4.75870920094974004736555605515117540      
   4.70419063389948751219863293897285513      
   4.64850572584841491533840506522379541      
   4.59164217872421252593024640581394029      
   4.53358761233949197022627993390871335      
   4.47432956330713192134315430197992381      
   4.41385548419913919845482757909031374      
   4.35215274214484219262646182568898501      
   4.28920861872574489500593900105485737      
   4.22501030944157229553421524291869074      
   4.15954492350216915474300233267833881      
   4.09279948361413901382092739289678437      
   4.02476092603973762307385742938968681      
   3.95541610079805099529630953285744016      
   3.88475177184001578448117153607058873      
   3.81275461713891451283516312356427743      
   3.73941122933682966670659452378018576      
   3.66470811575412463745691301489043358      
   3.58863169930960198387889996591880543      
   3.51116831834954349441857310695685594      
   3.43230422749983422810339879082181147      
   3.35202559818739535453113350224863416      
   3.27031851880293880851356249475951951      
   3.18716899556648820472227359323542891      
   3.10256295254550638864246604123057475      
   3.01648623279455375906433775509385754      
   2.92892459809989386988556062944311231      
   2.83986372989583702831871587157741100      
   2.74928922963873659582239119628976816      
   2.65718661912594406448012092277470149      
   2.56354134091373756857122456864608802      
   2.46833875884990446234330864132582360      
   2.37156415846553981093868083599048103      
   2.27320274708406454967664524930181508      
   2.17323965453127132796757151882786603      
   2.07165993322033244062414492802838473      
   1.96844855854997140461330807041729511      
   1.86359042928679027533865397153826440      
   1.75707036766648996504916489645757093      
   1.64887311991264219811609355585340528      
   1.53898335637661156848377038681098716      
   1.42738567167628033393898017871014328      
   1.31406458517594746877156992045462087      
   1.19900454096917026325373618813841685      
   1.08218990835249251147582018365164127      
  0.963604981592941389258277362766861424      
  0.843233980876796639480484164947781720      
  0.721061051622466776070052370758280122      
  0.597070265155619255058759539499853694      
  0.471245618806482002599511059255022823      
  0.343571035875909992280666024972402766      
  0.214030366149522106308649714472620292      
   8.26073855732984252047749672184775505E-0002
  -5.07142032208538575527151450656111365E-0002
 -0.185950771021013797170076742596130098      
 -0.323118761944319916914930464353461596      
 -0.462234692988733411019891825098629227      
 -0.603315154466073731686749803024698389      
 -0.746376809414994380484713097843458510      
 -0.891436393768248965547423417975082132      
  -1.03851071618702162572120912169681074      
  -1.18761665795005832496435763909482102      
  -1.33877117298739794659181967215652978      
  -1.49199128773239039327479877695602474      
  -1.64729410082027181522093865925210244      
  -1.80469678348569726217900833799467232      
  -1.96421657897822406406532013867148775      
  -2.12587080308989629819026153719226240      
  -2.28967684340891845399695410028953744      
  -2.45565215970315879834445141790646286      
  -2.62381428385793319812056827791348748      
  -2.79418081967020702512879296946165620      
  -2.96676944271176710939832782393572334      
  -3.14159790049333123768447379229064334      
  -3.31868401231019325650143982932217508      
  -3.49804566914827238388833249681024551      
  -3.67970083372638850775365410262196215      
  -3.86366754033887183552925837445752142      
  -4.04996389483955512113152334700125957      
  -4.23860807468304431391798743644031492      
  -4.42961832869256425599273709407577899      
  -4.62301297721476770218817875247284183      
