   6.46114195192883683103959025933776710      
   6.46114195192883683103959028499496191      
   6.46114195192883683103959038329440624      
   6.46114195192883683103935709324554377      
   6.46114195192883683031477967894610428      
   6.46114195192883665107874864085658398      
   6.46114195192882675936540342134866780      
   6.46114195192861974256404544274137767      
   6.46114195192638482979506383572092695      
   6.46114195191130131472968389067138008      
   6.46114195183912847343892875511665608      
   6.46114195157248876087307294818853337      
   6.46114195076518607863276113996565283      
   6.46114194867459084839596852044152753      
   6.46114194389649957624069820292436017      
   6.46114193402897039274801736338054133      
   6.46114191528176177685033348990162221      
   6.46114188205422475564675568519722286      
   6.46114182650671793313414069432083552      
   6.46114173814990138383527867482684577      
   6.46114160346240675250998008079912376      
   6.46114140560587201224419094440099863      
   6.46114112418222632215507026974483060      
   6.46114073507711929096488346867826581      
   6.46114021042879067191032614245761562      
   6.46113951870266340870906886329720584      
   6.46113862488010995411372878439372475      
   6.46113749075854856792472302866339842      
   6.46113607535172523687751379254053146      
   6.46113433537170206587552511253933096      
   6.46113222576773445346862788678059241      
   6.46112970029266046683116123385023876      
   6.46112671206515341648944023062971731      
   6.46112321409637486652470626788396609      
   6.46111915971900506552791468224081064      
   6.46111450305623316889666775496625339      
   6.46110919918878157725724410140048944      
   6.46110320433462945321798312889424635      
   6.46109647586657439273134812459197115      
   6.46108897220172060658713744292642993      
   6.46108065257546685818689337313656034      
   6.46107147670601131011184211609797505      
   6.46106140436680599099669397271295152      
   6.46105039484752478412814631892355406      
   6.46103840639080643486523901908254916      
   6.46102539575426755105934743226705613      
   6.46101131733826865935372347807666657      
   6.46099612264616137627951033505104886      
   6.46097975965766150646661783183576531      
   6.46096217221754631485516781945750518      
   6.46094329947310605009610184229132581      
   6.46092307533302117210114927692083838      
   6.46090142798743101319457736977308837      
   6.46087827945839944980196746024955536      
   6.46085354523724451806933029478771748      
   6.46082713403515956497882777211934910      
   6.46079894747948911762959361153758953      
   6.46076887986682360117074483949007663      
   6.46073681803808747777765778260859673      
   6.46070264127655443799205774298302569      
   6.46066622126049036028112509061904599      
   6.46062742200954832976509941502708369      
   6.46058609992340538144226271276919439      
   6.46054210382440237415627196332457207      
   6.46049527503349662708593080769905444      
   6.46044544736679935962020101633994150      
   6.46039244726632716082122650217586726      
   6.46033609393753825016962755472272694      
   6.46027619934248408115999274612362016      
   6.46021256832779143508714996702026963      
   6.46014499869504836562063509012792388      
   6.46007328120777794738087197832499974      
   6.45999719973589090675362945657555578      
   6.45991653111471292660987089850967173      
   6.45983104518550654566240970551062133      
   6.45974050472312365733483471489156259      
   6.45964466530224652118751383618189822      
   6.45954327527258951919485278048604893      
   6.45943607548980075862607881990557781      
   6.45932279898865494013496860318765374      
   6.45920317097645126811443543775551689      
   6.45907690823028968986563126057914488      
   6.45894371880129071364250743193617337      
   6.45880330161645698244151737937314497      
   6.45865534588974666151265639640803970      
   6.45849953059423338514182658714511822      
   6.45833552382472414126365407329754661      
   6.45816298215171129422809006131439977      
   6.45798154977718205021586913996262809      
   6.45779085767517937289976699412446577      
   6.45759052271509419845515207044036836      
   6.45738014662786073516730301662947287      
   6.45715931492630228454643511241362307      
   6.45692759568451548387856031008310691      
   6.45668453837146429882711120592238778      
   6.45642967254092182157821349954865993      
   6.45616250618718726350355239918338158      
   6.45588252427129728492121423120930508      
   6.45558918710642086709450350050338969      
   6.45528192852564624471956176365646461      
   6.45496015402110918370693684689591429      
   6.45462323825144853661782321873914550      
   6.45427052400810530118714380425075167      
   6.45390131886188465101403092903980875      
   6.45351489325533095842387740668444776      
   6.45311047734583608767182329137299476      
   6.45268725894457758633335457731909620      
   6.45224438064201396887354853940452531      
   6.45178093341202428713741556206145439      
   6.45129595919641481661149327419075232      
   6.45078844347897036818519981310789692      
   6.45025731177515368924121436807652512      
   6.44970142427681924965954140792524811      
   6.44911957590460348845949879705060008      
   6.44851048700011078104873936022703558      
   6.44787280043966673642453717374641136      
   6.44720507627418699478337937903206065      
   6.44650578638092899059970358849845158      
   6.44577330669015663699766347801176788      
   6.44500591290942739293560729532320439      
   6.44420177226282913788541933142216506      
   6.44335893613785548787818144591637025      
   6.44247533244018102538489356819957074      
   6.44154875615713012937926569689241551      
   6.44057686199639111428077159056098786      
   6.43955715250783834131736583625529692      
   6.43848696763655385149090256963186627      
   6.43736347525623567171580373082005950      
   6.43618365597424398283798088626383394      
   6.43494429202308014235207622680891163      
   6.43364195199804211060411434150222877      
   6.43227297551971979434053104903155177      
   6.43083345691533471752378476260061607      
   6.42931922704041207826769513746668039      
   6.42772583423261913690471003091305126      
   6.42604852347665207366611037958015826      
   6.42428221424894479772825863744410588      
   6.42242147667846974728594214553860001      
   6.42046050598125350790336423300819393      
   6.41839309527692840266253829040118672      
   6.41621260643368288187430776309865265      
   6.41391194018255323861968326552442899      
   6.41148350295306953706921771299793089      
   6.40891917458193923924989240346787529      
   6.40621027322348844598677190162519706      
   6.40334752083125686181511609473622082      
   6.40032100894614081616265978148288371      
   6.39712016442443800153495158076723744      
   6.39373372011968405778635177312533726      
   6.39014968660709653585163428462632595      
   6.38635533260655691330711360485248185      
   6.38233717127074480706994951416681269      
   6.37808095798307732162475929795740677      
   6.37357170087233108488745706030415477      
   6.36879368523707675504616373946093713      
   6.36373051631897324715577818167412336      
   6.35836517817415628803069904383686470      
   6.35268011117356929370317381864602055      
   6.34665730464970025930623845059637248      
   6.34027840266648406134962274679293063      
   6.33352481943290361644245220038395247      
   6.32637785687988169613953554889221712      
   6.31881882180309514569792008956346870      
   6.31082913441909337985930904587604108      
   6.30239042650798930324758699771994755      
   6.29348461919196328258704657253179454      
   6.28409399359702759181264602714392061      
   6.27420123089456853558606053125179636      
   6.26378944349149518572794014472894072      
   6.25284218640917517275077772036703928      
   6.24134346059031658235488017429747406      
   6.22927769567631349271972427837951249      
   6.21662973753576873967670216618885039      
   6.20338481871900702409630466577835613      
   6.18952853005501450242550907761729730      
   6.17504679559890203471485748188405701      
   6.15992583314802600557074744985857375      
   6.14415213481736409575186955854434906      
   6.12771243113302566620890746825979144      
   6.11059366908452895467429069288017372      
   6.09278298527688466461370638510808704      
   6.07426768543186387470663766441785891      
   6.05503522441654579994399401942795340      
   6.03507318929624281958677935393876212      
   6.01436928377397930481417731252906316      
   5.99291131562048008338291310331730219      
   5.97068718421424441290112163129858719      
   5.94768487149851739526638352967092233      
   5.92389243211124929101192650831602224      
   5.89929798807551109500649123588901691      
   5.87388972008966014441553868799744618      
   5.84765586337352005751424812191049179      
   5.82058470206081546961251811028425565      
   5.79266456426651954013461361419567631      
   5.76388381871683225651957860569520339      
   5.73423086998469306009454580832819466      
   5.70369415509109402160361223581905551      
   5.67226213952324897879724197704229899      
   5.63992331287569590545123648768267310      
   5.60666618536852898030304054742766697      
   5.57247928160518701577118619644026304      
   5.53735113999024100300858677892541095      
   5.50127030482930746014227159194437765      
   5.46422532141571126863838494623154225      
   5.42620473253028819128778128246843912      
   5.38719707223521820620763404885339100      
   5.34719086054159725759622042692895061      
   5.30617459824994180077863546370551722      
   5.26413676124587807423527423856847076      
   5.22106579543491359031099994793972117      
   5.17695011053590309232006433922768831      
   5.13177807633224674392893540144325576      
   5.08553801645430711232435463219970266      
   5.03821820350495677570526469196732647      
   4.98980685628765421435718332895167999      
   4.94029213316357911133184491074404457      
   4.88966213030707781319233689929577440      
   4.83790487673371467823398965235253339      
   4.78500833179314963668251340337588928      
   4.73096038189807952533896822403810469      
   4.67574883824468689844338917881584698      
   4.61936143461946902233235429189971232      
   4.56178582506122488418920987774373038      
   4.50300958275579547544201135551962295      
   4.44302019807065747861421401540219940      
   4.38180507835241763875006735659046556      
   4.31935154592653959670741361329323078      
   4.25564683823732073686998009104898256      
   4.19067810697626390150212508001439159      
   4.12443241785764075830369278283758697      
   4.05689675053456202327073204597698156      
   3.98805799838175670749699657013330266      
   3.91790296863171233288591199269553801      
   3.84641838242802245874509562367926486      
   3.77359087527646032397612924125611578      
   3.69940699704277456018673537822360592      
   3.62385321255620496393908078664364896      
   3.54691590165289161008442226134646586      
   3.46858136001006927042836313115182213      
   3.38883579917112721497202604933809079      
   3.30766534730959772407587309800739647      
   3.22505604947873681539487866770448643      
   3.14099386827606977505037417924607847      
   3.05546468415131518788026804805715890      
   2.96845429579130775952197914071898962      
   2.87994842098478808797066375740445131      
   2.78993269667435256859606680182608056      
   2.69839267937523352481653611665289073      
   2.60531384601441920576737156983745226      
   2.51068159398914363694039116777832067      
   2.41448124160801361099332542581610847      
   2.31669802860046280871942072439600794      
   2.21731711649110900107696633026631532      
   2.11632358877884081023787223648562924      
   2.01370245145615265242099985169900635      
   1.90943863332229161166422224252728354      
   1.80351698612575840659919846279394057      
   1.69592228505598295820842122919643373      
   1.58663922901196412041686868512118371      
   1.47565244076088531097517074066379820      
   1.36294646718887881706220379036411951      
   1.24850577963548147621113336994352724      
   1.13231477419443909806644346951476322      
   1.01435777166982609216056024227330708      
  0.894619017879882414101131267700506958      
  0.773082684343309273751156761958926774      
  0.649732867615818471763449065254947384      
  0.524553589983992061109938609084263356      
  0.397528799527154652038303237296386192      
  0.268642370307231931062149885776816625      
  0.137878102507524731951709125380757287      
   5.21972258241485066457243795678959542E-0003
 -0.129349116622739906772778196228986977      
 -0.265844835941503543249992164384502918      
 -0.404283929301450495909402396712922267      
 -0.544682963990733368482119645488600299      
 -0.687058580449086035702834849128404046      
 -0.831427492161773827640626910580447501      
 -0.977806485511397075584859906530290882      
  -1.12621241972778884657821996614858682      
  -1.27666222678483049968706704026239593      
  -1.42917291140567111372408284656550092      
  -1.58376155069675735679623139141773144      
  -1.74044529436343207032483180295816897      
  -1.89924136463156262531645261195362822      
  -2.06016705592884531098323506126535136      
  -2.22323973503814228272905736486488261      
  -2.38847684080454538606085188104070174      
  -2.55589588445582614323862749024129433      
  -2.72551444907302304444371096082354012      
  -2.89735018980518702783022450341643831      
  -3.07142083384906361029350994094118551      
  -3.24774418019855754258408571867031946      
  -3.42633809963556791171000592480205834      
  -3.60722053482415613842676400509621167      
  -3.79040950003902610909707610563906993      
  -3.97592308140968359297682643281306633      
  -4.16377943641459580217343362970882780      
  -4.35399679425704389691455289499969376      
  -4.54659345557499101876299230833971261      
