   6.46114195192883683103959025933776710      
   6.46114195192883683103959028499496191      
   6.46114195192883683103957778849406763      
   6.46114195192883683065256408907608602      
   6.46114195192883655836643787287245600      
   6.46114195192881163349339682210790974      
   6.46114195192814071526348503515621955      
   6.46114195192000067114074582839325719      
   6.46114195186272283844323415710557456      
   6.46114195158873810446147340415179651      
   6.46114195060008226790617915848691854      
   6.46114194771262752423706528221302163      
   6.46114194054422192897178916645898755      
   6.46114192486840828609203681938523066      
   6.46114189388705226048170044357206314      
   6.46114183761350905479106119375689335      
   6.46114174209544486089181162040351444      
   6.46114158885085378459217920942796394      
   6.46114135440522554871594645785649192      
   6.46114100995902559360202634399826249      
   6.46114052119874745008934696899428103      
   6.46113984825793167997407267542157675      
   6.46113894580965037229488302067028358      
   6.46113776340126824965377807180013206      
   6.46113624585540178698441633040663427      
   6.46113433386827618987079102711019388      
   6.46113196475503250156348974282901085      
   6.46112907326164793189422884253376391      
   6.46112559264065041410434176280553772      
   6.46112145550426236772707161746985067      
   6.46111659482376749172652218938950650      
   6.46111094483887819882076717229652466      
   6.46110444190265189653224467716220402      
   6.46109702501392932823436468345728337      
   6.46108863632903544313521046277856893      
   6.46107922152281356549543794697584454      
   6.46106872961194067113790106859199937      
   6.46105711287628543127863733152596117      
   6.46104432643276630837823411275612746      
   6.46103032772931359425482593837531743      
   6.46101507579759616165654261897362989      
   6.46099853028393472521754524432079416      
   6.46098065077321721793225746847156961      
   6.46096139555386802892857370248761456      
   6.46094072064357300472422340375953705      
   6.46091857877233798272506851341018716      
   6.46089491837430670645471072769887482      
   6.46086968262503250432788658182511611      
   6.46084280848373888446707961333452837      
   6.46081422601838186761466878481330881      
   6.46078385764549657054344631977169259      
   6.46075161737147173570254995158187743      
   6.46071741033827296516896094736788092      
   6.46068113237228109183079793243684988      
   6.46064266964925734561781835410482797      
   6.46060189843240916809993961092794889      
   6.46055868493201446014194595919186216      
   6.46051288521145181262281239525710303      
   6.46046434509910924456807738630262390      
   6.46041290026928394646834812577346615      
   6.46035837636097546700136392315751053      
   6.46030058907243421531277359061747502      
   6.46023934425924396044419346493111723      
   6.46017443822446558124538299662965451      
   6.46010565785961360544293574562200048      
   6.46003278078697769474723655970996076      
   6.45995557560688278494193124250431314      
   6.45987380205096300021078648427045244      
   6.45978721110037007740714896670884268      
   6.45969554516245880001417736103611584      
   6.45959853811888000553725527317081505      
   6.45949591549100287061582722141498516      
   6.45938739428881911166868334613696764      
   6.45927268302487249973721075669223791      
   6.45915148161448484171441842352708978      
   6.45902348122123324866716781815575818      
   6.45888836404530329746588506625015041      
   6.45874580303448688529537818265622060      
   6.45859546127574655288115650920105583      
   6.45843699216353008366333811953157796      
   6.45827003829237550181786941707085754      
   6.45809423132762647646301980113105889      
   6.45790919139003659399819453441357104      
   6.45771452517833267807874147272884343      
   6.45750982702169372625251649388913727      
   6.45729467617956270317511498844418627      
   6.45706863737242720140722981075093400      
   6.45683125855002233452181276915037374      
   6.45658206975282677819653218243521741      
   6.45632058309636187533682403532779538      
   6.45604628918603410417774976864116650      
   6.45575865816174605637499565749366327      
   6.45545713600651444432936361878311590      
   6.45514114345689889052365335755953436      
   6.45481007484650023574475463012361659      
   6.45446329505984637670112732254602299      
   6.45410013845191374247764020610358393      
   6.45371990567661878395573214963033550      
   6.45332186180804700232845037229889136      
   6.45290523376941964498156113345275741      
   6.45246920754398372714299262962707070      
   6.45201292524562810700878779309767895      
   6.45153548189445689687894716179233518      
   6.45103592287767843246908519822872698      
   6.45051323971733989464945852366897128      
   6.44996636666018557860810592201301117      
   6.44939417688361378733041791092481956      
   6.44879547847532203112945260731732719      
   6.44816900949921759695104549955135154      
   6.44751343402338574457384155649517848      
   6.44682733651882803087295477267144112      
   6.44610921696416054860272339817541692      
   6.44535748506045063508753863475952117      
   6.44457045423385105540276323500076021      
   6.44374633526469049502591310610570039      
   6.44288322953333837877034428711412979      
   6.44197912147510301191063946732569579      
   6.44103187134936971732037023883987675      
   6.44003920663752568324990816329668985      
   6.43899871294455827354959440974756773      
   6.43790782523585717081008028574986542      
   6.43676381731111652446112101848499409      
   6.43556379120054507083028135760070117      
   6.43430466570712159890069061502162658      
   6.43298316389728629225584811965996040      
   6.43159580050365470070917973375218251      
   6.43013886732265031124085392598061512      
   6.42860841859884537878141487216073742      
   6.42700025492891832376659914926920871      
   6.42530990625325166147208172281570469      
   6.42353261375855127749500669127762949      
   6.42166331045609932851226070532403223      
   6.41969660091015007311860483124936841      
   6.41762673947847091136846993586871547      
   6.41544760755009533015848854969854231      
   6.41315268964268891395042350412253853      
   6.41073504853770617955390804848510497      
   6.40818729978487095907815241924981435      
   6.40550158437156605909250782215089932      
   6.40266954366952863885088176349552050      
   6.39968229211549594817012416976773881      
   6.39653039196141106603603423280811692      
   6.39320382938376522990043450444495898      
   6.38969199310486944233200761398578829      
   6.38598365657073839953630531105680372      
   6.38206696540661743274602018657353134      
   6.37792943081377968627089336490910928      
   6.37355793087270855571758358151138605      
   6.36893872112348235179403722240352334      
   6.36405745538164703062413311667829969      
   6.35889921776420253413317006719184204      
   6.35344856691319041439872649102142401      
   6.34768959054913693305207512381445363      
   6.34160597113503792496926089644868000      
   6.33518105989664032281552246345776384      
   6.32839795737362081729997587511846557      
   6.32123959613644988960080854370973735      
   6.31368882432851448203099377252976673      
   6.30572848754675708575543259142621828      
   6.29734150152924205997972995460659018      
   6.28851091775237071217245181535969706      
   6.27921998199644163993983032110165703      
   6.26945217792392294773539390320472582      
   6.25919126167704779805385112009847273      
   6.24842128629680058487837401133228414      
   6.23712661467012136814271499526317827      
   6.22529192937130251035752421937166806      
   6.21290222468923873344020817180775837      
   6.19994280755015337025441174877362968      
   6.18639928214928169167919385346360305      
   6.17225753807323253038323633467254406      
   6.15750373547700546259030005714787478      
   6.14212428843363508936250147924499962      
   6.12610584845658786010646830338718976      
   6.10943528900259030774470143540296108      
   6.09209968994310692615633262007805530      
   6.07408632329445331559772515063986129      
   6.05538263920269389364036834933046107      
   6.03597625498320152778337088389462748      
   6.01585494259791174588987515887057469      
   5.99500661835645256309216740434250662      
   5.97341933389435921163324476208203063      
   5.95108126677654898509909290860171900      
   5.92798071179960173152123395807245216      
   5.90410607321911392844318070637728099      
   5.87944585566121006885618868898971909      
   5.85398865737256567398553243676087983      
   5.82772316094137555072715846885442729      
   5.80063812465677645667760102810979540      
   5.77272237530725294375065126761404263      
   5.74396479776177784133705564490381146      
   5.71435432497289208601509772861487237      
   5.68387993245306316552869965659891339      
   5.65253062412563850377329652435970126      
   5.62029542551141863965549355620048729      
   5.58716337401436127976306935307893450      
   5.55312350728832262174082028518520034      
   5.51816485731477014029814734559808450      
   5.48227643878893560511528991197214598      
   5.44544724222116555948253983649285351      
   5.40766622466983413592314181414462080      
   5.36892230399616831756192568747387996      
   5.32920435033454175449405340639148375      
   5.28850118072307873859839644203386239      
   5.24680155268820060873594109439759502      
   5.20409416023887463424426675831488489      
   5.16036762819683428964249225504697889      
   5.11561050919549038642102571402744508      
   5.06981128005418599103126551795771790      
   5.02295833865758701157075202094284656      
   4.97504000202819521066414439304753381      
   4.92604450413094039439655050929419731      
   4.87595999448918783119792494284749921      
   4.82477453691252231099535578817755991      
   4.77247610875681498912177625717369039      
   4.71905259998699991102814327448425130      
   4.66449181347433011936667019537185985      
   4.60878146413736076260281326942444647      
   4.55190917919884033985136710828834404      
   4.49386249845562901496338872898251107      
   4.43462887402842634317119644302969307      
   4.37419567181547163743649702382553930      
   4.31255017092961754296839848414461431      
   4.24967956448851087709781780726686088      
   4.18557096018911750915065993981862831      
   4.12021138076595394122464769454930045      
   4.05358776483801101074951813854044054      
   3.98568696702521901163718873625967005      
   3.91649575910098852058447838605451908      
   3.84600083019157479867679023540630283      
   3.77418878760009975002983718461982740      
   3.70104615712404435952510602839469086      
   3.62655938393621518590763333039722216      
   3.55071483286381798656286476065662404      
   3.47349878906352947568944662991525526      
   3.39489745842611726614872538099599540      
   3.31489696826883143459705136170546082      
   3.23348336698910927703916660780633407      
   3.15064262611883686729067473811085231      
   3.06636063916257229995926053909837800      
   2.98062322275724471619227709756239643      
   2.89341611674297513796423925629936125      
   2.80472498491938500670216006707566426      
   2.71453541467456686721042494741907467      
   2.62283291827262391732610845295329111      
   2.52960293212636523758473805811934986      
   2.43483081790481759640640724472505616      
   2.33850186215800967769745791129674486      
   2.24060127704984562057076289212754878      
   2.14111420028945652680806486104423426      
   2.04002569545537032077262037428199813      
   1.93732075213662062523763645632957207      
   1.83298428615828093174375963702083809      
   1.72700113960858178498364415530772786      
   1.61935608152142085750972308288727442      
   1.51003380743809235280380859627821372      
   1.39901893950429935893153828558189120      
   1.28629602729101469849092135105656812      
   1.17184954705432742948718814671654893      
   1.05566390258206650955195015589428859      
  0.937723424961795518378511374330629363      
  0.818012372423117952719228314180902195      
  0.696514931230088249115765174801264472      
  0.573215214726055721298934446948160824      
  0.448097264348368658171958217203357021      
  0.321145049050006291179053736788998101      
  0.192342465722706034636180838538577544      
   6.16733392634669513147051019627042821E-0002
  -7.08785777065596789665003770504987557E-0002
 -0.205329604360740005499914777594797226      
 -0.341696131666259007751380564028391789      
 -0.479994622959392425790742324184997285      
 -0.620241612795394015487450252785679914      
 -0.762453707774326430599899739935317766      
 -0.906647586328841377746723798735332879      
  -1.05283999836717389253499944145615561      
  -1.20104776541929845676882016330455168      
  -1.35128778108379966021282113326368993      
  -1.50357700982996660509429972739245767      
  -1.65793248808084984621456506867897941      
  -1.81437132390344091147122135345737959      
  -1.97291069647618907199067279354243673      
  -2.13356785648431569684629289123481314      
  -2.29636012620759389537261535421381468      
  -2.46130489938039622803589870760193258      
  -2.62841964060809060558295849961830952      
  -2.79772188614626202811001414613621393      
  -2.96922924380651285222566969738235372      
  -3.14295939204705060911273594260550565      
  -3.31893008091925796893353756434102672      
  -3.49715913178170368212208003323804684      
  -3.67766443702749269202202855825792081      
  -3.86046396006028654445214732212978763      
  -4.04557573558120773706199651575762125      
  -4.23301786936906977473834858833164645      
  -4.42280853846902871946248832635779209      
  -4.61496599041630724338419222933495419      
  -4.80950854408293955537299674290697456      
  -5.00645458963019410101965653610856482      
  -5.20582258757617756870265096768600633      
