   6.46114195192883683103959025933776710      
   6.46114195192883683103959028499496191      
   6.46114195192883683103958957409801811      
   6.46114195192883683098873345102373977      
   6.46114195192883677727117257348006981      
   6.46114195192883031831162081095870432      
   6.46114195192861854268133697080660978      
   6.46114195192563371631057863304592082      
   6.46114195190200984912773200953139011      
   6.46114195177780779587958626510932036      
   6.46114195129357025070035694194406006      
   6.46114194978521973321013132088977716      
   6.46114194583141988133939521616455104      
   6.46114193677959119169837541889970920      
   6.46114191818029547312536300571201196      
   6.46114188314731810251756952322857515      
   6.46114182180075599378734154064371962      
   6.46114172068277038773434942261729464      
   6.46114156220930710203404051933780212      
   6.46114132429128051026626450039283519      
   6.46114098004731016259490991323170345      
   6.46114049763867100395246304106338025      
   6.46113984023685223197472406256220432      
   6.46113896617939385297253032999785052      
   6.46113782920453600706522944766488661      
   6.46113637888120011954919744762670313      
   6.46113456116883747416976916556737577      
   6.46113231909996796883739458932417060      
   6.46112959354515694168609202970759582      
   6.46112632405053262028296988599269925      
   6.46112244974698118206254076520613673      
   6.46111791009211664866447001256085077      
   6.46111264565019472094037051943147903      
   6.46110659872183895878439797937468992      
   6.46109971380173062444078415757384834      
   6.46109193798993722035347707362003583      
   6.46108322096364298720734793615683919      
   6.46107351512860818213392465204104015      
   6.46106277525609903855046161347819636      
   6.46105095806543410804395888874767579      
   6.46103802170331779222296730262267383      
   6.46102392506989279992531599159948300      
   6.46100862704715211036477847953812984      
   6.46099208561923628845126324000363502      
   6.46097425703724739843320345155829188      
   6.46095509488716280852732415235438762      
   6.46093454927512519238584486654414349      
   6.46091256581670168053141791520312105      
   6.46088908489062428535624196791244954      
   6.46086404087077874929376042376475290      
   6.46083736143861725523175903909638262      
   6.46080896695344389103170555726799239      
   6.46077876991765889602156796321126771      
   6.46074667455868098100759631320902488      
   6.46071257650945797252940344409006091      
   6.46067636243777563921057243215428405      
   6.46063790985302101933616128179459064      
   6.46059708698850041336860411872020844      
   6.46055375271985888359983204839778535      
   6.46050775660055930710691456288910113      
   6.46045893880150819428077369730074892      
   6.46040713035477534852382281902910490      
   6.46035215308912703139030082341997217      
   6.46029381982022862155126332250504630      
   6.46023193449782811590756828148884794      
   6.46016629243899381737639672246087535      
   6.46009668039329043194507331163090612      
   6.46002287663619584409158110234623471      
   6.45994465133401364763565407045600553      
   6.45986176642382183219731896136781769      
   6.45977397577771752571696538462189327      
   6.45968102529651297031664906044243781      
   6.45958265289410043745033870668046753      
   6.45947858845929482084012931227974208      
   6.45936855376877513237713023118012216      
   6.45925226245492453603527569212030353      
   6.45912941980440518952458010425584048      
   6.45899972245656996080802821975484516      
   6.45886285812745737170434592791283825      
   6.45871850525858205244172082244159927      
   6.45856633259612482249800722085028288      
   6.45840599871417546640454829378971837      
   6.45823715141061002624785178099050548      
   6.45805942688029969033644623639474120      
   6.45787244959814528122721789092122988      
   6.45767583067680918820912322047721247      
   6.45746916766103200977387613942759951      
   6.45725204350468973655419844449014275      
   6.45702402483160949596672065852250399      
   6.45678466251473251926140667217868759      
   6.45653348575567367580154160159250291      
   6.45627000775473725454192999156492036      
   6.45599372027810770824261453679181743      
   6.45570409111402771219828439216332130      
   6.45540056423714754398539808152400530      
   6.45508255771751784021356359590246161      
   6.45474946189743920155591229479314338      
   6.45440063670261576558747732656568562      
   6.45403540992384461104737050235108863      
   6.45365307522447731966344000032111094      
   6.45325288909717606740826958323341225      
   6.45283406877026571179955608616433951      
   6.45239578893889849169616390607930453      
   6.45193717883587089913155015673189197      
   6.45145731970341039267835033055489039      
   6.45095524081842351687945494131450854      
   6.45042991623210069616672501974664581      
   6.44988026076676476499635513144729170      
   6.44930512629114766791957399761871263      
   6.44870329730289268137947388814738802      
   6.44807348602963792694356559567401696      
   6.44741432832419840384116885836610914      
   6.44672437788964642301462981386383908      
   6.44600210101161338585881742263790738      
   6.44524587066617801602088224781469775      
   6.44445396005517103337235341039364895      
   6.44362453654372796486598033314103290      
   6.44275565364710062315036089164886564      
   6.44184524440069197939677382713231288      
   6.44089111226271865517989918031126700      
   6.43989092323507698318473801791233395      
   6.43884219596849255543584916539346660      
   6.43774229217020103904461371155605977      
   6.43658840589689247693121872384986059      
   6.43537755202461677125655489601173023      
   6.43410655415139653281718422036554377      
   6.43277203163151085749816291047165850      
   6.43137038534843442534330108776353027      
   6.42989778284783691622581532815779406      
   6.42835014229609397435092660267890358      
   6.42672311532224810077664536098802182      
   6.42501206869796245144089305577229876      
   6.42321206478656649740278287117508767      
   6.42131784064152248760901072328942413      
   6.41932378600457296235642783761155734      
   6.41722391980227842929576095581894290      
   6.41501186544850958482391024084905520      
   6.41268082492368154332482854751609515      
   6.41022355179468933815325248166692503      
   6.40763232360910007742575734612194240      
   6.40489891245035290732970015177271041      
   6.40201455772316509339034918461753667      
   6.39896993711231054977380118656318180      
   6.39575513975495310139190696318552559      
   6.39235964127035117311055428271741120      
   6.38877228208436331234522153360706088      
   6.38498125013975625728385001659121404      
   6.38097406995003879447055956145270372      
   6.37673759928854081561410492295543487      
   6.37225803499093645992525612150537106      
   6.36752093013756872451571508797776660      
   6.36251122309768306624391734585870065      
   6.35721327905149218028358495895706652      
   6.35161094632932170981610696719884536      
   6.34568762258213508581627759413583190      
   6.33942633319220397854015941605971062      
   6.33280981704361124944625139377185309      
   6.32582061886782529024810873360301142      
   6.31844117909697746998809411647802683      
   6.31065392671352032071246503149122099      
   6.30244136043328774991735047268159858      
   6.29378612507480813263221902547309231      
   6.28467107569974054763760373753104217      
   6.27507932710127913714632572140758776      
   6.26499429644074510141454719023752418      
   6.25439972625506891781133083046193343      
   6.24327970146469009874799159467139060      
   6.23161865503802763647628741716598122      
   6.21940136500515720744916166107750279      
   6.20661294613583443977372633261423041      
   6.19323883528822391374708022324170799      
   6.17926477558721276171549264902971794      
   6.16467679734826038612496486797601262      
   6.14946119755516722292461590840760450      
   6.13360452051826507598071272648543567      
   6.11709353813205091850067471062356745      
   6.09991523209253940741631901907754258      
   6.08205677562174663298079480915292484      
   6.06350551875589159074890485702992639      
   6.04424897292106024868691847758001655      
   6.02427479846887729048698911207831092      
   6.00357079287124300552582408930637088      
   5.98212487989917611554270242470396402      
   5.95992510084981500111132541716706506      
   5.93695960491316081802889098866727110      
   5.91321664243202886898157055306996848      
   5.88868455641870783358553564875738070      
   5.86335177585248915903846511719659044      
   5.83720680936293179117973069045826526      
   5.81023823767839714911872357409433030      
   5.78243470702674966442437181453178409      
   5.75378492194498943899540557921657010      
   5.72427763871749691934572799363313252      
   5.69390165734641728403769735937605608      
   5.66264581381293966716975119886245010      
   5.63049897258685668997870286260002077      
   5.59745001836078569048347238892739644      
   5.56348784922019044741189848676739846      
   5.52860136540544157267123491327864914      
   5.49277946406131322744590384766086690      
   5.45601103036572815498457274748132439      
   5.41828492985475007633924140911485503      
   5.37958999965394285477669287188830271      
   5.33991504393985628599005840207050620      
   5.29924882452327636501558919413479488      
   5.25758005574888328156985575393332560      
   5.21489739890948580667398050315081495      
   5.17118945664407149859557403080406176      
   5.12644476801114804698440653115730477      
   5.08065180416269502162810507704406991      
   5.03379896521083280549452589641846029      
   4.98587457619897980424425680577349285      
   4.93686688446843514964255090091013838      
   4.88676405776409829640548144927392056      
   4.83555418150186928993457447446824231      
   4.78322525788898302567273729936296918      
   4.72976520381399019921334611810792765      
   4.67516185069813978625112961675980115      
   4.61940294328537406074839451322091223      
   4.56247613947395831480599308437406523      
   4.50436900973508738687480140189348644      
   4.44506903676848807280129929980583304      
   4.38456361634676711391598937682297755      
   4.32284005692608300310920592604997103      
   4.25988557985482307147234557480907406      
   4.19568732000757499627189947711209434      
   4.13023232604862082428449752369741517      
   4.06350756081872897384263697312731704      
   3.99549990201599002063861999332772199      
   3.92619614267565730619245012987611266      
   3.85558299160291626024712709428586046      
   3.78364707406058713260922421563902057      
   3.71037493232603632349153300622330988      
   3.63575302608871144584763263382465619      
   3.55976773329235694424042712461760348      
   3.48240535032787316821729019398422087      
   3.40365209289577679309406547626194708      
   3.32349409636468217045253242317857022      
   3.24191741622817379908160234277545881      
   3.15890802869304346601701135776766482      
   3.07445183098598466097768977027014856      
   2.98853464206083039890826525304795827      
   2.90114220255896536448211048786738304      
   2.81226017577921580854141710589035698      
   2.72187414764892620041913149500448696      
   2.62996962721023806230007757491234791      
   2.53653204698772299016299815204278932      
   2.44154676316042522967849967217696976      
   2.34499905618341889290412874716306588      
   2.24687413074646351017204100431553918      
   2.14715711618820668081484405344073512      
   2.04583306672628429234220131638353956      
   1.94288696169421557245416965928147587      
   1.83830370593597330422204151399165716      
   1.73206812968513024032059153173377309      
   1.62416498893357569107185554065859094      
   1.51457896562568376645410703921128960      
   1.40329466823901845819575930396624102      
   1.29029663080424168727505745223868796      
   1.17556931435935489917405376060635222      
   1.05909710631478883488633265463214350      
  0.940864320819119639165494118277767520      
  0.820855198861694115319043121112964407      
  0.699053908416423160084923616471293515      
  0.575444544473057655538771747049899853      
  0.450011129477024992831629451858322758      
  0.322737612977174821908714813501932310      
  0.193607871231545801936009816153235409      
   6.26057094853854140106643284947780205E-0002
  -7.02851406501798112097139492361572591E-0002
 -0.205081019619974787725806775457496244      
 -0.341798340185234530218937907357111490      
 -0.480453587522796327406943881980750713      
 -0.621063318786637971365582777352843760      
 -0.763644163018741964052511818387600296      
 -0.908212821616948012420496162753957995      
  -1.05478606787169288596669995027253780      
  -1.20338074700198629454139537665084757      
  -1.35401377668411435709095569299241860      
  -1.50670214527890058394869932030985019      
  -1.66146291369103155107062771368863496      
  -1.81831321430145235902186678966836036      
  -1.97727025178235494914279530301119811      
  -2.13835130181205998095780920248126042      
  -2.30157371162626110335037918391838191      
  -2.46695490050687394066111630725592128      
  -2.63451235940820182727861679095170840      
  -2.80426365004246773948025498518081075      
  -2.97622640600917929361962859640640828      
  -3.15041833237521433544764114070388620      
  -3.32685720581658579077329331416683246      
  -3.50556087402413903071543723502552065      
  -3.68654725592472292814813933817921643      
  -3.86983434195924898974355213795733448      
  -4.05544019382288540027004709415201021      
  -4.24338294431254417326484674544990148      
  -4.43368079786866882593972097085332383      
  -4.62635202917460304935879990183989529      
  -4.82141498462168420228766653939016097      
  -5.01888808171568304292701854520303420      
