-0.24806456871179E-08
-0.12403228435536E-08
-0.82688190149196E-09
-0.62026020339008E-09
-0.55743319529122E-09
-0.32957392366642E-09
 0.21944551152049E-08
 0.23459629668127E-07
 0.13253639044189E-06
 0.51854979686144E-06
 0.15584158962485E-05
 0.38539121198668E-05
 0.82133521953661E-05
 0.15657612102851E-04
 0.27280833203056E-04
 0.44521499413885E-04
 0.64747512184805E-04
 0.93571990916054E-04
 0.12961223547194E-03
 0.17229399241377E-03
 0.22223037067956E-03
 0.27935906487526E-03
 0.34316123901324E-03
 0.41324681723203E-03
 0.48908681382126E-03
 0.57003516483334E-03
 0.65554469086036E-03
 0.74411962748583E-03
 0.83698495019313E-03
 0.92986898703187E-03
 0.10247033031773E-02
 0.11206523560578E-02
 0.12159338332166E-02
 0.13118366970224E-02
 0.14039610537197E-02
 0.14963470739850E-02
 0.15848952188634E-02
 0.16686731057629E-02
 0.17501363071058E-02
 0.18311487656609E-02
 0.19099493285631E-02
 0.19817191320577E-02
 0.20517001226428E-02
 0.21199384126001E-02
 0.21842872942642E-02
 0.22435865659669E-02
 0.22988905579111E-02
 0.23543524148195E-02
 0.24091565940911E-02
 0.24627847597782E-02
 0.25147226005125E-02
 0.25648146530572E-02
 0.26145330015798E-02
 0.26624137223707E-02
 0.27092603937238E-02
 0.27557128078407E-02
 0.28039688281047E-02
 0.28546645987373E-02
 0.29057890791552E-02
 0.29569336984857E-02
 0.30079152597323E-02
 0.30607893706168E-02
 0.31144573762218E-02
 0.31703472649616E-02
 0.32288932805072E-02
 0.32882692423562E-02
 0.33486782455722E-02
 0.34096809767914E-02
 0.34726758326266E-02
 0.35382596586301E-02
 0.36045210569292E-02
 0.36733446368781E-02
 0.37442343839995E-02
 0.38172774970834E-02
 0.38912455906976E-02
 0.39645291370041E-02
 0.40387497673744E-02
 0.41146041725460E-02
 0.41914477653557E-02
 0.42713774476812E-02
 0.43538374722059E-02
 0.44352128499501E-02
 0.45187570179838E-02
 0.46075508123735E-02
 0.46889574540015E-02
 0.47710697191243E-02
 0.48491103556756E-02
 0.49372960003806E-02
 0.50293502899571E-02
 0.51207810369590E-02
 0.52173078241533E-02
 0.53113012759351E-02
 0.54022759393567E-02
 0.54879940966958E-02
 0.55796181990829E-02
 0.56818652568005E-02
 0.57829748433812E-02
 0.58710824984039E-02
 0.59669551664964E-02
 0.60653922526935E-02
 0.61713298328013E-02
 0.62819532949467E-02
 0.63870602715013E-02
 0.65017519422477E-02
 0.66093219334345E-02
 0.67192671259098E-02
 0.68356090441762E-02
 0.69557289223609E-02
 0.70800058327823E-02
 0.72024184790461E-02
 0.73337190255781E-02
 0.74644754674500E-02
 0.76007980902271E-02
 0.77432634287330E-02
 0.78921969529158E-02
 0.80399564835267E-02
 0.82019992374596E-02
 0.83632101927523E-02
 0.85311555982047E-02
 0.87103011697670E-02
 0.88933734878237E-02
 0.90834186920789E-02
 0.92818375398430E-02
 0.94896047862942E-02
 0.97067373079730E-02
 0.99343400932785E-02
 0.10170852173809E-01
 0.10418651483118E-01
 0.10678498916911E-01
 0.10949987764513E-01
 0.11236999865997E-01
 0.11535922387291E-01
 0.11850320466494E-01
 0.12180824603271E-01
 0.12530266791568E-01
 0.12893815382376E-01
 0.13280241579081E-01
 0.13680566285948E-01
 0.14107385351035E-01
 0.14554805752238E-01
 0.15024445312599E-01
 0.15519160302012E-01
 0.16040836876378E-01
 0.16588932959032E-01
 0.17165866075272E-01
 0.17772986596597E-01
 0.18410153874364E-01
 0.19077915914409E-01
 0.19776037371597E-01
 0.20504867071299E-01
 0.21262807694449E-01
 0.22046917223298E-01
 0.22855340519415E-01
 0.23682115408277E-01
 0.24523678964717E-01
 0.25357594105456E-01
 0.26191278478768E-01
 0.27008823863370E-01
 0.27793549290063E-01
 0.28537103046999E-01
 0.29229178906625E-01
 0.29864951237861E-01
 0.30442490136063E-01
 0.30958280836019E-01
 0.31420795199074E-01
 0.31836032741940E-01
 0.32213188034137E-01
 0.32558497921876E-01
 0.32885183623079E-01
 0.33196711941920E-01
 0.33500905844550E-01
 0.33804277131344E-01
 0.34111679487707E-01
 0.34422665182546E-01
 0.34734878075779E-01
 0.35043867979299E-01
 0.35368045018163E-01
 0.35682478457933E-01
 0.36001774589392E-01
 0.36327483296822E-01
 0.36642832711024E-01
 0.36955177462879E-01
 0.37262571581260E-01
 0.37559307150046E-01
 0.37853795595218E-01
 0.38130626172865E-01
 0.38392596936853E-01
 0.38640510567790E-01
 0.38865791925102E-01
 0.39072983476422E-01
 0.39253547425774E-01
 0.39409685470803E-01
 0.39537676906486E-01
 0.39631482643180E-01
 0.39692426089426E-01
 0.39718245050761E-01
 0.39704070266112E-01
 0.39651282056458E-01
 0.39558491664658E-01
 0.39430448028266E-01
 0.39244668365023E-01
 0.39036278449339E-01
 0.38792715861268E-01
 0.38507218979702E-01
 0.38191028120143E-01
 0.37851372295183E-01
 0.37486723403005E-01
 0.37103567824723E-01
 0.36707298499883E-01
 0.36300875189883E-01
 0.35887642977733E-01
 0.35476132969860E-01
 0.35068161811552E-01
 0.34671250601551E-01
 0.34284671537840E-01
 0.33915179812971E-01
 0.33560209368573E-01
 0.33226936228668E-01
 0.32916628293634E-01
 0.32627213144101E-01
 0.32363123319520E-01
 0.32120526986005E-01
 0.31901704004990E-01
 0.31704344476015E-01
 0.31529848287017E-01
 0.31375444304655E-01
 0.31243298176237E-01
 0.31128013634382E-01
 0.31031901279753E-01
 0.30951460338624E-01
 0.30886595199646E-01
 0.30835173509494E-01
 0.30791047336174E-01
 0.30763690876263E-01
 0.30745078265782E-01
 0.30733622783246E-01
 0.30731301360601E-01
 0.30735235444871E-01
 0.30746675850917E-01
 0.30760812797550E-01
 0.30781384797659E-01
 0.30805737400595E-01
 0.30833237606607E-01
 0.30862833861788E-01
 0.30894605434586E-01
 0.30927782768917E-01
 0.30963618231667E-01
 0.31000389497681E-01
 0.31037760461165E-01
 0.31075888647699E-01
 0.31115279916701E-01
 0.31152820831071E-01
 0.31192449482701E-01
 0.31231945696441E-01
 0.31271619802485E-01
 0.31309929993236E-01
 0.31348842164942E-01
 0.31386834916683E-01
 0.31424751971175E-01
 0.31462241861132E-01
 0.31499439578103E-01
 0.31535152333146E-01
 0.31571184507388E-01
 0.31606547810250E-01
 0.31640956722659E-01
 0.31674716139694E-01
 0.31705961232258E-01
 0.31739178105098E-01
 0.31771135836427E-01
 0.31801468343397E-01
 0.31833266894863E-01
 0.31862125471551E-01
 0.31891249148581E-01
 0.31920155612219E-01
 0.31948644883985E-01
 0.31976240911187E-01
 0.32003254776454E-01
 0.32029582256436E-01
 0.32055530331886E-01
 0.32081200820938E-01
 0.32106072593155E-01
 0.32130546420865E-01
 0.32154201845006E-01
 0.32177814581164E-01
 0.32201314307097E-01
 0.32224280536873E-01
 0.32245398929805E-01
 0.32267382731008E-01
 0.32288919642182E-01
 0.32309891621148E-01
 0.32330502440054E-01
 0.32350745538820E-01
 0.32369737443762E-01
 0.32389440756903E-01
 0.32410032980515E-01
 0.32427947977938E-01
 0.32445793755170E-01
 0.32464106563840E-01
 0.32482648771686E-01
 0.32501122381857E-01
