   300.978219216989613138956976775735840      
   300.978219216989613138956976775735840      
   300.978219216989613138952313252692356      
   300.978219216989612561171370079592824      
   300.978219216988905625183923109270520      
   300.978219216904464391031154887288516      
   300.978219214287843699787857095551264      
   300.978219179903074338454198952560390      
   300.978218926706935031680000807389929      
   300.978217686958043575465293354088639      
   300.978213177535782015854463411885655      
   300.978200048355029523522309218746356      
   300.978167819903918193535892421445672      
   300.978098595671937782766779416506689      
   300.977964901761382264712592833534201      
   300.977727959824006485996182694004389      
   300.977336586200605715353192966837085      
   300.976726798408966378543294061675238      
   300.975822074234401337190241356381019      
   300.974534179129245129175174700350814      
   300.972764410296997067745200446619996      
   300.970405105208817845963259264074464      
   300.967341268550823596757020611068903      
   300.963452187429708785303434452750105      
   300.958612930517359317753421600396840      
   300.952695656102681404452013506976477      
   300.945570681242940958410472053197506      
   300.937107293404463224836091507739125      
   300.927174311017611692200552389389367      
   300.915640419978750021638434532385601      
   300.902374328842106235202366444219484      
   300.887244797533699688204701254915775      
   300.870120586585048985505094222200611      
   300.850870390576723370412413493058802      
   300.829362796325101386837357790031366      
   300.805466307244387947159697731418383      
   300.779049460338863367011005614876630      
   300.749981055757052128426246446129861      
   300.718130493440024924368732250347785      
   300.683368244333496788600072705796171      
   300.645566396725147804300389766619261      
   300.604599303798678532209213978482413      
   300.560344292015927471246412757087327      
   300.512682411152559435511090385699120      
   300.461499202286507557377993915121384      
   300.406685458959936422962786449284683      
   300.348137963805091956654241575039641      
   300.285760170337474784445745089850954      
   300.219462849360257557878742029386476      
   300.149164624329582663501684240065542      
   300.074792444706035267098294592602704      
   299.996281961888677273239256688693060      
   299.913577809682961185383615724870371      
   299.826633789346743051038557302496235      
   299.735412951500793694954589212990575      
   299.639887585634801650999201863852281      
   299.540039125833100039759047353449632      
   299.435858016554403803454052686715270      
   299.327343372665162516027047198098981      
   299.214502707909340091545017630327804      
   299.097351536543394240542315231579670      
   298.975912926950706359260586289325229      
   298.850217009977823645165035852374001      
   298.720300470329877244645013929589863      
   298.586205982310273992309367678647367      
   298.447981625943758246189335580421780      
   298.305680295738937540392153187817001      
   298.159359103557252534157817817449665      
   298.009078749531059700913600506191871      
   297.854902932559274641289125140142271      
   297.696897742405512088429057414461464      
   297.535131079587088808388953046632277      
   297.369672058588371598375609641129895      
   297.200590460922550870910246599569350      
   297.027956167047045918317424127737860      
   296.851838658733102646739401903091220      
   296.672306508108357728541649090333548      
   296.489426892567298719305074179796107      
   296.303265160607930704501036339252674      
   296.113884391290746357750137113156296      
   295.921344966489622519376587519432016      
   295.725704216307153702037941345860154      
   295.527016046266833476338738427550898      
   295.325330601739587755683657507715398      
   295.120693949041442167210254623142629      
   294.913147783695889799392417467978051      
   294.702729134007877557264593478656033      
   294.489470084240314090400917272223209      
   294.273397630096043333262832753377665      
   294.054533329751545170471102538109688      
   293.832893103450316406251372668429053      
   293.608487013936022440470558530617213      
   293.381319278561381144730582576759395      
   293.151387422930249492830308707866125      
   292.918683074188259660336745418831711      
   292.683190956932859835075012325237765      
   292.444889016677620037172460089966031      
   292.203748243919257636178326408838854      
   291.959732253218335282693702548747904      
   291.712797506727196666478302523606744      
   291.462892568277173411681596386227133      
   291.209958327736817534450671838974164      
   290.953927440114784757067299967351927      
   290.694724306453955127971087609827371      
   290.432264602611404369671136580869272      
   290.166455088171571629575487508170570      
   289.897193250706373199644371801836764      
   289.624366972560386219189874701578100      
   289.347854111690098291039489345741931      
   289.067521946436690074080894621970639      
   288.783227216461338994214346708465801      
   288.494814992332128213312229947883524      
   288.202118395771025067662722603665586      
   287.904958069221282645579886781781703      
   287.603141374284631224571617666119808      
   287.296461730012940152613420800892078      
   286.984697785437943320878256126906207      
   286.667612564832920087713633049347950      
   286.344952452888090263626882654817691      
   286.016446201366052573287289548717559      
   285.681803676862126913239038557859152      
   285.340714628471146250646503901922041      
   284.992847359293047808872437242253437      
   284.637846990429934133549621070711614      
   284.275333975918337590673955855089688      
   283.904902091086150676565855698006222      
   283.526116486040587701568092292042070      
   283.138511399376890257139629459732522      
   282.741587736730681290485506869156847      
   282.334810375478459676785712058857642      
   281.917605232260445855246723710994520      
   281.489356082890208811930091256526168      
   281.049401069579598239642891718652371      
   280.597028918746346477296523822094926      
   280.131474857098879288656422258343574      
   279.651916214251390151780119098731186      
   279.157467433217371125834655296775615      
   278.647176043983366280004540733450028      
   278.120016021315956567445741602917077      
   277.574883164541269232934459056919385      
   277.010589313695217365829683020945300      
   276.425856769607351699384338478982805      
   275.819312917505187051231723185831541      
   275.189485303499926610905442049447297      
   274.534797538809334537246316524707838      
   273.853566372217388330978774639591025      
   273.144000657473057129188362503629010      
   272.404202724246933413695324666051083      
   271.632173156047475610174809436478100      
   270.825819816024429435686524054954018      
   269.982972144987461414561300343243412      
   269.101401892828118692957608705609534      
   268.178851057499869965099942889839254      
   267.213067692096841387583334651461307      
   266.201849130669265818006647736071041      
   265.143094846074120263650391258393033      
   264.034859893608054816171067923660993      
   262.875415170870926300598248908854408      
   261.663303480674239945096414241094299      
   260.397388901640074076539142983390786      
   259.076893607628356411216622361676271      
   257.701417353498787568205393995758157      
   256.270936411314047694540546299453254      
   254.785781122684441733533679092618304      
   253.246593821697446025621746430392751      
   251.654271598270911011512636822578636      
   250.009899939216768316797840965100925      
   248.314683723881705727699168339990112      
   246.569882190601451133550324373788118      
   244.776752164808240266683549915947967      
   242.936502941119701521115942104342593      
   241.050264268490816558854807810423111      
   239.119066517434927042696769248157461      
   237.143832567345188323938960652903067      
   235.125378779201392389454061047249690      
   233.064424015293699878514337035845151      
   230.961603380994213786524508071065581      
   228.817486153030589692454017787248612      
   226.632594586763839749548284440145095      
   224.407432387605220635413908030389602      
   222.142496639378196317591878667779679      
   219.838306740719176001575302992081520      
   217.495424697619484271764549022185611      
   215.114476452220404295149768070726399      
   212.696172342166422438321887688831164      
   210.241326474369206727254630105666671      
   207.750874963971837411483707313376564      
   205.225893012591896459065853419012334      
   202.667610379389064710329053536842655      
   200.077424953810545148436781042019706      
   197.456914428463191190783293472739771      
   194.807845739497662382073273711700906      
   192.132181682058893544413965488811218      
   189.432084806805362320350796069121244      
   186.709917868374543175013201175083051      
   183.968241030709012485576827082435625      
   181.209805150308218805154775967214500      
   178.437541378764734974280198035052414      
   175.654546965247387936388670286135654      
   172.864067083274984635375124184185808      
   170.069473285840374938872158176317673      
   167.274238613767055567349983836253311      
   164.481910060919955749100635722804672      
   161.696078684479746899616633948622639      
   158.920348600305890927144858953916047      
   156.158303738788865889707809942459180      
   153.413477391971579706239823903254098      
   150.689319685560088039293950427803202      
   147.989167972413247183792855705573553      
   145.316218998674179485868306729469611      
   142.673504057763211698188550547786742      
   140.063867119622272749376384415036591      
   137.489946696463605873560413438554703      
   134.954161434865901437575927978613237      
   132.458699533026735366398585159227911      
   130.005512062070558418878341728309682      
   127.596309983339615212533069040828463      
   125.232564463562827322717901693313045      
   122.915510414562628552220787079480477      
   120.646152831180007144539662016937348      
   118.425275342783837595332900986487573      
   116.253450863360977392987746803503574      
   114.131053578690576573074358295576442      
   112.058272277569461718398186826014959      
   110.035124261963160505737229192907061      
   108.061469846016582197184090883324957      
   106.137026930284741924956611895945332      
   104.261385357099137164364666269327896      
   102.434021357270747987705014698258458      
   100.654310442852218112144156763861002      
   98.9215414573424693569049214110315080      
   97.2349281745882943328483162988550992      
   95.5936209236496120415265584175021033      
   93.9967173562460329348628705018367171      
   92.4432721864559926190242754271832886      
   90.9323060830114348874630302353835980      
   89.4628139646416375621821689208544332      
   88.0337721087770460058596694104927593      
   86.6441448448053207204672769438761693      
   85.2928902388573217254525770745660746      
   83.9789652685092351617774823428946246      
   82.7013302675005465147628209116835179      
   81.4589528269893121835428928859224925      
   80.2508111025554720063668383184645496      
   79.0758967353617373346503807764859349      
   77.9332171626026823812388460992807434      
   76.8217977316049460106121149197661692      
   75.7406832566979067110354453232272040      
   74.6889394096998942307747052519913780      
   73.6656537282005204064951430974570058      
   72.6699364388905952764172607130047302      
   71.7009210041189660328665799401021685      
   70.7577645348746497843100284368084728      
   69.8396479767755682067647959250631866      
   68.9457762121431130875614231451213438      
   68.0753779888768407756274222965550072      
   67.2277057673125704000981063330087701      
   66.4020354781876402161796092725110948      
   65.5976661947990482278532807801201871      
   64.8139197464885259580161415275521747      
   64.0501402948783721927693656502482670      
   63.3056938385461223410815756931984137      
   62.5799677176659367587012887466633744      
   61.8723700754410384720585233480956821      
   61.1823292957415658552354829812293504      
   60.5092934480238914192430328252735782      
   59.8527297077565732642252356973841230      
   59.2121238376459833796372295746073529      
   58.5869793428952414229924259766890583      
   57.9768173197957422576261627288260637      
   57.3811755733770835950368586075958741      
   56.7996081550357426933217510841884814      
   56.2316847840614598083273175801179192      
   55.6769903294997623990282949646789468      
   55.1351242292834350331627009623876105      
   54.6057000400270199423568759876653817      
   54.0883448562868106491561126439334771      
   53.5826988769784951885079481369285757      
   53.0884148869840705990888106812836358      
   52.6051578052927536153695000040229785      
   52.1326042492815432843274405866519406      
   51.6704420624896327114079186932957911      
   51.2183699480883976167762687963862565      
   50.7760970016776473133020030224922880      
   50.3433423707119758248666415508611157      
   49.9198348427468843198941841035317003      
   49.5053124774817399058107686218500452      
   49.0995223128085765207398373327419578      
   48.7022199333812124972149463150916084      
   48.3131692332598217644380648047582305      
   47.9321420539639624242554681668279675      
   47.5589178781863428435259445212936321      
   47.1932835812573374220785014383615731      
   46.8350331296843066311160940236403193      
   46.4839672815516200686838211136802070      
   46.1398933977059414892127873630461042      
   45.8026251575303177448821030838025688      
   45.4719822835834357472328171793537213      
   45.1477904005377101835110999800107120      
   44.8298807664749627448630534000423988      
