   300.978532456069162132856044161749454      
   300.978532456069162132856044161749454      
   300.978532456069162132855924296497666      
   300.978532456069162098896635552908055      
   300.978532456069088835279119800001420      
   300.978532456056290299181406863102435      
   300.978532455534191404948143827275576      
   300.978532447078064169586794189437963      
   300.978532373694124074063270552230729      
   300.978531963601979895479046980413550      
   300.978530301150510543842745259655902      
   300.978525003244695693313676407747264      
   300.978510966584948229007345226574672      
   300.978478782583574478369976811378567      
   300.978413016565280373770602597405549      
   300.978290580599256097601027293868670      
   300.978079399650123270257653691174630      
   300.977737504320499882192354628683148      
   300.977212606837377694557002426092633      
   300.976442152082887618640404294005244      
   300.975353784814550028102271506782752      
   300.973866135595810411236200212702870      
   300.971889834261373979911635360312708      
   300.969328637872795527052914653555662      
   300.966080580833873343914737440517495      
   300.962039067102344333460341113990317      
   300.957093844522874218038160903920484      
   300.951131822894104857562547352583395      
   300.944037718767263232594791294218530      
   300.935694529349083826601082095196278      
   300.925983853831511881683384355970198      
   300.914786092084943323314631043514111      
   300.901980557095689467533514809967201      
   300.887445542111931834857677646321540      
   300.871058345970964471085263880366716      
   300.852695472042760125643782176816620      
   300.832232598709402293203887844797645      
   300.809544880669737601969444682185156      
   300.784507206511455096325774445442407      
   300.756994561366245412029274989119239      
   300.726882467199390537019303154263161      
   300.694047490859963027756895816000794      
   300.658367801656939095873757165616623      
   300.619723784813902532874393463033757      
   300.577998646623810768373154542501298      
   300.533079038624821579978816533798365      
   300.484855661149528120532697940551893      
   300.433223833617182865552716879666512      
   300.378084019454116669790549801213687      
   300.319342289291802005068504530193952      
   300.256910717421627720655657453855281      
   300.190707703074780113736666763583677      
   300.120658200030844497571769513388058      
   300.046693895963638558200999290915089      
   299.968753265098640571971997352860834      
   299.886781565479036373198333875592580      
   299.800730749356038147432250773716347      
   299.710559298816938316659288890274896      
   299.616231992395362309230885540871282      
   299.517719603702801530562491157425528      
   299.414998529091447146754521538541266      
   299.308050404475953217859451134717808      
   299.196861625586668997219048221058802      
   299.081422853974434430341724506860265      
   298.961728490321129776150039844141712      
   298.837776120062624995807414886577665      
   298.709565929693551390685463582309275      
   298.577100109998964495388405170519165      
   298.440382251771371530254612252175251      
   298.299416752352012687144772221136561      
   298.154208187661247168819045631743069      
   298.004760699847593157854911057889152      
   297.851077392455708322605652868384789      
   297.693159732025407220718694631006975      
   297.531006947715365766810181196875579      
   297.364615453233054672040391052446886      
   297.193978274429414157208651177897633      
   297.019084490674513830603933803902757      
   296.839918697061574606399815107239204      
   296.656460456592902586628795707952035      
   296.468683770520631687206549023879330      
   296.276556574010071925318308688192859      
   296.080040235494842528740354157226359      
   295.879089059578014453895380470282578      
   295.673649792774836152429266943606915      
   295.463661162440349586310912461384611      
   295.249053391318232487343418971771356      
   295.029747622740313480946268362465605      
   294.805655760990073409472712277004685      
   294.576679580024677166388870223732281      
   294.342710494489504239998269281699393      
   294.103629015325232578565056594439132      
   293.859304249464017408808979953517621      
   293.609593343760793713376910989591147      
   293.354341071054691428943294607619813      
   293.093379163090824078169569703126598      
   292.826525842897294189458311901168015      
   292.553585175869310427188192461768191      
   292.274346455928131105766297864266190      
   291.988583658833196104583787024050556      
   291.696054466350003086659381987617882      
   291.396500069830394453364567423874434      
   291.089643702622998991751675038194807      
   290.775190681137875956965239737096757      
   290.452826960107641434768687762758189      
   290.122218329009772656552864373656941      
   289.783009554322020723187269910244620      
   289.434823303278904825742416665392843      
   289.077259193746130723539251324672269      
   288.709892432302354651501013854438915      
   288.332272866852092468059154469794972      
   287.943923390675522378545153257915227      
   287.544338852115519076758184703495337      
   287.132984180627370729919560392262602      
   286.709293857020154369775696960241859      
   286.272668904895511969985703631814136      
   285.822476179140813056606549049158241      
   285.358046185074117402688963316570165      
   284.878671339722878252065800095202174      
   284.383603960736751498472873635676254      
   283.872054295182961328047920895981105      
   283.343188420097910453152282074914005      
   282.796126159354305099797879210857307      
   282.229938957720599319491388222613321      
   281.643647751653493035649101421629490      
   281.036221007425276666576415576279876      
   280.406572718284993808341434928072154      
   279.753560651582565293545676760178746      
   279.075984900552182363898225550679480      
   278.372586669929092834706925211563459      
   277.642047603645513841813690924252814      
   276.882989669086472206068985610512684      
   276.093975361167918288010039987178437      
   275.273510786067013763992657254127532      
   274.420046160307014561107440293060630      
   273.531981124619871790934376388638926      
   272.607669901731217167678412835627420      
   271.645428419942781957698419325548014      
   270.643543451525443164766248927123428      
   269.600283701109991076608728291804693      
   268.513913020755556026613145693652903      
   267.382705765103994401609776159590402      
   266.204963990557695886053446543141408      
   264.979036607459644845278005217307070      
   263.703339586255926875697178654535205      
   262.376376887447007041878224727408902      
   260.996761465539601483899366014358974      
   259.563235252010611711528135370142298      
   258.074687425584656506567500477924165      
   256.530169958461175756991569654774591      
   254.928909624306740019120907415052723      
   253.270316205721235391690005458100742      
   251.553986052888142125245077838137263      
   249.779700901901294213905824595917993      
   247.947425762820077214686630070130750      
   246.057297322645653382352111895295592      
   244.109616090488591611135033883195092      
   242.104834398472437182213940156576720      
   240.043544277018446933365408494994062      
   237.926466459338426094423651663635973      
   235.754440939697947096526477628782457      
   233.528420145817105749358754856964548      
   231.249464035595304167612816598670493      
   228.918737038854922829940543357541912      
   226.537517093129208868911960420300317      
   224.107188351936166698228688437987356      
   221.629253120918649450139187446361020      
   219.105340803666318150098624788076925      
   216.537214611867108676190495757977163      
   213.926781516562268091574450051840584      
   211.276101488099665729461564083283287      
   208.587395685777019010439258696022942      
   205.863053484305982101730753991601594      
   203.105637353932556335088204255640966      
   200.317885446776184266246031593989843      
   197.502710867480078171642170791339193      
   194.663198061331187857518215036414964      
   191.802595293096713061993032036949250      
   188.924303803912381686731899353580296      
   186.031862737445576851018231299407982      
   183.128930859174017684525084985246283      
   180.219264856537398249283861926646821      
   177.306694474836728202621759297215705      
   174.395095188636014056671031427228126      
   171.488359304482915323196763807316887      
   168.590365398280954976036575595765977      
   165.704947562536177347157386026244585      
   162.835864929650131591208625872472927      
   159.986772184754414850572294368625720      
   157.161191757644559778967650018470854      
   154.362488149626608397388734392291376      
   151.593844745506351663093854647400281      
   148.858245084715768100426140986794959      
   146.158455774278638186770779310840670      
   143.497014899825977432194435214530320      
   140.876222545502009383138273674301302      
   138.298135558848365439347269169675454      
   135.764565702800191654123763521121751      
   133.277080950791664953736802526774172      
   130.837009526373140779796184805386807      
   128.445446585636940790815073534007830      
   126.103263036600205769170928621055057      
   123.811116046739423321999009527484961      
   121.569461062128380204791060070561027      
   119.378564787307074614843605596270819      
   117.238518910133013492056063917648611      
   115.149254239224447347268351738986361      
   113.110554958280170521720508656472153      
   111.122072800725794773700837308643426      
   109.183340930024448112338426068681076      
   107.293787404535127954394209896213637      
   105.452748005377472444249710054857613      
   103.659478458443199178699289322827205      
   101.913166012491608273787339712911843      
   100.212939614555016738933509528415258      
   98.5578806039266680759856570540015098      
   96.9470311922871523751501457383438796      
   95.3794029200664988343654761957733142      
   93.8539841393270537587613443647177726      
   92.3697467734520864831149642228453093      
   90.9256523705223067977704057703842276      
   89.5206574393215884519896836286194267      
   88.1537182226742943387463640301937665      
   86.8237948249393292341443741334166672      
   85.5298548582959431027006313523702749      
   84.2708765479690874994560843447202469      
   83.0458514058637370798338951086374549      
   81.8537865192940658737346190540701935      
   80.6937064158265155628587740424409411      
   79.5646546632450356880021840492279663      
   78.4656951149687408011630229862959752      
   77.3959129313211228708214146743577766      
   76.3544153530660856488843781218238606      
   75.3403322651086919594561537665051075      
   74.3528165919469998137001809482026219      
   73.3910445211035980258914082537206409      
   72.4542155996325821048225695223685526      
   71.5415527169846931982495557782228997      
   70.6523019667800272104172576055204977      
   69.7857324397199773765321945803962446      
   68.9411359414539547286831693471658833      
   68.1178266344601422502625800761967363      
   67.3151406536433935245154739304270332      
   66.5324356526937504787993427711833202      
   65.7690903411537827610434232607848675      
   65.0245039778533225690378353148344413      
   64.2980958536382503240659223727171788      
   63.5893047590324105225043423032686717      
   62.8975884356313607592420670221492087      
   62.2224230313628434313297819083603199      
   61.5633025451005668974218285216886218      
   60.9197382762161452502930220374298023      
   60.2912583313014220676796924081609264      
   59.6774068565562117582837826837736766      
   59.0777438547559206491089401057919869      
   58.4918444114565741992246111284858842      
   57.9192982484584348937992810844142261      
   57.3597092147107645801045167588549363      
   56.8126947955725767410679887585184794      
   56.2778856300012792084534430959211268      
   55.7549250418234857072932065156302944      
   55.2434685896810794258961553315047456      
   54.7431836211448859142105842943903715      
   54.2537488474070877446869270398206240      
   53.7748539288561270847356324268801393      
   53.3061990735654594698845077084795657      
   52.8474946515470048870933456468661491      
   52.3984608187195829049465073480896067      
   51.9588271578523524617613475297462138      
   51.5283323300896917907605617350261831      
   51.1067237366890476725827492331326145      
   50.6937571992207616586069248036758263      
   50.2891966450561151181427493473956457      
   49.8928138071591724265257204777761228      
   49.5043879385319691765772625386961372      
   49.1237055299808997447743277053151215      
   48.7505600450886902280815355751835099      
   48.3847516634470405994037864742227668      
   48.0260870315174599855770249862113519      
   47.6743790252901669984078855661798948      
   47.3294465239365129735144193020512033      
   46.9911141865212555495966510436054077      
   46.6592122437836336605320773662083153      
   46.3335762939302691477686338074331151      
   46.0140471077954817421993457718322241      
   45.7004704410638656037605623107251369      
   45.3926968556748598982641281441794405      
   45.0905815452430037425318374414042220      
   44.7939841695832614060687235693569594      
   44.5027686950439922146729929713547932      
   44.2168032410050247808260588314633719      
   43.9359599322672114015181384926048381      
   43.6601147573946007645851214616834913      
   43.3891474328092997145802340389488576      
   43.1229412715319875120854394655226026      
   42.8613830580672739725623842357202461      
   42.6043629264376651917632895713241229      
   42.3517742451270447997478982962716368      
   42.1035135046698203907203323165920396      
   41.8594802104802784000220710218477084      
