   92.6087792172520498870326289728459773      
   92.6087792172520498870326289728459650      
   92.6087792172520498870311940026207058      
   92.6087792172520497092494962720927792      
   92.6087792172518321876532023249428068      
   92.6087792172258499960763134695797416      
   92.6087792164207289273592724942031681      
   92.6087792058407221012749481881989474      
   92.6087791279337258045157692757197702      
   92.6087787464704251613955716691024458      
   92.6087773589488441267145914772640892      
   92.6087733191795969265474410407354609      
   92.6087634026627677524468478161098091      
   92.6087421026346046696454815628981995      
   92.6087009650360011101269288256600708      
   92.6086280562747412273657859340128514      
   92.6085076225353064459030226710500573      
   92.6083199647303376525871229732066492      
   92.6080415110201745682503591963497841      
   92.6076450597311794430536798824466909      
   92.6071001446345461438613583482210467      
   92.6063734746930338472949109387850203      
   92.6054293821559047305477686903850110      
   92.6042303504034945203960921285305106      
   92.6027373342477860669410227407231559      
   92.6009101641059493021838984960922061      
   92.5987078024114102835463480761726524      
   92.5960885291002848952199728167143262      
   92.5930100469049856382979920689619906      
   92.5894295161463885785251373148723679      
   92.5853035335027845179625356613473048      
   92.5805880725231217152575120204740510      
   92.5752384013583006261117658929015685      
   92.5692089977725192815177617135858198      
   92.5624534743280345050272651780752960      
   92.5549245266104203869925481246923594      
   92.5465739127585962175708010463890669      
   92.5373524702929975305649181200824079      
   92.5272101682263289265685403063196678      
   92.5160962028202426330741464279113833      
   92.5039591189696320610764259834662575      
   92.4907469640134538316734053945278037      
   92.4764074621728104621638793326458183      
   92.4608882033112108676565160802028244      
   92.4441368385940903018310706122909703      
   92.4261012752847816530182734557537141      
   92.4067298658435494359850924784185523      
   92.3859715799825324984288767030303513      
   92.3637761690627712429771029205691435      
   92.3400942960404386741960637234653761      
   92.3148776483292485877993761995698196      
   92.2880790161249971650741859952110236      
   92.2596523688014449253980468632150216      
   92.2295528530540701342429959471065066      
   92.1977368089330845378547518675227382      
   92.1641617316688852919308006745125890      
   92.1287862243052843254811584532589448      
   92.0915699068963279997595717394683622      
   92.0524733139252126276773084110602166      
   92.0114577653753402153319260679271211      
   91.9684852190007891185255479775103018      
   91.9235181064438381045431220767858131      
   91.8765191465197381015733757840096876      
   91.8274511538960193445533575510882337      
   91.7762768322956849247540058515107249      
   91.7229585125410729164648331840782134      
   91.6674580817593031382815797743055294      
   91.6097365286993671001708260248083151      
   91.5497538424788508662290018558907959      
   91.4874687287309922041132658444074486      
   91.4228383652457358569977266303517467      
   91.3558181446360364792703757689866644      
   91.2863614178510281610554855187488843      
   91.2144192333086128662929263665248615      
   91.1399400748682038087199449496467173      
   91.0628696015856009180879293488889081      
   90.9831503772266199384102370662958594      
   90.9007216010695516435684711282587426      
   90.8155188321651212488443528689673699      
   90.7274736864411531671427638380348956      
   90.6365136331464117474904376081574780      
   90.5425616696059440686013299768525048      
   90.4455360074788667286043077664956826      
   90.3453498134493766550130857655309595      
   90.2419109738696139970187391306385009      
   90.1351216367506704673898073151507672      
   90.0248779846478953289107118902497015      
   89.9110698735613541018803332596838583      
   89.7935807505494479977999201693296567      
   89.6722868794560345510591730197691586      
   89.5470573075121932329981639744983003      
   89.4177533774599919112254179386151385      
   89.2842283753392546787730782533602115      
   89.1463271727004338277567995173513554      
   89.0038857303213566141296888928306465      
   88.8567307343313644998542655603988701      
   88.7046791358972347688085644134411659      
   88.5475377134646555317109052294684845      
   88.3851025132557049350607346288252590      
   88.2171584340499158767631285165726052      
   88.0434786332242098414342247260921489      
   87.8638240207885674226003672423622642      
   87.6779426746529441250634430008612776      
   87.4855692624253378168201997424595346      
   87.2864244242973001500623673743949428      
   87.0802141550170586526998674244062485      
   86.8666290198860401043077484629197718      
   86.6453440679878415081997340433955534      
   86.4160173577292798543842726535598939      
   86.1782898487742331537557292561417334      
   85.9317845995556089893686132791827288      
   85.6761061386970965622499072814827509      
   85.4108399137613926611145489281144292      
   85.1355516617208794413168923815466127      
   84.8497869764267411658471129519576994      
   84.5530708712416763147629922007636448      
   84.2449075075280357354849791672579941      
   83.9247799857254908177038448377589444      
   83.5921503914399476750382000028194885      
   83.2464600055543616249638966644125331      
   82.8871297573580106911131416231484110      
   82.5135609922099320504158491311808158      
   82.1251363920111538476460877363162839      
   81.7212222569469592246086716671961467      
   81.3011694456037710155849909094386137      
   80.8643165276924759751653001475382989      
   80.4099928874561890236522374893561507      
   79.9375224321554055992444125993846304      
   79.4462282575187936190561833964376476      
   78.9354379833777677342370114457417908      
   78.4044901056255685118043243261243331      
   77.8527412041711032096518909313173230      
   77.2795741775784586189568433834478945      
   76.6844074922004078591989779154740580      
   76.0667054945433415877765541890817541      
   75.4259895680089995242237606077644047      
   74.7618504598040027571254114500193660      
   74.0739609707586388814064026655083463      
   73.3620891270841051916251176871905413      
   72.6261141570008666226660769038893801      
   71.8660366942577950029973640017988217      
   71.0819944043631781014703917843897301      
   70.2742737710651755905747297351507858      
   69.4433205837874044761496788953440683      
   68.5897490430072629575117692275689932      
   67.7143480003496386016852838447190278      
   66.8180844110697068805330354649566883      
   65.9021037857025136089937477393974770      
   64.9677268377504934352552343042930877      
   64.0164427877470140344358928697986530      
   63.0498991214507040384514030116390416      
   62.0698873252471574716685640175777601      
   61.0783253820776486964947077570547522      
   60.0772368488309236545291529341742219      
   59.0687270726659175706702036449817925      
   58.0549571250086100218969475225161739      
   57.0381162302011148729594789842756099      
   56.0203935204931926157861710728825431      
   55.0039501167372716070598929994270832      
   53.9908926531493313053473801264124816      
   52.9832480707945146566160884394662875      
   51.9829430831959102982846461318288948      
   50.9917851470203887461292925074354812      
   50.0114481034284342120563994158400037      
   49.0434615543561831934986770497027038      
   48.0892039091161211742989227474356188      
   47.1498989275185450461834511770534089      
   46.2266156217294203415478760027787356      
   45.3202707386120859335913476939405681      
   44.4316336498103655869696350507879091      
   43.5613331364600942579236858755960374      
   42.7098655151726197538405886212118435      
   41.8776038710902824596659347547622103      
   41.0648075207429081494750956167104044      
   40.2716325710046850318894008951233052      
   39.4981419076120892361440466929289670      
   38.7443149800788291502033569932540970      
   38.0100573608513807466532264255743735      
   37.2952104813598581471767702816352984      
   36.5995596182909452857043627987928199      
   35.9228419495739347625970876724993645      
   35.2647544907926880553322785613652986      
   34.6249601657521963524939854362289104      
   34.0030941932453790255891963048511753      
   33.3987694226871907418129525372146075      
   32.8115813945382962945785350453339200      
   32.2411124519397219256903601361698679      
   31.6869356510550826191811414801851502      
   31.1486179361522828170420701155750958      
   30.6257234509534030393869663378253800      
   30.1178153716715164508900071728927881      
   29.6244587245367780218725856423536301      
   29.1452217677156940524266195286344913      
   28.6796775678701926048256102112010726      
   28.2274055352430140292658625582571654      
   27.7879922940321792269172274079425264      
   27.3610325329275872962809600074480769      
   26.9461297911582215191741950022072687      
   26.5428969640517662132325191583479038      
   26.1509567059253646629360779898985218      
   25.7699417025882421424676971678105493      
   25.3994949712813797184267512089303021      
   25.0392698309934469371589106642057463      
   24.6889300851175777195622460097540393      
   24.3481499299140941553891443102658573      
   24.0166138679467137230163063730147189      
   23.6940166933084453234597805416280029      
   23.3800632522096514465360811439982770      
   23.0744682891530667448811181889193786      
   22.7769563066762295993966363298969074      
   22.4872612464763228640689460232331172      
   22.2051263417283807509709716998200621      
   21.9303038648445604381895276187375053      
   21.6625548223727013271556446953287723      
   21.4016487472324857297094320482942425      
   21.1473634065884585280009210128913993      
   20.8994845951101106055807958583914312      
   20.6578058029679779400587511873511277      
   20.4221280155535617976546536834942702      
   20.1922594183379314241482088526278511      
   19.9680151507914685189966211223267290      
   19.7492171004978914721598415937614876      
   19.5356936092699604636908183226994717      
   19.3272792679185957559812335636283750      
   19.1238146419262747742985212435896024      
   18.9251461305544558128683517900303729      
   18.7311256556800066362316174376066542      
   18.5416105167251424524487932554133848      
   18.3564631644141917814298306927468423      
   18.1755509871399808415787819628862669      
   17.9987461647489600363311794419776029      
   17.8259254051876113699907399413533651      
   17.6569698636036738350091011665791831      
   17.4917649176179986914885661434963446      
   17.3301999995274587095450520144785043      
   17.1721684526789579318906277059690725      
   17.0175673836234942916946183573411754      
   16.8662974900544846317680758039493334      
   16.7182629558616590283734281313320743      
   16.5733712935960342130780619425795233      
   16.4315332109547385355848784204184097      
   16.2926624952236900812947608968036662      
   16.1566759073601642238689869233165216      
   16.0234930391366199401387339529156039      
   15.8930362176624296551966908110330780      
   15.7652304035872214431139004471567119      
   15.6400030846351604102702189303302560      
   15.5172841715125418241582742821255570      
   15.3970059231303342369246791167056716      
   15.2791028391476905995007792282726265      
   15.1635115829663525678186887409967229      
   15.0501708994597664419363746006361851      
   14.9390215355206610868176888933484197      
   14.8300061615841565271552224012100068      
   14.7230693016605151181346623398446009      
   14.6181572684725732279445037656667997      
   14.5152180865382540408743398425188393      
   14.4142014372418965602344395818511449      
   14.3150585956314172039409955848689335      
   14.2177423694882342881989236807569532      
   14.1222070415916014205255934092683871      
   14.0284083219457790858021547025371450      
   13.9363032918353979959063934262268336      
   13.8458503519391359748526834305368527      
   13.7570091796048800289054831324340300      
   13.6697406803505507398466177953692761      
   13.5840069428105538210977247421395532      
   13.4997711989380544789747196465408879      
   13.4169977835705475902466922436890487      
   13.3356520920865218965260573219166511      
   13.2557005465926653881589705267462382      
   13.1771105594272258264620244927257930      
   13.0998504971596765664104599393442761      
   13.0238896490708349811004006198247669      
   12.9491981939985426764667786142065319      
   12.8757471713817768189175032880532986      
   12.8035084517680363341995341373825661      
   12.7324547051396353114365761497630154      
   12.6625593793491947712108682197311739      
   12.5937966677620668643836783632422679      
   12.5261414907750494698857196193894710      
   12.4595694681827988133209917047815375      
   12.3940568943886580527847804424993135      
   12.3295807192730720712432853518084052      
   12.2661185247640934251919270493668271      
   12.2036485017161976642385844282809213      
   12.1421494393813767490580113309474999      
   12.0816006944599059923781932336623474      
   12.0219821801515076531601821993861552      
   11.9632743461250054826910495223044960      
   11.9054581606054938452819077321811887      
   11.8485150935278951147868511273015041      
   11.7924271020836667743523219639184260      
   11.7371766191793393406053913329731669      
   11.6827465307572648662231071669558185      
   11.6291201667895330839842326177319498      
   11.5762812840279255316689198522065394      
   11.5242140580688527858655973859143656      
   11.4729030629593483593120773823277813      
   11.4223332679663539897789095329737011      
