   300.978532456069162132856044161749454      
   300.978532456069162132856044161749405      
   300.978532456069162132851380508517297      
   300.978532456069161555060862884301511      
   300.978532456068454609872907556064140      
   300.978532455984012487248018776134148      
   300.978532453367369013917635606160309      
   300.978532418982346829143581611646585      
   300.978532165784608864676250146089232      
   300.978530926028881774535607924582949      
   300.978526416583743411822422301108265      
   300.978513287333690011279183382390260      
   300.978481058653995195452255402356907      
   300.978411833562465176347815079419158      
   300.978278136367003607912518683395221      
   300.978041182892908988938804285541813      
   300.977649773239745949184823680912702      
   300.977039885373597370908149662921613      
   300.976134910815567346813667388136801      
   300.974846444126333189924459617951746      
   300.973075470062274967549414631718383      
   300.970713792752360003708460551051316      
   300.967645492006690374280248243751280      
   300.963748638811357191287299417724144      
   300.958896336305304717558323907350223      
   300.952958033344335232097670112299694      
   300.945800357837083421525631247561120      
   300.937287719575925909464911654321600      
   300.927282652441203324468474224126454      
   300.915645927475762880206696273335205      
   300.902236483884049683378240899378762      
   300.886911235700145574586914066540626      
   300.869524804414477034863239151930091      
   300.849929242760687664932725569153951      
   300.827973791566112141338611828744700      
   300.803504711483866257725781405250196      
   300.776365216465437707105103400764443      
   300.746395528452241974335983890267860      
   300.713433046735569011347755995538936      
   300.677312659165788557490975890712002      
   300.637867136651304198498384446265371      
   300.594927633043724952938567532215356      
   300.548324252061634002032607831098888      
   300.497886660761435319883677260659195      
   300.443444725430793480950979489945650      
   300.384829144675540372309388731199574      
   300.321872063991535666951550554860249      
   300.254407634943230619893849284848651      
   300.182272549454006539675584491849695      
   300.105306462131425691137207101262472      
   300.023352357070057910347972648601871      
   299.936256802406240786491104484435796      
   299.843870198604696007543652305448845      
   299.746046772425727936289736828096184      
   299.642644629032524748027943569448893      
   299.533525627923877198775102192165939      
   299.418555228992174057813764973091561      
   299.297602197413065999218608153272171      
   299.170538270256941039951252335945692      
   299.037237737469855699828759720763144      
   298.897576961752564635208030926908487      
   298.751433845942473839765146749553880      
   298.598687226189148830113471298031500      
   298.439216250162062869798412041036756      
   298.272899704960976005450519017409844      
   298.099615165758486978510707848254203      
   297.919238765717735199415134266492965      
   297.731643718272943075555184580627043      
   297.536699988056265315244256031645111      
   297.334273368375724663368113994324186      
   297.124224687048641535242611548643189      
   296.906408970067118557628721249206665      
   296.680674608015841523430327935933843      
   296.446862508252991815452010691205784      
   296.204805243321662378339821086351859      
   295.954326205153202983785770383888954      
   295.695238725986514799833270465461521      
   295.427345203476042841597531166840895      
   295.150436204536644058744146824143943      
   294.864289480933747793213982473613411      
   294.568669307725838179343922226511810      
   294.263325426219318222954322424770616      
   293.947992024306316867964000241110938      
   293.622386893710474128792528737975634      
   293.286210665076245490310902174575134      
   292.939145319439679019016873774239984      
   292.580853450105659818959813643311517      
   292.210977089074400831111083093972543      
   291.829137439285705992849740550321415      
   291.434932358232112290942312314249775      
   291.027936249414628007244032917119476      
   290.607698476744973711482608300499157      
   290.173742219852577706012504323420691      
   289.725563311276409940209598431391890      
   289.262628623544408995921488901699595      
   288.784374886576934624526363071296313      
   288.290207191666012998627834343683774      
   287.779497568760130478060441995772556      
   287.251583168081041038947387543682082      
   286.705764910662226599480167678860979      
   286.141305557978681984661230359799515      
   285.557428067562844123451193537677377      
   284.953313692622068406456189752799158      
   284.328100102882347904665649162993491      
   283.680879378966225487702693966783552      
   283.010696003805440621274569129320265      
   282.316544314629630339000182504489240      
   281.597368220960484901649135641035515      
   280.852056412620159526748886124069686      
   280.079442008516257749706120082460612      
   279.278299948555729215447993157343887      
   278.447344950765563827312198664818943      
   277.585229719724526148622284016371904      
   276.690542900592858184279900240026501      
   275.761807673386908789003117093862505      
   274.797480331535448022979724652481808      
   273.795949399466116140326182293588481      
   272.755534953607845157537495722716520      
   271.674488772179829943874150009163325      
   270.550995018051675281132664159340702      
   269.383171711413534746117710275232373      
   268.169073224682279163851509676337624      
   266.906693274036250004849785143027954      
   265.593972335077617479978182918387501      
   264.228800698212255800651220455675485      
   262.809028715000546919287225479499484      
   261.332476884232614326869771840407447      
   259.796947904505068197544340948000046      
   258.200241836936079261932596038422336      
   256.540173445977745136270287198660783      
   254.814592843283097663364054059904067      
   253.021408913556085431368645526781306      
   251.158616077129990511609740996205667      
   249.224324349651325542396678225290682      
   247.216792857265860160273801114515676      
   245.134466096029248453727221975234297      
   242.976013994363008960657587212562961      
   240.740373154965576364570808662902116      
   238.426789663023341872781632483369268      
   236.034871010252816523664749937640501      
   233.564619256337833759741433005846180      
   231.016481814180328829778773299266644      
   228.391389755961820669367871639240042      
   225.690791897309064547486456409868228      
   222.916684389773604611913249989599222      
   220.071631001136325455477172495336846      
   217.158774335976547361732365261109243      
   214.181837303533169229229680153041791      
   211.145112222689103664579511488952535      
   208.053439060177795611916651826845656      
   204.912172144714788124967059787826891      
   201.727133807053261782922833057127716      
   198.504557491752358263607800210427948      
   195.251019758700501877219747036066203      
   191.973362986164232104678161846190838      
   188.678610656277982571165079448177573      
   185.373877748153623337118306698895738      
   182.066278941602876001305055986868282      
   178.762837879396132722944652248138005      
   175.470401122735326742378985410840574      
   172.195556230082172634002287428265430      
   168.944565020386708469425099928443917      
   165.723301727816263424920200649165308      
   162.537206336142411189183298101480001      
   159.391250051657595378870700411533790      
   156.289912704627393816471498929165757      
   153.237171514435271400096216325423567      
   150.236500770620616110030597009030909      
   147.290879900489279284171880005306853      
   144.402809361883688157651313915060700      
   141.574332693495306338251979095687124      
   138.807062924311014199981913018938494      
   136.102212581043417993914287952977185      
   133.460624442414451485794060754308819      
   130.882805855765226353640552909150749      
   128.368961199739290017468151752019166      
   125.919023685256194738160910228075809      
   123.532686422766987426622985883116726      
   121.209434064419538978324503415314720      
   118.948568759445572178539179096076663      
   116.749236336115287978440534935622916      
   114.610452095076236179829905324437216      
   112.531120538694638145605452667743962      
   110.510056128047481833164887990766326      
   108.546000623733369910892095745947474      
   106.637639532249462957380238897335245      
   104.783615468804096258493670442552077      
   102.982540865929018512338709810601731      
   101.233008292494919155386727875619063      
   99.5336012155985598780076405979324973      
   97.8828999579324284653925233119015666      
   96.2794908547445285710859033376492992      
   94.7219707450760056703865134680621037      
   93.2089520955781259656832331864034837      
   91.7390679895397955951140533143357877      
   90.3109749556045824874809890758132084      
   88.9233557320146587129131200242062600      
   87.5749218212642199373161337571736209      
   86.2644151331682401930056872646306957      
   84.9906092942574351545422534671701981      
   83.7523105334117869630200157953842854      
   82.5483586566644840848869414290234749      
   81.3776269507287025457664596586686747      
   80.2390227766321275885772995317006277      
   79.1314872722208060050147190083640415      
   78.0539950708268195998029957122978364      
   77.0055542532524473012442867602910000      
   75.9852055696813672012422637179943987      
   74.9920219397474669208636341139879904      
   74.0251079966977461980390680721649591      
   73.0835990510480493082240745755076263      
   72.1666606106172374406556580244152118      
   71.2734875607448214241159647608968922      
   70.4033031727112793132558452598185146      
   69.5553584285055786215556541569562880      
   68.7289310714124902160029932918970454      
   67.9233249341078594681375865397721485      
   67.1378688596459283051909413588911698      
   66.3719160505490758423776244713563873      
   65.6248431095982771284816787710405167      
   64.8960492400722726867390186475618637      
   64.1849555766181472845194851797248395      
   63.4910042301273715069951595487732823      
   62.8136576207354362069390090817922234      
   62.1523975862603930164701940416662093      
   61.5067249243019813918221433175987035      
   60.8761583809600215677527566722216263      
   60.2602341793567129704585780800934938      
   59.6585052843461232896469497514272392      
   59.0705407082049377351310413793803689      
   58.4959250354341201180763331864272002      
   57.9342575668597369524699048093984381      
   57.3851520567119399637795787913823527      
   56.8482359822584957473378399663631299      
   56.3231499984642408060214190470551306      
   55.8095474712066132786445400443994872      
   55.3070939967763564480075096613588169      
   54.8154668426770750532462463628353367      
   54.3343546065503918422136414268292353      
   53.8634567041871111925037013133834501      
   53.4024829356029002406508548663598369      
   52.9511531094769927642079729146119075      
   52.5091966989205337275742075007786920      
   52.0763523771940148054508853469757173      
   51.6523677074028963793892451358575107      
   51.2369988116584696901201764532593148      
   50.8300100250642713333782115235733361      
   50.4311735574157609285143914169080560      
   50.0402692501735862700052071292934242      
   49.6570842272299944483775324918860354      
   49.2814126446406458454107384082393500      
   48.9130554232442409362932174520675968      
   48.5518199904421485321574889033823598      
   48.1975200251485087132544728039325215      
   47.8499752303966741339376526044949493      
   47.5090111225358629908196372384170982      
   47.1744587812493256328416044881862297      
   46.8461546710361638207619286410162240      
   46.5239404358021059128082356508240358      
   46.2076627008367614366465019624600990      
   45.8971728851727046167081785801222572      
   45.5923270463237820288570027832457251      
   45.2929856984650434866957786352372081      
   44.9990136438021919182712211492447718      
   44.7102798337158600939428201804105994      
   44.4266572111392899045015078349501509      
   44.1480225641342999185676054119535440      
   43.8742563965486770566678388512578855      
   43.6052427966042796683017497919894057      
   43.3408692992811961637096862962291182      
   43.0810267764261625115166542119252721      
   42.8256093181384839360015796013588265      
   42.5745141157689488408339948028688988      
   42.3276413594802136885763020144304882      
   42.0848941304952636985170304961712326      
   41.8461783069907746614818856861732189      
   41.6114024682461180861484859464933393      
   41.3804777917038147621688724867298032      
   41.1533179828848830064353217141263128      
   40.9298391702267173092469546805373752      
   40.7099598450189107771285887630157774      
   40.4936007715940961432932230405400042      
   40.2806849067631386715505364381227653      
   40.0711373376374842315406773933773154      
   39.8648852054833036318737629104421944      
   39.6618576305776424087753993919129978      
   39.4619856779894744344385368255793749      
   39.2652022569946944752291280094026263      
   39.0714420854923998727705921480050045      
   38.8806416249062678187459109474896119      
   38.6927390219678549971662001295888641      
   38.5076740539656591230572661637298934      
   38.3253880817719170166450463827348839      
   38.1458240123328528569675218321627928      
   37.9689262249611108152250982926064133      
   37.7946405420659825229487560076288362      
   37.6229141730907579779239895196712533      
   37.4536956887237715540631915042216897      
   37.2869349546178821677642514925652893      
   37.1225831208906504667814559821645274      
