   92.6087792172520498870326289728459773      
   92.6087792172520498870326289728459773      
   92.6087792172520498870311940083557000      
   92.6087792172520497092495686583997166      
   92.6087792172518321876756930621336616      
   92.6087792172258499971587227724451614      
   92.6087792164207289451769863402595968      
   92.6087792058407222511191312987797129      
   92.6087791279337266574570538779329258      
   92.6087787464704364309653618156570893      
   92.6087773589492009973013803424683398      
   92.6087733191839970176757362250228166      
   92.6087634026996246503304070585473626      
   92.6087421028628598983759067607891119      
   92.6087009661475660415588780194924198      
   92.6086280607312331735775509742014010      
   92.6085076377663433841694226609380434      
   92.6083200103161554643944356522040293      
   92.6080416330497823902535215043467418      
   92.6076453568505502645343918420273324      
   92.6071008116022904935370555999894379      
   92.6063748703450749344048068155438319      
   92.6054321498993555844489765226815160      
   92.6042355078040631689509414704401796      
   92.6027465036360584789189459542737053      
   92.6009258014644597389546350454469869      
   92.5987334988220591523177418747445715      
   92.5961293764381608794238966057161484      
   92.5930730707138819538317452268270054      
   92.5895241772574890470653336747323471      
   92.5854422986335283813912519227637025      
   92.5807870531921243847852200713931104      
   92.5755180594471145939086376062784577      
   92.5695949155934028202494279884485891      
   92.5629771866375065425063397594383859      
   92.5556244118911149562079559232262263      
   92.5474961409644410530553352207882018      
   92.5385520043948307338105187849032984      
   92.5287518172198355670250271469310401      
   92.5180557239692914432801771258544243      
   92.5064243667412582070005174401437467      
   92.4938190844433214089192320444226100      
   92.4802021307321892250901835448695749      
   92.4655369047660270940031392028847780      
   92.4497881874708075421328123379247308      
   92.4329223756984817287810078449734960      
   92.4149077088233696521547135342729296      
   92.3957144784606714230720785698156076      
   92.3753152272684981470863650588179348      
   92.3536849135843860138806866127657861      
   92.3308010569583210086588515525517601      
   92.3066438536935715613980988049657693      
   92.2811962629988453155257982264432373      
   92.2544440608133548329832002027155249      
   92.2263758756882231713538350639050684      
   92.1969831702000084009138017840852389      
   92.1662602263232940221496502336404775      
   92.1342040825717603031274110236932682      
   92.1008144558957261333101316897972151      
   92.0660936410961246187469768158332987      
   92.0300463919119259168100410362371171      
   91.9926797833509866216346639386165290      
   91.9540030600887135545883279553451762      
   91.9140274796375923485037419521600804      
   91.8727661383526840955002796550848092      
   91.8302337914213954763253715947350278      
   91.7864466705574348202534776494267487      
   91.7414222998786034087907262528901388      
   91.6951793019294652937435799030963595      
   91.6477372158911370824946146051951269      
   91.5991163101175259361988560954308291      
   91.5493374031916531655126928292363000      
   91.4984216798753756534822650001708407      
   91.4463905223702347437386397232354639      
   91.3932653350646111216105755800219289      
   91.3390673909641363513727553171578468      
   91.2838176740027678733877334559084495      
   91.2275367292969094015217585413392027      
   91.1702445290906284543496940903847036      
   91.1119603366740782909766615098047242      
   91.0527025742922924579351668365189682      
   90.9924887134982952303312148362540787      
   90.9313351599131689914276426324734498      
   90.8692571494102995962814730214958826      
   90.8062686494271703927867604541937425      
   90.7423822685874482137792380139908519      
   90.6776091649457710625734667853834699      
   90.6119589599410579600777116912105243      
   90.5454396926832513708708022538620981      
   90.4780577150416258813097110438559267      
   90.4098176243971319312929485651963151      
   90.3407221999985629619347660014336980      
   90.2707723994627235069730141411327729      
   90.1999671049835104067804752969403233      
   90.1283033620736047069794574554488159      
   90.0557760711525725065628706202719103      
   89.9823780231890675141851692971336076      
   89.9080998453988312165651586592002327      
   89.8329298705294454810517862563149562      
   89.7568542038052004765660747168395647      
   89.6798564918846246577741749376475102      
   89.6019179920518338876317035229369855      
   89.5230173963356378079695700192719111      
   89.4431308241990133780378546826960714      
   89.3622316765426977594754437146448000      
   89.2802905741521445828655678377526875      
   89.1972752469019669717355637364159682      
   89.1131504282300232780559732762316291      
   89.0278776894817875891226605374951370      
   88.9414154391239825366265457542087144      
   88.8537185904469169399418402485605239      
   88.7647385495376234673003861318921987      
   88.6744229585156167184055079119252874      
   88.5827155619984745090401816159234197      
   88.4895559567379945869295736310431067      
   88.3948793844587539731080585617310013      
   88.2986164727261921414851674537954250      
   88.2006929678488146435162307325099989      
   88.1010294184975831315756924082865032      
   87.9995408599287162901414122816441545      
   87.8961364322246655484259154347545400      
   87.7907189954351297111352447544231350      
   87.6831846921669601600930766633113784      
   87.5734224420455622513846897478907237      
   87.4613134517467035197213960799672114      
   87.3467305989863257152841600751774764      
   87.2295378239445570326762619746956695      
   87.1095894179311864731506958571703733      
   86.9867292700003152631622223028703958      
   86.8607900301715460835755220871599512      
   86.7315921978815237709427920674685632      
   86.5989431363484528268593548442103336      
   86.4626359900336754154060912438674892      
   86.3224485145417128489320629976820965      
   86.1781418147016116511685421987694236      
   86.0294589907280156803436135980571760      
   85.8761235916408632321307962926086343      
   85.7178384098014041791354598011955215      
   85.5542834106033060307211730156393941      
   85.3851143466448841684052985753823275      
   85.2099610057403897895081793365723907      
   85.0284255256453130879520616882026904      
   84.8400807965929704150446140879729725      
   84.6444690144297350903441974832013343      
   84.4411005257514670150040675090459365      
   84.2294530357913580224739281366006580      
   84.0089714474785400206012567397564961      
   83.7790684807787117973243768040586009      
   83.5391263486482394609186985267073775      
   83.2884997979966411883287783965718897      
   83.0265208059910036713073508791114062      
   82.7525052422524576246233806795819907      
   82.4657617674737954422693941077394972      
   82.1656031124475800062698388884695708      
   81.8513595486946945512024131787950919      
   81.5223952417741173589789946089524595      
   81.1781245382278056886637133857426031      
   80.8180302011909179561670826955926025      
   80.4416801006131535457838795725331592      
   80.0487416347463998365934728358152541      
   79.6389921316127301994011097456392120      
   79.2123238518260488607175668003981746      
   78.7687427543183027681907485270471795      
   78.3083608200626624198852167745738278      
   77.8313826971933693588438807492748646      
   77.3380879363500556746291050160663233      
   76.8288108108691297254160008683232234      
   76.3039195587594126288454522293860916      
   75.7637970245317035973606027966465452      
   75.2088239148924481006876989106647830      
   74.6393657011844651577885365891989390      
   74.0557633150574370688316953333338318      
   73.4583276633401644050968754424702906      
   72.8473374528116414486950658642329660      
   72.2230398929621057147073315232764916      
   71.5856534621885655278533565517970643      
   70.9353724789744116925466885036286765      
   70.2723719073699935928590943085639876      
   69.5968160700427987280689524269183742      
   68.9088616980240308333664043503852551      
   68.2086672457603517812802720405170969      
   67.4963988989914039156120134515354225      
   66.7722374026068877399576269697801039      
   66.0363845088879456179356600533347860      
   65.2890692430125652113499551111189127      
   64.5305537893528291474330531761328809      
   63.7611390728016155144539821498456652      
   62.9811698745113086670859959876699152      
   62.1910395058454920729421625807757707      
   61.3911938782459502949570323158339673      
   60.5821348906083959050631512480935198      
   59.7644231982555808977200973213704251      
   58.9386800595369110248313138840880725      
   58.1055882051344674158127260973422473      
   57.2658918317659963717212319625147262      
   56.4203953933070682104769372173927565      
   55.5699612557595984112544875570495331      
   54.7155062111979664037950344484210859      
   53.8579967813035240063964352094273453      
   52.9984433594239335462600036748801908      
   52.1378932993977326032263560939230948      
   51.2774230310284048763572990442632290      
   50.4181293747883046465361365403038260      
   49.5611202228561133101521750536683035      
   48.7075048947620487105299263766933781      
   47.8583838986046507672350664396968589      
   47.0148395756334486351025035056720653      
   46.1779262158187488330125354642218811      
   45.3486610396021970490898382732579529      
   44.5280159327465212647032836633098138      
   43.7169099502207154138109472793544089      
   42.9162029174864241841978503735991657      
   42.1266901341165095067441692991126210      
   41.3490982452027330911839277871294541      
   40.5840822903416615606896215285428108      
   39.8322239579849666389042226706501144      
   39.0940309392010567244918173130559942      
   38.3699373062270483846911066480544522      
   37.6603047974513813521691229525455600      
   36.9654249966971574155586320507199277      
   36.2855221433609087909724729952416362      
   35.6207564942898906955180362722456313      
   34.9712281728900539496493445951124483      
   34.3369813103039865703486497958868479      
   33.7180083783921968056854754469985472      
   33.1142546849513695221169497703319100      
   32.5256228424677916921411143682274465      
   31.9519771736518191583712588101906101      
   31.3931481204263527835211729590368574      
   30.8489361663724926549720207711925765      
   30.3191161189577930895082644539574726      
   29.8034406048749017365869728777846114      
   29.3016435816899956067048185295331510      
   28.8134435997250197035639520092893896      
   28.3385467085405775985593287072502864      
   27.8766491707733720262286666696070291      
   27.4274398825999825884488379258185304      
   26.9906025771218030568677948910194789      
   26.5658177636699564175671003940975685      
   26.1527644536443572659637528411438412      
   25.7511216933991224905367787348067689      
   25.3605698842900206960997229818972776      
   24.9807919342022628041062428756078082      
   24.6114742579696403203046548542196269      
   24.2523076019246632937019241718322965      
   23.9029877594280938560781151647437053      
   23.5632161705856006419707902299160432      
   23.2327003835008947270921017399207699      
   22.9111544536923056282105728635035565      
   22.5982992435301036893870243992813572      
   22.2938626405364952959145168841772478      
   21.9975797309565111392500824990629818      
   21.7091928951569874604894446166138162      
   21.4284518664465326017430287351400082      
   21.1551137381430254170833577269761834      
   20.8889429475756541463454966987935635      
   20.6297112109754299553244039936512212      
   20.3771974470943362370570676867437247      
   20.1311876711482991470079555217349736      
   19.8914748696509243707436809505813386      
   19.6578588681797438393821548662495761      
   19.4301461736843878427897969927286007      
   19.2081498243415983409726619046381324      
   18.9916892162418642133563945737266432      
   18.7805899353512552598910327918703932      
   18.5746835798633279800280779723585058      
   18.3738076088564442462418619152153330      
   18.1778050667654523117426370065788566      
   17.9865245494958471734678817685064594      
   17.7998199338739394580285580599255151      
   17.6175502186941629255125696932151199      
   17.4395793601356757791092695976101856      
   17.2657760916565185083279863357822470      
   17.0960137726931230357342143802953349      
   16.9301702057744934781999482398899369      
   16.7681274981622382334433977722165888      
   16.6097718845420356409486589675123045      
   16.4549935999667066771962282375934194      
   16.3036867118878728736073275722332461      
   16.1557489936393398285195640836287687      
   16.0110817793547247175093322074659818      
   15.8695898306963746555579543098450537      
   15.7311812174455316779361816960521891      
   15.5957671753364193406269317787416881      
   15.4632620122376002125444711890723808      
   15.3335829634872450590941892095691186      
   15.2066501056654795109977510726451548      
   15.0823862382253517802318387042010153      
   14.9607167729463735628131078358662245      
   14.8415696555288367388064970780580244      
   14.7248752510322233475308811692279011      
   14.6105662555813858366780840019976363      
   14.4985776212526127636771927323410483      
   14.3888464576240444946970666323269955      
   14.2813119462718706868626384910941639      
   14.1759152857100275887802096133644582      
   14.0725995933301903790650552877424078      
   13.9713098358041845708826046263601141      
   13.8719927792249148079558998403344202      
   13.7745968997276328594758000947680000      
