 0.13548723707728E+03
 0.13548723707728E+03
 0.13548723707728E+03
 0.13548723707728E+03
 0.13548723707728E+03
 0.13548723707730E+03
 0.13548723707789E+03
 0.13548723708563E+03
 0.13548723714262E+03
 0.13548723742166E+03
 0.13548723843666E+03
 0.13548724139195E+03
 0.13548724864695E+03
 0.13548726423256E+03
 0.13548729434112E+03
 0.13548734772318E+03
 0.13548743594992E+03
 0.13548757352543E+03
 0.13548777786332E+03
 0.13548806917326E+03
 0.13548847015329E+03
 0.13548900583489E+03
 0.13548970322888E+03
 0.13549059106282E+03
 0.13549169953242E+03
 0.13549306009584E+03
 0.13549470531897E+03
 0.13549666877370E+03
 0.13549898498625E+03
 0.13550168942874E+03
 0.13550481854369E+03
 0.13550840979014E+03
 0.13551250170113E+03
 0.13551713393896E+03
 0.13552234734035E+03
 0.13552818394357E+03
 0.13553468699129E+03
 0.13554190090808E+03
 0.13554987125180E+03
 0.13555864463600E+03
 0.13556826863368E+03
 0.13557879166105E+03
 0.13559026284736E+03
 0.13560273189650E+03
 0.13561624894544E+03
 0.13563086442485E+03
 0.13564662892526E+03
 0.13566359308736E+03
 0.13568180745439E+03
 0.13570132243384E+03
 0.13572218819406E+03
 0.13574445462085E+03
 0.13576817128829E+03
 0.13579338745161E+03
 0.13582015206227E+03
 0.13584851380874E+03
 0.13587852117005E+03
 0.13591022249727E+03
 0.13594366615950E+03
 0.13597890049052E+03
 0.13601597416126E+03
 0.13605493618240E+03
 0.13609583610582E+03
 0.13613872420760E+03
 0.13618365167884E+03
 0.13623067083458E+03
 0.13627983533038E+03
 0.13633120039206E+03
 0.13638482305253E+03
 0.13644076241284E+03
 0.13649907989614E+03
 0.13655983951867E+03
 0.13662310816513E+03
 0.13668895589969E+03
 0.13675745626909E+03
 0.13682868657567E+03
 0.13690272828276E+03
 0.13697966721927E+03
 0.13705959406399E+03
 0.13714260473731E+03
 0.13722880051106E+03
 0.13731828883092E+03
 0.13741118345070E+03
 0.13750760497228E+03
 0.13760768128639E+03
 0.13771154805060E+03
 0.13781934929220E+03
 0.13793123790872E+03
 0.13804737626724E+03
 0.13816793679469E+03
 0.13829310273297E+03
 0.13842306879617E+03
 0.13855804196887E+03
 0.13869824228553E+03
 0.13884390379580E+03
 0.13899527540189E+03
 0.13915262204782E+03
 0.13931622545395E+03
 0.13948638576160E+03
 0.13966342252897E+03
 0.13984767612361E+03
 0.14003950925381E+03
 0.14023930849838E+03
 0.14044748602972E+03
 0.14066448144777E+03
 0.14089076372977E+03
 0.14112683335094E+03
 0.14137322450713E+03
 0.14163050753493E+03
 0.14189929146897E+03
 0.14218022674438E+03
 0.14247400800595E+03
 0.14278137732690E+03
 0.14310312663052E+03
 0.14344010186425E+03
 0.14379320566295E+03
 0.14416340079694E+03
 0.14455171344040E+03
 0.14495923626139E+03
 0.14538713136669E+03
 0.14583663279683E+03
 0.14630904844636E+03
 0.14680576140372E+03
 0.14732822999499E+03
 0.14787798672408E+03
 0.14845663561288E+03
 0.14906584704445E+03
 0.14970735070735E+03
 0.15038292535757E+03
 0.15109438551563E+03
 0.15184356317337E+03
 0.15263229348703E+03
 0.15346238259734E+03
 0.15433558556093E+03
 0.15525357794108E+03
 0.15621792386101E+03
 0.15723004520044E+03
 0.15829119174320E+03
 0.15940240997131E+03
 0.16056451657036E+03
 0.16177807348495E+03
 0.16304336609520E+03
 0.16436038626988E+03
 0.16572882041654E+03
 0.16714804398590E+03
 0.16861712334709E+03
 0.17013482534090E+03
 0.17169963483894E+03
 0.17330977939190E+03
 0.17496325990388E+03
 0.17665788598859E+03
 0.17839131329482E+03
 0.18016108253225E+03
 0.18196465694841E+03
 0.18379945843931E+03
 0.18566289883098E+03
 0.18755240938833E+03
 0.18946546517305E+03
 0.19139960519626E+03
 0.19335244904017E+03
 0.19532170908255E+03
 0.19730519980541E+03
 0.19930084406306E+03
 0.20130667668187E+03
 0.20332084571776E+03
 0.20534161211547E+03
 0.20736734850539E+03
 0.20939653502728E+03
 0.21142775652258E+03
 0.21345969788158E+03
 0.21549113907217E+03
 0.21752095025163E+03
 0.21954808679975E+03
 0.22157158361408E+03
 0.22359055061456E+03
 0.22560416778276E+03
 0.22761168016800E+03
 0.22961239379826E+03
 0.23160567120448E+03
 0.23359092758738E+03
 0.23556762712933E+03
 0.23753527952123E+03
 0.23949343651251E+03
 0.24144168928456E+03
 0.24337966554055E+03
 0.24530702681548E+03
 0.24722346601981E+03
 0.24912870561674E+03
 0.25102249498226E+03
 0.25290460930515E+03
 0.25477484680036E+03
 0.25663302778153E+03
 0.25847899326260E+03
 0.26031260262120E+03
 0.26213373384741E+03
 0.26394228041970E+03
 0.26573815148124E+03
 0.26752127045496E+03
 0.26929157423394E+03
 0.27104901142367E+03
 0.27279354313740E+03
 0.27452513995078E+03
 0.27624378293228E+03
 0.27794946250285E+03
 0.27964217795520E+03
 0.28132193567230E+03
 0.28298874989142E+03
 0.28464264159022E+03
 0.28628363896380E+03
 0.28791177442974E+03
 0.28952708710433E+03
 0.29112962101650E+03
 0.29271942459515E+03
 0.29429655088247E+03
 0.29586105618319E+03
 0.29741300106309E+03
 0.29895244979386E+03
 0.30047946893204E+03
 0.30199412820016E+03
 0.30349649990682E+03
 0.30498665841281E+03
 0.30646468137740E+03
 0.30793064696227E+03
 0.30938463596178E+03
 0.31082673007313E+03
 0.31225701316965E+03
 0.31367556992993E+03
 0.31508248669341E+03
 0.31647784980575E+03
 0.31786174735286E+03
 0.31923426780188E+03
 0.32059550043106E+03
 0.32194553505524E+03
 0.32328446177390E+03
 0.32461237109877E+03
 0.32592935380759E+03
 0.32723550102706E+03
 0.32853090382446E+03
 0.32981565337107E+03
 0.33108984082609E+03
 0.33235355728882E+03
 0.33360689379570E+03
 0.33484994112702E+03
 0.33608278984856E+03
 0.33730553028909E+03
 0.33851825243723E+03
 0.33972104605246E+03
 0.34091400036787E+03
 0.34209720426710E+03
 0.34327074619103E+03
 0.34443471415422E+03
 0.34558919565703E+03
 0.34673427763270E+03
 0.34787004652836E+03
 0.34899658820631E+03
 0.35011398802634E+03
 0.35122233068277E+03
 0.35232170029915E+03
 0.35341218036124E+03
 0.35449385373702E+03
 0.35556680270210E+03
 0.35663110880017E+03
 0.35768685297187E+03
 0.35873411548714E+03
 0.35977297593842E+03
 0.36080351323282E+03
 0.36182580565410E+03
 0.36283993070593E+03
 0.36384596529189E+03
 0.36484398558570E+03
 0.36583406706756E+03
 0.36681628454751E+03
 0.36779071213617E+03
 0.36875742324388E+03
 0.36971649059379E+03
 0.37066798620769E+03
 0.37161198146369E+03
 0.37254854698778E+03
 0.37347775275417E+03
 0.37439966804620E+03
 0.37531436150675E+03
 0.37622190102738E+03
 0.37712235387745E+03
 0.37801578664349E+03
 0.37890226525272E+03
 0.37978185496760E+03
 0.38065462038690E+03
 0.38152062545325E+03
 0.38237993345292E+03
 0.38323260706232E+03
 0.38407870828979E+03
 0.38491829849558E+03
 0.38575143849961E+03
 0.38657818836270E+03
 0.38739860760940E+03
 0.38821275512675E+03
 0.38902068920796E+03
 0.38982246753136E+03
 0.39061814719056E+03
 0.39140778473527E+03
