   503.353983595366473674394243594379533      
   503.353983595366473674394243594301288      
   503.353983595366473673271107079141291      
   503.353983595366369792431383946319243      
   503.353983595264853833898320785939070      
   503.353983585190640674220909956675776      
   503.353983319046926503299660401195201      
   503.353980281542658544447090263843638      
   503.353960572495187762490612485197984      
   503.353874527245301343409095077595486      
   503.353592702790596737663710512662059      
   503.352847653558290588721711537767379      
   503.351175089777671302059826572001807      
   503.347869198075014127755050521123379      
   503.341961939533906030342503880232254      
   503.332228978286536588305218587900562      
   503.317218880656253998999835851713972      
   503.295298904553977803335960172340603      
   503.264709497660790933107041133610260      
   503.223619407621199582789053236977867      
   503.170184331791830911570803320072936      
   503.102586527010004017070779068112070      
   503.019077376740551021975854638227849      
   502.918005944366916166379335104211343      
   502.797840088458212346281561728226760      
   502.657180123132827449876759287832783      
   502.494766208622894206305662470778632      
   502.309480697397699415071568337410988      
   502.100346577524644419789023845818098      
   501.866523003455084452250619404800945      
   501.607298727396702222378392447124332      
   501.322084071548833560431143854799230      
   501.010401924165029904204618393193139      
   500.671878128280835660245977836037491      
   500.306231506346675866573509414242582      
   499.913263722980285268432972603108600      
   499.492849125424194136172753877563985      
   499.044924664323672743528656521587736      
   498.569480021286994335278094058432728      
   498.066547808248362778892624210153507      
   497.536194417642593338644283937767103      
   496.978510950432966905146988206701660      
   496.393604704172161641316289073807145      
   495.781591146979968607719377809700242      
   495.142586437713084528607794546061670      
   494.476700507450282936429504506774630      
   493.784030831101978723797690825714029      
   493.064656247390185410133255478556697      
   492.318633387216475892792269407398543      
   491.545990515903894418049650187675817      
   490.746724880396835015801106225240334      
   489.920799370774200424523081468925538      
   489.068140045821271838807428630602978      
   488.188634257876748122361594225819794      
   487.282129349295527923849856930561684      
   486.348431532302560746905348988006623      
   485.387305913300356866332754994439534      
   484.398476402324755957437100091517762      
   483.381624747232289762034528111094674      
   482.336396431692049794804779435926867      
   481.262394639664494522210687770174842      
   480.159186080917347528047140703247916      
   479.026301506155453063750551245359549      
   477.863237226814405506236618199062826      
   476.669457276586190849429995762604420      
   475.444395197061327443914720103902534      
   474.187456162522601341596440975219877      
   472.898019034960260626960462579574770      
   471.575438370269109387772794011526574      
   470.219046550295882394049229554173773      
   468.828155913476433237371394116625938      
   467.402060404256913459545387576959694      
   465.940037962837930998268954883239726      
   464.441351627474329264645799520320519      
   462.905251593664059953438121615623863      
   461.330977486227641426502602438743986      
   459.717758280161046691427755520542346      
   458.064816299528491437786866373752840      
   456.371366239311354850275586551245442      
   454.636614463855076648217428763229460      
   452.859767934786455986447520466122798      
   451.040024359187258477068015794890347      
   449.176579927328433192154670298403344      
   447.268627551162692726272350911026510      
   445.315358186173956729912210126351991      
   443.315961560382050255498032860785768      
   441.269624393293714312022687386496829      
   439.175532482757833779059088520256818      
   437.032870007798170097228848763907036      
   434.840820748819960159780989796885660      
   432.598565424713619115271840470787490      
   430.305284625572198754103483673706978      
   427.960156497747313166725571674701018      
   425.562358073316478465405604335095590      
   423.111063717552832404087687782536764      
   420.605447753899300154069329666276934      
   418.044680363118571760463730688127057      
   415.427935174347231389925835247125556      
   412.754381780347167072387975438426036      
   410.023190871575136416341359697550712      
   407.233535318531546096758925572502449      
   404.384591177240387765340424941609450      
   401.475540062897510607340294967286327      
   398.505572751811782635691936440819655      
   395.473892392080952229196072224963838      
   392.379720211026741950762494407942138      
   389.222300833429196717724917879808867      
   386.000910708768260065941167644328497      
   382.714867589369664409516604401159214      
   379.363541524834221173229258477136312      
   375.946369711713849007435223145827967      
   372.462873220733392816673683696990617      
   368.912675998148280783822024760036843      
   365.295536725105510687142706681776578      
   361.611367518477734061310052197168869      
   357.860276426642093495048819342102901      
   354.042605953412058666347377909180719      
   350.158983647283282274167692579273227      
   346.210376154966227739242416162626429      
   342.198157799876572690336996365193052      
   338.124185405999414035041695310911322      
   333.990885867924752074505741409955585      
   329.801352804367797621313509898254090      
   325.559456258357977431893539922953758      
   321.269960473745825276740918767162910      
   316.938646287701081359316674039348790      
   312.572441868726927782935421002200043      
   308.179541293833507765075024564357528      
   303.769511791081908197307554800252774      
   299.353374304455305260295536113823141      
   294.943634716145973202668771904193092      
   290.554279811701850462761083713327444      
   286.200649385375688769110976576148759      
   281.899277876559027989189726576633056      
   277.667603854761444506112118608057916      
   273.523621991098085787575559480739002      
   269.485462751542763069084895687997260      
   265.570942970400593453965127393740109      
   261.797131267660104095249397400361642      
   258.179947772398375450577271689633839      
   254.733837312461817831465801627827610      
   251.471524569121078775374170678233739      
   248.403847103626038940694606185868623      
   245.539656436935407900696752040339984      
   242.885771693748616433052238572687065      
   240.446972186850462643003555175869687      
   238.226023826436367623334949705061417      
   236.223735473746811872579215351423244      
   234.439048753075616782562220977622132      
   232.869162336419914748613010347275600      
   231.509689839314326081107498206969648      
   230.354848535683739032710555990105210      
   229.397668901724536106902720347659315      
   228.630217614242356897803493984785464      
   228.043822629779190109702631122582316      
   227.629289380760914041100834525124011      
   227.377101911770644850977110328613830      
   227.277601876293554182702175191103724      
   227.321142682981315019605430991454388      
   227.498217374357510827468514623943464      
   227.799561049361875849022792973668356      
   228.216229232813011397478047203355692      
   228.739654581004724904251258177350773      
   229.361685670396849371523189093418992      
   230.074609874160528649023920168765853      
   230.871163723703252152584687046707336      
   231.744533584130148103942405176844254      
   232.688347786067447207297806108076182      
   233.696663992215326616298218629506877      
   234.763952073394197944106799873692845      
   235.885074256747240393465386514946088      
   237.055263760854719706185022614910197      
   238.270102674222720390571230937886897      
   239.525499462283778369502288957243414      
   240.817667131654580913663630968507849      
   242.143101906092101829569584964831174      
   243.498562656368459498020903000863397      
   244.881051758993436774252055798620054      
   246.287796661263331100161973618387096      
   247.716233010570011393461097904368721      
   249.163988632582499776096315066943806      
   250.628868907644810840938902630363807      
   252.108842998027087298137938486352342      
   253.602031360449602829535657023184720      
   255.106694150423168452353802150706330      
   256.621220502467143696193834521995975      
   258.144118560860983731748130783931651      
   259.674006687598457550378337584960239      
   261.209604864168212501699825471772711      
   262.749727501551854357191110665514318      
   264.293275773738063553204669907007573      
   265.839231604196872326852336600405229      
   267.386651873369500541428650320853778      
   268.934662263060960961535300421472495      
   270.482453357179286039372026553019644      
   272.029274655403976520837910877812056      
   273.574431238518459924612499025200702      
   275.117279586240488275786425522606334      
   276.657224140274594371103247074742644      
   278.193713234703069545499198351521543      
   279.726237403032561150476028668798273      
   281.254324582442510642168133323256362      
   282.777539014459487189660244428695638      
   284.295478412379567384808185381667865      
   285.807771804286843671207809871552369      
   287.314076505670123320923006553599602      
   288.814077205129592779431675323466580      
   290.307483756660708791969541739035232      
   291.794030276737008884437461783063967      
   293.273471421725301011105091810416235      
   294.745583438590137025010240744196890      
   296.210161659011812405862272380621880      
   297.667019081446976027785612921636017      
   299.115985704408660550120117533059971      
   300.556906583621171243585914179966480      
   301.989641905161607603680101583888672      
   303.414065886882345437201805978235126      
   304.830064785077390884944003218166447      
   306.237537143490478414386712755566734      
   307.636392691567548447785937561451081      
   309.026551357307363922687949357206468      
   310.407943891898853251616915174207584      
   311.780508896500685397695513699716482      
   313.144194351609419454592007145042486      
   314.498955569425435641279386611848867      
   315.844756085283586764023322678815343      
   317.181565993218042372503757766735650      
   318.509362451702864974345498205753772      
   319.828127785460473051074592792651191      
   321.137850869940310286681902370439835      
   322.438525572799466800990495147452568      
   323.730150915152384940956870903590880      
   325.012730567236563166283820390020010      
   326.286272399334942702608546184669487      
   327.550788390597747259030142883396453      
   328.806294295674080713848049403897391      
   330.052809542109900802141918875741562      
   331.290356667873765904865340948758113      
   332.518961313259713560744268695763216      
   333.738651957822247592572711282779829      
   334.949459730424933556810579715249622      
   336.151418267837198327841322183115693      
   337.344563403475068187023518654101492      
   338.528933084122639064893078542811254      
   339.704567234386699635615312250175203      
   340.871507548932551004893669551382586      
   342.029797495077323950042392234682294      
   343.179481932675136446285355570765038      
   344.320607191181603205468612787737731      
   345.453220893412040682680753519016699      
   346.577371887912512676538075589462542      
   347.693110088609873063867863076958369      
   348.800486348448889765176232468852127      
   349.899552468238591850359822758283726      
   350.990361036188508059647570555936862      
   352.072965442035512575851969404722650      
   353.147419662602561512726313899295173      
   354.213778295648548113056845898217264      
   355.272096441355193703806576445415964      
   356.322429671678217411842816979396968      
   357.364834006158670716452130373703052      
   358.399365728772746013143596093787084      
   359.426081474688941965902583147436110      
   360.445038116483702963762565820266418      
   361.456292721896562503916628529609301      
   362.459902508810174228185778296746148      
   363.455924868624726767177353334230840      
   364.444417180755178288757320155742254      
   365.425436954282589429243011335228874      
   366.399041672136327099915340722635375      
   367.365288796885570793720077982459720      
   368.324235764439197130991189987814446      
   369.275939930787913674915539420621979      
   370.220458544350414251970396142485599      
   371.157848735326155899959615719700869      
   372.088167478941282628166738091170533      
   373.011471628554269702288692199558806      
   373.927817790240177954534358628723912      
   374.837262400278335918458211259187178      
   375.739861667776596509764681424350436      
   376.635671605129202331550405687699811      
   377.524747903692063331896427020006512      
   378.407146041678277760304469747103392      
   379.282921209984033988400914249311880      
   380.152128320013105719739759515960733      
   381.014821983642029006243753032525799      
   381.871056500055217175361647372762375      
   382.720885850354112556391088171088117      
   383.564363684322526405614843882216812      
   384.401543353694278246808752537389843      
   385.232477843736978365978812899152240      
   386.057219782121880985959056507210106      
   386.875821532794183645649343383259462      
   387.688334972400685637602252355586962      
   388.494811697837612948909653170083320      
   389.295302919190108471400768237665310      
   390.089859492050439475406121156314253      
   390.878531888679078306000853831490289      
   391.661370220601876734118424122740086      
   392.438424268890504005202813199339229      
