   6.46114195192883683103959025933776710      
   6.46114195192883683103959028499496191      
   6.46114195192883683103959035532071060      
   6.46114195192883683102469808236033218      
   6.46114195192883681091043779157198029      
   6.46114195192883395908052367565694567      
   6.46114195192872862681434390128816605      
   6.46114195192710348445315660952948638      
   6.46114195191329443878175179194085204      
   6.46114195183642797740509801658438276      
   6.46114195152238728486202635220877508      
   6.46114195050531911472994964683440413      
   6.46114194775015377906084144752729086      
   6.46114194126268595144024168610319937      
   6.46114192760505453986293147904215384      
   6.46114190134972477946879293019589169      
   6.46114185448979128998396106989840141      
   6.46114177593632009157916241999233087      
   6.46114165100811647976756278235716931      
   6.46114146096533538711525349072433728      
   6.46114118269704468190056810298466505      
   6.46114078849015445592938009673767144      
   6.46114024594078798230522882849356842      
   6.46113951798219289701046974061931503      
   6.46113856301979594304777889794646823      
   6.46113733525089465275279387562501712      
   6.46113578507582276379335025153054820      
   6.46113385963777341568442454445956862      
   6.46113150344906766195291409800439239      
   6.46112865906579227794187985881472182      
   6.46112526777935427139064968707498298      
   6.46112127036783891839495794079898216      
   6.46111660762193391525428768098106247      
   6.46111122089292827939737944861674143      
   6.46110505246720853593862549027701880      
   6.46109804578787838293351792434753770      
   6.46109014547734476228010000200537895      
   6.46108129729306888670064624727655273      
   6.46107144764442200301056949939167725      
   6.46106054343321353040037182202450275      
   6.46104853112758999784635585089099479      
   6.46103535613597441914273509387947462      
   6.46102096193791929478300489292236706      
   6.46100528914990457719159440782171691      
   6.46098827453389553465997277009509334      
   6.46096984994597048876379087454986289      
   6.46094994130140785871885596982846306      
   6.46092846753235074014184052594637430      
   6.46090533969234576500057565880527509      
   6.46088045977079750327594164402302125      
   6.46085371985694473757974691501376362      
   6.46082500124115125434076895030415168      
   6.46079417358620119375452158408825811      
   6.46076109414341332504661436706265888      
   6.46072560703923021408977102919877304      
   6.46068754257632558685952509024486381      
   6.46064671675358753251362894540093329      
   6.46060293048041970466557932310317261      
   6.46055596924802921066261267632446905      
   6.46050560248341501711932977741871034      
   6.46045158311666613009880221587929264      
   6.46039364711116323414151821485902547      
   6.46033151305486854895553663742470173      
   6.46026488159019661537488036064080275      
   6.46019343511301676647175376121934748      
   6.46011683716521264467827313650527614      
   6.46003473194421425494763901416720085      
   6.45994674379459565607322912752752360      
   6.45985247654140517616286555085919063      
   6.45975151300260468784771237904608584      
   6.45964341418477907030538164841651317      
   6.45952771859845882938499337309925504      
   6.45940394136779524207989620174388183      
   6.45927157347853781489029098179786020      
   6.45913008076304519975438739054805351      
   6.45897890274539398436583993892509252      
   6.45881745162700126759226889369911184      
   6.45864511098790643620513470959151207      
   6.45846123446744277289730824486256556      
   6.45826514389882796812391945968117319      
   6.45805612880501727933513034112851906      
   6.45783344335271518092449441967051600      
   6.45759630590616617186039649475711516      
   6.45734389535227655572645313374089306      
   6.45707535146047140374863324671664042      
   6.45678977065883616037447893152134326      
   6.45648620395519427502512600658865672      
   6.45616365484340996287517571452767462      
   6.45582107676796361247152523810708179      
   6.45545736915191304070405632297545613      
   6.45507137632930628594142407479160594      
   6.45466188253870302788788297494058058      
   6.45422760875739026675809748943694660      
   6.45376721001756818744158031171853848      
   6.45327927099518597759132666990992954      
   6.45276230138327765346300021475779150      
   6.45221473276427650231023496449336356      
   6.45163491369278802266919341414804950      
   6.45102110411256738100444847630630961      
   6.45037147133550272243819533795740300      
   6.44968408504232413988748822607097863      
   6.44895691010608576318403702345901283      
   6.44818780282826581740704904797886263      
   6.44737450320722233387494645968748708      
   6.44651462917466944107162399733792706      
   6.44560567000969472845496429867508759      
   6.44464497890312020951112485077751110      
   6.44362976570455117540445452148604559      
   6.44255708908254171206079335411325504      
   6.44142384861509434036314151669819135      
   6.44022677632437154489318954010407634      
   6.43896242735842915876268929760928661      
   6.43762717183779805302873507777644468      
   6.43621718434763698741846724556435444      
   6.43472843484492335605226775041379899      
   6.43315667811843038538472315835177555      
   6.43149744211381601078841666751031985      
   6.42974602015068036237052737605146864      
   6.42789745733899812404282068599333180      
   6.42594654018881182380522460035454718      
   6.42388778531405436000525576965639453      
   6.42171542790840963244386275628478092      
   6.41942341089182397623735827120516010      
   6.41700537392840661966136693075113074      
   6.41445464252178706287344304948421546      
   6.41176421700407432901021141644598329      
   6.40892676440263997762000855607579943      
   6.40593460980143968184876948185078832      
   6.40277972863266988715919538797445508      
   6.39945374118300588595553516698809437      
   6.39594790832825468396865958544236570      
   6.39225312905140687410035172794043016      
   6.38835994354157983057471470656756806      
   6.38425853388385404860600133964485956      
   6.37993873029121787743892522374099161      
   6.37539002282930635653213196733522483      
   6.37060156952180663964030724113003076      
   6.36556221616627112245082881830824851      
   6.36026051608026707724167234128752978      
   6.35468474802768153988013078875037127      
   6.34882294597775384458417891054586631      
   6.34266292657108588192847651328191923      
   6.33619231762868675090631777317277038      
   6.32939859306517387316456136856806231      
   6.32226910504288818675805746485009032      
   6.31479111868783973829740014512002738      
   6.30695184802571865240150300546927071      
   6.29873848869729027870794589908932953      
   6.29013825037868009687587695792440410      
   6.28113839057426950821534432440695733      
   6.27172623949792618871975383938193451      
   6.26188923148012310448957381633377784      
   6.25161492521201510292593691402803039      
   6.24089102501928613308575543322926771      
   6.22970539783437304914293270042608900      
   6.21804608659254574193368713271500881      
   6.20590131888488104495720138512045545      
   6.19325951283617040538694040298394199      
   6.18010927983044498239912652880290599      
   6.16643942217508788463192061090952097      
   6.15223892801698522689212778768435131      
   6.13749696694276202368670536595968169      
   6.12220287379093264567559397859369180      
   6.10634614075353794000271829381067879      
   6.08991640236441839925156303805375306      
   6.07290341811246361322927020877451229      
   6.05529705744546145751239493764925968      
   6.03708728297731981517998508482100718      
   6.01826413117543160766541502342798496      
   5.99881770084242866618547672710882458      
   5.97873813140644247507172648500665170      
   5.95801559130117544970582077534979208      
   5.93664026293571840171958307072675622      
   5.91460232794498094026877145703757766      
   5.89189195831350276769004743009471605      
   5.86849930386237030550324332078490895      
   5.84441448241611593614876702823026970      
   5.81962757242082931439814417017321200      
   5.79412860561017057118839293312267506      
   5.76790755978419748773887627152613845      
   5.74095435491485274874723477549592502      
   5.71325884801285264013196216534883807      
   5.68481083042462926710946609708725833      
   5.65560002223554688072736305841744740      
   5.62561607345360154737044754298617807      
   5.59484856049785688744759849813555607      
   5.56328698388767586232359272604286812      
   5.53092076850005571595766735975803391      
   5.49773926329698765843043242136327230      
   5.46373173990086864522367152066411822      
   5.42888739224299896590858001997177852      
   5.39319533773035658262438754893379378      
   5.35664461620898075519607961921890904      
   5.31922419037196974831887051306556988      
   5.28092294716098073200041258919017152      
   5.24172969760977220572370126561914940      
   5.20163317471325156319101990129386945      
   5.16062203973965520993687630872116267      
   5.11868487562016370755098760591917665      
   5.07581019337143421304813207472119025      
   5.03198643018980341821710197421388070      
   4.98720194707892341370704142819600551      
   4.94144503602234225445909177592531977      
   4.89470391464998130312561861105538108      
   4.84696672712276466453912895522711744      
   4.79822154862431413789867447055424889      
   4.74845638295214563418981114684383169      
   4.69765915927466419948245830290945093      
   4.64581774125518036737275741582255593      
   4.59291991914727625008907481742249475      
   4.53895341489681490109541738654447550      
   4.48390587878233142321192229638488746      
   4.42776489318835843304686680927315593      
   4.37051797209441520362075246289862703      
   4.31215255721169583162290174812048649      
   4.25265602486821455284125840296202109      
   4.19201568127807120260965370663264238      
   4.13021876372352621588031636796198851      
   4.06725244285064399824713034675358698      
   4.00310381645116424172223077063742666      
   3.93775991934861200354058053218413418      
   3.87120771660809268265019231039483761      
   3.80343410310204974714871871955529925      
   3.73442590810536680809912029595044461      
   3.66416989300919493077115936224705025      
   3.59265274807426387467884153687421441      
   3.51986109890808166297545251555782189      
   3.44578150217551922062937482846019310      
   3.37040044724502975524385807842384206      
   3.29370435480093437011582706026064193      
   3.21567957607143810649547936690467882      
   3.13631239820668099648729737403770148      
   3.05558903683221431791259596020250119      
   2.97349564247485803287662220453493859      
   2.89001829443417659816785029608576941      
   2.80514300648853062247760866083606879      
   2.71885572452312671243107012901644604      
   2.63114232380270697178074577616767719      
   2.54198861373305933514249098891483219      
   2.45138033542900958593111014615356820      
   2.35930315982244686556161162875095976      
   2.26574269193468551644746879007078563      
   2.17068446720753718779388458235938440      
   2.07411395182654631203244873893276380      
   1.97601654593691710123696158448428032      
   1.87637757901752337517122191522817425      
   1.77518231219907497402911140397205657      
   1.67241593927700767229535673052841820      
   1.56806358463635383494055322512029442      
   1.46211030291199614434205536608973587      
   1.35454108177186633794763475193191721      
   1.24534083927988388328132827610468384      
   1.13449442295469367476345370916456537      
   1.02198661443640543454203095769919973      
  0.907802124166641905193610547253521952      
  0.791925593688970903624211820773441783      
  0.674341596001072741767038603815077200      
  0.555034635024020811899244972271923761      
  0.433989144777112087885983354987304489      
  0.311189489914764134592158245805171527      
  0.186619966822379689039584872238194012      
   6.02648013728833672382037833410412994E-0002
  -6.78918492291739976788242680709440527E-0002
 -0.197865897949549456613539388736730470      
 -0.329673327063112486150183538311081419      
 -0.463330187994629731526321239111560920      
 -0.598852602463434975030776546562603120      
 -0.736256761437906692533437734849377377      
 -0.875558925605573324854223551282265284      
  -1.01677542537777865390268664403701972      
  -1.15992266152404891163384095430580549      
  -1.30501710359348059481595135222589587      
  -1.45207529163144076298710091042560512      
  -1.60111383632450318405930318245733070      
  -1.75214941731637651965359196356471558      
  -1.90519878394889887365421093064585312      
  -2.06027875631971547353589530603828827      
  -2.21740622410347317277898530630280751      
  -2.37659814706992793575662199270396124      
  -2.53787155574478144995943396711328797      
  -2.70124354948957567522954618983219677      
  -2.86673129830577808020916263004450978      
  -3.03435204228792764640704271062480871      
  -3.20412309172504059720945321003278502      
  -3.37606182924661176596121570218296863      
  -3.55018570265915003324408054512450393      
  -3.72651223348671975059557988623581666      
  -3.90505901396347953976790181207316323      
  -4.08584370351837211048867452732447018      
  -4.26888403566404038606110920137892892      
  -4.45419781165047048658998768797060022      
  -4.64180290226139948943665315795718151      
  -4.83171724983950900322608381184394605      
  -5.02395886754855965589393156550738012      
  -5.21854583667387021704928640712324892      
  -5.41549631172878876772095148929939887      
  -5.61482851538997465783776805183738361      
  -5.81656074043099002083613848808228939      
  -6.02071135049097091648339782633903467      
  -6.22729877876159045624292455175255552      
