   6.46114195192883683103959025933776710      
   6.46114195192883683103959028499496268      
   6.46114195192883683103959035310711143      
   6.46114195192883683102469272852197406      
   6.46114195192883681090978920347641707      
   6.46114195192883395906334823709822409      
   6.46114195192872862662243926358790302      
   6.46114195192710347778888870222361073      
   6.46114195191329419679144409402039435      
   6.46114195183642354113112184795704696      
   6.46114195152233857873910965297619866      
   6.46114195050495515353444517919848006      
   6.46114194774813308471267749918595847      
   6.46114194125381308291408863458909684      
   6.46114192757279332269879784748059356      
   6.46114190124917442248323382664063603      
   6.46114185421377167349514375791664246      
   6.46114177525871708249395370199208716      
   6.46114164947881278830311788797858501      
   6.46114145776617194898720963543437822      
   6.46114117642471057779602198120437097      
   6.46114077685917651435539849026934772      
   6.46114022538528305485474214699901736      
   6.46113948314001011139400781456488737      
   6.46113850609789630463749800320045505      
   6.46113724522163884262976320377235638      
   6.46113564672414428145004809545543839      
   6.46113365243446474839867105554497917      
   6.46113120024761622994630886040017854      
   6.46112822460856237912829534997941576      
   6.46112465707513655375764915377328422      
   6.46112042684226984305942134610008029      
   6.46111546114542990507219020703624049      
   6.46110968565627766225195629694602439      
   6.46110302471899421085067455784258479      
   6.46109540143750596875937187125306839      
   6.46108673768606888716579524582599688      
   6.46107695379683412954908295242616865      
   6.46106596810309788563714488475094257      
   6.46105369659079108563896769695033864      
   6.46104005198838183050165253159841970      
   6.46102494294732398117656508521129735      
   6.46100827309831190646854968323033539      
   6.46098993998990773241572811300966703      
   6.46096983392890990108045726879140631      
   6.46094783690429564511161498451648213      
   6.46092382125908574968347638347666214      
   6.46089764844767413232261735690332731      
   6.46086916803736004450432551802461870      
   6.46083821625881834431385367895596282      
   6.46080461492387621862784975051824618      
   6.46076817027011554302846196800235016      
   6.46072867185042406293857949438670031      
   6.46068589147342637098320904804649250      
   6.46063958216335809264979269673627795      
   6.46058947712853425080110939742425081      
   6.46053528885914379886968703152387514      
   6.46047670823154468197182244934172372      
   6.46041340350437835083497391502614496      
   6.46034501948479129950693842183619756      
   6.46027117665706299419139708523476935      
   6.46019147031781783380619984352524761      
   6.46010546970331916223688004555693209      
   6.46001271713161542335160448404283460      
   6.45991272708894000216851003089878388      
   6.45980498533872216198298135782278690      
   6.45968894794783305710180038232202369      
   6.45956404029655945861692246670498479      
   6.45942965603213986434318360260023557      
   6.45928515614170062917569694520464484      
   6.45912986743421149551134941429668424      
   6.45896308130663598015876261196331142      
   6.45878405301030308273615395860694052      
   6.45859199943523082639624364814667053      
   6.45838609865003361656724360230867600      
   6.45816548831183065456534411087410570      
   6.45792926154285001065560671071054927      
   6.45767646883929786372892959480518789      
   6.45740611349238027972861513405844830      
   6.45711714969796073035108091084208624      
   6.45680848214495964936539498677190410      
   6.45647896216129049866850173902383305      
   6.45612738492835033464376565630214993      
   6.45575248829134102798713330794086864      
   6.45535294899926707508805662849884305      
   6.45492737992121549409555207717860862      
   6.45447432639433708585454556311596956      
   6.45399226406385613945158263455083690      
   6.45347959443694604505613405909893085      
   6.45293464110440319006762457800697875      
   6.45235564641188407880833108391863581      
   6.45174076725545813672710670112402028      
   6.45108806929371115271467329550939852      
   6.45039552561674849400523383232184445      
   6.44966100701202944133195805450128257      
   6.44888228250610626493330222886689560      
   6.44805700991778035578310470823032888      
   6.44718273169253171482885458804554740      
   6.44625686914835851396684854222545621      
   6.44527671583378862452823949932427966      
   6.44423943265318953752974858482171870      
   6.44314203926825664022964376425012879      
   6.44198140847300766144313700615997899      
   6.44075425876984054654536878912388258      
   6.43945714692489106133359006559133264      
   6.43808645955637231529847393214538765      
   6.43663840696102884147697376281764010      
   6.43510901254397365522652095547524784      
   6.43349410661003043180341756346009836      
   6.43178931641817253445459390617008328      
   6.42999005698318890874650113184688230      
   6.42809152449893616180679541988871604      
   6.42608868508976424101296450192066551      
   6.42397626581664910627116106416795690      
   6.42174874773003107291087206239449599      
   6.41940035436812668778380203191542288      
   6.41692504541853618506676216748021677      
   6.41431650693397152918813009700206615      
   6.41156814435534843448488128665443470      
   6.40867307548360503615445389004017911      
   6.40562412354210545973090111186517737      
   6.40241381229178038828943981253383369      
   6.39903436118072206820104822012110312      
   6.39547768538178764220838638396670918      
   6.39173539184682019734254696210427414      
   6.38779878152159588753113246068636414      
   6.38365885478630312255725352500825197      
   6.37930631777784391779085362172511234      
   6.37473159015735137594086397843444549      
   6.36992482288368151579208298495394473      
   6.36487591244459036926302928464311191      
   6.35957452550643052461718508338790519      
   6.35401012267590507800996873736182400      
   6.34817199344595887739086462559797511      
   6.34204928687482374339848563155137647      
   6.33563105244577832937417730363451324      
   6.32890627687978439615844566057160287      
   6.32186392595904441050393885241848826      
   6.31449298713627239695448832538906989      
   6.30678250290218146847343279243903825      
   6.29872161032447445902453941926304183      
   6.29029957077326400643905572250044435      
   6.28150579544219018253617171404713377      
   6.27232986472155509792793910911645459      
   6.26276154178425129537246252183071931      
   6.25279077644333090656456857260006015      
   6.24240770659598066393787767012064894      
   6.23160264897393816090143411804194093      
   6.22036608786964561368703800338539446      
   6.20868865890741170087919548769140498      
   6.19656112906716027140798863638387202      
   6.18397437650832889141353595154779971      
   6.17091936748635534231286889903815283      
   6.15738713573622985526452260040838465      
   6.14336876050044779308656238782095236      
   6.12885534694302465588014365257493335      
   6.11383800947941257592212226533276664      
   6.09830785294165144349796423968453166      
   6.08225596066126398877595207324131115      
   6.06567338127676142539263806775068381      
   6.04855111765647635336582746325629577      
   6.03088011953481569668458076541819187      
   6.01265127586664399617552414684223548      
   5.99385540789403374805634649160359939      
   5.97448326651785480112525360267533579      
   5.95452552724311386235426861870400311      
   5.93397278912764344278978656127881876      
   5.91281557292376656542984056543008207      
   5.89104431855426561010182668511002215      
   5.86864938664040246249039722697809442      
   5.84562105720534796291694887676079524      
   5.82194952978822028118982411902264055      
   5.79762492480317724905832764593635427      
   5.77263728389275301830056099237030944      
   5.74697656996594071473687909607330940      
   5.72063266963078586263735051034798788      
   5.69359539237639398013892138993645582      
   5.66585447406275349552904231835397446      
   5.63739957448113833487611007691375748      
   5.60822028173335601411931745873211646      
   5.57830611198565280710748986640848898      
   5.54764650919329667306564536791007914      
   5.51623084812418959769116220856525418      
   5.48404843317910592147334029801219207      
   5.45108850036343291178707445282875285      
   5.41734021771109671651379868050722768      
   5.38279268724564102357955375347168380      
   5.34743494196773148128053649056589084      
   5.31125595091933802294165673441466566      
   5.27424461700970075780209982713347456      
   5.23638977771668095491094922720662602      
   5.19768020443686605154167032035546284      
   5.15810460839055363095174313044845602      
   5.11765163386031693797671242813166267      
   5.07630985790375925400074807792025958      
   5.03406780217446682864411424249561327      
   4.99091391912601600727225458935459402      
   4.94683659788246632364711549955686151      
   4.90182416901824033144168692926220376      
   4.85586489697003943751327252940056315      
   4.80894698163246088721574490192837482      
   4.76105856477696042995877129229864269      
   4.71218772281060385221996413544064461      
   4.66232246848477596832069195440232489      
   4.61145075645997893138000558806424529      
   4.55956047038090913437030542602371864      
   4.50663944004953393835691745446977773      
   4.45267542732146104755041657363266383      
   4.39765612928392655795831409176293660      
   4.34156918898988854359442894797108534      
   4.28440217604716475450738459252642692      
   4.22614260804316593162675076890524587      
   4.16677792714956439432332610501554076      
   4.10629551914002126192652309819385315      
   4.04468270880594554016351392353827327      
   3.98192674661221141036549755737705913      
   3.91801483697587176491987893089202773      
   3.85293410886736686691937700861880692      
   3.78667162592944437099400139009336194      
   3.71921439097858962071046094095843620      
   3.65054934342923477862526596853146706      
   3.58066335839097700850664189000712805      
   3.50954324805546610433192706598957623      
   3.43717575529833242266062739068176115      
   3.36354755885287920044062437736691616      
   3.28864528747147890635283017647613105      
   3.21245548369107240722410632609766228      
   3.13496463023048004193892650220949369      
   3.05615915017285160736600401455466644      
   2.97602540229242346801041637012885233      
   2.89454967694638086435904421745437284      
   2.81171820196226400940200931412376193      
   2.72751712949797266520327892522203407      
   2.64193256373123496955043213460359101      
   2.55495050615839032171512397907425096      
   2.46655695210567392834918134251595043      
   2.37673777637165612567834438109714570      
   2.28547881377884910831023752433756856      
   2.19276583413364457977080023464690235      
   2.09858450697564802302844682628489848      
   2.00292048857161069119286114031536655      
   1.90575932872610182903690487919701747      
   1.80708652100155037904319660420186339      
   1.70688749508528471906346035229701382      
   1.60514761277986395889707954371286307      
   1.50185216617076007636314862093634333      
   1.39698638063544384849560589960103663      
   1.29053541603251110128818484165737829      
   1.18248436104856142135574397943633222      
   1.07281823918067422976513349101881378      
  0.961522005222969053001848467593526612      
  0.848580547451962704433914110854645097      
  0.733978682871963977906525155160326141      
  0.617701162966776584064097553867672530      
  0.499732670609981541674229229768798067      
  0.380057820900835884652800254792245475      
  0.258661157985016072353938916473770474      
  0.135527159830915382730810471189377486      
   1.06402355325036810481611880667585882E-0002
 -0.116015274672484631877844148803163255      
 -0.244455099101498385609812717747536980      
 -0.374695035766349186750558515715317357      
 -0.506750951028002400044859244617889186      
 -0.640638779534424112086421873580215183      
 -0.776374525398755234893284765666904755      
 -0.913974261876701850695515350352361308      
  -1.05345413122518928004607613500568502      
  -1.19483034641444443120724655200258172      
  -1.33811918638560321286548594906365292      
  -1.48333700179199787214337232567222817      
  -1.63050021282146803140373600938448640      
  -1.77962530738378855939164510567777642      
  -1.93072884504560120336692401363659444      
  -2.08382745259809064903428483777669637      
  -2.23893782773593688779435827885958000      
  -2.39607673768304444579164181999575874      
  -2.55526101908386361151192493601634947      
  -2.71650757796212688965429484538570111      
  -2.87983339064550408753699359813767695      
  -3.04525550266145597599352664085953549      
  -3.21279102958184411023077069388504851      
  -3.38245715722046437348927899821313748      
  -3.55427114074514154768641153778900075      
  -3.72825030430023153966273958014654145      
  -3.90441204387122416226565438979582090      
  -4.08277382360223851144517687857337719      
  -4.26335317826454097282811610351654544      
  -4.44616771281326443981763979571649449      
  -4.63123510153258442372565601535304703      
  -4.81857309021820406197865111460073019      
  -5.00819949212880821274560835251040746      
  -5.20013219251045488304703992432021311      
  -5.39438914557356152759673816426961533      
  -5.59098837666350326722640691713662854      
  -5.78994798001475885893873366949669871      
  -5.99128612072174700145484858370241801      
  -6.19502103284970951889736217802985485      
  -6.40117102144469737320316369347260322      
  -6.60975446136582729651636951775207326      
  -6.82078979910005825437563702617088857      
