   6.46114195192883683103959025933776710      
   6.46114195192883683103959028499496191      
   6.46114195192883683103959035532089857      
   6.46114195192883683102469808633477905      
   6.46114195192883681091043949860834464      
   6.46114195192883395908062600401860139      
   6.46114195192872862681632030838079515      
   6.46114195192710348447189114838564826      
   6.46114195191329443889355575015973632      
   6.46114195183642797789702893867482340      
   6.46114195152238730486170620964352475      
   6.46114195050531938683523693878686331      
   6.46114194775015624651595919545315625      
   6.46114194126270237567006157373840033      
   6.46114192760513985478162049306212598      
   6.46114190135008691107461705234833992      
   6.46114185449109313313736798493471282      
   6.46114177594039215735005385902775321      
   6.46114165101945040102820994131758804      
   6.46114146099391655057022472950588447      
   6.46114118276329909427666581677179731      
   6.46114078863302165277017193542986582      
   6.46114024623022471330578186865368537      
   6.46113951853271397941863276263973592      
   6.46113856403260486845895871916084503      
   6.46113733702868636257405285054168969      
   6.46113578808232461837712283669080403      
   6.46113386455592386481502923349851479      
   6.46113151125761794192767619425837642      
   6.46112867113374344767400709617450477      
   6.46112528597827361762649173956859369      
   6.46112129720603019255799073545524747      
   6.46111664639902058099502757403611034      
   6.46111127587642013466943042030882204      
   6.46110512909121484241686361381302962      
   6.46109815087435200591531407929975040      
   6.46109028747958533048171520553684748      
   6.46108148655740024233766595661895861      
   6.46107169669916808705134150350545219      
   6.46106086729738627781476546288239646      
   6.46104894763780205696312246241134352      
   6.46103588629707440965204511473638645      
   6.46102163029506081293416298091428422      
   6.46100612418235232014956809616187400      
   6.46098930907187347206346325351693297      
   6.46097112161406007104685867918631161      
   6.46095149297610886684840176822768650      
   6.46093034784530439317286276032172012      
   6.46090760354628951844233943782606034      
   6.46088316889343396631158643380100477      
   6.46085694338487327706440475179056735      
   6.46082881634006630683494406437245652      
   6.46079866610605520390063503505671941      
   6.46076635932062532977831744962312962      
   6.46073175022554214536923501171878424      
   6.46069468003535650985658485538769725      
   6.46065497647217411761086321161907244      
   6.46061245307881683543845196570767764      
   6.46056690888497528040388910761112713      
   6.46051812785194748881867032845635211      
   6.46046587848408793806495008388568148      
   6.46040991343146560590776297940854168      
   6.46034996912140726736838576158304802      
   6.46028576525304032477185467069390558      
   6.46021700461219598546889311616633139      
   6.46014337244841352240508668582287207      
   6.46006453611269048925311254182525820      
   6.45998014457919392014583503733202964      
   6.45988982794997736582473459852207557      
   6.45979319692700114578523427398294532      
   6.45968984208427309263477954478220554      
   6.45957933336710226485096743952753997      
   6.45946121925930200461972299322488759      
   6.45933502610259664802663898815292531      
   6.45920025704096526884266275460555182      
   6.45905639118052119920624044610829607      
   6.45890288252082659212763847932862166      
   6.45873915879492370894726651185854469      
   6.45856462024160453349277806013474517      
   6.45837863827654506001075010203611427      
   6.45818055358649665854292180721645542      
   6.45796967583071629462758769982560535      
   6.45774528045564607218187782670831220      
   6.45750660784948684789672591634160655      
   6.45725286016930977114362573644132100      
   6.45698320198850340803859832027028790      
   6.45669675398833927729754832452331691      
   6.45639259452709600489095823058305044      
   6.45606975445968371296705534267099415      
   6.45572721563597582642649150921558875      
   6.45536390750784106196825474616900348      
   6.45497870463854997573412511569955295      
   6.45457042272085531737864868138660208      
   6.45413781510003857782710241918532083      
   6.45367957064217004922101161040325608      
   6.45319430782138288785607112673831285      
   6.45268057174578818316646200864636401      
   6.45213683056881314967165523421757250      
   6.45156146892149786108850979987803882      
   6.45095278454316635230764452858349563      
   6.45030898361687656214916093487360162      
   6.44962817427893171152980644745805297      
   6.44890836153400820953543115303696360      
   6.44814744165574711365523546289090026      
   6.44734319536920361301690261155408100      
   6.44649328162587254797263155479192236      
   6.44559523113154818408981099815215775      
   6.44464643887843155845765095620516609      
   6.44364415578751535285024755781972159      
   6.44258548238424078221395540981798550      
   6.44146735973661861141442841164447839      
   6.44028656001192588748697600527627990      
   6.43903967915955198064922507885205627      
   6.43772312621855194190828113693951465      
   6.43633311408783862136892212903881574      
   6.43486564887802549455863182752796765      
   6.43331652034508385560026865927032436      
   6.43168129008000802916176849042590562      
   6.42995528076528837105224998065120029      
   6.42813356476363458789223012599023757      
   6.42621095133102980745637617881387731      
   6.42418197709653751636806487639175054      
   6.42204089211363820362480820589813881      
   6.41978164829117830141413061104815514      
   6.41739788819281400728028740461716052      
   6.41488293313650223125820697396606917      
   6.41222977204291651100205914519940428      
   6.40943105210473876197900559834823259      
   6.40647906691456471357078634408951095      
   6.40336575195448777163584212072649436      
   6.40008267497764762156647137568042025      
   6.39662103225514308906949778581638813      
   6.39297164558031663895555222890626857      
   6.38912496213088514355755619285884931      
   6.38507105647665979499379094633704401      
   6.38079963756793898159906733169087625      
   6.37630005534861419295341488880312783      
   6.37156131515543378847893931312774072      
   6.36657209251303097943374113244146163      
   6.36132075345313402102359324498807433      
   6.35579537666488309725572141650539953      
   6.34998377912568179764736290687357804      
   6.34387354708864229808350376582914477      
   6.33745206611221402342511136644990119      
   6.33070655384907694109993533914942398      
   6.32362409607831040406491489899710828      
   6.31619167999245179408059972738903240      
   6.30839623241151099198605105640942056      
   6.30022464967308381675948278308063851      
   6.29166383706082576326892379604019237      
   6.28270073590430033214584701525420552      
   6.27332235426048369633281215416421333      
   6.26351579475273880759361348975812337      
   6.25326827669867321522916331769845263      
   6.24256715890931547786889180545146299      
   6.23139995613033957528057896237882863      
   6.21975435349393722248815388572811438      
   6.20761821704584521430766563557625878      
   6.19497960175124507351519758396320674      
   6.18182675508073628154064186125501885      
   6.16814811796304510788693439426453526      
   6.15393232261007032868418685670800644      
   6.13916818845497478686749334609500679      
   6.12384471270473598314628989398803245      
   6.10795106192406367710141047063754683      
   6.09147655940487184904791747983465696      
   6.07441067230708343122325977063796910      
   6.05674299643719817879655782954067733      
   6.03846324067152115300719197946692195      
   6.01956121102580612042640490874474298      
   6.00002679473895214648827224511432437      
   5.97984994365916945459093123892248059      
   5.95902065883367722346062648442466295      
   5.93752897525259407334732725769349907      
   5.91536494856053340856711990444162532      
   5.89251864055229423898383803698583413      
   5.86898010820119772785161318024619134      
   5.84473939244115430788787071892479803      
   5.81978650761704299341382231971506091      
   5.79411143315666898265667887451366533      
   5.76770410594218615924261417841905004      
   5.74055441312273112925341063542582249      
   5.71265218696490415202157366181679190      
   5.68398719955519864593763464943096689      
   5.65454915827530488384591974930990480      
   5.62432770401300137608596074906776793      
   5.59331240620727903739423517352218344      
   5.56149276229599871241567515700523205      
   5.52885819430601557955014837395390757      
   5.49539805043145013931607877039229250      
   5.46110160035062081063571394017444830      
   5.42595803765220369655271488025497294      
   5.38995647813946629828918093086664989      
   5.35308595844436444930150181063942258      
   5.31533543914044939862478356508437083      
   5.27669380196554973400321800935253684      
   5.23714985039865165235735854957022446      
   5.19669231170617335345499751523590761      
   5.15530983637108145568921056672733713      
   5.11299099661798284088949634605249242      
   5.06972429091253282060936721297560099      
   5.02549813967657690940682003912902667      
   4.98030088961650129399174697747256940      
   4.93412081344990369089316494551239069      
   4.88694610650621653281543788731067869      
   4.83876489391056160439468858489839337      
   4.78956522593229952238936084398038410      
   4.73933507872496315502287701832290475      
   4.68806235809025892380542280917507960      
   4.63573489609041265025071747091616773      
   4.58234045320038060968079384495312810      
   4.52786671963670003793903903902757611      
   4.47230131286757223146193807448906719      
   4.41563177961275571594412208550897160      
   4.35784559773938981760429296262860593      
   4.29893017365675142791405197429254191      
   4.23887284245747078186899662335431296      
   4.17766087110227088762240990207891704      
   4.11528145693524154940484688311004400      
   4.05172172550027046833882662101031153      
   3.98696873623094324896494501389552416      
   3.92100947595182393673187036841691242      
   3.85383086498975110386258753010557324      
   3.78541975415817082419097870343643245      
   3.71576292282575410169655946186372862      
   3.64484708539778041954187199080668116      
   3.57265888491697452061947324061166336      
   3.49918489696967995900609324226839398      
   3.42441162652453893038736821622646417      
   3.34832551303864183601793423670938136      
   3.27091292382623488709618119990107555      
   3.19216016133655341462194864683609885      
   3.11205345620778215384646563621121843      
   3.03057897121075026736473832158212615      
   2.94772280267441226062707815725430060      
   2.86347097694725976056981521903878755      
   2.77780944999999645931193763904591565      
   2.69072411208222282003553819335033229      
   2.60220078403909024592667703548479152      
   2.51222521624329049651956924623354365      
   2.42078309345795010150302834306893687      
   2.32786002857862121511146060187519761      
   2.23344156839402824879597815394124586      
   2.13751318977902578336106315778275232      
   2.04006030005488570951935826094257073      
   1.94106823935502026440339898253276110      
   1.84052227807155031419206285037329852      
   1.73840761673697575666482017548765562      
   1.63470938941393217745950656060954721      
   1.52941265798601545238591767067287149      
   1.42250241775483184377190817660903566      
   1.31396359430501831901909821646083564      
   1.20378104298056074709909058669664846      
   1.09193955150034725180238951956304597      
  0.978423837789668368885903929605739288      
  0.863218549078765604568877063270995393      
  0.746308265646229796300276020004543626      
  0.627677496979473165863577629479738867      
  0.507310682956494975098512527823185851      
  0.385192195029511341492955593489569122      
  0.261306334026922633051002062237757014      
  0.135637332033699500989311756167863220      
   8.16935122294306102699540015594313458E-0003
 -0.121113515941301928382338559206040498      
 -0.252227246770019306336748598912453075      
 -0.385187887901347144680812309071241925      
 -0.520011556087152275848802152097436974      
 -0.656714437216641105700232000983980881      
 -0.795312788362693665388537643019228956      
 -0.935822935025150928994087491721140684      
  -1.07826127316163305488847047060637090      
  -1.22264426932028060389733981373226309      
  -1.36898845939369051052021768765809377      
  -1.51731044868259847949919399492284540      
  -1.66762691344978830998781998495270320      
  -1.81995459941948019540085825742959629      
  -1.97431032379488155772540488471794130      
  -2.13071097141392948322463600213687621      
  -2.28917349878039260304312924277026139      
  -2.44971493241848524094571627190062562      
  -2.61235236978788472466403061066586300      
  -2.77710297606972529344974282300029825      
  -2.94398398898307948551167338824219402      
  -3.11301271557954289044786369924068755      
  -3.28420653301257792424739626272869562      
  -3.45758289033960887835353127674234378      
  -3.63315930380058196860376249798690515      
  -3.81095336181104967786428806134559121      
  -3.99098272168305197369623362221180765      
  -4.17326511420409616592875306232844533      
  -4.35781833847403004715761459502601846      
  -4.54466026213282163646920864104407062      
  -4.73380882406928348365863180018698982      
  -4.92528203458743583681474093505416296      
  -5.11909797512753046847885601909372252      
  -5.31527479545478638747517193698968128      
  -5.51383071599417800698455092428730701      
  -5.71478402702891807105874685037879474      
  -5.91815308991048258467498135279751118      
  -6.12395633541785200408558044928996724      
