   6.46114195192883683103959025933776710      
   6.46114195192883683103959028499496268      
   6.46114195192883683103959035411203856      
   6.46114195192883683102469468339292935      
   6.46114195192883681090998744307652546      
   6.46114195192883395906787933711802512      
   6.46114195192872862666828520413342264      
   6.46114195192710348327707734989060379      
   6.46114195191329430224221147135371248      
   6.46114195183642540268462513907682416      
   6.46114195152235758896609101081800597      
   6.46114195050508793518812751632677850      
   6.46114194774882519725705288086405579      
   6.46114194125667769453359497426404817      
   6.46114192758264672664814334985674189      
   6.46114190127832439374177810176022794      
   6.46114185428995712828366349787064003      
   6.46114177543480583065353655890009381      
   6.46114164986487432356086453669815111      
   6.46114145854111634566074511820088009      
   6.46114117788589615791477970069034018      
   6.46114077947034840005901408153683358      
   6.46114022984110288483898379634246033      
   6.46113949044473053700970381255202624      
   6.46113851766066087629952762439522313      
   6.46113726296873743238571456838741876      
   6.46113567322877638020895702364630204      
   6.46113369106390437253001297088978685      
   6.46113125532709861012068757095751000      
   6.46112830160314454334827319766359367      
   6.46112476277711316417868057518872539      
   6.46112056958190798685005560410433365      
   6.46111565100475551435034901829064743      
   6.46110993469349270154660851455129174      
   6.46110334720416401876740639291043712      
   6.46109581407014563016650699727361499      
   6.46108725985165898055502638580029884      
   6.46107760780259177047752291109556894      
   6.46106677942221193745578828487184491      
   6.46105469412011233080102752906063934      
   6.46104126829191360024073255750452147      
   6.46102641451966456799383063695726590      
   6.46101004062929658544789004751642813      
   6.46099204863847659729684013562019878      
   6.46097233361489129373733780261908651      
   6.46095078257978434544898477541757007      
   6.46092727324023764651665742481963603      
   6.46090167273444690603719901185606516      
   6.46087383666005469287509811395133557      
   6.46084360763325342077787178334226316      
   6.46081081423862758942317577887757848      
   6.46077526989234092896023654584574492      
   6.46073677175891492698941567516799250      
   6.46069509971360120862689245394982045      
   6.46065001530835235388796849738965123      
   6.46060126087092333356478552319144544      
   6.46054855845173177306717303927436559      
   6.46049160911085739922857150431162673      
   6.46043009188163095185101990881851233      
   6.46036366297706264310090521977443131      
   6.46029195494945243347344441193551796      
   6.46021457584965416276319222358051528      
   6.46013110839614101628855075960643353      
   6.46004110916035808004995544425352052      
   6.45994410766795224870727214777107690      
   6.45983960552410536453274315566610363      
   6.45972707549535314076719161305279476      
   6.45960596054278344202353066769116164      
   6.45947567283379944802510007240588131      
   6.45933559273871929586956592640171235      
   6.45918506768772773702757824429181812      
   6.45902341047887445228446755070818849      
   6.45884989877732774217890080336107893      
   6.45866377308636615939505692463204296      
   6.45846423628704593188082441304376370      
   6.45825045190762507588902681185558720      
   6.45802154017586247784513650099524747      
   6.45777657943858240835113139677272539      
   6.45751460286513099871210122786946667      
   6.45723459608423846172897674683837362      
   6.45693549495419264745589175118596008      
   6.45661618501231701553111517906489624      
   6.45627549668422283775349654865213877      
   6.45591220428039296423216794778778070      
   6.45552502261311970473075427128257486      
   6.45511260418976682001203450770516767      
   6.45467353583462606801358847451830554      
   6.45420633615367171277537745857087198      
   6.45370945146757615265779578215253284      
   6.45318125207459431222400133657117928      
   6.45262002862760868609164913304082537      
   6.45202398840727785890697361162608482      
   6.45139125017084628307905761104050093      
   6.45071984055930987062464349698133885      
   6.45000768858560401029078431520384947      
   6.44925261952789111887626707602513381      
   6.44845235439676372024979792602004041      
   6.44760449833995703431516703676859896      
   6.44670653847755357993852304477905211      
   6.44575583759708082540077891193010957      
   6.44474962633053741744548406239892813      
   6.44368499869853401877988237661485739      
   6.44255890331073485765720777781691266      
   6.44136813785627393261573013364517430      
   6.44010934056594559417138136510129449      
   6.43877898358692460855311269599016327      
   6.43737336333970669046966576199211543      
   6.43588859506604953192451243992333818      
   6.43432060184092111111802206014077717      
   6.43266510804300330500374796091112005      
   6.43091762774859014093371929437496548      
   6.42907345969622258282486689223066337      
   6.42712767386258141669217063377061501      
   6.42507510741746262985516634995198140      
   6.42291035003079688031551230497617804      
   6.42062773969719490283365014996194512      
   6.41822135107395404127548671427922576      
   6.41568498712042799254817334525611456      
   6.41301217373376772447469116081336331      
   6.41019614756595806404353174833221068      
   6.40722985278041209082592574453846700      
   6.40410593523455081859920974147765403      
   6.40081673586114281833286506741821228      
   6.39735428792112501189681471602020734      
   6.39371031560021414868587290092849313      
   6.38987623578741328091719105686322176      
   6.38584315767748534707402328023145142      
   6.38160188876816972794200509737691401      
   6.37714294424632924453355975948199056      
   6.37245655768498448061753934287767263      
   6.36753269510685009358069190978175690      
   6.36236107639394548192895780507376987      
   6.35693119587152566231280132789961063      
   6.35123234940799387623406508572755385      
   6.34525366850330997912124384202057767      
   6.33898415302229175259229439388737339      
   6.33241270754211159136939966014576187      
   6.32552818260373857271350277885426777      
   6.31831941402798135372861897526164628      
   6.31077526066674202500801809283958238      
   6.30288464272657320566193869841712849      
   6.29463657650851497171223178592720840      
   6.28602020393942203492448256866915432      
   6.27702481712208313614207016797399184      
   6.26763987821484639025348540863933333      
   6.25785503092257649158372258228899256      
   6.24766010610542756640974676786558837      
   6.23704512168506413442578634168193895      
   6.22600027579818021177478295515554732      
   6.21451593509251089667486166659884246      
   6.20258261910837845194640639426234744      
   6.19019098306575353182787615391167968      
   6.17733179409902236974070029551154162      
   6.16399591370253797285776628663182656      
   6.15017427459267709972744056258402235      
   6.13585785912468855391455704606616526      
   6.12103768071568843333103595100552534      
   6.10570476744235673702564438315032578      
   6.08985014293797823760565711194167081      
   6.07346481209954167051240134064170641      
   6.05653975107272728535246853484732253      
   6.03906589418683603331965964225099016      
   6.02103412538174684346049862623208556      
   6.00243527160205004948330132304579066      
   5.98326009562630253340878822378324906      
   5.96349929174859991087245989301906595      
   5.94314348212550583269882022913192786      
   5.92218321374093782808000562570900681      
   5.90060895702234675031933327433527657      
   5.87841110408379238543582062975389817      
   5.85557996714068069101127669621049092      
   5.83210578049217493587821542381849928      
   5.80797869841867753040894627931946606      
   5.78318879610360858534494851586971860      
   5.75772607072412132948626497837335040      
   5.73158044087630956295416573201748265      
   5.70474174986271826289192440982723036      
   5.67719976383394984621374025717934909      
   5.64894417365082697469871849564909066      
   5.61996459659154771128780417943475472      
   5.59025057663094981047023985353329430      
   5.55979158528187050948396622395004215      
   5.52857702320332505703354540932729982      
   5.49659621934630147331322411037883468      
   5.46383843340994118832554581046229643      
   5.43029285698031643565431738369450239      
   5.39594861303862375933865687127686049      
   5.36079475447747584903953501061730948      
   5.32482027125853800415603035257054671      
   5.28801408258756441173018021612304199      
   5.25036504658128985337902345940902682      
   5.21186194913705035932346980290161620      
   5.17249351810831186044328608828896175      
   5.13224841287573099948427569598072249      
   5.09111522631318935513765137174616665      
   5.04908249217916631030903821709318211      
   5.00613867736795917425342945386983011      
   4.96227218119868068458850399694745710      
   4.91747134910396501868462650641330933      
   4.87172445545894244378236630134379455      
   4.82501970950341977602743135354675353      
   4.77734526377905952031741347857384883      
   4.72868920506462065590255576287294028      
   4.67903955866349257460575251748360176      
   4.62838427738758568631575349473492771      
   4.57671126845754914821626068310085627      
   4.52400835729502560751119583248366508      
   4.47026332092468457098451205922722816      
   4.41546385899768044974126236999519460      
   4.35959762305792546903014597136208470      
   4.30265219449714828044087428360599962      
   4.24461508541555498326148189187974078      
   4.18547375525522678857326015996282728      
   4.12521559271832808104984055124480142      
   4.06382792127653415879762421844668125      
   4.00129800996946338427592994443540433      
   3.93761306225088899459893096707106013      
   3.87276020825678688838142135081392369      
   3.80672651609871680578588528799651623      
   3.73949900059471730582959572640518614      
   3.67106459978598198346251262596989151      
   3.60141019464982250839453220013597997      
   3.53052259764851875609982044439859208      
   3.45838857167496647160562971254415345      
   3.38499478213409844238983004746897519      
   3.31032785496400181672947188863354787      
   3.23437435161431830323233758414766551      
   3.15712075460759928935309730403616272      
   3.07855349353269547141453246671995161      
   2.99865892184832061302702285151326736      
   2.91742334092003719095109617266783820      
   2.83483297847837226429964433180343331      
   2.75087398865125649696170706286556650      
   2.66553247204799917791645427616948535      
   2.57879445802172871545404192654689271      
   2.49064591188612447911923422718380766      
   2.40107273067000805843750536871619757      
   2.31006074530538101100709079114869283      
   2.21759572251215772137011153479336640      
   2.12366334885962175066400360927518140      
   2.02824927086207334972919752499209488      
   1.93133904107017167078459441049022898      
   1.83291816141792048723757692966129697      
   1.73297205953742909443726127626780382      
   1.63148609973724887523696111339377896      
   1.52844557676976510707629395394054988      
   1.42383571729846317225383666991714615      
   1.31764168152520338587397226559908211      
   1.20984856322200705912983291711409458      
   1.10044138505338334213076394816140672      
  0.989405104175248599054303103684242194      
  0.876724609554782648552466269356747887      
  0.762384722503583900389735878963665854      
  0.646370194448048796997149622340229913      
  0.528665707957277654972747263613068073      
  0.409255881613012083949767562077542399      
  0.288125261982237657886432192185916794      
  0.165258326547811111971960293366588814      
   4.06394865629237211029672963213103872E-0002
  -8.57469165624298631132824153559171511E-0002
 -0.213916609695432495650558090176999157      
 -0.343885389329244103452167967731943540      
 -0.475669121403262419579000811645942167      
 -0.609283738201257831118695235041039883      
 -0.744745243027298929871907719625164365      
 -0.882069708311507994433102538739031159      
  -1.02127327560294858721790529074874554      
  -1.16237215453475101859076570084315243      
  -1.30538262487892879694451816703922120      
  -1.45032103630223866575974438416193188      
  -1.59720380672331178986701400809911413      
  -1.74604742404760460338139613810806183      
  -1.89686844540869281654225878359685265      
  -2.04968349802638704059250666135080903      
  -2.20450927803211972490072814960925747      
  -2.36136255194707892069103700433307562      
  -2.52026015475001294606768680591913456      
  -2.68121899207338630606473843864140073      
  -2.84425603897398183297626453627700279      
  -3.00938834050331229906564086462698685      
  -3.17663301128988065037595360852695568      
  -3.34600723563920367278627080041360769      
  -3.51752826772137629285025773847009232      
  -3.69121343185069901208971757482429912      
  -3.86708012226801364881286370581045885      
  -4.04514580276440178341412702771222159      
  -4.22542800788014285136100191896361718      
  -4.40794434093160042894183057299646191      
  -4.59271247556970247176479540319781279      
  -4.77975015538336495180399139674728482      
  -4.96907519524447393965465477914446096      
  -5.16070547856442971629286472784623622      
  -5.35465895918425349147681945428133456      
  -5.55095366076668049819615166483760546      
  -5.74960767890342314846104408674560448      
  -5.95063917620004589723058172903241654      
  -6.15406638657804987850882301578770755      
  -6.35990761439812002454527872372774692      
  -6.56818123322151771671333714943526511      
  -6.77890568744709183927500426553345317      
