   300.978532456069162132856044161749454      
   300.978532456069162132856044161749454      
   300.978532456069162132856016351840374      
   300.978532456069162120907870330563577      
   300.978532456069130352209186778569212      
   300.978532456062747063617147425761204      
   300.978532455774654517089655267077656      
   300.978532450736016709227811487075723      
   300.978532404288264172529685573119349      
   300.978532131793889359379657900899021      
   300.978530982182644780471044929825180      
   300.978527194671085708473914855466581      
   300.978516873528991518453129789233433      
   300.978492632328445278652028791798983      
   300.978442055648940830797900800157180      
   300.978346172810760295740102762646866      
   300.978178129578862763433096069391480      
   300.977902196668235777915599976587266      
   300.977473190824071555650346721072814      
   300.976836322785160035116427617117954      
   300.975927438420592031393780321906409      
   300.974673588143352123525650731344787      
   300.972993827372314517753753011454667      
   300.970800170669173450394401651254197      
   300.967998601106396971041869169526184      
   300.964490061168386740107130975802500      
   300.960171363801169028174752712372065      
   300.954935981481531236154225800500087      
   300.948674690640541014236727379314746      
   300.941276067044469566488564879063931      
   300.932626843322606516132608583746830      
   300.922612151716688168802086776222129      
   300.911115682814079461217169552035598      
   300.898019794191258806989925402585506      
   300.883205571092550675503085888809030      
   300.866553054512304755016147385764530      
   300.847941223896960869342191217381064      
   300.827248305616616941728492854022850      
   300.804352024915549419144374286286913      
   300.779129955221062180046245829129172      
   300.751459938440344095046296541747319      
   300.721220568338363735885743655318771      
   300.688291725474253085847949081229624      
   300.652555145704990053338859707689558      
   300.613895017562112916333746880769840      
   300.572198577474512754246232414873749      
   300.527356687824838181831281555502380      
   300.479264393858050936498776677138512      
   300.427821436819786680079190474208188      
   300.372932713961051153848699599381557      
   300.314508675630122091006815946963998      
   300.252465651719233277497603506906238      
   300.186726104555135421611310708454519      
   300.117218799169989672028111943515451      
   300.043878900320625467032288074974581      
   299.966647996762498880719205773444591      
   299.885474032201600124984451029064586      
   299.800311175422832039415236666317268      
   299.711119620074049638911135775042775      
   299.617865320694539925553006432970512      
   299.520519673062124498175512136091416      
   299.419059137377528860065087642951496      
   299.313464808510689908035748614127424      
   299.203721983887397870909726437472238      
   299.089819645096934990355851936189780      
   298.971749948788867148595808231700345      
   298.849507675771421250188435847687755      
   298.723089674594775507380010832081845      
   298.592494288141509363742641801848646      
   298.457720764806546881146571564988755      
   298.318768671932133756643074363644805      
   298.175637323616277619592283433416170      
   298.028325184944568435755100672430476      
   297.876829286044718224353193265662134      
   297.721144651991728824797671942749646      
   297.561263737622057173848985111148187      
   297.397175863860117973938720991216905      
   297.228866669271697448783349445700203      
   297.056317578158608597541610543177263      
   296.879505260755104795908583483903316      
   296.698401144174865798135248640296838      
   296.512970875179752028444438495455166      
   296.323173827723471650619758156279965      
   296.128962606898643751400467922037943      
   295.930282573168143271508830932361456      
   295.727071358206911886343232717075016      
   295.519258384426927220428705500777871      
   295.306764306694606694555061468593762      
   295.089500841116898428889814228989656      
   294.867369869660717316379600200639525      
   294.640263195245509404452549661304950      
   294.408062012279112880106531693716656      
   294.170636396480636334906334062194366      
   293.927844789302953287784057845628504      
   293.679533476957845332253113743760971      
   293.425536040342608363665360279578127      
   293.165672758703776658388714520813256      
   292.899750107083483999934143515985886      
   292.627560039479683955137694027353813      
   292.348879435489847312758558510685843      
   292.063469346363798071298989594424389      
   291.771074291094639342023423732398226      
   291.471421677923665484355089577864335      
   291.164220529998824553206679887213271      
   290.849161220019637269419902057902743      
   290.525914347098440661469512684929899      
   290.194129704475546987936373726801456      
   289.853435441389910858559110427506993      
   289.503436681471345919668604658162463      
   289.143714833508588312099452685571903      
   288.773826136721873980538706736980844      
   288.393300259047622912099081347536802      
   288.001639351176219671727842810726087      
   287.598315993523868150559519180945674      
   287.182772791067840668855975599125133      
   286.754419420358492231939984538255429      
   286.312631873515138473058402494295078      
   285.856750325814579164951323571788617      
   285.386077478539050930204474738943481      
   284.899876601282217273341643892216057      
   284.397369386206821318337736050757570      
   283.877734227973157451093777416112381      
   283.340103892647319004901784298887305      
   282.783563565307471605884346139173278      
   282.207148743593990344294072003619962      
   281.609843260866619038872263281814473      
   280.990577337683281283471714952809456      
   280.348225917326674950786028350648923      
   279.681607092334035209011954641200589      
   278.989480990032805380910555574869207      
   278.270549046013703782824154931224934      
   277.523453868788059007066486085004221      
   276.746779427278280376203733024343709      
   275.939053930192461945176810217369223      
   275.098750315030687489408104131560778      
   274.224291409321479741590800896658012      
   273.314054852689675012504000639273655      
   272.366380064820961413862451406435010      
   271.379577053086908766627590247183938      
   270.351937304252076721119657087770565      
   269.281746588137290939281090635434149      
   268.167300083085512539346257544009579      
   267.006919200489041463374285617719259      
   265.798970535435856579262195678370374      
   264.541885673181741080436884275061949      
   263.234182151370833528336627544570069      
   261.874484224403429771554439925335112      
   260.461542916461814701193519564135171      
   258.994254401402368201918453536885146      
   257.471675642024056891335439817657333      
   255.893037083957643336669696662783320      
   254.257750642285225705335679855955614      
   252.565413785857300679378475576209240      
   250.815809429307373154188229798729325      
   249.008900454108414037737799861440775      
   247.144824536544719147783049707981330      
   245.223879600287534250412135062950406      
   243.246514920622933105222593663177668      
   241.213317101889453399895933168680473      
   239.124998940138960288735212041876293      
   236.982388398117943069503172766112933      
   234.786420833301888742638298734733055      
   232.538133216323584546715502340321300      
   230.238659446017263948951794209945860      
   227.889238748190610939668381109808862      
   225.491205121904478344337007004326812      
   223.046002963827238864591000875039795      
   220.555190453645233714334709794768875      
   218.020447760440836455716118349616166      
   215.443586254003122997379374537874073      
   212.826557466437796190080462320397511      
   210.171461490761642000517288573319996      
   207.480554437181223593984391675051855      
   204.756253937301069008188452971031962      
   202.001142960275716205484850967920727      
   199.217970438256388544882960810141022      
   196.409649550237785276220877980686512      
   193.579252400986140124249723461253650      
   190.730001424158586406961206380585283      
   187.865257340063234686887823514616128      
   184.988503627559511785634832884803102      
   182.103327721710405291322188399196725      
   179.213399258209968588004611001328942      
   176.322445861493245026381194588844583      
   173.434226570016980695063297884954901      
   170.552503967755121823472276051839668      
   167.681015479843314427791026730200832      
   164.823444421521486582672216365255467      
   161.983391771686909758875986376671218      
   159.164348796441275913408552339395710      
   156.369670784177951792305802980348620      
   153.602554978853940306079851990654128      
   150.866019588896316308597001715809309      
   148.162885707688084351903445972635786      
   145.495764176054072000567924720731224      
   142.867043965221873289218466306090469      
   140.278884903557773957751380094957952      
   137.733213462780795043478999020353104      
   135.231721736032310510791384566009879      
   132.775869214912356936999906696369775      
   130.366887345890984239776796978624088      
   128.005786084078183517259687412463810      
   125.693362659891690077089425456864027      
   123.430211755240367002213026852406931      
   121.216737074899656856945165373551962      
   119.053163715740463459238568429386317      
   116.939551243182202407984277840569010      
   114.875807054514419251636471380521160      
   112.861699906679206579662053343758233      
   110.896873305400171584829269203026631      
   108.980858603723588233271522629557438      
   107.113087682070906426318884872781411      
   105.292905096890020957327587558528746      
   103.519579702834623518522860666780710      
   101.792314949363944174353602549074660      
   100.110259806886265556563764391302147      
   98.4725175011293739857515665841425845      
   96.8781542678824230884338194956054109      
   95.3262071687664036584295435932091608      
   93.8156912158835383105970163517139675      
   92.3456057684968930772701120983227283      
   90.9149402708394275270548233333906191      
   89.5226793639975341193465827275422957      
   88.1678073996172041102914670797910384      
   86.8493123960851949811907246613949783      
   85.5661895185044232262084012103237452      
   84.3174440550205121325769194432160020      
   83.1020939863991557503104150192650426      
   81.9191721787141791471992010063076125      
   80.7677281968360610489766500009265866      
   79.6468298379366901406811184412432559      
   78.5555643576718365027421919086496645      
   77.4930394486405612271507903487342418      
   76.4583840209958333687456071401416711      
   75.4507487458286486216778136209066784      
   74.4693064615211588861422149655576827      
   73.5132524070503980080615232663140687      
   72.5818043229692229679606066409997070      
   71.6742024618493012008906080358725219      
   70.7897094673675604718297747886341796      
   69.9276101934475137675021668276592654      
   69.0872114391040569952887429700109065      
   68.2678416285666981002613693833654678      
   67.4688504453568110481993355980247507      
   66.6896084104138661024526220921470291      
   65.9295064470048421204698860892443600      
   65.1879554037770361475965060610731884      
   64.4643855608649491345946053133184727      
   63.7582461282831611087775358752334737      
   63.0690047242096441690029765485253920      
   62.3961468561937406204694720989937319      
   61.7391753881074354984258453720538243      
   61.0976100193471954079298514472780130      
   60.4709868069235268503326917473156151      
   59.8588574362734420247563187396003823      
   59.2607890386189486613152443097737141      
   58.6763634546317792165968460699191350      
   58.1051768013818256697433840466096819      
   57.5468389828700971065213772248255577      
   57.0009732154301808273960490322724892      
   56.4672155657561578966676763129220747      
   55.9452145000063286449515330424602560      
   55.4346304407378710295367643996550224      
   54.9351353464812363765074323336991293      
   54.4464122906451403951260932464522696      
   53.9681550684497508549675242949203786      
   53.5000678028175716723649798601093181      
   53.0418645731259112525894209384604159      
   52.5932690499908096721310194291878931      
   52.1540141439813050419704821624945229      
   51.7238416715562143856409672891380676      
   51.3025020242898587899434882976801623      
   50.8897538569978739619187316120306402      
   50.4853637837309936089014125689983246      
   50.0891060853850248441695643641143913      
   49.7007624279859964320104604160846632      
   49.3201215939639686454161009518638216      
   48.9469792192069318490597532923010775      
   48.5811375426457677053651907452628483      
   48.2224051658250213387254550045453013      
   47.8705968204909217126344527670302076      
   47.5255331449384216518721604524610109      
   47.1870404696216268886399767822849256      
   46.8549506107338908113504944839729291      
   46.5291006722833044427433561023406176      
   46.2093328544150333399334998651641725      
   45.8954942708173925760686836167637708      
   45.5874367723535385604660226725579058      
   45.2850167773614148917781514018483838      
   44.9880951091261468459570239178049331      
   44.6965368394826796051295895605122145      
   44.4102111381288217973807237482109928      
   44.1289911280695236195814176698240096      
   43.8527537467297784554589252187663528      
   43.5813796121836556161363101999906359      
   43.3147528951562900415808704500937916      
   43.0527611949258166522228814810233633      
   42.7952954207931401860347435324774366      
   42.5422496782880771042359193169791479      
   42.2935211589098653913348902796039103      
