   503.353983595366473674394243594379533      
   503.353983595366473674394243594379533      
   503.353983595366473674387870898766940      
   503.353983595366471526248003452937911      
   503.353983595361909100113178976977322      
   503.353983594599839126449701504429740      
   503.353983565246400925095301104878706      
   503.353983118833156408510203789986853      
   503.353979488554051387151613479387194      
   503.353960479653681000238543392814287      
   503.353888202338998416271750839638062      
   503.353671813538814299965230355110729      
   503.353132177296474274841095070043733      
   503.351965189921934847751035253001158      
   503.349711435827979068275212007346048      
   503.345738007007271630125937740766061      
   503.339235161570587043270812655418929      
   503.329227432840575929114017356916686      
   503.314596634715969459991389179153800      
   503.294113129786791117003121368455789      
   503.266471574258695834007964467011086      
   503.230327799072824140580306112314216      
   503.184334073231475284419164602394478      
   503.127171151806549348779155982039400      
   503.057575819666589962244054300163581      
   502.974363544134952359194302744193232      
   502.876446183602085067369173209752116      
   502.762845015693937688620268173531778      
   502.632699524361555626213578912620542      
   502.485272467647573438712588297353857      
   502.319951765436928780720483225087434      
   502.136249723458187017428609449538889      
   501.933800064891580660802151747874750      
   501.712353187439169468153529151139013      
   501.471769754286163022772704226027741      
   501.212014377472805113395340967593026      
   500.933146253064862628690804281670658      
   500.635311302590066633871875725004635      
   500.318732937013858649854403943191490      
   499.983702808251991115843249926085813      
   499.630571516482445243176780420815693      
   499.259739407111590891859920174885604      
   498.871647579823613861159113915441871      
   498.466769238814665647754687443922796      
   498.045601323424981724922923928578885      
   497.608656813372825758319074790196964      
   497.156457411607288163352681982956516      
   496.689526821125249972208116450215887      
   496.208384628455925105454731083043701      
   495.713540800813910043437560332191228      
   495.205490789206309768489071451913552      
   494.684711236210114476523104663466160      
   494.151656301387647337226191856858641      
   493.606754496331598406908055003101695      
   493.050406041306344022206406297987572      
   492.482980947296482833189539293704713      
   491.904817299711136036263096910903756      
   491.316220099236656212982959407498698      
   490.717460482800914274737116442901299      
   490.108775295798180940281649924263218      
   489.490367026518834692671173783112267      
   488.862403905074754004878876486195295      
   488.225020167624410074715769610392517      
   487.578316990538030252999066014777754      
   486.922362997233936518537561239063695      
   486.257195236552567792924431736715979      
   485.582820129613466905803404298884291      
   484.899214588562311409992339279949634      
   484.206327183776922175124930354475127      
   483.504079125160070939247478199183812      
   482.792365523244998994709243701284879      
   482.071056705320001976018452175882615      
   481.339999242445269543952854739025432      
   480.599017011598873726844488982632207      
   479.847912312875126027968724895571006      
   479.086466923800143118020233571456322      
   478.314442986226016115284476816731431      
   477.531583844599752118248431263308387      
   476.737615018280687641270276648921270      
   475.932244801098618635116090993177041      
   475.115165217891767973561532578084234      
   474.286052372994416059286319531288139      
   473.444566978421269062981919116661918      
   472.590354743896776133324277596609259      
   471.723046955298784044839306375276105      
   470.842260675297140282069908463593375      
   469.947598957176486825399948521913195      
   469.038650542993017051228093267891372      
   468.114991611668194174248153980861049      
   467.176183603507293034112537229632918      
   466.221774267218400004746580772860389      
   465.251297592897164985556873215536885      
   464.264273460837016926930941803887698      
   463.260207454058412592796420537782542      
   462.238590601612425756539584540154652      
   461.198898971105313986904389781010599      
   460.140592996837617356399485997912806      
   459.063117965304516796045238035167551      
   457.965902474630363342225557821509820      
   456.848358832616431741118392919297696      
   455.709881512158176404176294172205511      
   454.549846978744720804739610722288818      
   453.367614100999421797490526921685184      
   452.162520654742922157457557731258001      
   450.933885918735116339804263644821998      
   449.681008201611067734297690853523487      
   448.403163992769196485537965118562121      
   447.099608059398683422063984972554719      
   445.769570833364612676764313955996868      
   444.412259848779246412445895549648083      
   443.026858013153394497432793223584112      
   441.612521350785591681072544463995128      
   440.168380975128001232996698524991074      
   438.693539012632880167310702755026279      
   437.187072325594737126658869180035452      
   435.648026915191122410581125799940933      
   434.075420242443849131945422169543509      
   432.468240051145054898777338216806113      
   430.825444032726094135828715021862368      
   429.145959828771128859572829902972576      
   427.428684559564537582319800579847483      
   425.672485882653873820111423546829298      
   423.876202561100749600773824481860773      
   422.038645370339322547692672589757440      
   420.158598962219873445602148027777772      
   418.234824641305787885566919267851903      
   416.266063035990101296875237576678257      
   414.251038599138320465663491915035461      
   412.188464824918831868985121969711581      
   410.077050910490425834931009996662507      
   407.915509921650224506501847269264587      
   405.702568832668503638668454435051964      
   403.436979419640758926420930111434995      
   401.117536570153832402185777006819743      
   398.743089161520512865577266955539526      
   396.312563785960442718111466072828624      
   393.824985712144210393175770373207600      
   391.279504784479055241858822350201113      
   388.675423421728430843550759293571074      
   386.012228232656164132848971234565232      
   383.289622807551324942606284796485517      
   380.507563462740297098264304476703647      
   377.666295069366788262485740773413651      
   374.766387376504256606424873791540175      
   371.808768760958241537264374625479971      
   368.794757590647631077024906821161701      
   365.726088187418724573191859028069011      
   362.604930017322469298896867032316830      
   359.433899488750314483542423056454505      
   356.216060492746639899531883079021500      
   352.954918543491593019059577671448314      
   349.654400089235549843811413390084639      
   346.318825672875653680594837476762493      
   342.952874141796417584805828034197052      
   339.561538744625422981391323433512978      
   336.150085938404377593823159018714699      
   332.723999805938291843003114648618919      
   329.288941715528165294973203496504752      
   325.850702627226869789980266856265786      
   322.415165848082684234217100140174359      
   318.988270895500929650674189563347883      
   315.575986331523845667488985352441121      
   312.184286454732514986566384691512323      
   308.819128523263518045428526660194957      
   305.486455464698191357472761232519958      
   302.192157667406990359444108937739908      
   298.942081272641319711068091657129913      
   295.742012825576218070194978494320636      
   292.597666683553201335854997762103302      
   289.514673010494192964538892014398589      
   286.498562347675499543333241026430027      
   283.554747463794597984176355371919628      
   280.688503161199634358716037744285503      
   277.904942669371062472269669440139109      
   275.208992577931319527070145154860365      
   272.605364787580390723421347093147225      
   270.098528323437518502230338619445346      
   267.692679568158229054527519075368871      
   265.391712487914870636529674530656482      
   263.199189824220592600900076472196888      
   261.118315454155402220657091393760814      
   259.151908599004859903094043021977063      
   257.302381610184094472517513395377369      
   255.571720763582749492833990786035923      
   253.961471607213386395711197246287694      
   252.472728557949811085218253836141714      
   251.106130435839797070352619193631860      
   249.861860840813080699290756876269685      
   248.739654108860397873540773507365739      
   247.738806700769063326083016289500702      
   246.858191961883674098386430400202507      
   246.096283059290165885412642959319039      
   245.451176954993888661777807875309632      
   244.920622835872654724390896631142583      
   244.502053281332503581737605628643327      
   244.192617445494449716074450086817419      
   243.989215563854246342873176413359221      
   243.888533769871914504439708133855555      
   243.887079192776454372966355095135749      
   243.981214226396354327292605403414957      
   244.167189580985908381487662753808469      
   244.441175806797824527862029820377501      
   244.799292851478015956017131653184503      
   245.237637395791080202010463871647303      
   245.752307810720426156522137552635597      
   246.339426648465823056021408651301658      
   246.995160597669055968672212064366879      
   247.715737930476851357087503461432414      
   248.497463538306894681165834336818291      
   249.336731622438102404278110238570406      
   250.230036197099787980895007519033996      
   251.173979546539204282955476870045353      
   252.165278819995133173873508571347134      
   253.200770831470373763064798691208107      
   254.277415762487039833712701761921031      
   255.392298657062536319610211001123766      
   256.542630612547211620389912009993194      
   257.725748495830432646592284984116670      
   258.939113879944856058523803431285109      
   260.180311233258526358054281930944191      
   261.447045505102586827509196489146101      
   262.737139209464804325013954942965983      
   264.048529107234165911555337007674708      
   265.379262581749851508405149054735917      
   266.727493798969412875893448704372881      
   268.091479661788265680759128295507043      
   269.469575718735331998484275379766394      
   270.860231986084974840615302463595739      
   272.261988754858222660970187547524266      
   273.673472453431234898233620883343012      
   275.093391529224985690918612478248783      
   276.520532435910598063100304031200029      
   277.953755717082315793636098509122898      
   279.391992169308687866304004232512928      
   280.834239181138694114404637582576670      
   282.279557156618743106653839581605233      
   283.727066103578499013756957302958751      
   285.175942368710532769562942295782892      
   286.625415473389703683944268776416431      
   288.074765146332043092422337017126786      
   289.523318458186416120301667849836688      
   290.970447115594216095854912539892348      
   292.415564884137282676048263874938712      
   293.858125134741885859056043429900715      
   295.297618545457618931088431155710787      
   296.733570890690240606696965099041875      
   298.165540978720491927309038216847617      
   299.593118695139675334615940482008960      
   301.015923145224701206153686032629853      
   302.433600915719234254885672617054375      
   303.845824419757070750984476872081459      
   305.252290357420477455714446473234782      
   306.652718242178742507733332999625075      
   308.046848918303055658729201791268763      
   309.434443735949055325425036022581332      
   310.815282591159933704223179437877573      
   312.189163291519947318203824366394693      
   313.555900336245960598063358633545737      
   314.915323907145145012259830456565593      
   316.267278911366466998390435139555224      
   317.611624079624641015784779724912382      
   318.948231118482452685773170183002729      
   320.276983925668839806929620800385892      
   321.597777827736934915633351662579678      
   322.910518895896981748170780780893195      
   324.215123265189433743223361889782535      
   325.511516529065582367829623235649991      
   326.799633144680818094818109399801372      
   328.079415888820355669219848246047123      
   329.350815346483184414129063328083857      
   330.613789411001882160436116962219053      
   331.868302841649367017460114601874250      
   333.114326825894314192592312701146959      
   334.351838577644557252887943397779824      
   335.580820958626094763732226035661278      
   336.801262121127460721325911181016433      
   338.013155167300817399721549021743284      
   339.216497837966865552969165360798658      
   340.411292214254624111993661656922018      
   341.597544435438123120763564493422456      
   342.775264435928456632585128025545052      
   343.944465698272602819154005742669854      
   345.105165019400433253166954168130477      
   346.257382290705359324363640020453469      
   347.401140289894250533395653365491986      
   348.536464489138899971382301597355127      
   349.663382869307069107734851104253537      
   350.781925747793997635674627570019449      
   351.892125616901974414775962955366342      
   352.994016989829887966840235585960052      
   354.087636256050853755209724572197840      
   355.173021546459756616817386010704020      
   356.250212605276030836760691582001377      
   357.319250669337948619877815445996943      
   358.380178354636601893623778751277032      
   359.433039548919024421938130859972551      
   360.477879311722567037371738776378239      
   361.514743779998934257910779983582277      
   362.543680076687098302456858857942433      
   363.564736228428554822214201836337710      
