   92.6087792172520498870326289728459773      
   92.6087792172520498870326289728459773      
   92.6087792172520498870311940083557000      
   92.6087792172520497092495686583997166      
   92.6087792172518321876756930621336616      
   92.6087792172258499971587227724452847      
   92.6087792164207289451769863403994594      
   92.6087792058407222511191313243851394      
   92.6087791279337266574570553494278484      
   92.6087787464704364309653993576149301      
   92.6087773589492009973019107300264119      
   92.6087733191839970176805457060259360      
   92.6087634026996246503614163852524236      
   92.6087421028628598985288676593530176      
   92.6087009661475660421680058958966324      
   92.6086280607312331756164148635088500      
   92.6085076377663433900850452825215063      
   92.6083200103161554796331713531528041      
   92.6080416330497824257769330439934763      
   92.6076453568505503406842818547387510      
   92.6071008116022906460400153247390777      
   92.6063748703491156161200680254707971      
   92.6054321498993557775921059035191210      
   92.6042355078040640202600140497553162      
   92.6027465036360620709765052674484772      
   92.6009258014644733030622426943645333      
   92.5987334988221055615941260723914222      
   92.5961293764383062879239587471057584      
   92.5930730707143029878400568317391443      
   92.5895241772586246573653079310816373      
   92.5854422986364013126109979011095678      
   92.5807870531989828998903925153955477      
   92.5755180594626474641431305477458113      
   92.5695949156269323132683540817518025      
   92.5629771867067789800371913413073792      
   92.5556244120286003156292673269072238      
   92.5474961412274350659582534514589409      
   92.5385520048811357914806430388842477      
   92.5287518180913885899855492897491938      
   92.5180557254868109796785419786325157      
   92.5064243693137984915547813675207285      
   92.4938190886975430847079270502097853      
   92.4802021376071728815726302884269859      
   92.4655369156405523045018844528742430      
   92.4497882043311774824679370736626849      
   92.4329224013561692745972029104561010      
   92.4149077471929674772260582591294102      
   92.3957145349098318444414424935615187      
   92.3753153090526935316214853152554912      
   92.3536850303804214918647382170924375      
   92.3308012215115269055687097898672291      
   92.3066440825944894115357547399890609      
   92.2811965776059752220028982147690726      
   92.2544444912859258220672688080564507      
   92.2263764543298055318349294656321531      
   92.1969839361943292048082170309072721      
   92.1662612359340259945957702043059693      
   92.1342054012243895991708837231136241      
   92.1008161633786755372395248675882989      
   92.0660958340004884012882431888958551      
   92.0300491863576209103166496645652553      
   91.9926833180152069123859977727231736      
   91.9540074995522034661777253710987814      
   91.9140330180635810896658793387016839      
   91.8727730035108370096639327486833968      
   91.8302422490707686414557069834779740      
   91.7864570291992833598412286261331778      
   91.7414349158912601160108921754087254      
   91.6951945850919372689526405548127057      
   91.6477556353085956685167364764860874      
   91.5991384005579112768126748656431428      
   91.5493637718340520304889760961674596      
   91.4984530134867522917223298694516540      
   91.4464275949137729857394563939501535      
   91.3933090157461017537323976053027270      
   91.3391186527279977328280882502455110      
   91.2838776024822612385354718295818860      
   91.2276065322227866066952796805116975      
   91.1703255461959469197813180978829615      
   91.1120540500410287548900877963003066      
   91.0528106192354756290795867279134896      
   90.9926128899348743586070147187734687      
   90.9314774442605787995909552382971614      
   90.8694197070277866388092064314774691      
   90.8064538476109997220865504016930022      
   90.7425926901624398980490794524057728      
   90.6778476223688546918258435336871785      
   90.6122285103045211263610860175300108      
   90.5457436538996676248635192271363776      
   90.4783996795522876450935105423449495      
   90.4102014772416484832682280208758350      
   90.3411521390924211006617132397713170      
   90.2712529506937933431957241381524045      
   90.2005031432458267241067843398319603      
   90.1289001311265488097118714828838088      
   90.0564392041648212751699236668701336      
   89.9831135659038732469502529821762310      
   89.9089142792089285324388464111847221      
   89.8338301367646269421550346390997763      
   89.7578477298208344003725712024695256      
   89.6809512187536049996583106924573970      
   89.6031224018377039708719819533817400      
   89.5243405427392955688332474934357920      
   89.4445823647225512077806957724915897      
   89.3638219054200553278398458273782336      
   89.2820304580974255200664280597200746      
   89.1991764620495705700934269945138082      
   89.1152254001817899032034078771101696      
   89.0301396697570189620510692866297931      
   88.9438784116475227249767121804759860      
   88.8563975228950600902429282232645290      
   88.7676493086912050614490047404148536      
   88.6775823962105124121040629404774961      
   88.5861415714986674705481966086408749      
   88.4932675325245918659149319764924628      
   88.3988966856228298236929346479547583      
   88.3029608907198269418097353970589218      
   88.2053871982763051053490204348621689      
   88.1060975368555804881269666171410435      
   88.0050084073248322220997132879508567      
   87.9020304976904680878757090918060327      
   87.7970683032209864112844299127399815      
   87.6900197177126751119844076172629334      
   87.5807754999849996889771170685928848      
   87.4692188154764973178110123490126971      
   87.3552246178514459796223098813059360      
   87.2386590497011387319211001154545628      
   87.1193787388887639499853248097296259      
   86.9972300532440099374264436683426082      
   86.8720482710760858314351160696303151      
   86.7436566786062387226778515753143598      
   86.6118655913174262772285045136262582      
   86.4764712790360106681469048870494376      
   86.3372548020136192380199424986595062      
   86.1939807541992196733927596376416180      
   86.0463959101502105645257977006389612      
   85.8942276895927876824969921692981999      
   85.7371829191330040701350299417810434      
   85.5749457880430277766420230847295572      
   85.4071764275028227509470975507811108      
   85.2335091314777804312502263153757533      
   85.0535506407779085175298125638639726      
   84.8668784900741573083848393874855080      
   84.6730394947817143208361757931940920      
   84.4715484933118826744658952317224140      
   84.2618874490733739101611827445515693      
   84.0435051368044058547603880416903316      
   83.8158175691389170586327090431713421      
   83.5782094722636219118014211382431571      
   83.3300370695510208207587072977388415      
   83.0706324885506252980009509971219606      
   82.7993101472728740472475194113743177      
   82.5153753585908008511896965625856539      
   82.2181353545957105742643562678476532      
   81.9069125914728134951155622457215843      
   81.5810610160496338947527400473545360      
   81.2399825063581347950808424433741115      
   80.8831454056884623219719341222484441      
   80.5101017587887007010285743718345092      
   80.1205024832088220438657704319559264      
   79.7141086747452596535380431046690834      
   79.2907975746563704597552368452315848      
   78.8505622325473966349773881629767961      
   78.3935045516750082170581993251689167      
   77.9198223583140461841569072791238996      
   77.4297917726226278688899982503533254      
   76.9237467988798004127308981717671544      
   76.4020581048403108576170797574217738      
   75.8651130287769405482619272227374115      
   75.3132981296530184098016107437827794      
   74.7469853242058148407240490752251644      
   74.1665220516810412491237650445078347      
   73.5722251875299440151305696640552066      
   72.9643785515679987416808763250239480      
   72.3432332264718888892439363320833648      
   71.7090103240554748152642586534938851      
   71.0619052270283702291946231637207705      
   70.4020931005586610688897224897685471      
   69.7297346815356086645359833124733902      
   69.0449850377088901558199462820925240      
   68.3479972391304444228148526620576490      
   67.6389312574517141138235303487132023      
   66.9179602117741443153035483848403480      
   66.1852769276945114358559600911880095      
   65.4411002332815831395000458879052523      
   64.6856809165494336087735173858647699      
   63.9193073380161168171657357901236385      
   63.1423106815657869184426209594763897      
   62.3550697127074883347570207351853679      
   61.5580149522927059906839145385742635      
   60.7516322632686965714195009826990742      
   59.9364657519521562483425966530900599      
   59.1131197977686867274409898519993190      
   58.2822602463479111859057946884917623      
   57.4446145421420718623081156482966246      
   56.6009708589433526179169423185449561      
   55.7521760281589004599412320503949741      
   54.8991323307020692211740442024491939      
   54.0427931215789834372689515330138899      
   53.1841572293210910576382546364968416      
   52.3242623212116425812398730204008388      
   51.4641772367066952755426962098214593      
   50.6049935119755034691728794733642802      
   49.7478161767615298436956832043567623      
   48.8937542141075919874734714086075516      
   48.0439103289910159912622713186676319      
   47.1993715795298139305590899797632446      
   46.3611993703983366153638785861303890      
   45.5304203464813556503503416170265076      
   44.7080178340421885049024128657016567      
   43.8949242014280783248912814204051985      
   43.0920141367441432984568276102276637      
   42.3000990757273641094574566942271254      
   41.5199227756591899173404353709027288      
   40.7521580678616508483147352751369757      
   39.9974048097772850528527102036231466      
   39.2561889749049665480421399727316242      
   38.5289627562544435382601920071576122      
   37.8161056615007398330002747867487869      
   37.1179264686418326232044514696886964      
   36.4346658613269207005920479584412471      
   35.7664997096790685112189541420615385      
   35.1135427571998507709277187062093335      
   34.4758527449858086524426607377219974      
   33.8534346527136487967906822216504693      
   33.2462452006376699255149344494426318      
   32.6541973144675865204143067872588388      
   32.0771645452740860071843893645560551      
   31.5149855145105760453021670103271631      
   30.9674678795697906275102263102700000      
   30.4343926559273483224586502433722295      
   29.9155177841881373163751540725449770      
   29.4105817056578149147687329612850490      
   28.9193066734382945643056093785425411      
   28.4414017482491363360754753217991272      
   27.9765655316333625882112539438888161      
   27.5244887182904818467276718874804161      
   27.0848562803217864667854766147329929      
   26.6573495262443025740758267924119233      
   26.2416478483054349019058540723271565      
   25.8374303134946384805009989766232003      
   25.4443770297401397976611963949714719      
   25.0621703453986484276941880721095788      
   24.6904958657382626119091991953194056      
   24.3290433508542054514432575507328008      
   23.9775074255421322828536782369385627      
   23.6355882291891123238480658807896931      
   23.3029918942370595968390650353295302      
   22.9794309731722962481884057067005852      
   22.6646247484045577215108296748114826      
   22.3582994850756792889962282833188276      
   22.0601885989563841392026739484307085      
   21.7700327828965623815848913153977746      
   21.4875800638683777344807241556376933      
   21.2125858342579680009648449625305939      
   20.9448128295473810357025637990543191      
   20.6840310810297920603532675910416073      
   20.4300178412501418673895851004392837      
   20.1825574829105949419207236317628730      
   19.9414413799103535523973611347629125      
   19.7064677767472531276428821226336031      
   19.4774416361719273302646837438319938      
   19.2541744865812756634653826269136128      
   19.0364842563384801638207820611831264      
   18.8241951007002969096844833831517263      
   18.6171372309377478723527857750475420      
   18.4151467360618019398474881417700065      
   18.2180654231532598549723122285477351      
   18.0257405574649732854222491427878487      
   17.8380248158130354882966089648720167      
   17.6547760151430826916483153116835333      
   17.4758569709376476860806793541192767      
   17.3011353155505283167812139843902870      
   17.1304833463490421511445631348133244      
   16.9637778394188001957551207998688084      
   16.8008999148613053297457449615084029      
   16.6417348573180290372193632713328148      
   16.4861719827024346517617212829690900      
   16.3341044785630772830771281238529672      
   16.1854292652880157005889718068223722      
   16.0400468618050182492251635556276136      
   15.8978612405473065267926993761358724      
   15.7587797145529218432165828152986537      
   15.6227127937466029093755387103645240      
   15.4895740803340949485793495995846851      
   15.3592801418591470656933921205325510      
   15.2317503982900759064260596921915615      
   15.1069070313838441055542712912183806      
   14.9846748520849638567595318441370984      
   14.8649812274688569794196055741444262      
   14.7477559694305156990874632551092885      
   14.6329312404262855568040234861199691      
   14.5204414770421169641509564915193004      
   14.4102232972490502819590652656404809      
   14.3022154082595062507057759333668614      
   14.1963585484104445930347529541305002      
   14.0925953997503853440353970980586507      
   13.9908705034221038761987388863711968      
   13.8911302160607451364307306008349647      
   13.7933226272889639944652114960016749      
