   300.978532456069162132856044161749454      
   300.978532456069162132856044161749454      
   300.978532456069162132851380527156010      
   300.978532456069161555061098139799070      
   300.978532456068454609946002451934406      
   300.978532455984012490765849010447138      
   300.978532453367369071825205606298243      
   300.978532418982347316137176804251703      
   300.978532165784611636735429885640467      
   300.978530926028918400637547912248507      
   300.978526416584903241231209872585873      
   300.978513287347990307461773544584320      
   300.978481058773780113674603252070410      
   300.978411834304294670218819892897310      
   300.978278139979589637046019161664043      
   300.978041197376507820753348306403756      
   300.977649822740616017776397168194923      
   300.977040033527505308807806897746607      
   300.976135307411792883775032392978810      
   300.974847409764288607223916027900993      
   300.973077637707444599630049805402021      
   300.970718328634625752390221082780128      
   300.967654487172906277174344186437134      
   300.963765400363208065845045661704802      
   300.958926136817201730673642119207532      
   300.953008854759538234952288756684684      
   300.945883871171843075180909735272094      
   300.937420473424495435752865928093705      
   300.927487479821484710480184703152240      
   300.915953576090530136437250776015303      
   300.902687470568304265985743178606095      
   300.887557922896694424643775675035561      
   300.870433693253604258465174280173877      
   300.851183475787530018122150765693361      
   300.829675856797031685120871859248955      
   300.805779339092951025795118812448474      
   300.779362458989163964364323717241579      
   300.750294015863691322312089876373771      
   300.718443408797012917453035191684923      
   300.683681107832135683955261430555661      
   300.645879200269845097553039444442362      
   300.604912038267015025300762913181805      
   300.560656947223311865111048437387683      
   300.512994975831794989631124471841256      
   300.461811664076326818020795489403748      
   300.406997804407550142440909458982347      
   300.348450178377144300984689342170565      
   300.286072238456953494434688104074948      
   300.219774754421253977769827274580356      
   300.149476348736369848560399205550385      
   300.075103969912462443098306817068476      
   299.996593268432090587491202904964433      
   299.913888877219419471509419197999480      
   299.826944596679258921718623626183440      
   299.735723476571867978463520763304479      
   299.640197792631569915626705350448622      
   299.540349016785584482436253163994388      
   299.436167553979266197305372100119257      
   299.327652530980695496028455819661965      
   299.214811460501587304186790363911529      
   299.097659855662267958529111409837095      
   298.976220783549422465254492761350342      
   298.850524373544661265077607456071058      
   298.720607308706638541414107850780479      
   298.586512261410220281407781433221055      
   298.448287309479998084731047696303422      
   298.305985344897670919483993034932828      
   298.159663476646595377035399570078351      
   298.009382401548796124096081803141294      
   297.855205814752935922679393548579818      
   297.697199801813211649641193313340223      
   297.535432258460669099089172312544250      
   297.369972293831944948097572075717879      
   297.200889683469762203653233280337959      
   297.028254301174830699630292217233860      
   296.852135621365992631691286813297865      
   296.672602208067349025240283446141142      
   296.489721229724056471759658961663069      
   296.303558025136827489289283818119650      
   296.114175662633343453392785337976003      
   295.921634512515295794508656865718835      
   295.725991892288341665472797836013779      
   295.527301693846881098670604524465768      
   295.325614047840306576129920902301784      
   295.120975004735749096781288805502235      
   294.913426243027929668659508220318749      
   294.703004772698777748433991484483370      
   294.489742658489693660673529556972541      
   294.273666875173919780806437488193218      
   294.054798958544934846553909262621095      
   293.833154801035357570621741067846461      
   293.608744452050368577150568029256783      
   293.381572089754828365386103448995284      
   293.151635215548936853347049104453834      
   292.918925426161283631563582319372406      
   292.683427413535669144302251917327934      
   292.445119089187588052588322192072772      
   292.203971407429017730426250836350344      
   291.959947944485037562003862577074254      
   291.713005121917711801210856408025934      
   291.463091460949216248889509750486550      
   291.210147805972537905333941348490652      
   290.954106763902710598708054353666330      
   290.694892685348291425287261260597691      
   290.432421192615179815479498938979253      
   290.166598988816632940215891194090202      
   289.897323501661104352803637732169877      
   289.624482550590817185411075600608054      
   289.347953926710311626665975181546880      
   289.067604837854448856174314586546982      
   288.783291949408945293289516725609713      
   288.494860253246416449709265406348274      
   288.202142787684165339338204556551862      
   287.904960107370669279281638978082834      
   287.603119480704923564223528923600486      
   287.296414228274196927002037605852955      
   286.984622894839437560881640040441487      
   286.667508394397991592384316413302074      
   286.344816994780636586412641505708382      
   286.016277323805704721824068185840294      
   285.681599117494021285596054548369582      
   285.340471985468205836674397216404946      
   284.992564082566194113949324756104543      
   284.637520374951248989175630472926882      
   284.274961150298616282885790134291290      
   283.904480008017199433772507114244283      
   283.525641911528700878743575375227335      
   283.137980901388482837452305631621275      
   282.740997673043032296635941922113480      
   282.334156880997278952164127226298499      
   281.916884205470275848703017619771691      
   281.488563171781635400992639669285361      
   281.048531656867034671477440882910703      
   280.596078106544262523564813120643417      
   280.130437451147463938526468822335277      
   279.650786707988184334708842527076608      
   279.156239991176559968115224550219156      
   278.645844487182263227938847310788431      
   278.118573811139840274086575025371039      
   277.573323389384173940578067040038601      
   277.008904677302786401563235524971171      
   276.424039582528202681971890832557905      
   275.817355092741011252250728009327904      
   275.187378358040571542717571327880799      
   274.532532603263618692014159503097849      
   273.851134209488465208023843919792628      
   273.141391694614319027971261135493578      
   272.401407099701480440556304390306828      
   271.629180784856771213354618699290295      
   270.822620476040817667465798717651257      
   269.979555587789532218503090740646363      
   269.097757978636840653554438086966560      
   268.174969915420102766366513828403363      
   267.208939902436059366359157870504870      
   266.197465922286643859125577298595143      
   265.138448302161310157946405153902257      
   264.029943145663938084012737940965844      
   262.870222568487502546408785897307434      
   261.657830716063277278342866708462127      
   260.391633070428671642563753903856727      
   259.070853192922093873998640090174487      
   257.695092117633203994204519747002657      
   256.264327255779039063676511529674566      
   254.778889792943776705439147806798989      
   253.239422664520650098509948657152655      
   251.646823261023540573892494313648301      
   250.002177096359351341375419058243249      
   248.306688840731010287255509211620774      
   246.561617343525056781851263473896597      
   244.768218921372309831855234917294018      
   242.927702303668898232353159494481791      
   241.041196667963384059652236394650460      
   239.109731859472318049174351408179425      
   237.134230292595995910462848056327834      
   235.115507986033638890042793079270927      
   233.054283553180293149608840623855108      
   230.951191987842203244882525282092504      
   228.806802576815648473891598091747754      
   226.621637714990728159741945765538509      
   224.396201372553893006414825416800697      
   222.130991027173944374148271151687344      
   219.826526586718070869926473633317883      
   217.483370688265969024736532250731125      
   215.102150015007162166531870296361034      
   212.683575758165145203375149135692085      
   210.228462978785659228513931504060539      
   207.737748848552379655788641317901825      
   205.212509715088807484938518118298268      
   202.653976566299337087960317389352446      
   200.063548594951294469722722250366344      
   197.442804855623263857113378193771977      
   194.793513693844507807113439122542706      
   192.117639342748231864183217018997790      
   189.417345800630711354193832737598238      
   186.694997261961733552501375856964015      
   183.953155291565896008230062535271118      
   181.194572091516426494809004163783658      
   178.422180074781724968815643657959876      
   175.639077645131696171124092482295138      
   172.848510995293545937324327568614748      
   170.053852543937838389029587316302735      
   167.258576019296759645513762681919764      
   164.466228913920386274811858288433908      
   161.680402574474971992010970414159451      
   158.904701195849673959288782077974553      
   156.142708569220801971602381785669790      
   153.397957633471895274317042434230563      
   150.673897953794593999932605404923775      
   147.973866126064405863638610255336141      
   145.301057960637112640932841813530369      
   142.658503654641254555896664616316889      
   140.049045944418465719984689733239893      
   137.475321996113933355736734256238145      
   134.939749020892367231356414955433861      
   132.444513720550365257022889644195167      
   129.991565631776176421771308161775216      
   127.582614168441141281136954911377780      
   125.219128957826941499345624023262238      
   122.902343399877404457250893056933574      
   120.633261023085956025414467276488262      
   118.412664049312492276924155864934044      
   116.241124056456972661461600961700000      
   114.119013960899515005515085795180332      
   112.046521421203878120438647397596496      
   110.023662621319358589569717220364019      
   108.050296902072427257923536960688544      
   106.126141272019656191346497058591234      
   104.250784772140779523349265434807170      
   102.423702922159372147232042783563290      
   100.644270608601819539408235508377495      
   98.9117761317638820479906132909597428      
   97.2254327986114462782192507357711805      
   95.5843905433878984729983821241764055      
   93.9877466886744573339932304802632554      
   92.4345556818096930922452947958471564      
   90.9238379778084284116865753176386553      
   89.4545883344440660018649336343113515      
   88.0257829110458060170527989978822331      
   86.6363859602939833657464370753387453      
   85.2853555069926634311940257350632680      
   83.9716485188575750616282466740254003      
   82.6942253466554543423988882836572723      
   81.4520536225456073900061112343561211      
   80.2441115636493534887048973847880720      
   79.0693908902761677171905870398816080      
   77.9268991330119299192744542700503288      
   76.8156617448646150525062141125664948      
   75.7347236562704436897269613648209733      
   74.6831506628099628066123185467768981      
   73.6600304323148125949101964431373160      
   72.6644733264959576892377419207861889      
   71.6956129466082484524086903323997988      
   70.7526065444138277401508967750427683      
   69.8346352075722276370623535058225011      
   68.9409039613383960031357461282244264      
   68.0706416960289883660333323469265295      
   67.2231010133468241961481196708852167      
   66.3975579840629610690161515764276691      
   65.5933118194594335612423518032293389      
   64.8096844847086490452914236879794672      
   64.0460202744285726648393668985592085      
   63.3016853175587638233602221674539792      
   62.5760670813891459062624935374692423      
   61.8685738331000605324175416988451646      
   61.1786340772759649564745709952431090      
   60.5056960005476805851465537689045121      
   59.8492268922008563045043364607525134      
   59.2087126252480945286600147427801337      
   58.5836568117611631776223097140605106      
   57.9735806513923653369639791358340441      
   57.3780220492150187478570247629714779      
   56.7965351555473549797622079008876438      
   56.2286897755392170295389454492684319      
   55.6740708756343869912198301881433065      
   55.1322779781111006362041425995736295      
   54.6029247232992423216736711249023134      
   54.0856382862835943709629306318316481      
   53.5800589437829126182255941696495487      
   53.0858395553300011700006664025221348      
   52.6026451121860510269141583721727113      
   52.1301523008663093099817815557897426      
   51.6680490317787462120762729724415918      
   51.2160340722969959904538941497206252      
   50.7738165796764594554705008086846980      
   50.3411157610858085828828861986502290      
   49.9176604610422279635035243917307843      
   49.5031887944427466958846939996225734      
   49.0974478519974933430513816964597308      
   48.7001932692761325344684784934455712      
   48.3111889892737851831137181159693858      
   47.9302069006491760220342555791051855      
   47.5570265313854280596130763298898985      
   47.1914348003868801334906085974377270      
   46.8332257160594134163669621133315626      
   46.4822000768433953147937717834423018      
   46.1381652823339449273629471009241303      
   45.8009350491887523681150405686906162      
   45.4703291361218375976459013807063884      
   45.1461732021974216933998744527136347      
   44.8282985386891329820119373620054437      
