   503.353983595366473674394243594379533      
   503.353983595366473674394243594379533      
   503.353983595366473673271516425147768      
   503.353983595366369793408749357133350      
   503.353983595264853940454767898678721      
   503.353983585190643146242959322698943      
   503.353983319046950696591273118006746      
   503.353980281542872744856608855297721      
   503.353960572508662755580868523070497      
   503.353874527613739350835726611431343      
   503.353592707148076591676389331735209      
   503.352847687549384054878173578578683      
   503.351175282679030488669882653080589      
   503.347870051838639571839360542205608      
   503.341965039413120262529106644351363      
   503.332238566128067632523088864180560      
   503.317244876517060546656044128659996      
   503.295362075881048328101324929905671      
   503.264849500526570300505433987114361      
   503.223907881619560290381972590394122      
   503.170736645252179259763802643668744      
   503.103584855840779349748714117769197      
   503.020793786173760462702647844234282      
   502.920830417367340372540045891205986      
   502.802312072667885599163712471493398      
   502.664022971241062907028671211925024      
   502.504923779676037007700200550987471      
   502.324155339725073367482243551000595      
   502.121037715914545347310591612098207      
   501.895065596208721406035680437264917      
   501.645900932816336599813927119731863      
   501.373363557079293439613452000890651      
   501.077420357740203026934079306226540      
   500.758173504124340683537905630973747      
   500.415848055232103887337238411419540      
   500.050779272349053127214429039184024      
   499.663399851756738435849170645539517      
   499.254227263373469163969671663794748      
   498.823851382616785312462369285145072      
   498.372922353042969963831471990144661      
   497.902139245056040598865991983114374      
   497.412239022872333948233615818284909      
   496.903986280843170870644190485168337      
   496.378163690748377059810539900075097      
   495.835563214390461421998130728547553      
   495.276978094689413189167222715533224      
   494.703195722983190602032546168586715      
   494.114991090998473518081588423568915      
   493.513121443789373002233304311583327      
   492.898321424093102981088111053170847      
   492.271299052297639956854826968683611      
   491.632732454002257916554027259045166      
   490.983267272434043454406033018095254      
   490.323514759863115397864069186402162      
   489.654050327837080959949988819897529      
   488.975412567757026023568968329694017      
   488.288103470646625575543931333756724      
   487.592587870594831909406515532567796      
   486.889294189370970126274619181210559      
   486.178615141427363265801951815401230      
   485.460908805172139191061634778363991      
   484.736499745005857739205393585403963      
   484.005680427507706304002591871002413      
   483.268712980067289055786490153386802      
   482.525830722685759664949177604651120      
   481.777239819060766945698948613681825      
   481.023121058630131024590327996349278      
   480.263631727618594329365646746516874      
   479.498906905333902939361494136832049      
   478.729061587978352418665412017677211      
   477.954192162598990790249850599749546      
   477.174378071685162007419009253319533      
   476.389683096288887947714938368411603      
   475.600157002085500483439178923924204      
   474.805836331396354728691643450672593      
   474.006746115797203200035292370033177      
   473.202900761123968006541235761517152      
   472.394304934720940888931623619911965      
   471.580954706895123318449934378119369      
   470.762838216257061324067506262286154      
   469.939935982545005507755256636352397      
   469.112221992169563914479874525549363      
   468.279663936769726021855776842801577      
   467.442223653733254043800985300710931      
   466.599857427644999646561638215870191      
   465.752516290451443636427696331913605      
   464.900145909745872965788043473742720      
   464.042686659884572387439468853816432      
   463.180074509105150798534281125082050      
   462.312239943953379767584918172478389      
   461.439107942644977562433816519800710      
   460.560597991759916209346746062950757      
   459.676625008175799477859282461632729      
   458.787095798544000082475181472237018      
   457.891913492716425772871420029589180      
   456.990972946000819172283096863542344      
   456.084162519450017504230654388349413      
   455.171363501504556907332103434795667      
   454.252448447113857611069932175509469      
   453.327282435788406296479170762397729      
   452.395720976780379996226903235206217      
   451.457610175306710247448932261953749      
   450.512786014404598901289281164538944      
   449.561073732519560813745851561889644      
   448.602286746750780129120065657530901      
   447.636226484424358755610760801107364      
   446.662681145669380494570291205454143      
   445.681425062566042506886340613246572      
   444.692217700858720920815366998795041      
   443.694802465215958363695396534356950      
   442.688907046511978477952891965359230      
   441.674240393844833252690591535085034      
   440.650492662811208342840611704468053      
   439.617333930444027023034237830345745      
   438.574412740928970407380212917133005      
   437.521354843683290115066948267443632      
   436.457761674583867883563899527809393      
   435.383208439608818976872365796416685      
   434.297242987198221640022048621482291      
   433.199383453715233714660384214193031      
   432.089116326127890763761895375121462      
   430.965894407970197970958141342494735      
   429.829134920698863495558899188729696      
   428.678215842843134339480741787745030      
   427.512474508247453518130534808039111      
   426.331203734288613948988023837264533      
   425.133649219546199368310672705880147      
   423.919005943550420490295436273566111      
   422.686414626876822618807929328577479      
   421.434957805923988445890022078899515      
   420.163655453927067142866236315840713      
   418.871460971441281260933486692097498      
   417.557256194137442066686426057111780      
   416.219846543830341116328192148447740      
   414.857955802921352911300018334778558      
   413.470221029818481069176873115475494      
   412.055186275200368623504530858684971      
   410.611299627547166434859987829788393      
   409.136904892621347278985677126527709      
   407.630238627270956608278598545540875      
   406.089425883807191555341611988771156      
   404.512477032778438025211330637448285      
   402.897286335404901566564571739887844      
   401.241632631607898750217771296445719      
   399.543183325280727329740735663817102      
   397.799501524683047197274263578898227      
   396.008059316976728083407608140082643      
   394.166256350113766692441394994368945      
   392.271447168229843788287747755616632      
   390.320977685263251573818043411196932      
   388.312232006766322497738294234374146      
   386.242692424021103779699161633025927      
   384.110011630051880159840986750573798      
   381.912097411299573884084364806938694      
   379.647207441043758883960693712630398      
   377.314056580133202329415755046749663      
   374.911915787506253226175574999912867      
   372.440715166964524254752938356798281      
   369.901126671716541272683041083256683      
   367.294622389441475925090050753844137      
   364.623498370245322011193219587261421      
   361.890857223632324722226223652548484      
   359.100547513528925428152676847721203      
   356.257062980233086248771404032588492      
   353.365410375013215692409902851824491      
   350.430958143258329880701992440431432      
   347.459281084873643236793707221925202      
   344.456013719733569019023259133573857      
   341.426724768835994995898017162160428      
   338.376819614385355108781143638414213      
   335.311472748658053017595493328003166      
   332.235590911585371160542438906700122      
   329.153803054707516364887195922750375      
   326.070470386802898196406134326023156      
   322.989713685389512394609073520593297      
   319.915451630156852969693008127915177      
   316.851443236490001596876580293614583      
   313.801334152515788653291751644943527      
   310.768698427291383784019624530331370      
   307.757096169307540743835542477395830      
   304.770089493521638367299563338923221      
   301.811290864740227010594555895822454      
   298.884387215383203449719581731770597      
   295.993161879043017138652081036620942      
   293.141510509083276537064857951429621      
   290.333450146132691519381138829611771      
   287.573121935027473187701606301319285      
   284.864788376175864317615200545262937      
   282.212823764664855119181009315251922      
   279.621698483142797463625354807274017      
   277.095957960014049224770699580315841      
   274.640195929955607049836798661514262      
   272.259022592292444464179354754121963      
   269.957028447712030909127570818208944      
   267.738743762927124905114316020799637      
   265.608595510183204055298582515132073      
   263.570861545293506922023485337147846      
   261.629623710384246770095644246779870      
   259.788721023313998295419445555041318      
   258.051703238401083884223584529592784      
   256.421787211069677442719887865663439      
   254.901816345389880232038905632691953      
   253.494224602266910994266120113602494      
   252.201006123741607899678356947256038      
   251.023691261728780228781156333116369      
   249.963329228650049251156650133134990      
   249.020479278210343244651295842820844      
   248.195208489190001600420319247334350      
   247.487097709587560227287184988989004      
   246.895254373980834121315345831885589      
   246.418332549601208484104105925928336      
   246.054558307903156876152519939499208      
   245.801760733509533336155531899086156      
   245.657406549506148571621517588337062      
   245.618638040370207016558922181117036      
   245.682312993672960682373303525929945      
   245.845045527614251040483548401989677      
   246.103247083389418893023577150753916      
   246.453166711619863530856713461181217      
   246.890929900314062009176607145296101      
   247.412575369500267017869042581092290      
   248.014089435263470299006740201942700      
   248.691437509401175912452226769812089      
   249.440592700656939975586892961597199      
   250.257561122636064737094692379559394      
   251.138404249509995386993645010947809      
   252.079258053262784328071894132460826      
   253.076349241147298123801999975812500      
   254.126008567422260917220805165001458      
   255.224681993017654371213075054054349      
   256.368938564039706206146073421807552      
   257.555477013756095750360508608367654      
   258.781130032505440946847995084308354      
   260.042866827614082575855159731042765      
   261.337794315373774876501077156818381      
   262.663156991395728628758564343314460      
   264.016335662634869860160188831678860      
   265.394845442986454686929413903442156      
   266.796332801948029926230608067628258      
   268.218572224502703957541870961360811      
   269.659462258132538821027644354180481      
   271.117021278829063966926637692709789      
   272.589382966138082078733781009825493      
   274.074791682635094719552692205752395      
   275.571597606475560227133392490979237      
   277.078252025248311547037150170773903      
   278.593302421235507945191524270371991      
   280.115387809353313345811920149807987      
   281.643234003839774211201969381648035      
   283.175649107666461512274395541665184      
   284.711519039448308119558219923657898      
   286.249803302337991740880069966971935      
   287.789530818142795548989211045750995      
   289.329796020028880414527868527502782      
   290.869755016519941710835847283326303      
   292.408622016340932894755057826085062      
   293.945665879680434551945513236159996      
   295.480206841716294653976744485001065      
   297.011613422153403294839566473133436      
   298.539299490524068518744801854069030      
   300.062721473818743180940098323282727      
   301.581375759229616984916472582389387      
   303.094796197574770990994286792788251      
   304.602551774663242149703031462191382      
   306.104244428666554652628107136836173      
   307.599506963869977858886665017462881      
   309.088001109999717734825266684524799      
   310.569415555361465104940849522748877      
   312.043464845291919211472235087991276      
   313.509886787155818343973837507398380      
   314.968441652731590791161250870372119      
   316.418910509470177211406329498215224      
   317.861093985249285888499058936993989      
   319.294810885257398603423571563476464      
   320.719897198641290203974513356446778      
   322.136204799254953311319669098729337      
   323.543600600760258239055227644706216      
   324.941965445877962374803914012858175      
   326.331193295254225577973332622827431      
   327.711190352955920244303569297571382      
   329.081874226395993197755797347677506      
   330.443173289707232963300181723888811      
   331.795025824877407214371301435532465      
   333.137379546927558430185553339088058      
   334.470190835861361634472544440544138      
   335.793424262694360569117370510634650      
   337.107052064838356823850724137551205      
   338.411053454869909501672381512117646      
   339.705414450300915559397034364799513      
   340.990127140976639594824638388462616      
   342.265189435076879864792669031404382      
   343.530604687326540600235148598933307      
   344.786381194873419755794135752344585      
   346.032531933469875349528658705874251      
   347.269074347649274310262988672657869      
   348.496029813651049514521768418060353      
   349.713423486698973097962577332426506      
   350.921284173024487568821864114279370      
   352.119643774956186940215874565219399      
   353.308537232090214400229710815587474      
