-0.16277684267187E-07
-0.40694210667849E-08
-0.18086315852234E-08
-0.10173569751839E-08
-0.65258531637305E-09
-0.60429454481445E-09
-0.31905989073710E-09
-0.63248765645551E-10
-0.49670379267500E-10
-0.13999398636990E-09
-0.14931799969161E-09
-0.11608024070749E-09
-0.74674229418314E-10
-0.11245189455738E-09
-0.39725631502234E-10
-0.37100677519914E-10
-0.30638519472509E-10
-0.63922746612740E-10
-0.37275695368347E-10
-0.38359369522048E-10
-0.33330569575109E-10
 0.46852576060757E-11
-0.39178864794701E-10
-0.21501657611894E-10
-0.24712527293284E-10
-0.15479520106318E-10
-0.73490673724736E-11
-0.25641441204685E-10
-0.13565051594345E-10
-0.15644342748876E-10
-0.87250517013479E-11
-0.12758404494157E-10
-0.37054576027823E-11
 0.63334977985294E-11
 0.33184728549443E-10
 0.70962142433789E-10
 0.14033751950096E-09
 0.26276798384847E-09
 0.48252318629700E-09
 0.83932457882095E-09
 0.14073706675970E-08
 0.23085278686087E-08
 0.36967731984099E-08
 0.57955210573692E-08
 0.88930124761233E-08
 0.13403324621219E-07
 0.19850927105543E-07
 0.28923612372881E-07
 0.41508845665931E-07
 0.58716169518772E-07
 0.81949727625383E-07
 0.11293934679272E-06
 0.15380389587714E-06
 0.20584637998056E-06
 0.27685262486520E-06
 0.36014976197783E-06
 0.47574864229215E-06
 0.61636537503388E-06
 0.79186416373082E-06
 0.10092884983376E-05
 0.12767628646114E-05
 0.16036327928943E-05
 0.20005838416118E-05
 0.24797816827197E-05
 0.30550075008893E-05
 0.37418143168873E-05
 0.45576673997519E-05
 0.55221476745827E-05
 0.66570719958571E-05
 0.79867018528078E-05
 0.95379304451370E-05
 0.11340467273664E-04
 0.13427035659127E-04
 0.15833588058057E-04
 0.18599521796181E-04
 0.21767900233352E-04
 0.25385654381639E-04
 0.29503907058824E-04
 0.34178144102895E-04
 0.39468463836583E-04
 0.45439873793052E-04
 0.52162562969639E-04
 0.59712189721708E-04
 0.68170161334833E-04
 0.77623940682458E-04
 0.88167307890578E-04
 0.99900815993957E-04
 0.11293239246050E-03
 0.12737759882340E-03
 0.14335560798423E-03
 0.16100239248366E-03
 0.18045663217718E-03
 0.20186368242461E-03
 0.22538466585709E-03
 0.25118813987973E-03
 0.27945035174770E-03
 0.31036199496408E-03
 0.34412431939666E-03
 0.38094986142739E-03
 0.42106487735050E-03
 0.46471162855506E-03
 0.51214129088070E-03
 0.56362238198979E-03
 0.61944051574307E-03
 0.67989584162967E-03
 0.74530741079678E-03
 0.81601156916903E-03
 0.89236501480119E-03
 0.97470172295973E-03
 0.10635467235158E-02
 0.11591944532168E-02
 0.12621332792590E-02
 0.13728330152848E-02
 0.14917920793184E-02
 0.16195364775480E-02
 0.17566227306407E-02
 0.19036397770970E-02
 0.20612095616174E-02
 0.22299958027275E-02
 0.24106796721075E-02
 0.26040047557094E-02
 0.28107677251150E-02
 0.30317736924179E-02
 0.32679001291120E-02
 0.35200719383665E-02
 0.37892673079940E-02
 0.40765228383831E-02
 0.43829348376164E-02
 0.47096657034856E-02
 0.50579455305659E-02
 0.54290789763031E-02
 0.58244471892769E-02
 0.62455139691229E-02
 0.66938299173329E-02
 0.71710366077740E-02
 0.76788747774930E-02
 0.82191886228949E-02
 0.87939264774171E-02
 0.94051464146105E-02
 0.10055042146776E-01
 0.10745902914943E-01
 0.11480159794670E-01
 0.12260368673894E-01
 0.13089206098108E-01
 0.13969491779521E-01
 0.14904125903877E-01
 0.15896165873295E-01
 0.16948728759592E-01
 0.18064995938308E-01
 0.19248211581457E-01
 0.20501552611069E-01
 0.21828136763902E-01
 0.23230915441220E-01
 0.24712539002749E-01
 0.26275261292333E-01
 0.27920791729457E-01
 0.29650076986541E-01
 0.31463182493998E-01
 0.33359095799899E-01
 0.35335585505948E-01
 0.37389108210556E-01
 0.39514806073687E-01
 0.41706434724868E-01
 0.43956699885005E-01
 0.46257565463012E-01
 0.48600015053846E-01
 0.50974986179445E-01
 0.53373396189007E-01
 0.55786458916739E-01
 0.58206029699792E-01
 0.60624650312844E-01
 0.63035320146506E-01
 0.65432638626811E-01
 0.67811961439222E-01
 0.70168723961633E-01
 0.72500000795220E-01
 0.74803027708679E-01
 0.77076006727854E-01
 0.79317373356518E-01
 0.81525907210325E-01
 0.83701110119694E-01
 0.85842492687874E-01
 0.87949876564143E-01
 0.90023087206732E-01
 0.92062354070388E-01
 0.94067813992980E-01
 0.96039717427191E-01
 0.97978354731111E-01
 0.99884042153026E-01
 0.10175710998632E+00
 0.10359786665313E+00
 0.10540663392270E+00
 0.10718371103579E+00
 0.10892938077183E+00
 0.11064391519668E+00
 0.11232748941826E+00
 0.11398037267326E+00
 0.11560276477953E+00
 0.11719479262230E+00
 0.11875666914017E+00
 0.12028854164918E+00
 0.12179055697125E+00
 0.12326286760823E+00
 0.12470568250882E+00
 0.12611912279837E+00
 0.12750340321156E+00
 0.12885874208895E+00
 0.13018537681528E+00
 0.13148354916725E+00
 0.13275356613971E+00
 0.13399576662761E+00
 0.13521050384061E+00
 0.13639814610884E+00
 0.13755912854198E+00
 0.13869392143456E+00
 0.13980298667966E+00
 0.14088681609449E+00
 0.14194595626326E+00
 0.14298094733361E+00
 0.14399235615978E+00
 0.14498075406343E+00
 0.14594672285006E+00
 0.14689085141688E+00
 0.14781375506900E+00
 0.14871603342161E+00
 0.14959825229418E+00
 0.15046101320387E+00
 0.15130489331127E+00
 0.15213047460406E+00
 0.15293829994918E+00
 0.15372893696372E+00
 0.15450292185549E+00
 0.15526076675846E+00
 0.15600298142640E+00
 0.15673006500237E+00
 0.15744249611259E+00
 0.15814073292180E+00
 0.15882524109793E+00
 0.15949641460260E+00
 0.16015468950003E+00
 0.16080046068991E+00
 0.16143412499381E+00
 0.16205602799494E+00
 0.16266656070846E+00
 0.16326604213843E+00
 0.16385480471759E+00
 0.16443316988763E+00
 0.16500143514368E+00
 0.16555989194575E+00
 0.16610883860911E+00
 0.16664853008579E+00
 0.16717922555515E+00
 0.16770119242603E+00
 0.16821462693767E+00
 0.16871979775876E+00
 0.16921692241491E+00
 0.16970620120335E+00
 0.17018785560538E+00
 0.17066206676302E+00
 0.17112903878727E+00
 0.17158894062553E+00
 0.17204196356495E+00
 0.17248826485736E+00
 0.17292801602073E+00
 0.17336135514391E+00
 0.17378849168901E+00
 0.17420953115588E+00
 0.17462460217249E+00
 0.17503387123211E+00
 0.17543742302970E+00
 0.17583547674959E+00
 0.17622809538391E+00
 0.17661538758185E+00
 0.17699749259150E+00
 0.17737453055896E+00
 0.17774655170836E+00
 0.17811380377895E+00
 0.17847625455913E+00
 0.17883403685417E+00
 0.17918726390429E+00
 0.17953600146933E+00
 0.17988038574158E+00
 0.18022041701073E+00
 0.18055634915932E+00
 0.18088812998542E+00
 0.18121578807254E+00
 0.18153957622360E+00
 0.18185944242747E+00
 0.18217549714257E+00
 0.18248781192496E+00
 0.18279646740555E+00
 0.18310151775350E+00
 0.18340302555206E+00
 0.18370107156248E+00
 0.18399571715929E+00
 0.18428700835160E+00
 0.18457502820609E+00
 0.18485979725339E+00
 0.18514142616888E+00
 0.18541993516634E+00
