-0.93864423502421E-11
-0.37545769400843E-10
-0.84477981151128E-10
-0.15018336725766E-09
-0.23527279841193E-09
-0.36827816271223E-09
-0.50167355056737E-09
-0.24276574911395E-09
-0.54244755597294E-09
-0.90192051509576E-09
-0.12309077780178E-08
-0.12554301327158E-08
-0.14245174389437E-08
-0.21694109712299E-08
-0.18769480530629E-08
-0.19349139032881E-08
-0.20938958160994E-08
-0.38595688987368E-08
-0.30019681765660E-08
-0.40156765995088E-08
-0.28946753605364E-08
-0.33703674521952E-08
-0.54464995043724E-08
-0.51287938702737E-08
-0.59045487737430E-08
-0.54885393332538E-08
-0.46129611230397E-08
-0.86061683880506E-08
-0.75493701853872E-08
-0.77813206592207E-08
-0.81359514800992E-08
-0.83773989783694E-08
-0.86744076148720E-08
-0.11891801085372E-07
-0.80548379483921E-08
-0.10102969214730E-07
-0.10941946727954E-07
-0.13422431624166E-07
-0.11379664773459E-07
-0.98010701750843E-08
-0.97283578588562E-08
-0.95528213597231E-08
-0.61959055808579E-08
-0.58995903378863E-09
-0.68495745152762E-08
-0.23403722345697E-08
-0.11222746531416E-08
 0.45447239640243E-08
 0.20961554367161E-07
 0.39879173945131E-07
 0.64177192013979E-07
 0.95457344137261E-07
 0.12933727109004E-06
-0.51190565907753E-05
 0.11529760807323E-04
-0.10051150948788E-04
 0.44361777205384E-06
 0.59220216507213E-06
 0.76237171424652E-06
 0.97588157382036E-06
 0.12451654090926E-05
 0.15727972642273E-05
 0.19758088041478E-05
 0.24564466351255E-05
 0.30196258566490E-05
 0.37102676293424E-05
 0.45101794187404E-05
 0.54810305458079E-05
 0.66136222238288E-05
 0.79533554365385E-05
 0.94885806858381E-05
 0.11298096231669E-04
 0.13373896554496E-04
 0.15780611569136E-04
 0.18546201422635E-04
 0.21721188310960E-04
 0.25332451061524E-04
 0.29444989489423E-04
 0.34133334120591E-04
 0.39417227336493E-04
 0.45387316704052E-04
 0.52102386284180E-04
 0.59655787197048E-04
 0.68113889370393E-04
 0.77569326786688E-04
 0.88106141420881E-04
 0.99833004752855E-04
 0.11285758178122E-03
 0.14753322967568E-03
 0.13579760838611E-03
 0.13801729677304E-03
 0.18036959987645E-03
 0.20176832687057E-03
 0.22525363111820E-03
 0.25105014226571E-03
 0.27930201658969E-03
 0.31014734327107E-03
 0.34388645480293E-03
 0.38063960156542E-03
 0.42063679616136E-03
 0.46416639822802E-03
 0.51146602978158E-03
 0.56273493455699E-03
 0.61835493338138E-03
 0.67848663281435E-03
 0.74354407328888E-03
 0.81377627708922E-03
 0.88956682545540E-03
 0.42460236958543E-03
 0.10591267630496E-02
 0.11536617245664E-02
 0.12552559760312E-02
 0.13628665628428E-02
 0.14812405693027E-02
 0.16065171301328E-02
 0.17406005446177E-02
 0.18839980753008E-02
 0.20371982199048E-02
 0.29796973925742E-02
 0.23751379637301E-02
 0.30755375665772E-02
 0.27794423454897E-02
 0.29689825925289E-02
 0.31922720492720E-02
 0.34156678260765E-02
 0.36879557725014E-02
 0.39468637836922E-02
 0.42272964089579E-02
 0.45241010182421E-02
 0.48364088960891E-02
 0.51666525690281E-02
 0.55130219900743E-02
 0.58765042633639E-02
 0.62568087993223E-02
 0.66544107747727E-02
 0.53880355612988E-02
 0.75001294841832E-02
 0.79466567462149E-02
 0.72626510108388E-02
 0.88813726846302E-02
 0.93658057263947E-02
 0.98581466149446E-02
 0.10663179454739E-01
 0.10851224417885E-01
 0.12962188076363E-01
 0.11755424550163E-01
 0.12453567096240E-01
 0.12866719474676E-01
 0.14204486422171E-01
 0.13604150909042E-01
 0.13646259258736E-01
 0.12671698391278E-01
 0.13752918076488E-01
 0.13605680555505E-01
 0.12316815358988E-01
 0.14333299553127E-01
 0.13648357769540E-01
 0.11739949133345E-01
 0.98255338813322E-02
 0.84120585224771E-02
 0.69725123649975E-02
 0.12385579306087E-01
 0.46619456368910E-02
-0.61196898754882E-02
-0.64926989377271E-04
-0.15600743352879E-02
 0.22811169053746E-03
-0.38754983366442E-02
-0.85285710469082E-02
 0.12262370008134E-03
 0.36271456962885E-01
-0.14675604747238E-01
-0.66573155282379E-01
-0.84848668377188E-02
-0.14641869072954E-01
-0.40194122904723E-02
-0.12961645528771E-01
 0.33692478489309E-02
 0.21714016064141E-01
-0.11819498446935E-02
 0.23787388431964E-02
 0.13658516345959E-03
 0.78810284478574E-02
 0.13382955588955E-02
 0.18890659241439E-02
 0.23505369041166E-02
 0.26099285387524E-02
 0.30750703230640E-02
 0.54329489048812E-02
 0.28217901239936E-02
 0.31180988752148E-02
 0.17799681997319E-02
-0.19670516800779E-02
 0.38344014335465E-02
 0.80298262449698E-02
 0.19575912260908E-02
 0.10518597005200E-02
 0.75815086059904E-02
 0.44028916471487E-02
 0.27231457490969E-02
 0.36964961918864E-02
-0.38257075839335E-03
-0.16459987085638E-01
 0.20857265934502E-02
-0.55132335680274E-02
-0.82588333203496E-02
-0.33287991636708E-02
 0.66963075850359E-02
 0.12499333414029E-02
-0.78451181878787E-02
-0.48707970758623E-02
 0.58707278968466E-02
-0.63528061178232E-02
-0.10940847177400E-01
-0.17382608286106E-01
-0.52378288339485E-02
-0.80101427978522E-02
-0.59528226587324E-02
-0.83402053683231E-02
-0.51917074509980E-03
-0.33156986160371E-02
-0.62212357195262E-02
-0.20008346979386E-01
-0.17463814054680E-01
-0.10414688956945E-01
-0.55336467067297E-02
-0.58935431177428E-02
-0.13831305526262E-01
 0.19634491600170E-02
-0.88727205464020E-02
-0.10147667880421E-01
-0.35776997236071E-02
-0.59039765323973E-02
-0.18397215769626E-01
-0.25770253260818E-01
-0.19172854106485E-01
-0.21916739784732E-01
-0.53436248063787E-02
-0.12416149886067E-01
-0.22078948145812E-01
-0.13881594110251E-01
-0.74870267537516E-02
-0.21985730504958E-01
-0.29846922621276E-02
-0.69262291152368E-02
-0.62233663728760E-02
-0.11351236404825E-02
-0.59926008537023E-02
-0.10893565550697E-01
-0.10625223899933E-01
-0.12495566713884E-01
-0.55012742473838E-02
 0.70492246727041E-02
-0.90193691120429E-04
-0.96035654814722E-02
-0.13031275795618E-02
-0.78981425517633E-02
 0.22812095365538E-02
-0.53210847778757E-02
-0.10211727053957E-01
 0.33556793587506E-02
 0.76473960930770E-02
 0.73695698835344E-02
-0.43601230074814E-02
-0.31371233314444E-01
-0.12177456228157E-01
 0.31906743968524E-01
 0.94437046783722E-02
 0.28223197380821E-01
-0.36746636236073E-01
 0.34572872885047E-02
 0.93992099794107E-02
-0.41698107399594E-02
-0.25417875264399E-01
 0.83087330707434E-02
-0.70218213826841E-01
-0.38715549666156E-02
 0.26908014184706E-01
-0.31388335556135E-02
 0.22265750724145E-01
 0.21402235360234E-02
-0.37155062372686E-02
-0.91885497009595E-01
 0.23138552936110E-01
 0.80652992370352E-01
-0.77918203614920E-01
-0.23466561724759E-02
-0.55173009842128E-02
-0.47713607515227E-01
-0.24294273815925E-01
-0.26785523591237E-02
-0.25889367969552E-02
-0.54676074635197E-02
-0.60877328616896E-02
-0.24889447832917E-02
-0.46373766909540E-02
 0.30063054068680E-02
-0.65164864347960E-01
-0.24125946160074E-02
-0.23323749738693E-02
