 0.66627253031111E-07
 0.83284066288889E-08
 0.24676760382038E-08
 0.10410533159405E-08
 0.53473933290970E-09
 0.94312287973312E-10
 0.23832488980142E-09
 0.20509620172133E-09
 0.12362693332813E-09
 0.12313924017896E-09
 0.73462106894838E-10
 0.27670822473969E-10
 0.37745421520019E-10
 0.64285093703648E-10
 0.23927748155841E-10
 0.20708911848134E-10
 0.16743352203874E-10
 0.18892282812498E-10
 0.15865882243394E-10
-0.75330027848079E-13
 0.15820443239727E-10
 0.13959947233876E-10
 0.40357153389538E-11
 0.98239582482144E-11
 0.67612580128730E-11
 0.46005792789735E-11
 0.71712124885243E-11
 0.48182197970575E-11
 0.54284700288818E-11
 0.36391912211450E-11
 0.18402279282790E-11
 0.23879755813952E-11
 0.28562838534725E-11
 0.19525751441581E-11
 0.16285230879931E-11
 0.12622430988645E-11
 0.13235377954390E-11
 0.20969416030119E-11
 0.35928373466720E-12
 0.18486791822264E-11
 0.19694638604164E-11
 0.28202316889836E-12
 0.77992171577448E-12
 0.49924911256136E-12
 0.93623828980739E-12
 0.10529789712191E-11
 0.71770239410592E-12
 0.65650093132668E-12
 0.88562465901653E-12
 0.68208370061258E-12
 0.99125493717264E-12
 0.82666372407498E-12
 0.91377999460855E-12
 0.49382015100743E-12
 0.42280096058227E-12
 0.81153798672124E-12
 0.14680164439863E-12
 0.59639413527878E-12
 0.29900875185529E-12
 0.27944317358061E-12
 0.60451631847165E-12
 0.27091651759145E-12
 0.44201961938638E-12
 0.39571975159677E-12
 0.11851142116989E-12
 0.29173781746337E-12
 0.61357676084937E-12
 0.23100507985361E-12
 0.23593505652959E-12
 0.29353560304655E-12
 0.36904855993821E-12
 0.25468165474024E-12
 0.18688564021842E-12
 0.22021704398021E-12
 0.11853311752900E-12
 0.22371414875527E-12
 0.19912673978624E-12
 0.30124892913005E-12
 0.12085315950395E-12
 0.27546552831466E-12
 0.11160550018382E-12
 0.14178089977647E-12
 0.89720371274266E-13
 0.83635200302670E-13
 0.32784343562034E-13
 0.16117206588418E-12
 0.11751516631498E-12
 0.60721507816560E-13
 0.15731594557816E-12
 0.10247137125941E-12
 0.16297719507720E-12
 0.12187416614411E-12
 0.26030339516893E-13
 0.93617551796500E-13
 0.91124523564217E-13
 0.29524969624273E-13
 0.14346583978807E-12
 0.10734736169043E-12
 0.99990660913553E-13
 0.11724498756431E-12
 0.10381778319938E-12
 0.13806957634687E-12
 0.43035932349474E-13
 0.56055496439301E-13
 0.73566759029955E-13
 0.10143849143481E-12
 0.97581570681337E-13
 0.80657410586022E-13
 0.81005419251217E-13
 0.38784295832077E-13
 0.57184306333547E-13
 0.79341921800520E-13
 0.10649723896789E-12
 0.33678231074875E-13
 0.91981485621838E-13
 0.47793984969115E-13
 0.35558491428727E-13
 0.23044778537380E-13
 0.39894596465242E-13
 0.62175744367959E-13
 0.60092987971719E-13
 0.76448098393540E-13
 0.54622931160011E-13
 0.65658436776146E-13
 0.31925415378971E-13
 0.34999999954281E-13
 0.63175960593759E-13
 0.17214789141739E-13
 0.23704941183737E-13
 0.57947281856393E-13
 0.17685317923350E-13
 0.32006796997239E-13
 0.10745710226295E-13
 0.34807077496553E-13
 0.28316351257251E-13
 0.69016247506019E-14
 0.33267092518776E-13
 0.28610496813304E-13
 0.33019878779921E-13
 0.36739014818574E-13
 0.49457677345369E-13
 0.42321755938611E-13
 0.53341409656392E-13
 0.32701861745572E-13
 0.23833805244121E-13
 0.23594116081508E-13
 0.44126003198795E-13
 0.20601959648986E-13
 0.28163737388757E-13
 0.13847703730105E-13
 0.29630525003704E-13
 0.92140170914550E-14
 0.17949218499700E-13
 0.25703358154283E-13
 0.25466283056174E-13
 0.13466312004041E-13
 0.45850881017496E-14
 0.18714524075246E-13
 0.27563452329219E-13
 0.11595522765744E-13
 0.18695876331121E-13
 0.17111882186677E-13
 0.22219500977918E-13
 0.16725640114053E-13
 0.23124169391908E-13
 0.14368715236838E-13
 0.34736935353464E-13
 0.30101739793315E-13
 0.24798953553601E-13
 0.16492094692773E-13
 0.28610623008063E-13
 0.15199884972407E-13
 0.20319421918858E-13
 0.20220596127380E-13
 0.18593039260072E-13
 0.15470406733697E-13
 0.20718334037409E-13
 0.11683253182803E-13
 0.22046210953970E-13
 0.87838105168190E-14
 0.15224229723591E-13
 0.10902506528935E-13
 0.10931694079047E-13
 0.16777522071511E-13
 0.19921412636052E-13
 0.94598482710310E-14
 0.73680026217761E-14
 0.83954122527128E-14
 0.66541798970925E-14
 0.78022855681783E-14
 0.12689420405052E-13
 0.75501771966309E-14
 0.78027401933954E-14
 0.84768057593153E-14
 0.53516661482071E-14
 0.72107492764774E-14
 0.77942514725997E-14
 0.63116779813873E-14
 0.61482234331438E-14
 0.45660281153427E-14
 0.33563968975402E-14
 0.22793955955688E-14
 0.38648727830706E-16
 0.19022004103894E-14
 0.32157243157909E-14
 0.48169650895499E-14
 0.23947746556471E-14
 0.50959524889784E-14
 0.16483168706328E-14
 0.39874170258783E-14
 0.36683046663546E-14
 0.48983964223315E-14
 0.13508067747683E-14
 0.95628986140069E-14
 0.55595310337236E-14
 0.64896045253988E-14
 0.64762038463507E-14
 0.59085471871281E-14
 0.78983603949539E-14
 0.52923090197206E-15
 0.44758760120776E-14
 0.13701841647691E-14
 0.47988764049021E-14
 0.53745989217083E-14
 0.31231461691532E-14
 0.36907288549752E-14
 0.54408029030069E-14
 0.32933128237864E-14
 0.36771787143243E-14
 0.16508867849738E-14
 0.38594115295799E-14
 0.30561582845549E-14
 0.23323527988374E-14
 0.14366224303571E-14
 0.10648944041646E-14
 0.84778993839760E-15
 0.22167942344923E-14
 0.90871614042282E-15
 0.28782458181864E-14
 0.22668103636226E-14
 0.23658245742024E-14
 0.78834229993115E-15
 0.10857379723236E-14
 0.13484648465977E-14
 0.14779037767343E-14
 0.12600075539736E-14
 0.50261929657306E-15
 0.23280284604733E-15
 0.43403907712824E-15
 0.85125522239347E-16
 0.50686603693890E-15
 0.12302374410494E-15
 0.53715098636492E-15
 0.12190478769542E-15
 0.52499407466691E-15
 0.85442150844945E-16
 0.72444771961829E-16
 0.35612274047941E-17
-0.95232442612478E-16
-0.11151420997448E-15
-0.28185468447901E-15
-0.36857237137653E-15
-0.17251435588320E-15
-0.54132261336955E-15
-0.71854067589241E-15
-0.12302145840189E-14
-0.80375041029703E-15
-0.98900976947460E-15
-0.12365671367951E-14
-0.95082727730829E-15
-0.86591137873106E-15
-0.67033082492308E-15
-0.17349041230740E-14
-0.73812452343753E-15
-0.43775424437783E-15
-0.18598011418282E-15
-0.14856479333312E-14
-0.33650790325873E-15
-0.19130572586892E-14
-0.21395796282271E-14
-0.25792685681674E-14
-0.26654650529388E-14
-0.26931549732242E-14
-0.19582924648169E-14
-0.18185165032286E-14
-0.26311456202209E-14
-0.22514744492036E-14
-0.13521982995594E-14
-0.20572044040608E-14
-0.12705688494015E-14
-0.97234576938180E-15
-0.13851270375482E-14
-0.16781748542050E-14
-0.38577878916497E-14
-0.21184336399576E-14
-0.36112007889060E-14
-0.40342479345683E-14
-0.11611651521753E-14
-0.29232517552408E-14
-0.28094499975939E-14
