-0.93864423502442E-11
-0.37545769400977E-10
-0.84477981152598E-10
-0.15018336726565E-09
-0.23527279844145E-09
-0.36827816282464E-09
-0.50167359825060E-09
-0.24277974753198E-09
-0.42114202946205E-09
-0.77944253939728E-09
-0.10943337473630E-08
-0.13196905219150E-08
-0.14609744319482E-08
-0.14507032705585E-08
-0.15811385151422E-08
-0.84844670804993E-09
 0.93829770157268E-09
 0.45373264408164E-08
 0.14320333363470E-07
 0.31481771949748E-07
 0.63641028813509E-07
 0.11542692388688E-06
 0.19886986604783E-06
 0.31955508854684E-06
 0.49897642825637E-06
 0.74987664317370E-06
 0.10949098128863E-05
 0.15505677534106E-05
 0.21453702414460E-05
 0.29078489829100E-05
 0.38599107458050E-05
 0.50359503128377E-05
 0.64582239224564E-05
 0.81665195544632E-05
 0.10192299545442E-04
 0.12563825406641E-04
 0.15310184093592E-04
 0.18457593476784E-04
 0.22036521309635E-04
 0.26074257860795E-04
 0.30589976710101E-04
 0.35609183854145E-04
 0.41146863715346E-04
 0.47223913922535E-04
 0.53850587293687E-04
 0.61042589033361E-04
 0.68806554680996E-04
 0.77147561508080E-04
 0.86091285802451E-04
 0.95621481800326E-04
 0.10575100161641E-03
 0.11647255404516E-03
 0.12816867337340E-03
 0.13972841928771E-03
 0.15225610869287E-03
 0.16539390372882E-03
 0.17911645171199E-03
 0.19344885377207E-03
 0.20838843562051E-03
 0.22391333537612E-03
 0.24003887283248E-03
 0.25684042110302E-03
 0.27412601343118E-03
 0.29206702773051E-03
 0.31063663528679E-03
 0.32980989494424E-03
 0.34961588785943E-03
 0.36997302866347E-03
 0.39113642695352E-03
 0.41281850395284E-03
 0.43524938102517E-03
 0.45831952882557E-03
 0.48208766646533E-03
 0.51491652466440E-03
 0.53174314960826E-03
 0.55766946669077E-03
 0.58441006909322E-03
 0.61189845951630E-03
 0.64021815321404E-03
 0.66938718645336E-03
 0.69939924218047E-03
 0.73030395361086E-03
 0.76216250542728E-03
 0.78248558804305E-03
 0.82877762071221E-03
 0.86339604525863E-03
 0.89956625995808E-03
 0.93629294000748E-03
 0.97472786814295E-03
 0.10137639792973E-02
 0.10548131313646E-02
-0.51251287377751E-02
 0.24769860988911E-02
 0.95176490529161E-02
 0.96355125210499E-03
 0.50532270305948E-02
-0.45761993207948E-03
 0.26017734199422E-02
 0.14264300202824E-02
 0.12117248734329E-02
-0.19855238207101E-03
 0.14725642626731E-01
 0.46540715591394E-02
 0.31074663686957E-02
 0.10263317448673E-01
 0.18495489069325E-02
 0.19199859718304E-02
 0.19904368695506E-02
 0.20367911929315E-02
 0.21329907713640E-02
 0.51125279582608E-02
 0.30920405411701E-02
 0.17698750634293E-02
 0.31983450891107E-02
 0.25625303550771E-02
 0.26295357654522E-02
 0.10537542633426E-01
 0.20271600889729E-02
 0.22889096775314E-01
 0.28965603895621E-02
 0.23707795925151E-01
 0.32006288447133E-02
-0.59331847736632E-02
 0.34166742616370E-02
 0.33658715122902E-02
 0.38468500961331E-02
 0.37386696728963E-02
 0.38473334811290E-02
 0.36462880046842E-02
 0.40700736455823E-02
 0.31322541017307E-01
 0.48557373506019E-01
-0.10209960720108E-01
 0.73769619440181E-01
 0.26704612709895E-01
-0.94662023537045E-03
-0.44932853977766E-04
-0.33602247296037E-03
 0.56613754635642E-02
 0.25661484188397E-02
-0.17082284242951E-01
 0.24607722662990E-01
 0.52528464570693E-02
 0.15977176677872E-01
-0.26134575739720E-01
 0.15100700736236E-01
 0.53330969327681E-02
 0.52201087578070E-02
 0.52906117182642E-02
-0.25046311706950E-01
-0.27801543569506E-01
 0.50782142693515E-02
 0.45977380917541E-02
 0.48717396376398E-02
 0.47529517387655E-02
 0.10809985828324E-02
-0.17906566118069E-02
 0.43367508572687E-02
 0.81487593634714E-02
 0.43845289530284E-02
 0.45784914689661E-02
 0.25407867652650E-03
-0.37300896005668E-03
 0.26507402670344E-02
 0.21917577319256E-02
 0.67593965843764E-02
 0.13508594406663E-02
 0.30911506753631E-02
 0.44605534312225E-02
 0.60720244576853E-03
-0.12974931905999E-02
-0.12883207508320E-02
 0.31323574472429E-02
-0.30928838047111E-02
-0.11731344356508E-02
 0.23975185728295E-03
 0.32332211427595E-02
-0.20070548651785E-02
-0.47866835158052E-02
-0.33447524378967E-02
-0.53817010508353E-03
-0.29430707797206E-02
-0.29661151828516E-02
-0.12318816477780E-01
-0.75771076693563E-02
-0.34968373854264E-02
-0.24351078787746E-02
-0.49795020648044E-02
-0.18826353395718E-02
-0.34988304228869E-02
-0.21201709696339E-02
-0.13294998655993E-01
-0.35087390383267E-02
-0.15929065956393E-01
-0.36045716816200E-02
-0.12657444400970E-01
 0.25062991174525E-01
-0.32854745831007E-02
-0.33211973912732E-02
 0.30479290465728E-02
-0.34070732817572E-02
-0.71452811217365E-02
-0.13695954538646E-01
-0.59323014755539E-03
-0.19747475644272E-01
-0.13174632514533E-02
 0.34351407303566E-02
-0.24429504915354E-02
-0.28887377952668E-02
 0.84217309306812E-05
-0.25617369313012E-02
-0.26367429460832E-02
 0.12774633653067E-02
-0.11351055249752E-01
-0.21411913011513E-02
 0.36463194464790E-02
-0.20541836649071E-02
-0.38581680006420E-02
-0.94557070786379E-03
-0.20708310248965E-02
-0.10639554643442E-02
-0.37330539480065E-02
-0.19953335586310E-02
 0.26368192238921E-02
-0.52420421637502E-02
-0.65408832330463E-04
-0.13463683314312E-01
-0.16990437355728E-01
 0.12404649994196E-01
 0.27329817210785E-03
-0.78276721896921E-03
-0.16104985636292E-02
-0.33878960679788E-03
-0.14978283281592E-02
-0.46706694443589E-02
-0.26407614467893E-01
-0.11432297028993E-02
-0.13035048944972E-02
-0.14811278809618E-02
 0.15061103319940E-01
-0.20985115718575E-01
-0.10579556650098E-02
 0.52666115189055E-03
-0.65847431491116E-01
 0.21590885899159E-01
-0.36646264036969E-02
-0.95174964480838E-03
-0.14025394999411E-02
-0.93221372022944E-03
 0.75245103153522E-02
 0.11491993291108E-01
-0.90222075717419E-03
-0.88580611757744E-03
-0.88764545539640E-03
 0.63807695903713E-03
-0.83364754541271E-03
 0.15860842117747E-01
 0.10254816542594E-02
-0.77749866699195E-03
-0.45253585651008E-01
 0.90064585489781E-01
-0.17478166507378E-02
-0.17173022734774E-01
-0.65051496669593E-03
 0.10362431164507E+00
 0.22000664790117E-02
 0.11021763059992E-02
-0.65899954386927E-03
-0.18639417797730E-02
-0.44526993240937E-03
 0.27090871739611E-02
-0.61298022833685E-03
-0.56845085136343E-03
-0.66926728186889E-03
 0.16029318975746E-02
-0.46049936831303E-03
-0.12755010624414E-02
-0.60413133823155E-03
-0.51014408504473E-03
-0.52372660606015E-03
-0.19164003936598E-02
-0.54199998967677E-04
-0.51092096310118E-03
-0.63373467799839E-03
-0.46910023789971E-03
-0.57585720568574E-02
 0.10421419192833E-03
-0.45755690394781E-03
-0.57823391728580E+00
-0.59625283645306E-03
-0.41888351333306E-03
-0.42731391752892E-03
 0.46290233807691E-02
-0.39639020099230E+00
 0.56203813857432E-03
-0.52037153009360E-03
-0.38895568114000E-03
-0.38607578660860E-03
-0.38275860535880E-03
-0.37878506564139E-03
