-0.23255411696658E-11
-0.18604329357326E-10
-0.62789611581340E-10
-0.14883498550630E-09
-0.29161831688767E-09
-0.45601977683964E-09
-0.84723123843476E-09
-0.13834746632815E-08
-0.18508159050923E-08
-0.30888102670674E-08
-0.42640170615162E-08
-0.49190430023038E-08
-0.57327099299353E-08
-0.84240175456335E-08
-0.94541522649651E-08
-0.10609129814881E-07
-0.12562533877449E-07
-0.14664022932263E-07
-0.19325098036877E-07
-0.15887856606721E-07
-0.26331337480720E-07
-0.31632875614094E-07
-0.36066071571465E-07
-0.49569420705043E-07
-0.40070714585123E-07
-0.42772670856796E-07
-0.68186610749596E-07
-0.61849071611550E-07
-0.76908769131296E-07
-0.82095679349473E-07
-0.69539728009572E-07
-0.77381704010782E-07
-0.10996283329434E-06
-0.86174417058354E-07
-0.90002964563253E-07
-0.13472831162993E-06
-0.14627245539566E-06
-0.17323814943520E-06
-0.11925852573722E-06
-0.23641237219730E-06
-0.25389426649339E-06
-0.19777589405836E-06
-0.21657577822079E-06
-0.17055119970644E-06
-0.17070454395743E-06
-0.24834429447658E-06
-0.27573865384551E-06
-0.29538312862270E-06
-0.28599705090229E-06
-0.31167698211993E-06
-0.45648137146702E-06
-0.34143056429566E-06
-0.52490278170856E-06
-0.40539939793061E-06
-0.39015421119920E-06
-0.57394141308581E-06
-0.40501664687717E-06
-0.52088891559232E-06
-0.52396190477257E-06
-0.55618485458193E-06
-0.66333586738193E-06
-0.58924007781928E-06
-0.67571870969173E-06
-0.76714515099482E-06
-0.50396735192493E-06
-0.86609163408646E-06
-0.10472051620237E-05
-0.75491414067901E-06
-0.10077726077366E-05
-0.11176552562000E-05
-0.10574837538311E-05
-0.11211704190634E-05
-0.92654229523212E-06
-0.96085540264675E-06
-0.10424319289104E-05
-0.13110809377583E-05
-0.11139837263253E-05
-0.17434200670086E-05
-0.10584860985984E-05
-0.18349814082381E-05
-0.13241990660035E-05
-0.13444639983669E-05
-0.13595652349005E-05
-0.17107168608976E-05
-0.12140505596905E-05
-0.16541633396891E-05
-0.16032396706335E-05
-0.14107508442912E-05
-0.16066812641501E-05
-0.18991950043032E-05
-0.18516137411338E-05
-0.19695773831943E-05
-0.18654626149556E-05
-0.25501148413137E-05
-0.20740761204548E-05
-0.23736477860720E-05
-0.31184623661262E-05
-0.28568299281834E-05
-0.26976419261945E-05
-0.25994475687738E-05
-0.31412977266764E-05
-0.33527085021596E-05
-0.25020563715241E-05
-0.28563268694715E-05
-0.27263813588648E-05
-0.37192405777654E-05
-0.32571529196313E-05
-0.36746113036152E-05
-0.30901941272103E-05
-0.33086101660028E-05
-0.40406246976691E-05
-0.38487290032082E-05
-0.46264946889867E-05
-0.34114268093529E-05
-0.48085642118984E-05
-0.37028792678535E-05
-0.40181420601074E-05
-0.31482930094588E-05
-0.53277100637229E-05
-0.40328262949620E-05
-0.46413473135356E-05
-0.56411486342790E-05
-0.44393466360112E-05
-0.50663129875119E-05
-0.48090382280819E-05
-0.60865713859506E-05
-0.51088638082834E-05
-0.47330397447078E-05
-0.55675353082317E-05
-0.59267492763824E-05
-0.59681383129857E-05
-0.54098853290602E-05
-0.53179192689110E-05
-0.56521910377142E-05
-0.62302073454870E-05
-0.46809603127087E-05
-0.47233967775438E-05
-0.77199214906139E-05
-0.73263188535245E-05
-0.76694375489974E-05
-0.77505264704165E-05
-0.79021677094166E-05
-0.77637631743778E-05
-0.72903194644214E-05
-0.86617145429449E-05
-0.75317979241698E-05
-0.95428138438926E-05
-0.73282891533270E-05
-0.10204543046423E-04
-0.90431259951024E-05
-0.71249487810844E-05
-0.91885039101610E-05
-0.10737783795373E-04
-0.10293097706623E-04
-0.11254491285728E-04
-0.70256021988067E-05
-0.86415241834365E-05
-0.10850376624930E-04
-0.11680266647163E-04
-0.79377727279648E-05
-0.86252871930011E-05
-0.12311368355957E-04
-0.11979361548047E-04
-0.10804771729625E-04
-0.98284013693992E-05
-0.10049748438684E-04
-0.15571222816384E-04
-0.13305141266034E-04
-0.13287910815026E-04
-0.11440718097574E-04
-0.14038962643395E-04
-0.10437949761336E-04
-0.14177602643111E-04
-0.14368001019210E-04
-0.13739736645093E-04
-0.13121682630153E-04
-0.10952066212544E-04
-0.13218713616658E-04
-0.16252870616237E-04
-0.10903052374516E-04
-0.12848073646136E-04
-0.11146343201512E-04
-0.13407902221017E-04
-0.16625289863757E-04
-0.11131265255355E-04
-0.13133354481791E-04
-0.13996855600901E-04
-0.11894937271694E-04
-0.13137187753411E-04
-0.14351790795846E-04
-0.13734282804519E-04
-0.10890427311878E-04
-0.14473018452208E-04
-0.15780241040503E-04
-0.13469503812178E-04
-0.15174749136915E-04
-0.15396000672076E-04
-0.15272838902564E-04
-0.13070712995403E-04
-0.15108230290284E-04
-0.10323850511967E-04
-0.12361102894085E-04
-0.11420212446965E-04
-0.14512189827108E-04
-0.14548510720313E-04
-0.14834163214833E-04
-0.13169302814797E-04
-0.13235042618065E-04
-0.14232522192598E-04
-0.14602583313633E-04
-0.14104590865311E-04
-0.14429160863642E-04
-0.12387670975829E-04
-0.21113680111391E-04
-0.14280261704788E-04
-0.15344054662221E-04
-0.15401907115378E-04
-0.15487911086686E-04
-0.18987412401035E-04
-0.10968763790018E-04
-0.14158507754463E-04
-0.97844419845861E-05
-0.12750660698159E-04
-0.13365063996116E-04
-0.10929673444818E-04
-0.12755868309208E-04
-0.17229478659726E-04
-0.14875985996354E-04
-0.13477865032266E-04
-0.11574788314769E-04
-0.13463579256256E-04
-0.13248599555389E-04
-0.12527304976391E-04
-0.12910153828022E-04
-0.11842507553072E-04
-0.98803821030804E-05
-0.12897330461101E-04
-0.97033981168908E-05
-0.11942737662181E-04
-0.10984988307568E-04
-0.12517691080910E-04
-0.87882816982415E-05
-0.81504931237082E-05
-0.74973241194088E-05
-0.69741394433601E-05
-0.71542137645859E-05
-0.67799446663512E-05
-0.64052565090914E-05
-0.56254120754748E-05
-0.37736006860728E-05
-0.41990987506948E-05
-0.29795020092093E-05
-0.37369193365731E-05
-0.32569767054502E-05
-0.28978039320189E-05
-0.13449875418741E-05
-0.86691207154226E-06
-0.94612876061963E-07
 0.63570228887480E-06
 0.14760766745133E-05
 0.25837279122647E-05
 0.29858112412021E-05
 0.32824995165428E-05
 0.55836083409288E-05
 0.67523932749134E-05
 0.61911313457927E-05
 0.82771139624470E-05
 0.92985529033631E-05
 0.94551603002525E-05
 0.11672603854553E-04
 0.10500782825830E-04
 0.12760244285376E-04
 0.19237942421983E-04
 0.12945981189045E-04
 0.13325683444856E-04
 0.15687963192486E-04
 0.20541039886020E-04
 0.16401371836909E-04
 0.25044308236266E-04
 0.28812099565224E-04
 0.32899720097883E-04
 0.27752165292461E-04
 0.31383069564944E-04
 0.28780022303828E-04
 0.30211795995771E-04
 0.34278763850111E-04
 0.37838951606594E-04
 0.38637225108712E-04
 0.42357597891656E-04
 0.35603276410781E-04
 0.32463108034602E-04
 0.42363864287964E-04
 0.47570765613266E-04
 0.52051519575309E-04
 0.54246555415870E-04
 0.61217048466074E-04
 0.57111253214102E-04
 0.53172285629678E-04
 0.67480499056840E-04
 0.61421163041424E-04
