   6.46114195192883683103959025756561341      
   6.46114195192883683103959025756561341      
   6.46114195192883683103959027534974142      
   6.46114195192883683103816593986705200      
   6.46114195192883682796111157900414035      
   6.46114195192883623041393813388803480      
   6.46114195192880853326323197442922160      
   6.46114195192830078034716201761937256      
   6.46114195192336073851450567116565157      
   6.46114195189269800826419604699276946      
   6.46114195175571940388633442008391617      
   6.46114195127780721775123778941731935      
   6.46114194989907332196049569340226733      
   6.46114194647276521097050048096231860      
   6.46114193891400833298492313168609980      
   6.46114192377259765435709687206164468      
   6.46114189575100863626414651704589065      
   6.46114184718967414496715255526959416      
   6.46114176752548436596038363574433204      
   6.46114164278087716648137641004419402      
   6.46114145503186166228016764437883769      
   6.46114118184295160555895098978477398      
   6.46114079572976499343217494855569443      
   6.46114026358810801569743310668174595      
   6.46113954608531223648733606797057665      
   6.46113859699717366931814965416521642      
   6.46113736246997994596432520252458080      
   6.46113578018456932473214749900007984      
   6.46113377839788329292611375598642151      
   6.46113127483763186653472481730977286      
   6.46112817542784913473307324927851488      
   6.46112437282731667897813921765373259      
   6.46111974473787386701985112082502888      
   6.46111415212364916427878088653050824      
   6.46110743706919878321915516275144079      
   6.46109942053763971316646745730746095      
   6.46108989994567962036271629585682668      
   6.46107864657458752386611541715343723      
   6.46106540286144699690630166674383257      
   6.46104987959244810669837452607011101      
   6.46103175302850125284127683476865372      
   6.46101066194339440956790218130503451      
   6.46098620480970728705435786283263575      
   6.46095793687825566547316017422347559      
   6.46092536720184201103448534789766644      
   6.46088795587736947769232031982886278      
   6.46084511130408027721792593867049677      
   6.46079618751832355081932704251513275      
   6.46074048163567304201575766629015578      
   6.46067723137478320479793007924906699      
   6.46060561269917260227640988765841477      
   6.46052473753946319164594195351841689      
   6.46043365169426673263068404637117232      
   6.46033133284918931109568026333957081      
   6.46021668852561826413634518140296983      
   6.46008855442162384217543158925036557      
   6.45994569263575716305319437656519120      
   6.45978679013300927871108573736525352      
   6.45961045727457041998695656751019355      
   6.45941522648356117461830460031795780      
   6.45919955099674611216696772711920637      
   6.45896180377447427705511400099043373      
   6.45870027644731631234631811692144876      
   6.45841317851587930856564573636314171      
   6.45809863644357025644434538897132174      
   6.45775469304957221828416763384281957      
   6.45737930692659265150282950322959405      
   6.45697035197597450888466971190826652      
   6.45652561704458558318581258424525142      
   6.45604280567911421770400017124989088      
   6.45551953599472059698631208793249588      
   6.45495334056096709087914841733529931      
   6.45434166657332058002816587227976103      
   6.45368187581603628167484826850966893      
   6.45297124495573646045612768432622123      
   6.45220696583810599569132671152584568      
   6.45138614589626556604485452188751985      
   6.45050580855116958382326083441534217      
   6.44956289378181221018050891940681441      
   6.44855425863790212809605687518572636      
   6.44747667803864503989220796280188129      
   6.44632684532518103368867055816883460      
   6.44510137317455950785371987700217115      
   6.44379679434295115022929322602013176      
   6.44240956246706480582257146710711949      
   6.44093605296798985981439131746586746      
   6.43937256409067912662339955799273388      
   6.43771531780908150841188677627624023      
   6.43596046069757159368020799354276113      
   6.43410406522954685043976097930640239      
   6.43214213044087602030082498705873671      
   6.43007058339006669074503423473204664      
   6.42788527978381411180443308298799527      
   6.42558200543991623018232778574504015      
   6.42315647709943408047683651405146278      
   6.42060434385689755063804234702915030      
   6.41792118779845426137189600782610694      
   6.41510252532300040419690075261419012      
   6.41214380846195219384479322352187689      
   6.40904042567955308773303061935338731      
   6.40578770292240216922056038699039266      
   6.40238090494208309402913909744981517      
   6.39881523637960044128166258469759323      
   6.39508584264473593101789354596123739      
   6.39118781085786806993041527597073489      
   6.38711617147761089537829515423282457      
   6.38286589839436676521682172933636001      
   6.37843191191816143960055010903713957      
   6.37380907735810108287067478758910014      
   6.36899220751959510194835541857240124      
   6.36397606340692362583145782356486059      
   6.35875535500174577809958348320002371      
   6.35332474298453331829140842119110676      
   6.34767883873771998310075117443212316      
   6.34181220623868319735874134659221995      
   6.33571936252504879141668651994588591      
   6.32939477877938194174824907051614307      
   6.32283288146213215756618469630715011      
   6.31602805316210309382466070650520079      
   6.30897463361691603829752160151787325      
   6.30166692065729837997453393753655804      
   6.29409917128870011483240452301683592      
   6.28626560260757184950967093581844702      
   6.27816039277774245717066105526509542      
   6.26977768267637483957970288399802087      
   6.26111157513795270292772845653794418      
   6.25215613774031889865396991997003126      
   6.24290540341358932088416382283192948      
   6.23335337209507406213565358679208934      
   6.22349401050994938538101746353189093      
   6.21332125241589019269584715746787871      
   6.20282900294318131117176181753153895      
   6.19201113945944808549034708464530772      
   6.18086150724114016968787154363626092      
   6.16937392816264650315239056985166086      
   6.15754219651439748299504806749296021      
   6.14536008515965623506405602179164277      
   6.13282134174609780013805588898670029      
   6.11991969329375109147898173579121243      
   6.10664884678597516165265507772879377      
   6.09300248969957871016105166615346725      
   6.07897429589523858915585687434551393      
   6.06455791976262445276781053485208339      
   6.04974700645170886131549566027459143      
   6.03453518415186959893376954934946091      
   6.01891607478409479057342140586116796      
   6.00288329201612244835638309922604517      
   5.98643044047742660020446986809995328      
   5.96955112312383642241191205313392628      
   5.95223893951701778003476731037332086      
   5.93448748815228316020814662536929987      
   5.91629036948171686110424592637896252      
   5.89764118787565162100490329467931528      
   5.87853355325409241406049791157764006      
   5.85896108326189738599222420541894843      
   5.83891740431572290409124447102520310      
   5.81839615664260953486365397969160522      
   5.79739099305987383309757585969407404      
   5.77589558155180502386320642498724284      
   5.75390360798608092473313472500991060      
   5.73140877695188116018442696968627559      
   5.70840481228336907931098365982660082      
   5.68488546076957332838952092705804587      
   5.66084449052873848257782397407192214      
   5.63627569314222258722717119066184171      
   5.61117288416667396194052600783774654      
   5.58552990260709839755360146067242989      
   5.55934061156728466624571638941083129      
   5.53259889747603164978012716922213287      
   5.50529866912178668707485468013064855      
   5.47743385667273532391792893005297712      
   5.44899841006627535417345071996470179      
   5.41998629810377261102747086355212990      
   5.39039150536996081372946439418627268      
   5.36020803030486278504104667281179560      
   5.32942988249503853828446824671281404      
   5.29805107932236407634316635532555285      
   5.26606564385337534747460675361422859      
   5.23346760056145965136903771208983919      
   5.20025097274783402248629546089416687      
   5.16640977805340239615385895469855326      
   5.13193802657759760346163121737365429      
   5.09682971572044291436045714539327158      
   5.06107882799406153182153057435937940      
   5.02467932596937906972127529602395124      
   4.98762515173539833520770666809964513      
   4.94991022091656632454281105051126591      
   4.91152842155330272020525718210166313      
   4.87247360993092326908231676441324498      
   4.83273960991090794217866952758563669      
   4.79232020816009693907065830914720660      
   4.75120915394926406326993967263128114      
   4.70940015609065362291500265958608405      
   4.66688688121708184680913983791407411      
   4.62366295274713785720004013223912803      
   4.57972194901879019260407388083984935      
   4.53505740236195455981293196197529595      
   4.48966279795085871169577103771144258      
   4.44353157305478467901283718243173776      
   4.39665711630837692026478839966183603      
   4.34903276713535067753005398034732170      
   4.30065181536942342897005075736417228      
   4.25150750102466520475655654192968951      
   4.20159301393391073036006571330805816      
   4.15090149357079729320727480664998735      
   4.09942602939455248542396281638523179      
   4.04715966074161904817594594847794181      
   3.99409537660711747206185360762604877      
   3.94022611632238661903105859767585696      
   3.88554476923027411461758341123582505      
   3.83004417547413039200553104238586049      
   3.77371712582394521183293506529812355      
   3.71655636207707455888728062231040784      
   3.65855457755085522927387450637374821      
   3.59970441726651051554440625811188076      
   3.53999847813622742077005786741806955      
   3.47942930957753622120595926997235209      
   3.41798941392024771141710085023694243      
   3.35567124626969193712256689819845352      
   3.29246721546031833433067338157640547      
   3.22836968392097891318295090592927373      
   3.16337096832896925443904657777301020      
   3.09746333983583106794900063563798032      
   3.03063902431366957926147704050166526      
   2.96289020271891845580788225965168095      
   2.89420901159260479984017650218364431      
   2.82458754308291561034958915249286051      
   2.75401784547997152247398510145598024      
   2.68249192314436344383307167885945329      
   2.61000173733894399637319277565271938      
   2.53653920597004660570588453576993378      
   2.46209620417547051320405494033470987      
   2.38666456431581808679944988328106584      
   2.31023607647483402620680669564494868      
   2.23280248851677265108923749798678480      
   2.15435550633803252509687576974222569      
   2.07488679404410923988696522060760111      
   1.99438797423760999603599822005982621      
   1.91285062820627590990297604369882690      
   1.83026629598969830065470198915450844      
   1.74662647671611554380882794616431341      
   1.66192262854557726897618512399113623      
   1.57614616912684895001825898569215436      
   1.48928847551441782950300917026864370      
   1.40134088446603961315548475990712622      
   1.31229469247973699440983179046811372      
   1.22214115595225315581040104470382260      
   1.13087149141649217623422167524639109      
   1.03847687541457505138728292671910292      
  0.944948444899639894416554089208369146      
  0.850277297256450430043067040795734711      
  0.754454490303276266675969341632532926      
  0.657471042566665931949131039196014911      
  0.559317933032387275793153547946712746      
  0.459986101843731243529423286698664242      
  0.359466449922374991481425224295965272      
  0.257749838997931028739109604613323328      
  0.154827092106652627073816931824463298      
   5.06889933086359310629422761614269963E-0002
  -5.46737121223150871663206830591362636E-0002
 -0.161270317476515225447408845818964203      
 -0.269110154733434043435430784918894323      
 -0.378202594651360012402287307013922604      
 -0.488557046131500309453123551194651270      
 -0.600182956734160373760898072847402222      
 -0.713089812437957460709237161024785209      
 -0.827287137362522014125704450080865491      
 -0.942784493964484664008590362664004635      
  -1.05959148293836721628805022841155846      
  -1.17771774324054315345745846751640944      
  -1.29717295174092781311165118349047164      
  -1.41796682360176164216693964587289338      
  -1.54010911172913847784393670776478361      
  -1.66360960727424567835733171028121299      
  -1.78847813922768022258116055600860827      
  -1.91472457435533535416574224314346782      
  -2.04235881748134221809837461494922014      
  -2.17139081137715913627507002677725996      
  -2.30183053614668918921373155031234631      
  -2.43368800995043766263539836393862556      
  -2.56697328865952175500720333528573033      
  -2.70169646578180947954644382431858951      
  -2.83786767260221788437482857471475611      
  -2.97549707782342874563689923478161398      
  -3.11459488785978154665901257945137356      
  -3.25517134673707242214524508418769431      
  -3.39723673594559740165338666611940082      
  -3.54080137452089830698470479124756461      
  -3.68587561897328592929708640788012089      
  -3.83246986349474370883062638800030826      
  -3.98059453927770455853225255038288697      
  -4.13026011527543155079614297582959467      
  -4.28147709770285607755299427319162432      
  -4.43425603021690474612324811155519605      
  -4.58860749376707081372922874330304463      
  -4.74454210662839460288613081999321851      
  -4.90207052447296123961653429412937403      
  -5.06120344033779557972509611688725141      
  -5.22195158407838929300038558798198278      
  -5.38432572328712297395566156518542158      
