   6.46114195192883683103959025756561341      
   6.46114195192883683103959025756561341      
   6.46114195192883683103959033541744104      
   6.46114195192883683103918674497387319      
   6.46114195192883682991724810003388309      
   6.46114195192883657196300572683872317      
   6.46114195192882306704062805353172535      
   6.46114195192855151620960305588488675      
   6.46114195192571060084993067238514223      
   6.46114195190701605865100274267760544      
   6.46114195181940145140832319919982403      
   6.46114195150125295504447912437106352      
   6.46114195055187932517994439619702935      
   6.46114194812334503980524760827389491      
   6.46114194262994620105300033138233141      
   6.46114193138217821993796317440657664      
   6.46114191016000891066167475108085905      
   6.46114187274294170271200327636238916      
   6.46114181041227892962967396640415954      
   6.46114171142927277599071953520798370      
   6.46114156051582614531936586074009171      
   6.46114133832259147042513738944211931      
   6.46114102085118292326750804395847283      
   6.46114057886195121116966845823521822      
   6.46113997724637898458687851966143507      
   6.46113917433791856932373651385351526      
   6.46113812114788430969058047092723158      
   6.46113676050600403969810029590740197      
   6.46113502608391752617450440900002841      
   6.46113284128003055948350195551244431      
   6.46113011794599936626335355229458508      
   6.46112675493877403844123951605037153      
   6.46112263648733796908819049877049388      
   6.46111763035299758550501910307872715      
   6.46111158585063974924393811557265323      
   6.46110433165874324120499497891423289      
   6.46109567343171589647016377078240377      
   6.46108539132676008154192993203756250      
   6.46107323738037320441330661043673674      
   6.46105893279887454030068152707154138      
   6.46104216518125114188231309313897787      
   6.46102258570154078548227632721067752      
   6.46099980627799992074996995928758110      
   6.46097339669520627028006385184644782      
   6.46094288191592148907429928237177538      
   6.46090773933081384626191324473379844      
   6.46086739595596347120430986295852684      
   6.46082122588556819161300893723986117      
   6.46076854776333682025653879715358146      
   6.46070862234024608332642581223273680      
   6.46064065014119676653691432706716342      
   6.46056376921667983978133613459076223      
   6.46047705300493341608143806292701354      
   6.46037950828516936381430247966647142      
   6.46027007324639912810037520076457168      
   6.46014761575843566839825012462556316      
   6.46001093154432589413129227052008745      
   6.45985874260579371753662347656177850      
   6.45968969571478010714528205892206196      
   6.45950236109308249352257680303399008      
   6.45929523106085322452325695716876375      
   6.45906671887891096303587530371021077      
   6.45881515769453290654953046364163175      
   6.45853879958674887197195434214355862      
   6.45823581472121156906843884328402587      
   6.45790429057474341753678882072900849      
   6.45754223143597649258955588436128956      
   6.45714755772203496818607175258437203      
   6.45671810562399317293672535649008628      
   6.45625162678627967121804943506803019      
   6.45574578808863035496815376380184273      
   6.45519817150711354337375420483626526      
   6.45460627414524643138169393990436939      
   6.45396750822979162072649107296912510      
   6.45327920131213005531554921262520120      
   6.45253859656472719221167218575397978      
   6.45174285301579221608955847129340671      
   6.45088904596792518333024184949607251      
   6.44997416747098083594387396331796958      
   6.44899512691924255814216204616036037      
   6.44794875159445161755802226423096909      
   6.44683178733235426900043817492207592      
   6.44564089928978554941592500127513055      
   6.44437267276975254202669500903214956      
   6.44302361385245108286956402270059673      
   6.44159015051968098176629192299451119      
   6.44006863335737650120797787752911209      
   6.43845533650929059696476818532936054      
   6.43674645870334153448343764557296657      
   6.43493812428946433915879328028105291      
   6.43302638404140257049810076995090221      
   6.43100721657885871194217912112039755      
   6.42887652892222640782049874034689034      
   6.42663015801510617168913810717234499      
   6.42426387147007799394288680180207765      
   6.42177336885999970140746653013753418      
   6.41915428270627508770450427367942581      
   6.41640217960160367823867160058144930      
   6.41351256122099054039701672872423691      
   6.41048086563048232571324651170752044      
   6.40730246809309749238529000295678121      
   6.40397268239364130817270106193972680      
   6.40048676166253612657891640970612615      
   6.39683990002538423342530661850007358      
   6.39302723273338906633809258962855780      
   6.38904383819781233324133878574580853      
   6.38488473839578950803188771020740033      
   6.38054490021078385712555300063382952      
   6.37601923629049685983055036689545646      
   6.37130260631255582015402995918171523      
   6.36638981788232869300010443996224591      
   6.36127562743324860297620834256192972      
   6.35595474151677894060603379709269287      
   6.35042181756202652747739190935384851      
   6.34467146488519691468181022017669832      
   6.33869824579068385428891986655822824      
   6.33249667659237570028038833254959789      
   6.32606122835235795562146735976215017      
   6.31938632814546494496862785574532650      
   6.31246635987017318433303783642620424      
   6.30529566524869788497917713113625300      
   6.29786854474776516609453960618967869      
   6.29017925869630650746960323137163599      
   6.28222202776900136997829663081983861      
   6.27399103560391765113608562604041791      
   6.26548042717165090785630932162670497      
   6.25668431219517308393112157916877889      
   6.24759676482745697703198856945864973      
   6.23821182536985599377025701185860424      
   6.22852349892339079865816124044094296      
   6.21852576116513202057856874900582176      
   6.20821255637097825108262562895606818      
   6.19757779839771536743234574453303916      
   6.18661537174034267872412294855998617      
   6.17531913340406550567950601373095918      
   6.16368291574938557367846611385889975      
   6.15170052517377869095868371439325817      
   6.13936574187564265510707409027943942      
   6.12667232652827053158885742069568616      
   6.11361401847446227005243084307428876      
   6.10018453541489769506546467070914887      
   6.08637757623688939400614342951295141      
   6.07218682884164856782743408007230514      
   6.05760595644667871044729322704086492      
   6.04262861634428563285087989608288412      
   6.02724845097097857007147440667197608      
   6.01145909128371469888098161330054170      
   5.99525415943658504545442483708185801      
   5.97862727443114838224004259674747221      
   5.96157204589761107808858547947460109      
   5.94408208253571125390737325033431116      
   5.92615099122890085001433837808062753      
   5.90777238024506736855746527515718240      
   5.88893985865552124522279594750779034      
   5.86964704165386656901870653040228209      
   5.84988755030373275948104336739353918      
   5.82965501395989023969987507772322041      
   5.80894307095376371867244312921088123      
   5.78774537397702247304058326372712428      
   5.76605558809924215792187202141435919      
   5.74386739345603451158404350709337203      
   5.72117448665896651002627069427947230      
   5.69797058418586355279639348181970714      
   5.67424941932978243365540580744205614      
   5.65000474791177512658973526715151108      
   5.62523034486983163571815405844586693      
   5.59992000795435205285122744157127020      
   5.57406755588928102967303314410019316      
   5.54766682904659893874317416049962686      
   5.52071168926826621458216927155806948      
   5.49319601950137459129652958367710599      
   5.46511372112035689174174159310621272      
   5.43645871464616843197307040123514326      
   5.40722493707253939358675234170193281      
   5.37740634043556085858672455489865748      
   5.34699688941446400978936210588760330      
   5.31599055887833141684340095558652652      
   5.28438133095358829077437354938869708      
   5.25216319311337398782762435868169610      
   5.21933013353358101307743700411479192      
   5.18587613980121030540110074120184256      
   5.15179519408695196884491683050441628      
   5.11708127089210525442483498945708691      
   5.08172833254270257668385996651773796      
   5.04573032742639440481384908388345503      
   5.00908118551887091402080397636044980      
   4.97177481573755761459347718432411072      
   4.93380510257511740319785139451444333      
   4.89516590348862993665027456467935765      
   4.85585104614875252359306855759596573      
   4.81585432566633603119123296746548902      
   4.77516950215123169883675164145865792      
   4.73379029879359309580575838465006172      
   4.69171039964902319830416124670188945      
   4.64892344785118752566907250059173128      
   4.60542304401436506410587000805191334      
   4.56120274498458882377593686164656106      
   4.51625606229394577020638237812578781      
   4.47057646126063199968012730720592185      
   4.42415736006878561290334038443051651      
   4.37699212909347459236236706457045016      
   4.32907409011687120958333262384586642      
   4.28039651597105526014936822585831852      
   4.23095263017300426467012571949824894      
   4.18073560664718174520197328346459176      
   4.12973856951570807397970845527690563      
   4.07795459309191125587945126304709037      
   4.02537670183799438089196490626628440      
   3.97199787050170670132436784867105575      
   3.91781102412611226565063721598311825      
   3.86280903826560820688851179950231680      
   3.80698473924878248031247231328954272      
   3.75033090418733755075465061429198863      
   3.69284026157968689585100983645144936      
   3.63450549123133990072843194476270402      
   3.57531922491324635686337708729279718      
   3.51527404652923857393374975085094451      
   3.45436249213944143897781850975873579      
   3.39257705093350458052532598765462999      
   3.32991016510842810928507310027647897      
   3.26635423012063035481805426353738739      
   3.20190159546228049893364238413163335      
   3.13654456460556077950959656665525059      
   3.07027539549593142140191510254189731      
   3.00308630081634017162966648855224778      
   2.93496944833817287209746579831463906      
   2.86591696130653498704614401458333401      
   2.79592091851548694084346298538137578      
   2.72497335483916628810350775026675150      
   2.65306626137461159215084099132106962      
   2.58019158575853013940947658868504308      
   2.50634123251124381691666448488185074      
   2.43150706300546264214331736594933573      
   2.35568089604365790607307795904667511      
   2.27885450806394580685898639187376163      
   2.20101963323097428632509595196936257      
   2.12216796346034023618090553206319684      
   2.04229114909655928478153162664334291      
   1.96138079892189008926960104873089155      
   1.87942848023356175697929993500653855      
   1.79642571905628979749446079272408350      
   1.71236400036762387751278943417594262      
   1.62723476843270733200697588067674663      
   1.54102942659039992273453358995023500      
   1.45373933786992612550331641516259745      
   1.36535582464603490417611568566983582      
   1.27587016927457549791483809548582582      
   1.18527361380210536643332372301887444      
   1.09355736043536775585615518803968842      
   1.00071257132252356036520737331113264      
  0.906730369002125048803876440381375449      
  0.811601836394947541099333649463761513      
  0.715318016948413646473132111285255858      
  0.617869914514827879140895491339027266      
  0.519248493783860072431173736702658605      
  0.419444680116337400603927819457205067      
  0.318449359896253166544308191047791424      
  0.216253380364369448027285423909849663      
  0.112847549741154483743090304851502349      
   8.22263752619005631771993420799751149E-0003
  -9.76306256376305145714115772487929902E-0002
 -0.204721547815076789186973624673834134      
 -0.313059475754674780015787734078973924      
 -0.422653794766325851043800898825409754      
 -0.533513928710348608696956515160192841      
 -0.645649339871367675171618133936373300      
 -0.759069528871696073647153014612685190      
 -0.873784034739350952734047993769580128      
 -0.989802434768575317503383134249941606      
  -1.10713434446261854166634464199115044      
  -1.22578941758975972194690467758690513      
  -1.34577734593861034007268936469586850      
  -1.46710785934887400349158579294911664      
  -1.58979072582462518032559926556021881      
  -1.71383575121357205450602922922300912      
  -1.83925277946685050353291717490905397      
  -1.96605169235302146620981721771385706      
  -2.09424240949119582205123803793911002      
  -2.22383488833253871761475288879974859      
  -2.35483912424339676065265557907034231      
  -2.48726515018950242891502785034698708      
  -2.62112303701235734469708608363107995      
  -2.75642289309294898014094393379861820      
  -2.89317486458579191014439246842236972      
  -3.03138913520064600044056096304265734      
  -3.17107592630649091045798206767348817      
  -3.31224549678779555954929875138319316      
  -3.45490814324054394868617131234307464      
  -3.59907419942272528036568803180700586      
  -3.74475403711154535389456505533625775      
  -3.89195806500889777084526122305518714      
  -4.04069672957429304732011972146973019      
  -4.19098051461086772317216583712149142      
  -4.34281994129628897734944328746050317      
  -4.49622556825467948926728524463943173      
  -4.65120799137971326198045463314900110      
  -4.80777784388825007303912331885540095      
  -4.96594579633877079132245177703584716      
  -5.12572255654441688350803422090534613      
  -5.28711886971297869263773808953936649      
