   6.46114195192883683103959025756561341      
   6.46114195192883683103959025756561341      
   6.46114195192883683103958633339100955      
   6.46114195192883683088387484822411249      
   6.46114195192883669942175830857516163      
   6.46114195192882309845587374767949833      
   6.46114195192842308411232584996440546      
   6.46114195192323200468328701529452270      
   6.46114195188472440494948145778906252      
   6.46114195169254495642031260487277303      
   6.46114195097456654168388836806398673      
   6.46114194881612540651559784862196474      
   6.46114194332505014025273356277581126      
   6.46114193107012350073480138011427906      
   6.46114190641001413582198252841296265      
   6.46114186085228957373346887394621339      
   6.46114178239710712846713024966070225      
   6.46114165483948730059415301822754172      
   6.46114145721518485955532196542556398      
   6.46114116328589557322425588200638324      
   6.46114074106382629245276020398892866      
   6.46114015237317466502059260731105775      
   6.46113935239717463778367100367253436      
   6.46113828930912975193746788456947114      
   6.46113690375162288471807020787197688      
   6.46113512832777520907343959102474367      
   6.46113288699204168454243041886715257      
   6.46113009430833590037447596503195731      
   6.46112665454860345582264129442458017      
   6.46112246069002986334953130725180875      
   6.46111739300819331074730612068560284      
   6.46111131755601222626995468224384607      
   6.46110408431090607139854138410429732      
   6.46109552515663570725367606527979267      
   6.46108545147051400495906904307611190      
   6.46107365143921285333972678833174095      
   6.46105988756436102235286692922950005      
   6.46104389332826467722888949725711339      
   6.46102537020769970584083936617931825      
   6.46100398443349494153052662227199846      
   6.46097936370185200016775725053550910      
   6.46095109384694259879582682722561185      
   6.46091871560530415356659468559822609      
   6.46088172125524416868360104525351683      
   6.46083955167531287930810797179831857      
   6.46079159306461844761140760389367173      
   6.46073717405336432353750675937564517      
   6.46067556289268066019894355480961225      
   6.46060596476663541092286514205083106      
   6.46052751926507098588829102110224119      
   6.46043929795846044965829003036610855      
   6.46034030217288391749753420625280000      
   6.46022946095975394409575965518640832      
   6.46010562906517562599334376048467952      
   6.45996758510524132236941316666947489      
   6.45981403002056725587024901284013906      
   6.45964358544940275403546304767440979      
   6.45945479236068302519406799608291361      
   6.45924610984687279161972847701205595      
   6.45901591395187876625291202355219450      
   6.45876249667932361230870255199026630      
   6.45848406520800572291894103052571640      
   6.45817874101351649105747861505980904      
   6.45784455932606224093116930818043334      
   6.45747946856491979014038918247598770      
   6.45708132999036405455031886966522954      
   6.45664791736431000497165333905737834      
   6.45617691680115929250486854103222979      
   6.45566592657872217266211732195718449      
   6.45511245740615721177845098273900458      
   6.45451393230413118846064188110843279      
   6.45386768689486468037577563605281834      
   6.45317096968804980354157796118895906      
   6.45242094245939188328296943344908284      
   6.45161468068032718417940778148430219      
   6.45074917408226844842382901283585696      
   6.44982132715878364834022171314586622      
   6.44882796000061306409917749372309553      
   6.44776580887398615530705964806586429      
   6.44663152702507174953158038984335130      
   6.44542168538549884048623206587374333      
   6.44413277375151219163397468339312953      
   6.44276120104787149798624785713939076      
   6.44130329739704145402335194489185287      
   6.43975531453987510003183463360489446      
   6.43811342487095607589288197505320745      
   6.43637372664864028476563183595221229      
   6.43453224191374362702411267586327156      
   6.43258491683568363004059718665290289      
   6.43052762648362694879222559188113505      
   6.42835617306050710189460527202974163      
   6.42606628604224265042097503620629535      
   6.42365362755643086199606851829301842      
   6.42111378895451857609873049176311409      
   6.41844229327602367885378858314244426      
   6.41563459907907806666695824290980006      
   6.41268609778876825575068729598547145      
   6.40959211582100601391994264312279080      
   6.40634791776877539984603545262298416      
   6.40294870487628844102836720093140593      
   6.39938961687046379027777796431457598      
   6.39566573406900442182519346771422575      
   6.39177207735900844214851359687476902      
   6.38770360966498642199546672919735616      
   6.38345523669327704023910714259526246      
   6.37902180812657679344340646269891536      
   6.37439811944702418567219706020943263      
   6.36957891164483260295828660909206126      
   6.36455887288237552173741673539703672      
   6.35933263967785479694888583720299691      
   6.35389479758851001323604668269192383      
   6.34823988256871174660577454569267112      
   6.34236238125087004062178702613458324      
   6.33625673294119204967110587972559710      
   6.32991733014657986630152775463716170      
   6.32333851937708746649585574742095885      
   6.31651460245732623357161688148303955      
   6.30943983728129229775184713196977623      
   6.30210843956073334660012126159928335      
   6.29451458209423797187363023063801407      
   6.28665239807946775473770537593156542      
   6.27851598095826095710197792443402931      
   6.27009938614799841181367556553502864      
   6.26139663031859074811850614279840759      
   6.25240169539797361855296218628683280      
   6.24310852460060531410849660538911030      
   6.23351103367649928946202413731877715      
   6.22360310075426081382679205457301312      
   6.21337857268256928325748785447749590      
   6.20283126934944119698998931654709180      
   6.19195497739051796745789431586503348      
   6.18074346038025693153089950023833989      
   6.16919045387147085405036503185073010      
   6.15728966893138745139576348057948140      
   6.14503479485447435111676406410144387      
   6.13241949918069014126647224470046048      
   6.11943743003528842224940519062268332      
   6.10608221831667072027595055636768818      
   6.09234748038184671830111811796877703      
   6.07822681648845653492690564457567222      
   6.06371381813559386134120511816732899      
   6.04880206550899363231816532511204576      
   6.03348513195615628739474625742045932      
   6.01775658714918438835136527457867268      
   6.00160999724224034445903094567943799      
   5.98503892837866059209328770158321770      
   5.96803694964037557950272108932382696      
   5.95059763430010049448663021326731584      
   5.93271456496325107953454076682229997      
   5.91438133357041318907122662763622596      
   5.89559154440702689193916361329864404      
   5.87633881826484379395965238017330055      
   5.85661679374407267237496488566426911      
   5.83641912892895191674145652654721579      
   5.81573950616186465303422947651016162      
   5.79457163141503816055024218137276271      
   5.77290923857253165621254091345485775      
   5.75074608982429047536861348706245591      
   5.72807597725987564928191499684264150      
   5.70489272436443225189311166704200570      
   5.68119018701304217731349639480160742      
   5.65696225347796981124683347184677920      
   5.63220284479988948272683366662645334      
   5.60690591407974050565707760426162662      
   5.58106544631159157944265280005340179      
   5.55467545648917982077108423193000282      
   5.52772998810258762097974954991684373      
   5.50022311127471687941315115012197506      
   5.47214892040304039813661374513882754      
   5.44350152838775095231561122378951632      
   5.41427506939417331738693452631926716      
   5.38446369045241896523493664773553763      
   5.35406154849208261274333700293990195      
   5.32306280711488727144386819271775393      
   5.29146163260907803199739150900283500      
   5.25925218892000841732300515379481867      
   5.22642863403759584977670739952662510      
   5.19298511605368031270608404055484364      
   5.15891576828327802945695902968582197      
   5.12421470589699596450316482897195898      
   5.08887602192465405892921364662786133      
   5.05289378358692523934380724723817732      
   5.01626202914241186877919321602873984      
   4.97897476427791373522971987346152905      
   4.94102595978322922356760961971386823      
   4.90240954852931031437946275131112976      
   4.86311942313996085722107698115543468      
   4.82314943415080988927173890068215847      
   4.78249338759508667220264023124434637      
   4.74114504421892616134860706314920277      
   4.69909811730421323987139075542319307      
   4.65634627193492654128110146799015145      
   4.61288312396769896269776358852640110      
   4.56870223922840684279798422130388803      
   4.52379713302450719488036932404544866      
   4.47816126948898592023913993376963415      
   4.43178806016424206562904643328963076      
   4.38467086721438954843761145074054480      
   4.33680299986582338156749367312841546      
   4.28817771555038724818443646260972029      
   4.23878822059167721948144566231067286      
   4.18862766949493791710457883069776274      
   4.13768916555369622524433818564294325      
   4.08596576110685546434461195730281762      
   4.03345045791322316395347492854118467      
   3.98013620714804030524935664330525372      
   3.92601591023898183252578906488090424      
   3.87108241876462375243091546162640820      
   3.81532853495905377371213607519407142      
   3.75874701251258658062974597196741573      
   3.70133055617725177471264832144532818      
   3.64307182299517926747523142146353422      
   3.58396342246114225435856421422974355      
   3.52399791637887592856927655714237360      
   3.46316782006092428896772863609608410      
   3.40146560110013387168148961035457772      
   3.33888368322046941655479722535410648      
   3.27541444271736703748559939210269787      
   3.21105021086191599489831513229476109      
   3.14578327395957445094650565302447855      
   3.07960587360795004063011491234914473      
   3.01251020678811367642225455158879697      
   2.94448842661898525206336874217509093      
   2.87553264246425255210389289887642627      
   2.80563491985482937247462844225091622      
   2.73478728147758560933458091852912021      
   2.66298170696367462464658051852066241      
   2.59021013308621966246692823504470789      
   2.51646445437851102131602178330896057      
   2.44173652308866813901610201348851369      
   2.36601814932930145068838697962214811      
   2.28930110164096956653423214627055867      
   2.21157710700740571602875411196492296      
   2.13283785069229400438231602370686086      
   2.05307497721934051904276703666758641      
   1.97228008998711534799840315895888520      
   1.89044475110016925168276201915769731      
   1.80756048282361633661848483726461453      
   1.72361876609602791266447723662422893      
   1.63861104211375305156727405042252170      
   1.55252871158667243938810721069588005      
   1.46536313478904923263761337000413810      
   1.37710563279638328257504528235201956      
   1.28774748631404025907353505829519226      
   1.19727993633127227542060982334327625      
   1.10569418445081082720487148815387662      
   1.01298139279255598085010651816520791      
  0.919132683885993448285138691346091021      
  0.824139141059073649255795063759165692      
  0.727991808566854512772525932996698298      
  0.630681691485012905564490778544880912      
  0.532199755669317584210419201551799697      
  0.432536928347933217778778401681754203      
  0.331684097799738794246989251055570895      
  0.229632113113608642987308538320371143      
  0.126371785476106823916768643011317756      
   2.18938869043457079698957338109778469E-0002
  -8.38108492810018405403223130230569302E-0002
 -0.190751727917484074280483783169913904      
 -0.298938092437187417365092132357416938      
 -0.408379324582644312100831040387307131      
 -0.519084844577610923239832777095167295      
 -0.631064111051543488885097292371163616      
 -0.744326620479319557763483343061813948      
 -0.858881907521883637743453209496143261      
 -0.974739545567313496327327731146929021      
  -1.09190914540006313691422582266366554      
  -1.21040035602893600832066759643347750      
  -1.33022286472123102291167896684961068      
  -1.45138639667746496499213107383984442      
  -1.57390071467712658447252185235454082      
  -1.69777561959210956261238478477457741      
  -1.82302095008796561702325860567802546      
  -1.94964658263191361882810237464419087      
  -2.07766243188625623374454652448205571      
  -2.20707844950963229952754824556986124      
  -2.33790462522674942268978539797659579      
  -2.47015098660744297127541215845386246      
  -2.60382759886825770477286130365605437      
  -2.73894456456625607822667883461946810      
  -2.87551202388399361463735614796553397      
  -3.01354015475188832730773499983405141      
  -3.15303917242783176613493338166510447      
  -3.29401933026555119222668474310316488      
  -3.43649091840804742773122948381950998      
  -3.58046426464905966044515800885747859      
  -3.72594973430494224885077031100553398      
  -3.87295773022529328043428574704063101      
  -4.02149869277299674545209643735017473      
  -4.17158309917014224785037359797019226      
  -4.32322146446023973802077376894344573      
  -4.47642434072141018594176779568753636      
  -4.63120231739797985345808541580455343      
  -4.78756602195964016113174754946031074      
  -4.94552611774061007421209877422218399      
  -5.10509330677217632190212459751945663      
  -5.26627832728045941503142903493871887      
  -5.42909195510767929731368447226763190      
  -5.59354500373473720071776172736861058      
  -5.75964832289191554646729463001657630      
