   6.46114195192883683103959025756561341      
   6.46114195192883683103959025756561341      
   6.46114195192883683103958869984173738      
   6.46114195192883683094878582473481026      
   6.46114195192883674554542399621309931      
   6.46114195192882724578062592381321700      
   6.46114195192853281688344507612889033      
   6.46114195192455674855680590988282815      
   6.46114195189412607386476413600181398      
   6.46114195173839478118843187617367136      
   6.46114195114449740388746861283918187      
   6.46114194932825369894203628489875810      
   6.46114194464049448697026123752018094      
   6.46114193404848650491706345794663864      
   6.46114191252034923088896280162982927      
   6.46114187235300003047209859776128832      
   6.46114180260445533872403153536236968      
   6.46114168838170413144724674746584248      
   6.46114151026865242090330111901040665      
   6.46114124380714453345230292757310808      
   6.46114085901095119944336187213916659      
   6.46114031990148109747905896978991674      
   6.46113958404562229016541875622250194      
   6.46113860215087325672912741456279063      
   6.46113731753172019399459197976536055      
   6.46113566558200474121914331010593318      
   6.46113357314820135415754314954041825      
   6.46113095778494876679999093559048687      
   6.46112772682239884778317294412254631      
   6.46112377636999891859165444041657594      
   6.46111898994956275193288312913747088      
   6.46111323695452420534265453316043505      
   6.46110637086065142799063101496607731      
   6.46109822713941893980363161187960974      
   6.46108862102579793504256758274399644      
   6.46107734486556598255158697433854047      
   6.46106416540663044254439686196618100      
   6.46104882096351357840745229821681607      
   6.46103101815714277742258374952767924      
   6.46101042883582632493675501841927119      
   6.46098668682313698363572254871466048      
   6.46095938466764855579720461091181271      
   6.46092807038371880967269879250292476      
   6.46089224425887486572461286347523888      
   6.46085135567842283271381678212634745      
   6.46080480025534443200056216880124004      
   6.46075191670784668551874223458783624      
   6.46069198411139246242224523158781130      
   6.46062421923903467090029016626075284      
   6.46054777402313531427105928374700321      
   6.46046173317274425119005320868529192      
   6.46036511189684594588452769978975462      
   6.46025685381884293530564916081373322      
   6.46013582905413384363293691514051446      
   6.46000083235309688450484961971055674      
   6.45985058139123459313083270015408097      
   6.45968371523119608039547729039851291      
   6.45949879298639794190121277608223757      
   6.45929429244226999314701246084044865      
   6.45906860894656306697179020707103817      
   6.45882005440251384530416856319189719      
   6.45854685627683603513352986803194393      
   6.45824715695908814162330294741165652      
   6.45791901300098771867955822518605141      
   6.45756039457675084928126586060229649      
   6.45716918504130526605503147735977990      
   6.45674318063520173940524955803346452      
   6.45628009024550022022454650933569256      
   6.45577753529290636335052215280904968      
   6.45523304967513714782713425289732588      
   6.45464407991035428265062447822599861      
   6.45400798536868672989475110815040888      
   6.45332203836325499930518844177236334      
   6.45258342464345086125120831041765073      
   6.45178924374566326949927288866595569      
   6.45093650949422019095799212139122945      
   6.45002215060453714560284597262325002      
   6.44904301122498325290467814627074292      
   6.44799585180893091775088718320279098      
   6.44687734974896311209121379760299832      
   6.44568410019028217130508308874955904      
   6.44441261676611503953595203042954198      
   6.44305933277162670485354850667047582      
   6.44162060195887239152811174893484909      
   6.44009269870943102032912002775235586      
   6.43847182155017465352066603055287092      
   6.43675408995274252319328281947351325      
   6.43493555013557439518817506625084272      
   6.43301217282512178481302648484239915      
   6.43097985415016979635864594519068789      
   6.42883442034013629645938946554219030      
   6.42657162391889788342692131589046532      
   6.42418714883311902408677062299752843      
   6.42167661000552922678346941725636052      
   6.41903555227696312670760469529398925      
   6.41625945678695133809570237179575001      
   6.41334373650932418994408451064098323      
   6.41028374099189023260018639677323234      
   6.40707475500546041831101381631726613      
   6.40371200199688604066817200762846020      
   6.40019064401633448073798164362999023      
   6.39650578218482988247810756156269210      
   6.39265245872840980751152102904322001      
   6.38862565726832239498720172400938091      
   6.38442030520353301225248195052758266      
   6.38003127308522502032349853801826593      
   6.37545337671234035666576998761065248      
   6.37068137783814892269651301845398901      
   6.36570998527359757736195413885776650      
   6.36053385585667423159837520009872853      
   6.35514759548887331362145110428434221      
   6.34954576042404334522945267404467663      
   6.34372285715132490457030567061387532      
   6.33767334500328906871217151207094646      
   6.33139163671550243820848092503292152      
   6.32487209790222419281765275791243879      
   6.31810905024974672368756456561385126      
   6.31109677152606757628048514463661302      
   6.30382949645888457781732546159607232      
   6.29630141741508682892026052099615994      
   6.28850668653528449555311606274454215      
   6.28043941595887919580723452198163593      
   6.27209367893381349723824210797666126      
   6.26346351277155336983982028871593482      
   6.25454291647267042906347127227535191      
   6.24532585330205764828671320234648216      
   6.23580625307251501634811485006750173      
   6.22597801486910817159948716699765458      
   6.21583500207962134566549109485039586      
   6.20537105001544152457663894352634258      
   6.19457996371459534026568661959253749      
   6.18345552226986500655336589365452647      
   6.17199147654405234040219398410525896      
   6.16018155388725960421483279996306636      
   6.14801945720388075837720080609567157      
   6.13549886745973622055358823586267247      
   6.12261344908008528063153223492466710      
   6.10935684208813686455288407326812311      
   6.09572267635848966086357009105390298      
   6.08170456200006120568019915433998222      
   6.06729610087134005544729465148532378      
   6.05249088280256836180416454234804540      
   6.03728248755802723928956290070170855      
   6.02166449130339833544010815735131397      
   6.00563046554112425653569371856084673      
   5.98917398006316819189734142380379841      
   5.97228860596718067821828422713984627      
   5.95496791780088023781912133782374700      
   5.93720549555582365523491540729592294      
   5.91899492902988876395140930834290238      
   5.90032981849111884443119559674701111      
   5.88120377697876675560590885273291979      
   5.86161043488954029941778593228479852      
   5.84154344080507307272062819370498067      
   5.82099646320362276470534352571805429      
   5.79996319503798638398125566899223549      
   5.77843735321960757510657117398739985      
   5.75641268202087253653797218003384359      
   5.73388295414265463836508123940973089      
   5.71084197183590065052377924454504254      
   5.68728356789111221042907179968529854      
   5.66320160680515154928916070235221801      
   5.63858998457469012125003926713891101      
   5.61344262844520538433307478137076818      
   5.58775349693536576839024858140142485      
   5.56151657839719618130347255465963287      
   5.53472588962824530495151765959511570      
   5.50737547393334502692071639470493678      
   5.47945939978057724421798639803916829      
   5.45097175685385727065710666612351629      
   5.42190665378861026979140026032805031      
   5.39225821445699044088023443580938942      
   5.36202057555141198754305603604807822      
   5.33118788114120874990118481911717294      
   5.29975428024511839475367156859572280      
   5.26771392127854017523906723776858947      
   5.23506094947721140430277092504544796      
   5.20178950150618803419331596171857016      
   5.16789370213966385242656831095410311      
   5.13336765976472893949359380942618792      
   5.09820546316819916177973653812298847      
   5.06240117741529851915946696661347746      
   5.02594884039507902023600093653550270      
   4.98884245959189735391671666990507754      
   4.95107600947862564028614078882265440      
   4.91264342812474697088047399308705015      
   4.87353861505443658174913006298818587      
   4.83375542917937642364216647296403022      
   4.79328768615999262318528966764750993      
   4.75212915754253805548025966711039706      
   4.71027356848725020667426965358821591      
   4.66771459671139454957077171433674761      
   4.62444587191228046110349557714471574      
   4.58046097365403491349346144909134054      
   4.53575343230731793135843744569149300      
   4.49031672704510010839529209414189116      
   4.44414428632752490641702127791667402      
   4.39722948671722460010117273572261432      
   4.34956565411078242312940881213330390      
   4.30114606245479042609063422128531787      
   4.25196393420628838698171958086439962      
   4.20201244049113223193558565366925678      
   4.15128470108900226029028221399876875      
   4.09977378480266668135945717970892627      
   4.04747270969403494613002205258381390      
   3.99437444332021654698457996041757658      
   3.94047190325513140696927398863498418      
   3.88575795685415935334394544067522267      
   3.83022542270281068661412337655829489      
   3.77386706973789007861040329776045284      
   3.71667561857846959054988362401565808      
   3.65864374156826086268356682897051305      
   3.59976406305223618759143691308452751      
   3.54002916016673424248470345832913035      
   3.47943156259327406723429374901255878      
   3.41796375373244626646897725634143856      
   3.35561817024665291415443133784820847      
   3.29238720320111096803647476595483838      
   3.22826319799021339677181342568358212      
   3.16323845458791057055997522605919269      
   3.09730522842277020542531022864320907      
   3.03045573075975059196398107589668612      
   2.96268212486808855719772850663477136      
   2.89397653608248747693257653444320596      
   2.82433104274211083608262498130345363      
   2.75373767999977626067279227902112336      
   2.68218844016031777298385620253512863      
   2.60967527266489485793746242300904633      
   2.53619008437523534997734603766916138      
   2.46172473948691010508490386335350343      
   2.38627106075112182866143643408341209      
   2.30982082857529690215331958206635387      
   2.23236578178458007317463955584638522      
   2.15389761736459450298753147983229378      
   2.07440799168786783693507761845549362      
   1.99388851961281240528599823349901935      
   1.91233077513131967070433615262050852      
   1.82972629106876757975231740863805463      
   1.74606656048576615727360487368052085      
   1.66134303548534861063496054661903681      
   1.57554712762285064174918431182725331      
   1.48867020871420594745162312362478512      
   1.40070361072197951595921161425895312      
   1.31163862471657749234642478837449475      
   1.22146650326595113602552547463182379      
   1.13017845855304893893596774935358880      
   1.03776566294271722778566950381451318      
  0.944219250094294375886051180223906970      
  0.849530314017738767516120002330847511      
  0.753689909165391094954278073087343714      
  0.656689050927757382260524647325726991      
  0.558518716102703343466719411620202112      
  0.459169842257461792816803985238097357      
  0.358633327708608976526359673408589724      
  0.256900032077017788282754020160142705      
  0.153960776670832874507420581956144918      
   4.98063438482675876265936659343568862E-0002
  -5.55725227400324935037676553482141037E-0002
 -0.162185118258321942613287870430185671      
 -0.270040775445320310248382236969554829      
 -0.379148866293865715203515252272645705      
 -0.489518801223440384874882717734132765      
 -0.601160028223739465640186216925763571      
 -0.714082033890246236420511925318111035      
 -0.828294343388474415016896051711985250      
 -0.943806519519781426816015246430216345      
  -1.06062816394090330059092307583460326      
  -1.17876891525631843209298174848209115      
  -1.29823845066760840881733621105240259      
  -1.41904648578462809142137862611937404      
  -1.54120277369403974996214891226295836      
  -1.66471710520677192620337095706742721      
  -1.78959930919302510218373907113859201      
  -1.91585925256981196774600109130622510      
  -2.04350684012160660144694684160754858      
  -2.17255201372249623265502639453488817      
  -2.30300475350623693447624211906026296      
  -2.43487507709945444075080850851187672      
  -2.56817303990654774745808451827549628      
  -2.70290873520184605821358425494621113      
  -2.83909229345645198170155172581739785      
  -2.97673388266653381777414750470628432      
  -3.11584370869556547964941718980056289      
  -3.25643201485632301260138044952524729      
  -3.39850908230754900468159741995332897      
  -3.54208522883280993748956543320777096      
  -3.68717081022537386606043270528793503      
  -3.83377621967636792404669821244918710      
  -3.98191188761711934441068273611804232      
  -4.13158828244221371498233746570105927      
  -4.28281590923587275283786846997097449      
  -4.43560531053657094248062465537613223      
  -4.58996706637071671254509246406210860      
  -4.74591179400834729558307095009654524      
  -4.90345014823255692275292622239058316      
  -5.06259282068638369955900141424202221      
  -5.22335054113113460911935879524395660      
  -5.38573407501565297009043310347369004      
  -5.54975422620845580853609262890247854      
  -5.71542183543643199707900591417228355      
